X0,0,141,163,189,199,211,219,261
X1,1,55,71,112,179,235,253,343
X2,2,34,60,132,175,178,196,257
X3,3,126,170,200,214,237,316,335
X4,4,48,53,125,321,322,355,357
X5,5,62,155,157,198,225,239,301
X6,6,54,121,185,260,316,319,332
X7,7,11,31,156,183,200,203,245
X8,8,73,76,154,157,175,201,243
X9,9,10,24,158,220,253,297,356
X10,10,33,82,87,202,318,336,342
X11,11,14,45,142,173,177,311,320
X12,12,30,50,75,133,140,221,344
X13,13,105,145,209,215,252,288,341
X14,14,95,114,153,194,211,309,326
X15,15,42,131,133,197,276,291,312
X16,16,18,99,136,221,244,328,347
X17,17,94,150,279,288,294,301,351
X18,18,28,51,55,138,139,160,310
X19,19,146,164,167,262,291,323,349
X20,20,29,118,161,231,263,296,308
X21,21,80,86,169,241,275,285,340
X22,22,67,85,107,108,259,284,293
X23,23,92,145,188,207,292,326,358
X24,24,71,149,184,205,217,269,306
X25,25,27,147,159,190,197,234,266
X26,26,35,191,208,267,295,347,353
X27,27,63,79,170,192,232,276,332
X28,28,40,117,192,210,234,254,333
X29,29,77,91,165,222,268,298,348
X30,30,36,47,162,172,212,216,241
X31,31,39,60,69,78,223,249,281
X32,32,49,123,224,261,274,319,336
X33,33,65,89,113,127,128,142,203
X34,34,78,138,180,210,232,256,299
X35,35,64,66,158,171,176,240,244
X36,36,44,45,58,68,69,144,183
X37,37,94,108,165,236,270,277,327
X38,38,85,100,102,190,250,280,358
X39,39,46,199,213,226,256,259,329
X40,16,56,139,140,198,226,299,345
X41,5,41,61,86,115,184,201,317
X42,42,92,147,252,280,324,328,344
X43,20,43,83,163,254,258,309,315
X44,15,44,74,75,143,172,173,206
X45,12,125,148,182,204,216,340,354
X46,46,62,141,194,255,300,317,345
X47,38,47,52,58,112,220,248,334
X48,48,120,151,168,215,229,304,307
X49,49,54,72,111,126,156,302,303
X50,50,56,81,113,204,225,318,350
X51,52,77,152,162,174,195,260,343
X52,53,97,137,166,168,264,266,305
X53,32,81,87,150,155,185,209,218
X54,1,40,51,59,114,230,258,311
X55,43,57,91,176,189,228,263,330
X56,59,70,151,154,177,186,206,246
X57,2,88,166,236,282,287,321,354
X58,41,98,169,205,240,267,331,356
X59,8,61,72,178,217,223,242,245
X60,63,121,152,180,196,282,298,327
X61,26,95,128,188,227,320,331,337
X62,65,96,124,129,227,262,295,314
X63,9,64,88,132,134,135,202,305
X64,21,22,146,148,187,270,287,359
X65,68,100,137,159,231,248,265,273
X66,70,90,93,229,233,243,322,338
X67,37,57,66,99,105,324,348,351
X68,6,13,174,179,218,230,246,307
X69,73,134,143,171,186,247,257,330
X70,74,164,219,228,247,274,278,312
X71,17,76,96,104,167,233,239,352
X72,3,79,104,131,283,313,338,349
X73,80,101,115,195,212,255,268,339
X74,25,82,89,135,264,289,314,333
X75,83,109,117,122,124,279,289,352
X76,84,118,119,144,191,193,265,281
X77,0,67,213,224,250,297,334,342
X78,90,136,160,193,208,286,290,357
X79,23,102,103,237,238,271,272,293
X80,93,119,181,222,283,286,296,339
X81,97,110,116,161,273,302,304,346
X82,98,110,120,130,207,285,337,341
X83,101,103,153,181,292,300,313,335
X84,106,111,122,242,306,308,315,346
X85,19,84,107,129,249,329,353,359
X86,106,109,149,272,277,284,294,325
X87,7,127,182,214,251,271,350,355
X88,116,123,130,187,275,278,303,323
OX0,81,87,94,95,96,102,103,104,105,108,111,112,114,118,119,121,125,126,127,129,138,142,145,148,151,152,154,159,161,163,164,166,177,179,180,181,182,184,186,189,190,191,193,195,196,198,200,203,205,206,207,210,212,214,217,219,220,225,226,229,230,231,232,233,235,238,240,241,242,243,246,252,262,264,266,267,268,269,270,271,274,278,279,280,282,284,287,290,291,292,293,294,297,298,299,305,309,310,311,313,316,320,321,322,325,326,327,331,332,335,336,337,339,340,342,343,345,346,349,350,351,352,353,356,357,358
OX1,88,131,132,134,147,159,164,171,190,197,219,228,264,266,274,276,278,291,305,330
OX2,77,87,95,102,103,105,108,111,112,113,114,118,119,121,126,127,129,131,138,142,143,145,147,150,151,152,155,161,163,167,177,179,180,181,184,189,191,193,196,197,198,200,203,205,206,207,210,214,217,220,225,226,228,229,230,231,232,235,236,238,240,242,246,247,252,262,267,268,269,270,271,276,280,282,284,288,290,292,293,297,299,309,310,311,313,316,318,320,322,325,326,331,332,335,336,337,339,342,343,345,346,349,353,356,357,358
OX3,95,96,104,114,121,124,126,128,129,143,152,153,164,177,180,192,194,196,200,206,211,214,219,227,228,232,234,237,247,262,274,278,282,283,289,291,295,298,309,311,313,316,320,326,327,332,333,335,338,349
OX4,94,96,121,126,138,143,150,152,154,155,164,167,180,186,196,198,200,210,214,219,225,226,228,232,233,237,243,247,274,278,279,282,283,288,291,294,298,299,313,316,327,332,335,338,345,349,351,352
OX5,86,87,103,104,105,111,113,115,134,137,138,145,148,150,151,152,153,155,156,161,164,166,169,171,174,175,178,179,180,181,182,184,187,195,196,198,200,205,207,210,212,214,217,219,223,224,225,226,228,229,230,232,235,237,238,240,241,242,245,246,251,252,255,257,260,261,264,266,267,268,269,273,275,282,283,285,288,290,291,292,298,299,300,305,310,318,321,322,323,325,327,330,331,336,337,338,339,340,345,346,349,350,354,355,356,357
OX6,96,104,121,124,126,127,128,129,134,142,152,156,164,171,175,178,180,182,192,196,203,219,223,227,228,232,234,237,245,251,257,262,271,274,278,282,283,289,291,295,298,313,316,327,330,332,333,335,338,349,350,355
OX7,105,114,117,119,136,138,145,150,151,154,155,160,177,181,186,192,193,198,206,208,210,215,222,225,226,229,233,234,243,252,254,258,283,288,290,296,299,307,311,322,333,338,339,341,345,357
OX8,119,125,131,136,143,147,154,159,160,164,166,181,186,190,193,197,208,219,222,228,233,235,238,243,247,251,264,266,269,274,276,278,283,291,296,305,310,321,325,338,339,355
OX9,104,114,117,121,126,143,152,164,177,180,192,196,200,206,214,219,228,232,234,237,247,254,258,274,278,282,283,291,298,311,313,316,327,332,333,335,338,349
OX10,114,117,131,143,147,159,164,166,177,180,190,192,196,197,206,219,228,232,234,236,247,254,258,264,266,274,276,278,282,287,291,305,311,321,333,354
OX11,99,108,112,118,123,129,131,143,145,147,148,149,151,152,153,154,159,161,163,166,167,174,184,186,188,189,190,191,194,195,197,205,208,211,212,215,217,220,222,224,228,229,231,233,235,236,237,238,240,241,243,244,247,252,260,261,262,264,266,267,268,269,270,271,272,274,276,283,284,290,296,297,298,302,303,305,306,307,310,313,321,322,324,326,327,331,335,337,338,340,341,342,343,346,347,349,353,354,356,357
OX12,87,108,111,113,118,121,126,129,136,137,141,143,144,154,160,161,163,164,166,167,174,179,181,182,184,186,189,191,199,200,205,207,208,211,213,214,215,217,222,224,228,230,233,235,240,242,243,246,247,249,251,259,260,261,262,264,265,266,267,269,270,271,272,273,274,278,281,283,284,287,291,296,305,307,310,316,318,321,325,329,331,332,336,337,338,339,341,346,349,350,353,354,355,356
OX13,102,112,134,152,156,159,166,171,174,175,178,190,200,214,219,220,223,224,228,236,238,245,257,260,261,264,266,271,272,280,287,293,297,298,305,321,327,330,342,343,354,358
OX14,103,108,123,125,129,134,136,137,148,149,151,153,156,160,161,163,164,166,167,171,175,178,181,184,189,191,194,195,200,205,207,208,211,212,214,215,217,223,228,229,240,241,245,251,257,262,264,266,267,268,270,271,272,273,278,284,287,290,291,292,302,303,305,306,307,313,321,322,325,330,331,335,337,339,340,341,346,349,353,355,356,357
OX15,112,131,147,152,159,164,166,174,190,197,220,224,236,260,261,264,266,274,276,278,287,291,297,298,305,321,327,342,343,354
OX16,125,151,152,174,179,229,230,235,236,238,246,251,260,269,287,290,298,310,322,325,327,354,355,357
OX17,131,137,141,144,147,159,163,164,189,190,197,199,211,213,219,231,249,259,265,273,274,276,278,281,291,329
OX18,108,111,117,121,126,129,134,136,137,149,151,152,153,156,160,161,164,166,167,171,175,178,180,188,191,192,194,196,207,208,211,215,219,223,228,229,232,234,242,245,254,257,258,262,264,266,270,272,273,274,278,282,284,287,290,291,298,305,306,307,309,316,321,322,325,326,327,330,332,333,341,346,349,353,354,357
OX19,118,121,123,124,126,148,149,151,153,161,163,174,179,180,184,188,189,192,194,195,196,200,205,211,212,214,217,219,222,229,230,231,232,234,235,236,238,240,241,246,260,267,268,269,271,272,274,277,279,282,284,287,289,290,294,296,302,303,306,310,316,322,326,331,332,333,337,340,346,352,356,357
OX20,121,123,126,141,143,144,148,149,152,153,154,161,181,184,186,188,194,195,199,200,205,212,213,214,217,219,228,231,233,236,238,240,241,243,247,249,259,265,267,268,271,274,281,283,287,298,302,303,306,316,325,326,327,329,331,332,337,338,339,340,346,356
OX21,111,123,124,137,141,144,149,163,166,180,189,192,196,199,211,213,219,231,232,234,236,242,249,259,264,265,266,272,273,274,277,279,281,282,284,287,289,294,302,303,305,306,321,325,329,333,352,354
OX22,137,141,144,148,149,153,166,181,184,188,194,195,199,205,212,213,217,231,237,238,240,241,249,259,264,265,266,267,268,271,273,281,305,306,313,321,325,326,329,331,335,337,339,340,354,356
OX23,123,127,128,129,134,141,142,144,156,161,163,164,167,171,175,178,182,189,199,200,203,211,213,214,223,227,228,231,245,249,251,257,259,262,265,271,278,281,291,295,302,303,329,330,346,349,350,355
OX24,124,127,128,129,142,143,151,152,154,164,167,174,179,180,182,186,192,196,203,219,227,228,229,230,232,233,234,235,237,243,246,247,251,260,262,269,271,272,274,277,278,279,282,283,284,289,290,291,294,295,298,310,313,322,325,327,333,335,338,349,350,352,355,357
OX25,117,127,128,136,142,152,153,160,174,179,180,182,188,191,192,194,196,203,207,208,211,215,227,230,232,234,235,238,246,251,254,258,260,269,282,295,298,307,309,310,325,326,327,333,341,350,353,355
OX26,127,128,129,142,143,149,151,154,164,167,182,184,186,203,205,207,215,217,219,227,228,229,233,235,237,240,243,247,251,262,267,269,271,274,278,283,290,291,295,306,307,310,313,322,331,335,337,338,341,349,350,355,356,357
OX27,129,134,136,148,149,152,156,160,164,167,171,174,175,178,179,181,184,191,195,200,205,207,208,212,214,215,217,219,223,228,230,235,236,237,240,241,245,246,257,260,262,267,268,269,274,278,287,291,298,306,307,310,313,327,330,331,335,337,339,340,341,349,353,356
OX28,143,151,153,154,163,186,188,189,194,207,211,215,228,229,233,235,237,238,243,247,269,271,283,290,307,310,313,322,325,326,335,338,341,357
OX29,134,148,152,153,156,163,171,174,175,178,179,181,188,189,194,195,200,207,211,212,214,215,223,228,230,236,237,241,245,246,257,260,268,287,298,307,313,326,327,330,335,339,340,341
OX30,148,149,152,174,179,181,184,195,205,207,212,215,217,230,236,237,238,240,241,246,260,267,268,271,287,298,306,307,313,325,327,331,335,337,339,340,341,356
OX31,149,151,184,205,207,215,217,229,235,240,267,269,290,306,307,310,322,331,337,341,356,357
Z0,0,199,213
Z1,1,51,55
Z2,2,88,132
Z3,3,79,170
Z4,4,290,357
Z5,5,157,201
Z6,6,174,260
Z7,7,127,203
Z8,8,61,201
Z9,9,64,158
Z10,9,10,202
Z11,11,142,203
Z12,12,30,216
Z13,13,209,218
Z14,14,95,320
Z15,15,74,312
Z16,16,140,221
Z17,17,279,352
Z18,18,136,160
Z19,19,146,359
Z20,20,43,263
Z21,21,187,275
Z22,22,108,270
Z23,23,102,358
Z24,24,71,253
Z25,25,234,333
Z26,26,227,295
Z27,27,192,234
Z28,28,138,210
Z29,29,91,263
Z30,30,75,172
Z31,31,69,183
Z32,32,87,336
Z33,33,113,318
Z34,34,180,196
Z35,35,244,347
Z36,36,44,172
Z37,37,94,351
Z38,38,100,248
Z39,39,249,329
Z40,40,254,258
Z41,41,86,169
Z42,42,147,197
Z43,20,308,315
Z44,36,47,58
Z45,11,45,183
Z46,46,141,199
Z47,47,52,162
Z48,48,53,168
Z49,49,54,319
Z50,12,50,204
Z51,28,40,51
Z52,52,112,343
Z53,53,166,321
Z54,49,123,303
Z55,55,235,310
Z56,56,198,225
Z57,57,66,176
Z58,58,68,248
Z59,59,177,311
Z60,34,60,78
Z61,61,184,217
Z62,62,198,345
Z63,63,121,332
Z64,64,134,171
Z65,65,128,227
Z66,57,91,348
Z67,67,213,259
Z68,68,144,265
Z69,69,144,281
Z70,70,151,229
Z71,24,205,356
Z72,72,111,242
Z73,73,154,186
Z74,74,143,247
Z75,50,56,140
Z76,76,233,243
Z77,77,152,298
Z78,39,78,256
Z79,3,313,335
Z80,80,212,241
Z81,81,87,318
Z82,82,135,202
Z83,83,122,315
Z84,84,191,353
Z85,67,85,250
Z86,41,184,205
Z87,81,155,225
Z88,88,166,305
Z89,33,82,89
Z90,90,93,286
Z91,66,99,244
Z92,92,280,358
Z93,93,283,338
Z94,37,165,348
Z95,95,188,326
Z96,96,124,352
Z97,97,137,273
Z98,98,169,285
Z99,99,324,328
Z100,100,159,190
Z101,101,255,300
Z102,23,103,292
Z103,103,237,335
Z104,104,233,338
Z105,105,288,351
Z106,106,149,306
Z107,107,259,329
Z108,108,277,284
Z109,109,279,294
Z110,110,120,304
Z111,72,156,245
Z112,112,220,253
Z113,113,127,350
Z114,114,258,309
Z115,115,255,317
Z116,110,116,130
Z117,83,117,254
Z118,118,231,265
Z119,118,119,296
Z120,120,215,341
Z121,121,152,260
Z122,106,109,122
Z123,123,274,278
Z124,124,289,314
Z125,125,182,355
Z126,126,156,200
Z127,7,200,214
Z128,128,142,320
Z129,129,295,353
Z130,130,275,285
Z131,131,291,349
Z132,132,134,257
Z133,15,75,133
Z134,10,297,342
Z135,135,264,305
Z136,16,18,139
Z137,137,159,266
Z138,1,179,230
Z139,136,208,347
Z140,138,139,299
Z141,46,226,345
Z142,44,45,173
Z143,143,186,206
Z144,65,89,314
Z145,92,145,252
Z146,19,129,262
Z147,147,190,280
Z148,148,287,354
Z149,149,269,325
Z150,150,155,301
Z151,151,246,307
Z152,77,195,268
Z153,153,292,326
Z154,73,175,257
Z155,32,185,319
Z156,54,126,316
Z157,76,157,239
Z158,158,240,356
Z159,97,168,304
Z160,160,290,310
Z161,161,231,273
Z162,162,195,212
Z163,163,211,309
Z164,164,291,312
Z165,165,298,327
Z166,48,229,322
Z167,96,167,262
Z168,2,196,282
Z169,98,331,337
Z170,170,316,332
Z171,171,176,330
Z172,31,223,245
Z173,173,177,206
Z174,6,185,218
Z175,70,154,243
Z176,29,222,296
Z177,59,230,246
Z178,60,178,223
Z179,174,179,343
Z180,63,180,232
Z181,181,283,313
Z182,125,321,354
Z183,80,86,115
Z184,150,209,288
Z185,8,175,178
Z186,21,148,340
Z187,188,207,337
Z188,189,219,228
Z189,38,250,334
Z190,84,249,281
Z191,192,210,232
Z192,191,193,208
Z193,153,194,300
Z194,27,197,276
Z195,5,62,317
Z196,0,224,261
Z197,111,302,346
Z198,182,204,350
Z199,71,235,269
Z200,145,207,341
Z201,119,193,286
Z202,13,215,307
Z203,141,194,211
Z204,43,163,189
Z205,214,237,271
Z206,116,302,303
Z207,216,241,340
Z208,217,242,306
Z209,219,261,274
Z210,220,297,334
Z211,221,328,344
Z212,222,268,339
Z213,224,336,342
Z214,226,256,299
Z215,26,267,331
Z216,228,247,330
Z217,161,308,346
Z218,104,167,349
Z219,25,264,266
Z220,236,270,287
Z221,85,102,293
Z222,238,272,325
Z223,17,239,301
Z224,35,240,267
Z225,238,251,271
Z226,105,252,324
Z227,117,289,333
Z228,101,181,339
Z229,14,114,311
Z230,22,107,359
Z231,146,187,323
Z232,236,282,327
Z233,4,251,355
Z234,272,284,293
Z235,79,131,276
Z236,94,277,294
Z237,164,278,323
Z238,90,322,357
OZ0,201,210,212,230,241,243,253,260,267,268,269,280,285,287,294,295,299,302,303,304,306,307,309,311,314,315,317,318,319,320,321,323,325,326,328,333,336,337,338,343,345,347,348,349,350,351,353,355,356,358,359
OZ1,195,235,248,249,256,265,269,274,281,285,286,291,297,299,300,302,303,306,312,313,318,321,322,323,329,331,334,336,337,338,339,340,343,345,346,350,354,355,356,357
OZ2,212,241,247,248,249,263,265,274,281,286,287,292,308,309,313,315,322,326,330,334,336,338,339,340,342,354,357,359
OZ3,247,248,249,263,265,267,268,274,281,286,287,292,297,308,309,313,315,318,321,322,324,326,328,330,334,336,338,339,347,348,350,355,356,357,359
OZ4,196,232,248,249,253,256,257,260,263,265,268,281,296,297,298,329,330,332,334,339,343
OZ5,210,230,235,260,268,274,275,279,280,286,289,291,294,297,299,300,304,307,309,311,312,313,315,318,319,320,321,322,323,324,325,326,331,333,338,339,340,342,343,345,346,348,350,354,355,356,357,358
OZ6,202,223,235,242,248,250,253,264,265,267,269,281,282,285,290,292,294,295,297,298,305,306,314,316,318,319,325,331,334,335,336,337,340,342,348,350,351,354,355,357,358
OZ7,223,235,242,248,250,253,265,269,279,281,282,285,289,290,292,294,295,298,306,314,316,318,319,324,325,328,331,334,335,336,337,340,347,348,350,354,355,356,357,358
OZ8,235,249,253,265,267,273,281,286,290,296,308,346,353,356
OZ9,248,250,256,267,268,269,273,274,280,285,290,291,296,299,300,302,303,306,308,312,313,318,321,322,323,324,329,331,334,336,337,338,339,340,345,348,350,353,354,355,357
OZ10,249,265,267,268,269,273,274,280,281,285,290,291,292,296,302,303,306,308,312,313,318,321,322,323,324,331,336,337,338,339,340,348,350,353,354,355,357,358
OZ11,230,232,253,260,269,279,285,287,289,292,294,295,297,299,300,302,303,304,306,307,309,311,313,314,315,316,319,320,323,325,326,332,335,336,337,340,342,343,345,349,353,354,359
OZ12,225,267,297,301,318,324,328,342,347,351,356
OZ13,267,268,280,282,286,292,297,298,313,318,321,322,328,338,339,342,347,350,355,356,357,358
OZ14,274,280,282,286,291,292,296,298,302,303,308,312,313,318,321,322,323,324,336,338,346,348,350,355,357,358
OZ15,250,268,282,286,292,298,313,318,321,322,338,339,342,350,355,357,358
OZ16,232,268,269,275,279,280,282,286,287,288,289,294,295,297,298,299,300,306,309,314,315,316,318,321,322,323,324,325,326,331,332,335,337,338,339,340,341,342,345,349,350,351,353,354,355,356,357,358,359
OZ17,282,286,288,292,296,297,298,308,309,313,315,318,321,322,326,331,337,338,341,342,348,350,351,355,356,357
OZ18,268,269,280,285,286,287,288,290,306,309,315,326,328,339,340,341,347,348,351,353,354,358,359
OZ19,229,253,260,269,275,280,287,290,297,302,303,304,306,309,315,319,322,326,328,336,340,342,343,347,353,354,357,358,359
OZ20,269,275,279,285,286,289,290,295,296,297,306,308,313,314,316,319,323,324,328,331,335,336,337,342,347,349,351,356
OZ21,279,280,286,287,289,292,295,296,302,303,308,314,316,318,319,321,322,323,324,335,336,338,346,349,350,351,353,355,357,358,359
OZ22,280,285,286,287,288,290,294,296,308,309,315,325,326,328,340,341,347,353,354,358,359
OZ23,253,260,286,287,290,292,294,296,297,308,309,313,315,319,321,322,324,325,326,328,336,338,342,343,347,351,353,359
OZ24,285,288,290,292,294,302,303,309,315,316,318,319,321,322,323,325,326,335,336,338,340,341,346,349,350,354,355,357
OZ25,286,287,288,292,296,297,308,309,313,315,318,321,322,324,326,328,331,337,338,341,342,347,350,351,353,355,356,357,359
OZ26,256,275,290,292,294,299,300,302,303,309,315,321,324,325,326,328,329,340,345,346,347,351,353,354,357
OZ27,288,290,292,294,297,302,303,309,313,315,318,323,325,326,331,337,341,342,346,349,350,355,356,357
OZ28,275,292,302,303,309,315,316,318,319,321,326,335,336,340,346,350,354,355
OZ29,287,290,294,321,324,325,328,347,351,353,357,359
OZ30,292,302,303,309,313,315,323,326,346,349
OZ31,313,316,318,319,322,335,336,338,350,355
