X0,0,31,74,92,139,154
X1,1,68,93,112,127,150
X2,2,32,91,116,145,155
X3,3,35,81,94,125,132
X4,4,25,83,123,143,157
X5,5,33,78,90,120,153
X6,6,40,51,83,100,108
X7,7,34,50,124,136,167
X8,8,49,80,88,123,149
X9,9,22,96,114,141,148
X10,10,42,74,105,133,147
X11,11,73,95,122,134,162
X12,12,56,75,99,132,163
X13,13,58,89,120,135,161
X14,14,26,54,98,111,144
X15,15,25,46,88,146,164
X16,16,55,94,108,137,165
X17,17,24,56,115,131,153
X18,18,37,49,92,105,128
X19,19,30,57,64,87,148
X20,20,31,53,69,89,118
X21,0,21,52,95,113,160
X22,18,22,44,66,125,163
X23,23,53,97,112,133,166
X24,24,62,81,86,122,151
X25,4,57,77,102,114,136
X26,14,59,67,104,119,156
X27,12,27,47,85,106,150
X28,16,28,82,84,124,147
X29,2,29,60,76,111,152
X30,30,43,100,117,143,162
X31,21,42,63,84,116,126
X32,13,29,65,103,109,146
X33,33,48,75,96,106,138
X34,34,70,87,110,144,156
X35,35,47,72,119,142,165
X36,36,46,77,93,109,167
X37,37,80,99,115,140,158
X38,38,45,78,98,135,152
X39,39,58,65,113,139,149
X40,11,40,62,63,137,155
X41,19,41,52,79,110,134
X42,20,38,67,107,130,166
X43,3,41,59,101,130,151
X44,44,79,101,118,141,154
X45,17,45,71,86,107,145
X46,15,27,61,68,121,140
X47,8,39,43,73,90,131
X48,5,54,64,117,138,159
X49,1,23,50,82,104,142
X50,51,76,91,121,129,164
X51,9,36,48,69,127,161
X52,7,60,70,103,126,160
X53,10,32,61,71,97,158
X54,28,55,66,102,128,157
OX0,56,58,59,63,64,65,67,69,70,71,72,73,76,78,80,81,82,83,88,89,90,91,95,97,98,100,104,112,115,117,119,121,122,128,129,134,135,137,141,144,145,147,148,152,153,155,156,157,160,162,164,165
OX1,49,57,58,59,60,61,63,64,65,67,68,69,72,73,75,76,78,79,80,82,85,89,90,91,92,93,94,95,98,99,100,101,103,104,105,106,115,117,118,119,122,123,124,125,126,127,129,134,135,136,137,140,143,144,145,146,147,148,152,153,154,155,156,158,162,163,165,167
OX2,59,60,62,63,64,67,71,72,73,75,76,78,82,83,85,87,90,91,95,96,98,100,103,105,106,108,109,110,111,117,119,120,121,122,124,126,134,136,137,142,147,150,153,155,158,160,161,162,164,166
OX3,57,60,61,62,64,67,68,70,75,78,79,80,82,83,84,85,87,88,89,92,93,96,97,98,103,106,108,112,118,121,122,123,126,127,128,130,131,135,137,139,141,143,145,146,147,151,152,153,154,160,164,165,166,167
OX4,58,62,63,65,69,73,82,85,91,95,97,103,107,108,109,112,120,121,122,128,137,138,139,141,147,148,149,151,155,157,161,165
OX5,55,60,61,62,63,64,65,67,69,71,73,75,78,84,85,89,90,94,95,96,97,98,103,105,106,107,109,117,120,121,122,126,127,128,135,138,139,141,144,145,148,149,151,152,153,157,158,159,161,166
OX6,63,67,68,69,70,75,78,79,80,83,84,86,87,88,89,90,92,93,95,96,98,105,107,109,112,113,115,117,120,124,128,135,136,138,139,141,144,145,146,152,153,154,157,158,159,160,161,164,166,167
OX7,60,61,80,83,86,87,88,91,105,106,112,115,118,124,126,127,128,130,136,138,141,144,146,148,155,157,158,164
OX8,64,65,67,69,75,76,78,90,96,98,103,106,107,109,111,117,118,120,127,130,144,146,153,159,161,166
OX9,62,65,67,68,70,73,75,78,80,82,83,84,85,86,87,88,89,91,93,96,97,98,103,105,108,113,115,121,122,124,135,136,137,138,139,144,145,146,147,149,151,152,153,155,158,160,164,165,166,167
OX10,61,67,68,70,73,75,76,78,79,82,85,90,92,93,96,97,98,106,108,109,111,112,113,117,118,120,121,122,127,128,130,138,141,146,147,149,151,153,154,157,159,160,161,165,166,167
OX11,67,68,69,70,73,75,78,79,83,86,90,91,92,93,96,98,105,107,109,111,112,113,115,117,120,121,128,129,131,138,141,146,149,153,154,155,157,158,159,160,161,164,166,167
OX12,71,76,80,85,88,97,106,112,115,127,129,146
OX13,65,69,76,79,80,82,85,88,90,92,97,103,107,108,109,112,117,120,122,128,129,131,141,146,147,149,151,154,157,159,161,165
OX14,70,73,76,82,86,89,90,103,104,105,106,107,109,110,111,113,115,117,120,131,135,139,142,145,146,147,149,150,152,156,158,159,161,166
OX15,76,82,83,86,90,91,97,103,104,109,110,112,117,118,120,121,127,128,129,130,138,141,142,147,148,150,155,156,157,159,160,161,164,166
OX16,73,79,82,86,89,92,104,105,106,107,110,113,115,131,135,138,139,142,145,147,148,150,152,154,156,158,160,166
OX17,68,79,83,85,86,90,91,92,93,100,105,106,109,112,115,117,118,120,121,122,127,128,130,131,134,141,146,149,154,155,157,158,161,162,164,167
OX18,69,80,82,84,85,87,90,94,96,99,100,101,103,104,105,107,109,110,111,115,117,118,120,124,125,127,129,134,136,137,138,140,142,144,147,150,151,156,158,160,161,162,163,166
OX19,82,83,86,89,90,97,103,104,109,110,112,117,118,120,127,128,130,135,138,139,141,142,145,146,147,148,149,150,152,156,157,159,160,161,164,166
OX20,84,87,88,89,90,91,94,96,97,99,100,101,103,104,106,109,110,111,112,117,120,121,124,125,127,129,130,134,135,136,137,138,139,140,144,145,149,151,152,155,156,160,161,162,163,166
OX21,85,86,91,105,106,108,115,121,122,128,131,142,150,151,155,157,158,165
OX22,79,86,89,92,97,106,107,112,127,135,138,139,145,148,152,154
OX23,83,86,89,97,107,108,112,127,135,139,142,145,146,149,150,152,164,165
OX24,80,86,88,89,100,105,106,108,115,128,134,135,139,142,145,149,150,151,152,157,158,159,162,165
OX25,105,106,108,115,118,122,128,130,131,138,141,142,148,150,151,157,158,165
OX26,100,118,130,134,138,141,148,151,159,162
OX27,97,106,107,112,118,127,130,138,141,148
OX28,90,103,104,107,109,110,117,118,120,130,138,141,148,156,159,160,161,166
OX29,86,88,89,96,99,118,130,135,139,140,141,145,148,149,152,163
Z0,0,21,42,74
Z1,1,50,93,167
Z2,2,45,145,152
Z3,3,35,59,119
Z4,4,30,57,143
Z5,5,43,90,117
Z6,6,72,108,165
Z7,7,103,109,167
Z8,8,43,123,143
Z9,9,36,77,114
Z10,10,32,42,116
Z11,11,21,63,95
Z12,12,35,47,132
Z13,13,36,109,161
Z14,14,26,72,119
Z15,15,46,68,93
Z16,16,63,84,137
Z17,17,45,78,153
Z18,18,44,92,154
Z19,19,30,134,162
Z20,20,101,118,130
Z21,0,52,79,154
Z22,22,66,102,114
Z23,23,82,133,147
Z24,24,56,81,132
Z25,4,25,46,77
Z26,26,76,111,129
Z27,27,85,121,129
Z28,28,105,128,147
Z29,13,29,135,152
Z30,25,51,83,164
Z31,31,58,89,139
Z32,32,61,91,121
Z33,33,56,75,153
Z34,34,50,104,156
Z35,3,44,101,125
Z36,9,69,118,141
Z37,10,37,105,158
Z38,20,38,89,135
Z39,39,58,90,120
Z40,40,51,91,155
Z41,41,59,110,156
Z42,11,40,100,162
Z43,5,54,78,98
Z44,18,37,99,163
Z45,2,60,116,126
Z46,19,79,141,148
Z47,1,47,142,150
Z48,48,106,127,150
Z49,49,92,139,149
Z50,34,57,87,136
Z51,12,27,99,140
Z52,52,70,110,160
Z53,31,53,74,133
Z54,54,64,87,144
Z55,55,66,94,125
Z56,33,48,120,161
Z57,53,69,112,127
Z58,41,122,134,151
Z59,60,70,111,144
Z60,61,68,97,112
Z61,62,86,145,155
Z62,15,80,88,140
Z63,8,80,115,131
Z64,65,103,113,160
Z65,55,83,108,157
Z66,23,67,104,166
Z67,39,73,95,113
Z68,17,71,115,158
Z69,71,97,107,166
Z70,6,100,117,159
Z71,24,73,122,131
Z72,29,76,146,164
Z73,22,75,96,163
Z74,14,38,67,98
Z75,64,96,138,148
Z76,62,81,94,137
Z77,7,84,124,126
Z78,85,106,138,159
Z79,86,107,130,151
Z80,65,88,146,149
Z81,49,123,128,157
Z82,28,102,124,136
OZ0,68,77,83,93,94,99,101,105,108,122,123,124,128,132,136,139,140,143,147,149,151,154,157,162
OZ1,82,83,105,108,128,142,147,157,165
OZ2,57,79,80,93,94,95,96,98,99,104,106,107,110,113,115,117,119,120,121,122,123,129,130,132,135,136,137,139,140,142,143,144,145,148,150,151,153,154,155,159,167
OZ3,79,83,87,93,94,99,101,104,105,106,108,110,119,121,122,123,124,128,129,132,138,139,140,141,142,143,147,148,149,150,151,154,157,159,162,167
OZ4,80,83,90,91,93,96,98,100,101,104,106,107,109,111,117,119,121,123,129,130,131,140,141,142,145,146,150,152,153,159,164
OZ5,77,87,90,93,94,95,98,99,100,104,106,107,108,109,111,113,117,121,122,130,131,132,136,137,138,139,140,141,142,145,146,148,150,151,152,153,154,155,156,164,165,167
OZ6,87,90,91,93,95,97,98,100,103,104,105,107,108,110,111,112,113,116,117,119,121,122,124,125,126,128,129,130,131,132,134,137,139,140,141,142,143,145,146,147,148,151,152,153,154,155,157,158,159,162,163,164,167
OZ7,91,93,96,103,104,109,112,116,119,122,123,125,126,129,130,132,138,139,141,142,143,149,151,154,159,162,163,166
OZ8,90,93,94,96,98,99,100,101,103,104,106,107,108,109,110,111,113,117,121,123,129,130,131,132,134,137,140,141,142,143,145,149,150,152,153,155,156,159,160,162,165
OZ9,83,93,94,96,99,104,105,108,112,119,121,122,123,124,125,128,129,130,138,139,140,141,142,143,147,149,151,154,157,159,162,163,166,167
OZ10,89,93,94,98,99,106,118,119,121,122,123,124,129,130,132,133,135,138,139,140,143,144,147,149,150,151,154,156,159,162,165,166,167
OZ11,95,98,106,109,110,113,114,125,127,129,132,134,135,136,138,139,141,144,146,150,154,159,161,163,164,167
OZ12,93,94,96,97,99,100,104,105,106,108,109,110,111,112,114,117,119,124,127,128,129,132,134,135,136,142,143,144,146,147,150,152,157,158,159,161,162,164
OZ13,100,101,108,109,111,112,114,117,119,127,129,130,135,136,141,144,146,152,156,159,161,164,165,166,167
OZ14,101,104,105,107,112,113,115,116,117,119,120,121,126,127,128,129,130,133,139,140,142,143,145,153,154,157,159,160,161
OZ15,96,97,98,103,104,105,106,109,111,112,113,114,117,119,121,122,123,125,128,129,130,132,133,136,140,142,149,150,151,152,157,158,159,160,162,163,166,167
OZ16,94,99,107,110,113,114,116,117,119,121,124,125,126,129,133,134,136,139,140,141,145,147,154,156,159,160,162,163,165,166
OZ17,98,103,104,105,106,107,109,110,112,114,115,116,119,120,121,122,123,125,126,128,129,130,132,133,134,135,136,138,139,140,141,142,144,145,149,150,151,153,154,157,159,163,167
OZ18,97,103,106,111,112,114,115,116,119,120,122,123,124,126,129,130,133,135,136,137,138,139,141,143,144,146,147,149,150,151,152,153,154,155,156,158,159,162,164,165,166
OZ19,106,112,117,122,125,130,132,138,150,151,162,163,166
OZ20,109,110,112,113,115,116,119,120,121,123,124,126,127,133,134,137,140,143,146,147,149,153,155,156,160,161,162,164,165,167
OZ21,103,104,105,110,112,115,116,120,121,125,126,127,128,132,133,134,137,140,142,143,146,153,155,156,157,161,162,163,164,165
OZ22,107,110,111,113,114,115,116,117,120,121,124,126,129,133,134,135,136,139,140,141,144,145,147,152,153,154,159,160,162,166
OZ23,104,105,110,111,112,114,119,122,123,124,127,128,130,134,135,136,139,141,142,144,147,149,151,152,154,157,161,166
OZ24,105,111,112,113,114,116,119,122,124,125,126,127,128,130,132,135,136,137,139,141,143,144,147,151,152,154,155,156,157,160,161,162,163,165,166
OZ25,125,132,163
OZ26,114,122,123,124,130,133,136,139,141,143,147,149,151,154,162,166
OZ27,112,115,117,120,121,122,127,129,130,140,151,153,159,161,162,166
OZ28,111,113,115,116,117,119,120,121,123,126,129,135,137,140,143,144,149,152,153,155,156,159,160,165
OZ29,110,113,116,119,123,126,134,137,143,149,155,156,160,162,165
