X0,0,65,122,155,210,290
X1,1,81,85,178,203,214
X2,2,57,66,224,225,274
X3,3,48,60,179,212,276
X4,4,14,87,105,198,258
X5,5,13,41,61,234,273
X6,6,83,159,197,275,321
X7,7,130,142,205,209,268
X8,8,100,198,231,284,289
X9,9,19,48,138,223,316
X10,10,105,106,110,195,234
X11,11,46,88,145,233,241
X12,12,54,83,133,251,252
X13,13,17,60,152,307,308
X14,4,108,174,196,232,288
X15,15,104,116,120,186,208
X16,16,50,106,146,150,253
X17,5,32,123,163,253,286
X18,18,31,128,146,297,323
X19,19,113,169,281,296,323
X20,20,131,140,179,194,294
X21,21,112,118,180,203,303
X22,22,111,117,236,265,288
X23,2,23,190,254,280,287
X24,24,121,139,167,199,302
X25,25,94,96,138,207,272
X26,26,68,69,250,255,300
X27,8,27,62,81,224,314
X28,6,28,56,86,215,230
X29,28,29,64,154,287,298
X30,30,80,115,167,235,295
X31,31,38,70,82,209,322
X32,32,74,115,151,261,293
X33,33,42,62,141,192,228
X34,34,125,239,243,297,318
X35,35,49,90,180,273,293
X36,36,92,131,134,158,228
X37,35,37,55,114,148,257
X38,38,51,74,133,157,227
X39,39,142,147,176,264,305
X40,40,64,223,227,260,282
X41,22,41,164,216,280,320
X42,42,52,164,221,266,308
X43,27,43,82,124,239,251
X44,44,69,109,153,252,264
X45,45,58,140,152,210,240
X46,46,122,175,186,219,285
X47,9,47,89,232,241,291
X48,3,129,162,202,271,283
X49,49,71,99,177,216,259
X50,50,117,190,191,218,313
X51,51,77,187,220,267,290
X52,23,24,52,67,250,305
X53,53,108,168,217,262,299
X54,12,14,61,212,282,301
X55,55,84,134,213,217,230
X56,36,56,71,107,169,173
X57,25,45,89,220,236,317
X58,59,68,112,168,226,261
X59,17,44,119,126,197,247
X60,47,121,148,176,229,258
X61,11,18,33,57,123,319
X62,53,63,79,211,247,257
X63,40,78,166,189,267,309
X64,65,80,107,194,206,231
X65,0,66,132,178,211,309
X66,1,29,67,156,226,316
X67,59,157,192,196,277,289
X68,70,76,114,170,238,259
X69,37,96,147,242,270,304
X70,72,135,185,242,275,298
X71,73,116,136,188,202,246
X72,43,84,171,249,256,317
X73,75,92,139,221,222,263
X74,76,103,172,191,271,294
X75,77,86,171,188,254,279
X76,30,78,162,248,286,315
X77,20,63,153,225,312,313
X78,85,130,160,166,170,283
X79,87,101,182,199,246,311
X80,88,200,222,237,295,321
X81,58,151,181,204,302,322
X82,90,145,149,229,274,279
X83,91,95,132,175,244,262
X84,10,75,124,159,214,278
X85,93,183,218,235,284,310
X86,94,137,183,201,249,314
X87,95,144,173,174,268,320
X88,97,110,189,245,263,292
X89,98,135,165,200,207,319
X90,100,102,120,155,195,270
X91,101,127,143,154,204,208
X92,102,177,245,272,296,300
X93,103,150,156,219,278,291
X94,104,109,184,205,233,306
X95,16,126,193,215,281,310
X96,79,128,161,165,238,311
X97,15,129,141,163,213,304
X98,97,125,248,255,256,299
X99,21,111,143,185,240,318
X100,34,113,136,149,276,303
X101,73,119,161,187,266,277
X102,93,118,160,237,265,306
X103,127,158,184,260,292,312
X104,7,137,181,193,244,307
X105,91,98,182,201,269,301
X106,39,72,144,206,243,315
OX0,69,80,81,83,107,119,120,122,124,129,131,136,140,141,142,147,155,161,163,165,173,174,175,176,178,179,182,184,185,186,187,188,200,201,202,205,207,208,210,211,213,225,231,233,242,243,244,246,252,262,266,268,269,275,277,290,294,298,301,304,305,306,309,312,313,315,319,320
OX1,81,96,99,112,119,121,122,124,125,128,133,137,141,142,143,147,148,149,151,152,153,154,157,158,162,163,169,172,173,175,177,178,179,181,183,185,186,187,188,192,195,198,199,200,205,206,213,217,220,223,226,229,233,236,238,239,240,241,242,244,245,247,249,250,251,255,257,260,261,266,268,270,271,275,281,282,283,285,288,289,290,291,292,297,298,299,302,303,304,305,306,309,312,314,315,316,317,318,319,320,322,323
OX2,82,83,86,96,99,105,117,120,121,125,126,128,131,137,141,146,148,149,151,154,158,160,162,163,164,165,169,171,172,174,176,180,181,182,185,186,192,194,197,198,199,201,203,205,207,210,211,213,216,217,218,223,225,226,227,229,233,234,235,237,238,239,241,243,249,250,251,253,254,255,257,260,262,264,266,267,269,271,272,273,279,280,281,282,283,284,285,289,290,291,292,293,294,296,299,300,301,302,304,307,308,310,313,314,316,317,320,322
OX3,96,99,107,112,115,119,120,122,124,125,131,133,141,147,148,149,155,156,157,158,160,161,163,165,167,168,169,170,172,173,174,175,181,183,185,186,187,188,189,192,193,196,199,200,203,204,209,211,213,214,220,225,227,229,231,232,233,235,236,239,240,241,242,248,249,251,255,258,261,262,266,267,271,272,275,281,285,286,289,290,291,292,294,295,296,297,298,300,303,304,306,307,311,313,314,317,318,319,320,323
OX4,83,84,99,117,121,122,125,126,133,134,137,140,141,142,145,151,153,154,157,158,160,161,162,163,164,165,169,172,173,175,177,179,181,186,187,188,192,195,197,198,199,200,203,205,206,210,216,218,220,223,226,230,233,235,237,239,241,244,245,247,249,250,251,255,260,261,266,268,271,273,274,275,279,280,281,282,283,284,285,289,291,292,293,297,298,299,302,305,307,308,310,311,312,314,315,316,317,319,322,323
OX5,80,105,107,115,119,121,122,123,124,125,128,129,131,136,137,139,140,142,143,144,147,151,152,153,154,156,158,159,160,162,163,167,168,170,173,175,176,177,182,184,185,186,187,188,193,196,198,200,201,202,203,204,206,207,208,209,210,213,214,217,221,222,223,226,227,228,232,233,234,235,238,242,243,246,247,250,253,255,256,257,258,260,264,266,267,269,270,272,275,277,282,283,286,288,290,292,295,296,298,300,301,302,304,306,307,311,316,319,320,322
OX6,84,99,105,112,115,117,119,126,128,131,133,134,139,140,141,144,146,147,148,149,150,153,155,156,157,159,160,163,165,167,168,169,170,172,179,181,182,183,186,187,188,190,191,192,194,195,196,199,201,203,204,206,207,209,213,215,217,218,220,221,222,227,228,229,230,231,232,233,234,235,236,238,239,240,241,242,243,244,245,247,249,251,253,256,257,258,261,266,267,268,269,270,271,272,278,285,286,289,290,291,295,296,297,299,300,301,303,304,306,307,310,312,313,314,315,317,318,323
OX7,57,86,99,107,114,115,119,121,122,124,126,131,134,137,142,144,145,147,148,149,152,153,154,155,156,159,160,162,164,165,167,168,169,170,175,178,179,180,181,182,185,189,190,193,195,196,198,200,201,203,205,207,209,213,214,215,216,217,223,224,226,227,229,230,231,232,235,242,243,245,247,248,250,254,257,258,259,260,267,269,270,272,273,279,280,282,283,286,288,293,294,295,296,299,300,301,304,305,308,309,312,313,316,319,320,321
OX8,99,107,114,115,119,120,122,124,128,131,133,137,141,144,148,149,150,155,157,158,161,163,165,167,168,173,174,175,176,180,183,186,187,188,189,191,192,196,199,204,205,206,211,213,214,219,220,225,227,229,231,232,233,235,236,238,240,241,244,248,249,251,255,258,259,261,262,264,266,267,268,278,285,286,289,290,292,295,300,304,305,306,311,313,314,315,317,320
OX9,115,151,162,170,209,283,286,322
OX10,128,131,140,141,151,153,161,162,163,165,168,170,174,177,179,194,195,196,198,199,209,211,213,217,225,232,238,245,247,257,258,262,270,272,283,288,294,296,299,300,302,304,311,312,313,322
OX11,107,112,117,121,123,124,125,126,131,139,142,144,145,146,148,149,150,151,158,159,162,163,170,176,177,180,189,190,191,193,199,209,213,214,215,218,221,222,226,228,229,248,250,255,256,264,270,272,274,278,279,281,283,292,296,299,300,302,304,310,313,322
OX12,86,105,114,119,120,121,122,123,124,125,131,137,139,140,141,142,148,149,151,153,155,156,157,159,167,168,170,171,172,173,175,176,177,179,180,183,186,194,196,198,199,204,205,206,209,214,217,221,222,228,229,231,233,234,235,236,240,241,244,247,249,253,254,255,256,257,259,261,266,268,270,271,272,277,279,285,288,291,295,296,300,306,312,314,315,317,320,322
OX13,105,112,114,119,125,129,133,134,136,137,139,140,141,142,146,151,154,155,158,159,161,163,164,167,169,170,171,172,173,174,179,180,183,184,185,186,187,188,190,192,198,199,202,204,206,208,209,210,211,213,217,219,220,221,222,223,225,226,228,230,231,232,233,234,236,237,240,244,246,250,251,253,256,257,258,259,260,262,264,268,270,271,272,277,280,281,282,284,289,291,292,295,296,303,304,308,312,315,316,318,320,322
OX14,117,123,126,146,162,163,190,193,215,218,271,281,283,294,310,313
OX15,114,119,123,125,129,133,134,136,137,139,140,142,145,146,148,149,151,154,155,158,159,161,163,164,167,169,170,171,172,173,174,176,177,179,183,184,185,186,187,188,190,192,195,198,199,202,204,206,208,209,210,211,217,219,220,221,222,223,225,228,229,230,231,232,233,236,237,240,244,245,246,251,256,257,258,259,260,262,264,268,271,274,277,279,280,281,282,284,289,291,292,295,300,303,305,308,312,315,316,318,320,322
OX16,119,120,122,123,125,129,133,134,136,137,139,140,142,144,146,147,150,154,155,156,158,159,161,163,164,165,167,168,169,171,173,174,175,176,179,180,182,183,184,186,187,188,190,191,192,196,200,201,202,204,207,208,210,211,216,220,221,222,223,225,228,230,231,233,236,237,240,242,243,246,251,256,260,262,264,269,270,272,273,275,277,278,280,281,282,284,288,289,292,293,294,295,296,298,299,301,302,303,305,308,312,316,318,319
OX17,112,120,124,125,131,137,139,140,141,143,144,145,148,149,152,154,155,156,158,159,160,162,163,166,167,176,177,180,193,194,203,204,205,206,214,221,222,223,227,228,229,231,235,244,255,256,260,264,267,268,270,272,274,279,282,292,295,296,299,300,302,305,307,309,315,316
OX18,120,123,125,129,131,133,134,136,137,139,140,144,145,146,148,150,154,155,156,158,159,163,164,166,167,168,169,171,176,179,180,183,185,190,191,192,194,196,202,204,205,206,216,220,221,222,223,228,229,230,231,236,237,240,244,251,256,260,264,266,268,270,271,272,273,274,278,279,280,281,282,283,284,288,289,290,292,293,295,296,299,302,303,305,306,308,309,313,315,316,318,320
OX19,122,124,125,137,139,140,143,144,145,149,150,153,154,155,158,159,161,166,167,174,175,177,179,180,182,183,191,199,206,210,211,213,214,216,220,221,222,223,225,227,228,231,232,235,236,240,241,244,247,249,255,256,258,260,262,267,268,269,270,271,272,273,274,278,279,282,283,291,292,293,295,296,299,300,301,302,304,309,311,312,313,314,315,316,317,320
OX20,123,124,133,134,137,143,144,145,146,148,149,150,151,157,160,162,163,164,168,169,170,171,173,176,183,185,190,191,195,196,198,199,203,209,213,214,216,220,226,227,229,230,232,235,236,237,240,244,245,250,251,255,258,261,266,267,268,270,272,273,274,277,278,279,280,281,283,284,290,293,296,302,303,304,305,306,308,313,318,322
OX21,129,136,137,140,141,143,147,148,149,150,154,156,157,158,160,163,165,173,177,179,180,183,184,185,191,192,195,198,200,201,202,203,205,206,207,208,210,213,220,226,229,236,240,241,242,243,245,246,249,250,260,261,264,270,272,275,277,278,288,289,291,292,294,296,298,300,304,311,312,314,315,317,319,320
OX22,121,125,126,133,134,137,142,150,152,153,156,157,159,160,161,166,168,169,171,173,174,179,183,184,191,192,196,203,205,206,208,211,213,215,216,220,222,223,225,226,230,232,235,244,246,247,250,251,256,258,261,262,268,270,271,272,273,277,278,282,283,284,288,289,290,293,295,296,299,304,305,307,309,313,315,316
OX23,140,142,144,145,148,149,152,153,161,166,170,173,176,180,181,184,208,209,210,216,229,246,247,264,273,274,279,283,290,293,305,309
OX24,137,141,147,148,150,151,153,154,156,157,158,160,161,162,163,165,166,170,177,183,191,192,195,198,200,201,203,204,205,207,209,213,216,220,226,229,236,240,241,242,245,247,249,250,260,261,264,270,271,272,273,275,277,278,288,289,290,291,292,293,294,296,298,300,302,304,309,311,312,314,317,319,320,322
OX25,124,126,131,133,134,139,142,147,148,152,153,155,156,157,160,161,165,167,168,169,171,173,174,177,179,185,186,192,194,196,200,201,203,204,206,207,210,211,214,215,216,221,225,226,227,228,229,230,231,233,236,240,241,242,243,244,247,249,250,251,255,261,262,264,267,268,273,275,277,284,288,289,290,291,293,294,298,300,302,306,307,311,312,313,314,315,317,319
OX26,143,144,147,148,149,150,151,152,153,154,156,157,158,160,161,165,166,170,179,180,183,185,187,188,191,193,199,200,201,203,205,206,207,209,220,226,229,232,236,240,241,242,243,244,247,249,250,258,260,261,264,268,275,278,283,290,291,292,294,298,302,307,309,311,312,314,315,317,319,322
OX27,142,144,145,148,149,152,170,173,176,179,180,181,209,216,229,264,271,273,274,279,293,305
OX28,144,147,148,149,150,152,153,156,157,160,161,165,179,180,182,183,184,185,187,188,191,193,199,200,201,203,204,205,206,207,208,219,220,223,226,227,229,232,236,240,241,242,243,244,246,247,249,250,258,261,264,267,268,269,275,278,282,285,290,294,298,301,307,314,315,316,317,319
OX29,125,126,133,134,145,148,149,152,153,155,157,158,159,161,166,167,168,169,170,171,174,176,179,180,181,182,183,186,189,192,193,196,199,205,209,211,213,215,219,220,222,223,225,229,230,231,232,233,247,248,251,256,258,261,262,264,269,270,272,274,277,279,282,283,284,285,288,289,290,291,292,294,296,299,301,302,304,305,306,309,311,312,313,316
OX30,139,141,150,151,152,156,158,160,162,163,170,173,179,182,183,184,189,191,193,199,203,205,206,208,209,219,221,226,228,232,235,246,248,250,258,264,269,278,283,284,285,288,291,292,294,295,301,302,307,311,312,315,320,322
OX31,141,145,148,150,155,156,158,160,162,163,167,173,176,177,182,184,186,187,188,189,191,192,195,198,199,203,206,208,213,219,226,229,231,232,233,235,245,246,248,250,258,269,270,271,272,274,277,278,279,283,285,288,289,291,292,294,295,296,300,301,302,304,305,306,311,312,315,320
OX32,149,157,180,187,188,261
OX33,131,152,153,154,155,161,165,167,174,179,183,185,186,189,193,194,200,204,210,211,220,222,225,231,233,235,236,237,240,243,247,248,249,260,262,288,294,302,307,311,312,313,314,317,319,321
OX34,153,161,184,208,246,247
OX35,145,148,150,154,155,156,157,160,166,167,176,185,186,187,188,189,191,199,203,216,223,226,227,229,231,232,233,235,243,248,250,258,260,261,267,271,273,274,278,279,282,283,288,293,294,295,302,305,306,309,316,320
OX36,152,170,179,181,209,271
OX37,126,133,134,150,151,156,159,166,168,170,171,173,174,177,180,183,191,193,195,196,198,199,206,209,211,213,215,216,220,222,223,225,230,232,235,239,243,245,251,256,258,262,270,272,273,278,281,282,283,284,288,290,293,295,296,297,299,300,302,303,304,309,313,315,316,318,322,323
OX38,148,165,176,182,200,205,219,222,229,237,241,264,269,285,295,301,305,306,319,321
OX39,151,154,158,160,166,170,173,182,184,185,199,203,205,206,208,209,219,223,226,227,232,243,246,250,258,260,264,267,269,282,283,285,288,291,292,301,302,309,311,312,315,316,320,322
OX40,160,203,205,226,250,264
OX41,150,154,156,166,185,189,191,223,227,243,248,260,267,271,278,282,283,294,309,316
OX42,173,180,206,216,243,273,293,303,315,318
OX43,154,158,165,184,200,208,246,260,275,292,298,311,312,319
OX44,134,157,165,171,177,180,182,185,192,195,198,200,213,219,220,223,227,230,245,261,267,269,270,272,275,277,282,285,289,290,291,296,298,300,301,303,304,316,318,319
OX45,155,157,158,164,167,170,181,182,183,184,185,186,189,190,193,204,208,209,216,219,220,222,223,227,231,233,235,236,237,240,243,246,248,249,261,266,267,269,271,273,275,277,280,282,285,288,290,291,292,293,294,298,301,302,307,308,311,312,313,314,316,317,320,321
OX46,158,165,184,185,189,200,208,243,246,248,275,292,298,311,312,319
OX47,165,166,167,170,180,181,182,183,185,193,199,200,209,216,219,223,227,232,235,258,267,269,273,275,282,283,284,285,288,291,293,295,298,301,302,303,307,309,316,318,319,320
OX48,157,164,169,174,177,190,211,216,225,239,255,256,261,262,266,273,277,280,281,293,297,299,300,308,320,323
OX49,167,169,177,180,185,199,216,222,232,239,255,256,258,273,275,281,288,293,297,298,299,300,302,303,318,320,321,323
OX50,169,177,239,255,256,281,297,299,300,323
OX51,166,174,180,185,199,204,211,216,220,222,225,232,235,236,240,249,258,262,271,273,275,283,284,290,293,294,295,298,303,309,313,314,317,318,320,321
OX52,199,204,232,236,240,258
OX53,133,159,170,174,180,181,183,185,193,209,211,216,220,225,227,249,251,262,267,271,273,275,290,293,294,298,303,307,313,314,317,318,320,321
OX54,168,170,174,180,181,183,185,193,195,196,198,209,211,216,222,225,235,245,255,262,271,273,275,284,293,294,295,298,303,307,313,318,320,321
OX55,170,174,180,181,183,185,193,209,211,216,222,225,235,262,271,273,275,284,293,294,295,298,303,307,313,318,320,321
Z0,0,267,290,309
Z1,1,112,203,226
Z2,2,190,225,313
Z3,3,179,271,294
Z4,4,47,232,258
Z5,5,106,234,253
Z6,6,126,197,215
Z7,7,181,209,322
Z8,8,62,192,289
Z9,9,156,291,316
Z10,10,106,150,278
Z11,11,57,145,274
Z12,12,54,269,301
Z13,13,60,61,212
Z14,14,87,182,301
Z15,15,116,129,202
Z16,16,50,218,310
Z17,17,126,193,307
Z18,18,123,146,253
Z19,19,48,113,276
Z20,20,131,158,312
Z21,21,34,303,318
Z22,22,117,190,280
Z23,23,52,164,280
Z24,24,52,139,221
Z25,25,94,249,317
Z26,26,54,69,252
Z27,27,43,249,314
Z28,28,86,254,287
Z29,23,29,67,287
Z30,30,80,206,315
Z31,31,70,128,238
Z32,5,32,273,293
Z33,33,57,62,224
Z34,34,113,297,323
Z35,35,49,114,259
Z36,36,56,134,230
Z37,37,147,148,176
Z38,38,82,133,251
Z39,39,142,144,268
Z40,40,51,227,267
Z41,41,49,216,273
Z42,42,92,221,228
Z43,43,125,239,256
Z44,44,83,197,252
Z45,45,111,236,240
Z46,46,219,241,291
Z47,4,196,198,289
Z48,48,212,223,282
Z49,35,90,148,229
Z50,50,103,150,191
Z51,40,189,260,292
Z52,29,64,223,316
Z53,53,55,217,257
Z54,26,99,177,300
Z55,53,132,211,262
Z56,56,169,215,281
Z57,33,123,141,163
Z58,58,152,181,307
Z59,59,108,168,196
Z60,60,140,152,179
Z61,14,61,105,234
Z62,8,183,284,314
Z63,44,63,153,247
Z64,64,127,154,260
Z65,65,140,194,210
Z66,66,81,178,224
Z67,67,68,226,250
Z68,68,168,255,299
Z69,69,250,264,305
Z70,31,82,239,297
Z71,71,169,177,296
Z72,72,185,243,318
Z73,73,161,246,311
Z74,38,74,151,322
Z75,10,75,110,263
Z76,76,170,271,283
Z77,77,171,220,317
Z78,78,162,166,283
Z79,79,119,161,247
Z80,80,231,235,284
Z81,63,66,211,225
Z82,70,130,170,209
Z83,83,124,159,251
Z84,84,217,256,299
Z85,85,166,178,309
Z86,84,86,171,230
Z87,87,121,199,258
Z88,11,88,200,319
Z89,89,232,236,288
Z90,90,149,180,303
Z91,91,175,269,285
Z92,42,192,266,277
Z93,93,235,237,295
Z94,94,98,201,207
Z95,7,95,244,268
Z96,96,135,207,242
Z97,78,97,189,248
Z98,98,165,182,311
Z99,12,133,227,282
Z100,100,105,195,198
Z101,101,116,208,246
Z102,96,102,270,272
Z103,103,172,219,285
Z104,46,104,186,233
Z105,13,41,164,308
Z106,75,159,222,321
Z107,107,144,173,206
Z108,95,108,174,262
Z109,109,153,184,312
Z110,30,32,115,286
Z111,45,210,220,290
Z112,1,156,214,278
Z113,19,138,272,296
Z114,79,114,238,257
Z115,102,110,195,245
Z116,15,120,270,304
Z117,93,117,218,265
Z118,21,111,118,265
Z119,17,119,266,308
Z120,120,122,155,186
Z121,24,121,176,305
Z122,0,122,132,175
Z123,18,128,165,319
Z124,125,243,248,315
Z125,6,28,275,298
Z126,104,127,184,208
Z127,59,74,157,261
Z128,129,162,163,286
Z129,130,160,205,306
Z130,20,191,294,313
Z131,37,55,213,304
Z132,76,99,172,259
Z133,134,141,213,228
Z134,135,200,275,321
Z135,3,136,202,276
Z136,137,183,193,310
Z137,9,25,89,138
Z138,139,167,222,295
Z139,36,107,131,194
Z140,39,72,147,242
Z141,58,143,204,240
Z142,109,142,205,264
Z143,47,145,229,241
Z144,16,146,281,323
Z145,101,199,204,302
Z146,65,100,155,231
Z147,136,149,188,279
Z148,88,233,237,306
Z149,143,154,185,298
Z150,27,81,124,214
Z151,85,118,160,203
Z152,51,157,187,277
Z153,92,158,263,292
Z154,112,180,261,293
Z155,73,77,187,188
Z156,97,245,255,300
Z157,71,173,216,320
Z158,22,174,288,320
Z159,91,137,201,244
Z160,2,254,274,279
OZ0,164,183,224,254,266,274,277,279,280,284,289,314
OZ1,124,140,154,159,170,171,172,177,179,181,185,193,204,212,215,217,230,240,250,251,252,254,256,259,264,269,271,275,283,287,299,300,301,305
OZ2,159,170,171,172,177,178,179,181,184,185,186,193,194,204,206,208,210,212,214,215,217,219,224,230,233,239,240,241,243,245,249,250,251,252,255,259,264,267,269,271,274,275,279,283,290,291,292,299,301,305,309,314
OZ3,140,178,180,194,203,206,210,223,226,245,248,255,260,261,267,290,292,293,300,309,315,316
OZ4,151,166,168,172,177,178,180,181,182,187,189,198,200,201,205,207,210,212,214,218,220,223,224,225,226,229,233,235,238,239,240,241,243,244,248,250,251,252,254,256,258,259,260,262,264,267,268,269,271,272,276,277,278,279,280,283,289,290,291,292,293,295,296,297,300,301,303,305,309,311,313,314,315,316,317,318,320,323
OZ5,155,167,170,171,172,176,177,179,182,183,184,185,186,187,189,193,194,195,196,198,199,204,208,209,210,212,215,217,218,219,221,222,223,225,226,230,231,233,234,235,237,239,240,241,243,244,248,249,251,252,255,258,259,261,262,264,265,266,267,268,269,271,273,274,279,280,282,283,284,287,288,289,291,292,293,298,300,313,315,316,320,322
OZ6,163,166,167,170,172,176,179,182,184,185,188,193,194,195,196,197,198,201,202,209,210,211,212,215,217,218,219,220,221,222,223,224,225,226,230,231,233,234,235,237,238,239,240,241,243,245,247,251,252,254,256,258,261,264,265,268,270,271,273,275,280,281,282,284,285,286,288,289,290,291,292,293,296,299,302,304,307,308,309,310,311,313,314,315,316,317,320,322
OZ7,170,171,172,177,189,220,224,239,243,248,249,250,251,252,256,259,260,264,267,269,271,274,279,282,283,292,300,301,305,314,315,317
OZ8,154,165,171,178,179,181,182,185,193,194,200,201,204,206,210,212,213,214,215,224,230,232,236,240,242,245,248,255,260,267,274,275,278,279,282,288,290,291,292,298,300,304,309,311,314,315,317,321
OZ9,165,180,182,189,200,201,203,213,214,215,220,223,226,230,232,236,239,242,243,248,249,250,251,252,256,260,261,264,267,275,278,281,288,291,292,293,296,300,304,305,311,315,316,321
OZ10,171,176,180,181,183,186,188,189,191,195,197,200,202,204,205,207,208,210,211,212,213,217,219,220,224,225,229,233,234,239,240,241,247,251,252,254,255,260,264,266,268,270,271,272,273,276,277,279,280,282,284,289,290,291,292,299,300,303,304,307,308,309,313,314,317,318,320,321
OZ11,168,178,179,180,184,185,186,187,189,191,193,195,196,200,203,204,207,208,209,210,212,218,219,223,224,225,226,233,234,235,237,239,240,241,242,243,244,245,248,249,250,251,252,256,262,264,265,268,270,272,273,275,277,280,281,282,287,288,290,291,294,295,296,298,300,305,309,312,314,315,316,320,321,322
OZ12,178,179,183,184,185,186,187,191,195,196,203,204,208,209,213,215,219,223,226,230,233,234,236,241,244,245,249,255,260,261,262,266,267,268,270,273,276,280,281,284,287,288,289,291,292,293,294,297,298,299,300,303,304,307,308,309,312,313,316,317,318,320,322,323
OZ13,176,177,181,182,183,186,188,191,195,196,197,198,200,201,202,203,204,205,207,208,210,211,212,214,219,223,224,225,226,234,236,237,238,240,242,243,247,248,249,250,254,255,258,259,261,266,267,268,270,271,272,273,275,276,277,278,280,282,284,288,290,293,303,305,306,307,308,309,311,313,314,315,316,317,318,320
OZ14,166,167,172,177,179,181,182,184,185,186,193,194,196,198,200,201,203,204,205,207,208,209,214,219,220,229,231,235,237,238,249,254,258,259,260,265,267,269,271,272,276,278,279,281,282,283,284,287,288,289,297,298,301,302,303,311,317,318,322,323
OZ15,172,180,183,193,194,203,206,214,219,222,223,225,226,239,243,245,249,250,251,252,254,255,256,260,261,263,264,266,274,275,277,278,279,281,284,285,287,289,293,294,296,298,305,307,308,312,316,321
OZ16,177,179,180,181,182,185,187,188,194,196,197,198,199,201,203,206,210,211,212,213,214,215,220,223,224,225,226,229,230,233,236,237,238,240,241,242,245,246,247,248,255,258,259,261,266,267,278,279,281,282,288,289,290,291,292,293,296,300,302,304,306,307,308,309,311,312,314,315,316,321
OZ17,179,182,183,184,185,187,189,191,193,195,197,198,199,203,206,209,211,214,219,220,223,226,229,231,234,237,239,242,243,247,249,250,251,252,254,258,260,261,264,266,268,269,270,273,276,278,279,280,285,292,293,294,296,297,300,302,303,305,306,307,308,309,310,312,313,316,317,318,320,321,322,323
OZ18,183,186,187,188,194,197,198,202,203,204,205,206,208,209,210,211,212,213,214,215,218,219,220,229,230,232,233,235,237,240,241,242,243,244,247,249,255,258,260,262,265,266,267,271,275,276,278,279,281,282,284,288,290,294,295,296,299,300,303,304,307,308,309,312,313,317,318,322
OZ19,180,182,184,187,188,189,193,194,197,198,199,202,205,206,209,210,211,212,218,219,223,224,225,226,229,233,235,236,239,240,241,247,248,249,250,251,252,255,258,261,264,265,266,269,271,276,279,282,284,285,290,291,292,293,294,295,302,303,305,306,307,308,309,310,313,314,315,316,317,318,321,322
OZ20,181,182,184,188,191,194,195,198,203,209,210,212,214,218,219,220,223,224,226,229,231,234,237,240,242,243,245,246,248,249,254,255,258,261,266,268,269,270,273,274,275,276,277,278,280,282,284,285,289,290,292,293,294,300,303,306,307,308,314,315,316,317,318,320,321,322
OZ21,186,187,188,191,194,196,198,199,204,208,215,217,218,219,220,222,225,229,230,231,232,239,246,250,251,252,254,256,258,263,264,274,275,277,287,291,292,294,296,297,298,299,300,302,305,310,312,317,321,323
OZ22,191,193,196,197,199,200,202,203,205,206,207,209,210,211,212,214,218,231,233,235,237,240,241,244,245,246,247,248,260,262,265,267,271,272,276,278,281,282,288,289,290,291,292,295,297,299,302,303,309,315,318,321,322,323
OZ23,200,207,213,217,222,224,239,242,243,245,248,249,250,251,252,254,255,256,263,264,272,274,279,287,298,299,304,305,314,315
OZ24,167,182,187,189,193,195,196,199,203,210,212,213,214,217,218,220,221,223,225,226,232,234,235,236,237,240,245,254,255,260,261,263,265,267,270,273,274,275,276,277,278,279,281,287,290,291,292,293,297,298,299,300,301,303,304,307,308,313,316,318,321,323
OZ25,182,184,185,188,195,196,198,205,210,213,217,219,220,222,223,224,225,226,229,233,234,235,239,240,241,243,244,246,248,249,250,251,252,255,258,260,261,262,263,264,265,266,268,269,270,273,277,279,280,284,285,287,288,290,291,292,293,295,298,304,305,306,307,308,312,314,315,316,317,320
OZ26,196,198,201,218,219,222,229,232,239,244,249,250,251,252,254,256,258,262,263,264,266,269,275,277,279,284,285,287,291,292,296,297,298,299,300,305,307,308,312,313,321,323
OZ27,239,250,251,252,264,296,297,300,305,323
OZ28,215,217,230,243,248,281,297,299,315,323
OZ29,185,198,201,206,210,213,217,218,219,220,224,229,231,233,235,237,240,241,242,243,245,256,258,269,274,285,290,291,292,295,296,297,299,304,306,312,313,314,317,323
OZ30,193,218,221,222,225,254,274,275,279,287,298,307,308,310,313,321
OZ31,184,187,195,197,198,205,206,211,213,217,221,222,223,224,225,226,229,231,232,233,234,241,243,244,245,247,249,254,255,256,258,260,261,262,265,267,268,270,273,277,279,280,281,284,288,289,292,293,297,300,304,306,307,308,309,310,312,314,316,320,321,323
OZ32,194,197,199,202,209,211,213,217,220,222,224,225,231,232,233,241,242,243,246,247,248,249,263,265,267,268,271,280,281,284,287,288,292,294,297,298,299,302,304,306,309,310,312,314,315,317,320,321,322,323
OZ33,188,195,197,198,201,205,206,210,211,213,216,217,218,219,223,224,226,229,231,233,234,238,240,241,243,244,246,247,254,258,259,260,261,262,266,267,268,269,270,273,274,275,277,284,285,287,289,290,291,293,298,304,307,308,309,311,312,313,314,316,318,320
OZ34,187,189,195,205,206,213,217,218,219,222,223,224,226,231,232,234,236,237,243,244,245,249,254,261,262,263,266,267,268,269,270,273,274,279,280,282,284,285,288,291,292,293,296,297,301,304,306,307,308,312,313,314,316,317,320,323
OZ35,189,203,205,206,210,212,214,219,221,231,235,236,240,248,256,263,265,266,267,268,269,275,276,277,278,280,281,285,287,289,290,295,297,298,301,303,306,310,315,317,318,320,321,323
OZ36,198,201,203,205,206,210,212,214,219,220,222,224,229,231,232,233,236,240,241,243,244,255,258,260,262,263,266,268,269,274,275,276,277,278,280,281,282,284,285,287,288,289,290,292,296,298,299,300,303,307,308,310,314,318,320,321
OZ37,201,219,232,236,249,269,285,288,291,317
OZ38,195,203,210,212,213,214,217,220,223,224,225,226,232,234,235,237,240,244,245,249,261,262,265,266,270,273,276,277,278,282,284,288,289,290,291,292,293,295,296,297,303,304,307,308,312,314,316,317,318,323
OZ39,206,219,221,222,224,231,233,235,237,241,243,245,249,254,255,256,260,266,269,274,275,277,279,281,282,285,287,289,291,292,295,297,298,300,301,306,310,314,321,323
OZ40,203,205,210,212,214,219,220,221,232,233,237,240,241,243,244,245,248,255,256,262,263,265,268,269,275,276,278,280,285,287,288,290,298,299,300,301,303,307,308,315,317,318,320,321
OZ41,199,209,210,213,216,217,220,221,224,238,240,242,245,249,254,255,259,263,266,268,274,277,279,281,284,287,289,290,297,298,299,300,302,304,310,311,314,317,318,320,322,323
OZ42,197,211,218,220,225,244,247,254,256,262,266,267,274,275,277,279,284,287,289,298,299,307,308,309,313,317
OZ43,213,217,218,219,221,222,224,233,237,241,242,249,254,256,260,266,269,274,277,279,282,284,285,287,289,291,298,299,301,304,306,312,313,314
OZ44,218,222,224,232,233,235,236,237,241,243,244,248,249,254,262,263,266,274,275,277,279,281,284,287,288,289,292,295,297,298,299,306,307,308,310,312,313,314,315,317,321,323
OZ45,222,225,232,233,235,236,237,241,244,254,256,262,263,266,274,275,277,279,284,287,288,289,292,295,298,299,306,307,308,312,317,321
OZ46,219,224,225,232,236,243,244,248,249,260,262,266,269,277,281,282,284,285,288,289,291,297,299,301,307,308,310,312,314,315,317,323
OZ47,205,221,224,225,237,243,248,249,256,263,266,268,275,277,280,281,284,287,289,292,297,298,306,310,312,314,315,320,321,323
OZ48,221,224,225,243,248,249,256,263,266,277,281,284,289,292,297,310,312,314,315,323
OZ49,232,233,235,236,237,241,243,248,256,281,288,295,297,306,310,315,317,323
OZ50,224,235,244,249,254,256,262,266,274,275,277,279,284,287,289,295,298,299,307,308,314,321
OZ51,243,248,255,296,297,300,315,323
OZ52,225,235,245,254,274,275,279,281,287,292,295,296,298,310,312,321
OZ53,244,255,262,266,277,281,284,289,296,299,300,307,308,310
OZ54,210,220,235,236,237,240,265,281,290,295,297,310,318,323
OZ55,235,236,237,255,256,265,281,295,296,300,310,317
