X0,0,18,56,95,146,212
X1,1,84,179,202,279,308
X2,2,85,135,203,233,239
X3,3,21,59,86,204,238
X4,4,87,205,219,229,324
X5,5,20,58,88,206,246
X6,6,89,207,215,277,293
X7,0,7,37,50,52,191
X8,8,38,42,43,141,160
X9,9,63,121,248,265,324
X10,10,72,147,168,192,301
X11,11,67,133,137,222,247
X12,12,49,211,226,318,332
X13,13,21,73,99,269,322
X14,1,14,22,37,100,141
X15,15,39,42,53,57,245
X16,16,40,54,145,250,296
X17,17,41,55,94,108,284
X18,18,103,132,217,267,323
X19,19,75,129,148,194,210
X20,20,82,98,198,268,321
X21,3,11,22,70,142,189
X22,13,50,71,101,221,280
X23,23,84,114,140,210,214
X24,24,83,156,201,229,295
X25,25,125,225,279,292,303
X26,26,105,226,252,291,333
X27,27,124,148,228,284,320
X28,28,48,149,212,223,319
X29,29,90,128,138,163,187
X30,30,43,48,151,206,231
X31,31,49,152,204,244,297
X32,32,51,153,184,259,298
X33,33,114,154,170,249,329
X34,17,34,155,243,300,319
X35,15,35,67,97,98,266
X36,36,57,104,222,236,314
X37,2,7,10,38,143,159
X38,14,65,125,167,173,332
X39,35,85,223,273,296,315
X40,16,76,149,158,207,302
X41,34,165,247,313,315,325
X42,8,73,126,176,208,312
X43,30,93,211,271,312,316
X44,44,145,157,161,189,297
X45,45,133,172,238,286,294
X46,46,146,158,163,221,298
X47,12,47,100,144,220,235
X48,28,31,94,183,311,316
X49,47,166,248,253,295,313
X50,32,90,96,113,213,272
X51,19,45,52,108,162,220
X52,53,153,164,198,287,290
X53,54,96,178,242,263,309
X54,55,193,200,249,305,326
X55,56,79,127,162,171,254
X56,36,122,131,156,252,270
X57,58,62,171,177,239,293
X58,59,102,120,176,182,281
X59,23,60,101,208,259,328
X60,27,61,64,270,280,303
X61,5,9,40,69,142,160
X62,63,99,111,175,235,266
X63,64,107,109,180,264,289
X64,65,97,232,233,269,317
X65,66,75,179,237,241,322
X66,68,83,136,181,194,196
X67,69,106,219,232,242,306
X68,4,29,39,143,150,181
X69,44,71,134,175,234,289
X70,72,132,213,224,236,306
X71,74,107,115,157,193,209
X72,62,66,138,159,174,243
X73,76,77,216,240,263,292
X74,77,150,195,267,287,310
X75,78,105,186,201,281,294
X76,79,152,197,276,277,329
X77,78,80,151,188,196,262
X78,81,104,134,217,265,282
X79,82,118,161,177,184,311
X80,24,61,92,147,170,191
X81,33,60,89,240,271,335
X82,86,92,166,241,276,300
X83,87,139,140,180,185,258
X84,88,112,165,188,288,299
X85,6,41,74,144,182,190
X86,51,119,124,183,225,275
X87,91,244,283,285,330,333
X88,68,95,224,231,237,317
X89,93,203,257,261,301,327
X90,102,119,135,173,215,262
X91,103,118,174,216,234,308
X92,81,130,155,187,200,260
X93,26,115,123,250,251,290
X94,106,164,167,258,291,328
X95,109,128,137,205,218,227
X96,110,129,168,185,286,314
X97,91,111,169,190,268,302
X98,112,199,251,256,310,326
X99,80,113,154,192,199,275
X100,116,130,272,274,278,334
X101,117,178,285,288,321,334
X102,117,120,139,209,230,255
X103,121,127,172,246,260,304
X104,25,122,126,230,245,309
X105,123,186,273,274,304,327
X106,110,253,255,261,299,318
X107,116,136,195,228,257,335
X108,131,214,282,283,305,307
X109,197,264,278,320,330,331
X110,227,254,256,323,325,331
OX0,50,67,73,94,96,97,98,100,115,119,124,125,128,132,134,135,136,138,139,140,144,146,147,149,150,151,152,154,155,156,159,163,164,166,168,176,180,181,184,185,188,191,195,196,198,199,200,201,204,205,208,214,217,219,220,222,224,228,229,230,233,235,239,244,248,250,251,253,258,259,260,261,262,265,266,270,271,278,279,281,283,287,291,292,294,295,296,297,298,303,304,305,306,307,309,311,313,314,315,318,319,324,332,333,334,335
OX1,67,73,85,97,99,100,107,125,128,136,137,144,145,148,152,155,156,157,161,166,175,176,180,183,187,189,195,200,203,204,205,208,214,217,218,220,222,223,225,226,230,234,235,236,244,248,252,253,254,256,260,261,264,265,270,271,272,273,274,278,279,283,284,292,295,296,301,303,305,307,309,311,313,314,315,318,320,323,325,327,331,332,334,335
OX2,73,94,100,107,115,139,144,152,155,157,165,166,176,178,183,200,203,204,208,220,226,230,235,243,244,247,248,249,253,255,257,261,271,285,288,295,297,300,301,305,311,315,318,319,321,325,326,327,332,334
OX3,95,107,115,125,132,134,136,139,149,156,157,165,178,187,195,212,214,217,223,225,228,243,247,249,252,255,257,260,265,270,272,274,278,279,283,285,288,292,300,303,307,309,313,315,321,325,326,335
OX4,94,96,98,99,101,118,127,138,140,148,149,150,151,159,161,164,165,167,169,171,172,174,175,178,179,184,188,190,194,195,198,199,208,210,212,216,219,223,231,232,235,237,239,241,243,244,248,251,256,258,259,260,265,266,267,271,283,284,285,287,288,291,292,293,299,302,304,306,309,311,319,321,322,324,326,330,333,335
OX5,99,107,108,128,134,137,144,145,148,157,161,169,175,180,189,190,205,218,228,234,244,254,256,264,266,268,283,285,297,302,320,323,325,330,331,333
OX6,142,145,149,151,160,206,212,231,250,296
OX7,98,108,136,144,148,150,153,164,169,190,198,244,268,283,285,287,290,302,330,333
OX8,101,107,115,118,119,124,127,134,137,138,139,145,149,154,157,159,163,167,169,171,172,174,178,179,181,183,185,187,189,190,192,194,195,196,201,208,210,212,213,216,218,223,225,226,228,229,231,232,234,235,237,239,241,244,247,248,250,252,254,260,262,264,265,267,271,272,273,274,281,283,285,288,292,293,294,297,298,299,300,302,306,309,311,313,315,320,321,322,323,326,327,330,331,335
OX9,96,107,127,128,134,136,137,138,151,153,157,158,159,161,167,169,171,172,178,180,184,188,190,195,199,205,207,212,216,218,219,223,228,231,232,234,235,239,240,243,244,247,248,250,251,254,258,260,264,265,267,283,285,288,290,291,292,293,296,299,300,304,306,309,311,313,315,320,321,323,324,326,328,330,331,333
OX10,107,115,119,124,127,128,134,136,137,138,146,149,154,157,158,159,161,165,167,169,171,172,178,180,183,187,190,192,195,196,201,205,207,212,213,216,218,219,221,225,226,228,231,232,234,235,239,240,244,248,252,254,258,259,260,262,264,265,267,272,273,274,281,283,285,288,292,293,294,296,299,306,309,311,320,321,323,324,325,326,327,328,330,331
OX11,119,124,125,133,136,137,138,140,145,152,154,156,158,159,163,165,167,168,169,179,181,183,189,190,192,194,196,201,207,210,212,213,214,218,226,229,231,232,235,237,238,239,240,241,243,244,248,249,250,253,257,259,261,262,270,273,276,277,279,281,293,297,298,303,306,307,308,311,314,318,322,325,327,328,329,335
OX12,85,115,118,124,125,128,132,134,135,136,137,139,145,147,148,152,153,157,164,165,168,174,178,180,184,187,189,191,192,195,203,205,213,214,216,218,223,224,225,226,233,234,236,243,247,249,250,255,256,257,260,265,267,272,274,276,277,279,280,283,284,285,288,289,291,292,293,296,297,300,301,306,307,308,309,311,313,315,321,326,329,330,333,335
OX13,127,128,132,134,136,137,138,139,151,153,158,159,161,165,167,168,169,171,172,178,180,184,187,188,190,195,199,205,207,212,216,218,219,224,228,231,232,234,235,236,239,240,244,248,251,253,254,255,258,260,261,264,265,267,272,283,285,288,290,291,292,293,304,309,311,318,320,321,323,324,325,326,328,330,331,333
OX14,100,124,128,132,133,134,136,137,139,140,144,145,146,151,152,156,161,164,166,167,169,178,180,183,185,187,188,189,190,195,199,203,204,205,212,216,218,219,220,221,223,224,228,231,232,234,236,238,243,247,250,251,252,253,254,257,258,259,260,261,264,265,267,270,272,283,285,288,290,292,294,295,296,299,300,301,302,303,304,309,311,314,315,318,320,321,323,324,326,327,330,331,332,335
OX15,118,132,133,134,137,140,145,146,149,151,153,158,163,165,167,169,174,178,179,181,184,187,188,189,190,194,195,199,207,210,212,216,218,221,224,228,229,231,232,234,235,236,237,238,240,241,243,244,248,250,251,254,260,264,265,267,272,283,285,288,290,291,292,294,296,297,298,299,304,309,311,314,320,321,322,323,325,326,328,330,331,333
OX16,108,133,134,136,137,138,140,144,146,148,150,152,158,159,163,164,167,178,179,181,187,194,195,207,210,217,218,221,228,229,232,235,236,237,238,239,240,248,256,260,265,272,276,277,278,287,291,292,293,294,298,302,304,308,309,310,314,317,325,328,329,330
OX17,115,124,125,133,137,140,150,152,153,161,163,164,165,166,167,181,183,184,185,203,204,214,216,217,218,223,225,229,232,234,236,238,241,244,247,249,250,253,254,255,256,259,261,264,267,274,278,279,283,285,287,288,291,294,295,296,297,298,300,301,304,307,310,314,315,317,318,320,321,322,323,326,327,328,331,333
OX18,125,128,132,134,135,136,138,140,145,146,150,153,154,155,158,159,161,163,164,166,168,169,173,178,179,180,181,182,184,187,189,190,192,195,200,203,204,205,207,209,210,213,214,215,216,219,221,223,224,228,229,234,235,236,239,240,243,247,248,250,251,254,256,258,260,264,265,267,272,274,276,277,279,287,290,292,293,295,296,298,300,301,305,306,307,308,309,310,311,315,320,323,324,325,326,327,329,331
OX19,128,136,139,140,148,153,163,180,181,183,184,185,205,219,229,258,259,284,298,324
OX20,145,146,149,153,184,189,221,250,259,296,297,311
OX21,124,133,134,136,137,138,140,148,150,153,156,159,163,164,166,167,178,179,181,184,187,194,195,203,204,210,217,218,228,229,232,236,237,238,239,244,252,253,256,257,259,260,261,265,270,272,276,277,278,284,287,291,292,293,294,295,297,298,301,303,304,308,309,310,311,313,314,317,318,325,327,328,329,330,333,335
OX22,134,135,136,137,139,140,146,148,150,151,152,153,154,155,156,161,163,165,166,167,173,178,181,182,183,184,185,187,188,192,194,195,199,200,203,204,209,212,213,215,216,218,221,223,225,228,229,231,232,234,237,241,244,247,249,251,252,253,254,256,257,260,261,264,265,267,270,272,273,274,284,287,290,291,292,295,296,297,298,300,301,303,305,306,309,310,315,318,320,322,323,326,328,331,333,335
OX23,97,132,136,140,146,148,150,152,154,156,158,165,166,167,168,169,173,183,185,190,192,203,204,207,213,221,224,225,232,233,235,236,240,248,251,252,255,256,257,259,269,270,283,284,285,287,288,290,291,295,297,301,303,306,310,311,313,317,321,326,327,328,330,335
OX24,132,133,135,136,137,138,139,140,147,149,151,152,153,154,155,156,157,159,161,163,165,168,173,179,181,182,184,188,191,199,200,209,210,212,215,216,217,218,219,223,224,225,226,228,229,231,234,238,239,241,247,249,250,251,252,253,255,256,258,259,261,267,270,273,274,276,277,278,280,289,290,291,293,294,298,299,300,303,304,305,308,311,313,314,315,317,318,322,324,326,327,329,330,333
OX25,133,137,138,140,147,150,151,155,157,158,159,161,163,164,165,166,169,179,181,188,190,191,192,194,199,200,203,204,207,210,212,213,216,217,218,219,226,228,229,231,234,235,236,237,238,239,240,248,249,250,253,257,258,259,261,267,273,274,276,277,278,280,283,285,287,288,289,291,293,294,295,297,298,299,301,304,305,306,308,310,313,314,317,318,321,324,325,329,333,335
OX26,146,148,149,153,165,183,184,194,221,223,237,241,247,259,284,300,313,315,322,325
OX27,137,140,148,150,153,163,179,181,183,184,210,216,218,219,228,229,254,256,258,259,264,267,284,287,298,308,310,320,323,324,325,331
OX28,135,136,139,147,149,152,153,154,156,157,161,164,165,166,168,170,173,181,182,184,191,192,194,196,201,209,212,213,215,217,225,229,231,234,236,237,241,250,251,253,254,255,256,261,264,266,268,269,270,276,278,280,288,289,290,295,296,300,303,306,311,317,318,320,321,322,323,326,330,331
OX29,136,148,150,153,164,183,184,284,287,290
OX30,138,148,149,151,152,154,159,161,165,168,179,183,185,188,192,194,199,210,212,213,216,217,223,231,234,236,237,239,243,247,253,254,255,261,264,267,276,277,278,284,293,299,300,306,308,311,313,315,317,318,320,323,325,329,330,331
OX31,148,151,152,155,161,166,168,170,179,181,183,185,187,188,192,195,196,199,200,201,210,213,216,217,223,226,228,229,234,236,247,249,252,253,254,255,256,257,261,264,266,267,268,269,272,273,276,284,288,290,291,295,296,305,306,308,310,311,313,315,317,318,320,321,323,325,327,330,331,333,334,335
OX32,149,150,151,152,153,161,164,166,168,170,179,181,184,185,188,192,199,210,212,213,216,217,223,229,231,234,236,247,251,253,254,255,256,261,264,266,267,268,269,276,278,287,288,290,295,306,308,310,311,313,315,317,318,320,321,323,325,326,330,331
OX33,151,153,155,165,167,170,179,181,184,185,187,188,192,195,196,199,200,201,203,204,210,213,214,216,219,226,229,232,241,244,251,252,253,254,255,256,257,258,261,264,266,267,268,269,272,276,278,283,285,297,299,300,301,305,306,307,308,310,311,313,318,320,322,323,324,326,327,328,330,331,334,335
OX34,139,140,150,153,154,155,164,165,166,179,182,184,187,192,195,200,203,204,209,210,213,214,215,216,219,244,251,253,254,255,256,257,258,261,264,266,267,268,269,272,276,277,278,283,285,287,290,293,295,297,299,301,305,306,307,308,310,311,313,317,318,320,323,324,326,327,329,330,331,333,334,335
OX35,150,153,154,164,165,166,170,181,184,204,229,241,251,256,266,268,269,276,287,288,290,295,297,299,300,310,311,321,322,326
OX36,140,147,153,154,155,157,158,161,167,168,169,179,181,184,187,190,191,195,196,200,201,207,210,212,214,216,217,223,229,231,232,234,235,236,240,241,244,247,248,250,251,252,253,256,261,267,272,280,289,290,291,296,300,305,307,308,311,313,315,317,318,322,325,326,328,330,333,334
OX37,153,154,155,164,166,170,181,184,187,194,195,200,204,223,228,229,237,247,249,256,257,266,268,269,272,273,276,278,288,290,295,296,297,299,305,310,311,313,315,321,325,327,334,335
OX38,154,158,164,166,167,169,179,185,192,194,196,201,203,210,212,213,214,216,219,223,226,228,231,232,237,241,247,249,252,253,254,255,256,258,261,264,267,273,290,295,296,299,300,301,306,307,308,310,315,318,320,322,323,324,325,328,331,333
OX39,152,158,165,166,167,169,170,179,185,190,192,194,196,201,207,210,212,213,214,216,223,228,231,232,235,237,240,244,247,248,249,251,252,254,255,257,264,266,267,268,269,273,276,288,290,291,295,296,306,307,308,313,315,320,321,323,325,326,327,331,333,335
OX40,155,164,165,166,181,187,190,194,195,200,203,207,219,223,226,228,229,235,237,240,241,244,247,248,249,251,253,254,258,261,264,272,273,291,295,296,300,301,305,310,315,318,320,322,323,324,325,326,328,330,331,334
OX41,164,165,166,167,214,219,232,241,244,249,251,256,258,283,285,288,291,295,299,300,307,310,317,321,322,324,326,328,330,333
OX42,161,167,168,169,170,178,181,187,190,192,194,195,204,213,216,217,223,226,228,229,232,234,235,236,237,243,247,248,253,256,257,261,266,267,268,269,272,273,276,278,283,285,292,296,297,300,302,306,309,313,315,318,325,327,333,335
OX43,166,190,203,207,226,235,240,244,248,253,254,257,261,264,278,290,291,295,301,310,313,318,320,323,327,330,331,335
OX44,158,165,178,181,187,190,195,196,201,203,212,214,216,229,231,235,243,248,249,251,252,253,254,256,257,261,264,267,272,278,283,285,288,292,299,300,301,302,307,309,310,313,318,320,321,323,326,327,331,335
OX45,165,167,179,185,194,203,210,214,216,223,228,232,237,244,247,249,251,253,254,255,261,264,267,273,283,285,288,290,291,296,301,307,308,315,317,318,320,321,323,325,326,330,331,333
OX46,226,244,254,264,278,290,291,310,320,323,330,331
OX47,147,157,167,179,185,187,191,192,210,213,214,216,223,232,243,244,247,249,250,251,255,256,267,272,280,283,289,290,291,296,299,300,306,307,308,313,315,325,326,330,333,334
OX48,167,179,185,194,203,210,216,223,228,232,237,247,253,254,255,256,261,264,267,273,290,291,296,299,301,308,310,315,317,318,320,323,325,331
OX49,169,178,179,181,185,187,190,194,195,210,223,228,229,235,237,243,244,247,248,254,255,256,257,264,266,268,269,272,273,283,285,292,296,299,300,302,308,309,313,315,320,323,325,327,330,331,333,335
OX50,187,194,203,223,228,237,241,243,247,253,254,256,261,264,272,273,285,288,296,299,301,315,318,320,321,322,323,325,331,334
OX51,178,179,185,210,255,285,288,292,308,309,321,334
OX52,181,190,195,207,229,235,240,248
OX53,214,244,249,251,254,264,278,283,307,310,320,323,326,330,331,333
OX54,241,266,268,269,288,299,300,313,321,322
OX55,194,203,223,228,237,247,253,254,256,261,264,266,268,269,273,288,296,299,301,315,318,320,321,323,325,331
OX56,179,185,210,216,254,255,264,267,278,285,288,308,320,321,323,331
OX57,203,223,247,253,254,256,261,264,273,278,285,288,296,299,301,315,318,320,321,323,325,331
Z0,0,52,56,162
Z1,1,22,70,202
Z2,2,62,159,239
Z3,3,189,204,297
Z4,4,29,128,205
Z5,5,9,121,246
Z6,6,190,207,302
Z7,7,10,147,191
Z8,8,42,126,245
Z9,5,43,160,206
Z10,2,10,203,301
Z11,11,70,137,218
Z12,12,47,253,318
Z13,13,73,101,208
Z14,1,14,125,279
Z15,15,53,98,198
Z16,16,54,76,263
Z17,17,28,94,319
Z18,18,56,254,323
Z19,19,108,148,284
Z20,20,88,288,321
Z21,21,86,241,322
Z22,22,141,142,160
Z23,23,140,258,328
Z24,24,92,166,295
Z25,25,122,270,303
Z26,26,164,290,291
Z27,27,124,225,303
Z28,28,30,48,316
Z29,29,138,143,159
Z30,17,55,155,200
Z31,31,161,297,311
Z32,32,51,113,275
Z33,33,89,277,329
Z34,34,223,315,319
Z35,35,85,97,233
Z36,36,57,122,245
Z37,37,52,100,220
Z38,38,39,42,143
Z39,7,37,38,141
Z40,40,142,145,189
Z41,41,55,74,193
Z42,8,30,43,312
Z43,9,69,219,324
Z44,44,107,157,289
Z45,19,45,129,286
Z46,46,128,163,218
Z47,12,14,100,332
Z48,48,95,212,231
Z49,31,49,211,316
Z50,50,61,191,280
Z51,32,90,163,298
Z52,0,50,146,221
Z53,15,57,67,222
Z54,16,149,223,296
Z55,41,108,144,220
Z56,18,95,132,224
Z57,36,104,131,282
Z58,58,127,171,246
Z59,59,238,281,294
Z60,60,208,271,312
Z61,24,61,156,270
Z62,62,118,174,177
Z63,63,134,175,265
Z64,64,71,280,289
Z65,65,135,173,233
Z66,66,174,179,308
Z67,35,67,247,315
Z68,68,151,196,231
Z69,40,54,69,242
Z70,3,11,133,238
Z71,13,71,99,175
Z72,72,113,192,213
Z73,21,59,73,176
Z74,74,120,182,209
Z75,75,84,179,210
Z76,76,89,207,240
Z77,77,195,240,335
Z78,78,102,262,281
Z79,79,171,277,293
Z80,80,119,262,275
Z81,81,121,260,265
Z82,82,153,184,198
Z83,78,83,196,201
Z84,84,202,214,307
Z85,85,203,273,327
Z86,27,64,264,320
Z87,87,109,180,205
Z88,88,151,188,206
Z89,23,33,60,114
Z90,51,183,184,311
Z91,91,268,285,321
Z92,92,170,276,329
Z93,93,257,271,335
Z94,94,124,183,284
Z95,96,178,272,334
Z96,97,99,266,269
Z97,98,111,266,268
Z98,86,152,204,276
Z99,39,53,150,287
Z100,101,221,259,298
Z101,4,83,181,229
Z102,103,134,217,234
Z103,104,132,217,236
Z104,105,156,201,252
Z105,87,106,219,258
Z106,107,139,180,209
Z107,45,127,162,172
Z108,109,227,264,331
Z109,110,139,185,255
Z110,111,144,190,235
Z111,112,165,256,325
Z112,72,168,236,314
Z113,114,214,249,305
Z114,115,145,157,250
Z115,116,257,274,327
Z116,117,255,288,299
Z117,44,118,161,234
Z118,119,125,173,225
Z119,120,126,176,230
Z120,81,200,282,305
Z121,25,263,292,309
Z122,123,250,273,296
Z123,80,112,188,199
Z124,20,58,82,177
Z125,46,158,169,302
Z126,129,140,185,210
Z127,130,260,274,304
Z128,131,252,283,333
Z129,133,222,286,314
Z130,77,103,216,267
Z131,135,215,239,293
Z132,136,150,181,195
Z133,137,227,247,325
Z134,138,155,187,243
Z135,110,168,261,301
Z136,6,102,182,215
Z137,115,193,251,326
Z138,146,149,158,212
Z139,147,154,170,192
Z140,136,148,194,228
Z141,68,75,194,237
Z142,152,197,244,330
Z143,153,164,259,328
Z144,154,199,249,326
Z145,26,105,123,186
Z146,49,226,244,333
Z147,90,130,187,272
Z148,165,253,299,313
Z149,34,166,300,313
Z150,167,226,291,332
Z151,91,169,283,307
Z152,79,197,254,331
Z153,172,186,294,304
Z154,65,106,167,232
Z155,66,241,243,300
Z156,117,178,230,309
Z157,93,211,261,318
Z158,96,213,242,306
Z159,216,279,292,308
Z160,224,232,306,317
Z161,116,228,278,320
Z162,229,248,295,324
Z163,237,269,317,322
Z164,251,287,290,310
Z165,256,267,310,323
Z166,278,285,330,334
OZ0,95,132,149,158,162,175,176,180,188,195,199,202,205,208,212,215,217,218,219,220,222,225,226,233,234,235,239,240,247,248,254,258,259,262,264,265,275,281,286,291,292,293,294,298,299,306,308,310,313,314,317,318,331,335
OZ1,124,144,150,155,157,158,164,175,177,179,180,181,182,183,184,185,186,196,197,198,199,204,205,207,209,215,218,222,223,225,226,230,233,234,235,236,238,239,242,247,248,249,250,252,257,260,262,264,269,270,271,274,275,281,283,285,286,287,288,290,291,296,297,298,299,303,304,306,307,308,309,313,316,318,319,320,321,322,324,326,327,329,330,333,334,335
OZ2,126,132,176,217,236,252,263,270,281,282,283,286,292,294,303,309,314,333
OZ3,164,176,186,192,199,201,208,221,222,223,247,249,250,252,259,270,276,280,281,286,290,291,294,295,296,298,300,301,313,314,319,326,327,329
OZ4,140,155,157,158,162,175,176,180,182,188,190,195,199,202,204,205,206,209,214,215,220,223,225,226,227,230,231,233,234,235,236,238,239,242,246,248,250,252,254,259,260,262,264,270,271,275,283,286,287,290,291,293,296,297,298,299,302,303,305,306,307,308,309,312,313,314,317,318,319,324,325,326,328,331,333,335
OZ5,132,162,175,179,180,182,188,190,194,195,196,197,199,201,204,205,207,210,214,217,218,219,220,222,223,225,226,233,234,235,238,239,240,244,247,248,254,258,264,265,269,275,276,281,286,291,292,293,295,299,300,302,306,307,308,310,314,315,318,319,322,330,331,335
OZ6,157,158,176,179,182,185,186,190,197,200,202,203,204,206,209,217,218,223,227,231,232,236,238,239,240,241,246,250,252,255,258,259,260,270,271,273,274,277,282,283,287,288,290,292,293,294,296,297,298,299,300,302,303,306,310,312,314,315,317,319,323,325,326,327,328,331,333,334
OZ7,188,199,202,203,215,218,225,227,239,253,262,267,273,275,279,293,299,310,313,315,323,327
OZ8,150,158,168,179,181,182,183,184,190,192,194,198,199,200,201,203,205,206,207,210,214,219,225,227,231,236,239,246,248,253,260,265,267,268,269,273,279,281,282,283,285,287,288,293,295,298,299,305,306,310,311,313,314,315,317,322,323,327
OZ9,144,175,179,190,194,195,196,197,199,200,204,206,210,214,215,217,218,222,225,227,231,233,234,235,238,239,240,241,244,246,247,253,260,262,268,275,276,282,286,288,292,293,299,305,307,308,310,313,314,317,321,323,330,335
OZ10,176,180,203,205,219,222,226,227,232,233,247,257,258,261,264,271,273,281,286,291,294,312,314,315,318,327,331,335
OZ11,155,162,175,179,185,186,195,197,200,202,203,208,217,218,219,220,227,230,234,235,239,240,241,242,248,253,254,255,257,258,261,267,271,273,274,277,279,282,286,288,292,293,294,299,300,305,308,309,312,315,324,325,327,328,331,334
OZ12,158,177,182,190,192,194,195,196,199,201,202,203,204,206,208,210,214,215,217,218,222,226,227,230,231,238,239,241,244,246,247,250,255,257,259,261,262,263,267,269,274,276,277,279,281,282,286,287,288,290,292,295,296,298,299,301,302,304,309,310,311,312,313,314,315,316,317,318,322,325,333,334
OZ13,179,180,194,196,197,199,200,203,204,205,206,207,210,214,215,219,222,225,226,227,231,232,238,239,241,244,246,247,248,249,258,260,262,264,265,267,268,273,275,276,277,279,282,286,288,291,293,299,302,310,313,314,315,317,318,321,323,325,327,329,330,331
OZ14,180,182,185,186,190,193,195,197,199,202,203,204,207,209,217,218,219,222,225,227,234,236,238,239,240,244,247,249,250,255,261,265,267,273,275,281,286,287,289,290,292,293,296,302,306,308,310,324,325,329,330,335
OZ15,177,182,184,186,190,192,193,197,198,200,201,203,205,209,217,218,221,223,225,226,232,234,236,239,241,248,249,252,253,255,260,261,264,268,269,270,273,275,279,280,281,282,286,287,289,294,295,298,300,301,304,306,307,308,310,313,314,318,319,322,323,324,325,326,327,329
OZ16,162,175,186,193,195,199,200,201,202,206,207,209,218,220,222,223,225,227,230,231,232,233,234,235,236,239,240,241,246,247,250,252,253,254,260,263,268,269,270,273,275,283,287,288,290,293,295,296,299,300,302,303,305,306,308,309,315,317,319,321,322,326,333,335
OZ17,185,186,192,193,195,203,205,208,209,217,221,222,225,226,227,232,233,234,236,240,247,250,255,257,258,259,264,265,267,271,275,279,280,286,287,289,290,291,292,294,296,298,301,303,306,308,310,312,315,318,324,326,327,331
OZ18,182,186,190,193,202,207,209,230,249,250,263,273,277,279,281,287,290,292,296,302,305,307,309,310,326,329
OZ19,168,193,199,201,205,206,207,209,218,219,221,222,223,225,226,231,234,236,241,246,247,248,249,250,252,255,259,261,264,265,267,268,269,270,273,275,277,279,280,282,283,286,287,288,289,290,291,294,295,296,298,299,300,301,302,304,305,306,307,308,315,317,318,319,321,322,323,326,328,329,331,333
OZ20,183,186,194,196,198,199,200,201,202,207,208,210,214,215,217,222,226,230,232,234,236,240,241,247,249,253,255,257,260,261,262,263,264,267,268,269,273,274,275,276,282,285,287,289,291,295,302,304,305,306,307,308,309,312,315,316,318,322,326,328,329,330,334,335
OZ21,192,193,197,199,200,203,204,205,208,209,219,222,226,227,232,233,234,238,244,247,249,250,252,255,257,260,264,270,271,279,283,286,287,289,290,291,296,301,303,304,305,308,310,312,314,315,318,327,328,329,330,331,333,335
OZ22,193,197,201,204,206,207,208,209,219,221,223,230,231,232,233,238,239,241,244,246,248,249,250,257,259,261,263,267,268,269,271,273,280,287,288,290,292,293,294,295,296,298,299,300,302,303,304,309,312,315,317,319,321,322,323,324,325,329,330,335
OZ23,186,200,202,218,222,227,247,252,260,270,279,283,286,294,303,304,305,314,325,333
OZ24,197,200,201,203,204,206,207,208,218,219,221,223,227,231,232,233,238,241,244,246,248,252,257,259,260,261,267,268,269,270,271,273,277,280,283,288,294,295,298,299,300,302,307,310,312,317,319,321,322,323,324,326,327,330,333,335
OZ25,198,200,203,205,207,208,217,218,221,223,233,234,240,241,249,252,253,259,260,261,264,265,267,268,269,270,271,273,277,279,280,283,287,289,292,298,300,302,304,307,308,312,313,319,322,324,325,329,331,333
OZ26,195,202,205,208,217,219,226,227,230,232,233,239,240,249,252,255,257,263,267,270,271,273,277,279,282,283,291,293,303,305,307,309,312,315,318,325,327,328,329,333
OZ27,199,202,203,204,205,208,217,225,226,227,230,232,233,234,236,238,244,255,257,263,264,265,271,275,286,289,291,292,305,306,307,308,309,312,314,318,323,324,326,328,330,335
OZ28,203,218,227,239,249,273,277,293,305,307,315,325,327,329
OZ29,205,208,218,219,226,232,233,239,249,257,261,271,277,291,293,305,307,312,318,328,329,335
OZ30,149,184,206,208,218,219,227,230,231,241,242,246,250,255,259,265,268,269,273,282,283,287,288,290,296,299,300,302,304,305,307,309,310,311,312,316,317,319,321,322,324,326,330,331
OZ31,184,200,202,206,207,218,221,223,227,230,231,240,241,246,249,250,255,260,263,268,269,271,277,279,280,283,287,288,290,296,298,299,300,302,303,305,309,310,311,316,317,319,321,322,326,329,330,331
OZ32,194,196,201,204,206,207,208,210,214,215,217,218,221,227,231,238,240,241,244,246,249,250,259,261,262,268,269,271,273,274,276,280,282,283,285,287,288,290,292,294,295,296,298,299,302,303,304,307,310,312,313,317,321,322,323,325,326,327,329,330,331,334
OZ33,230,234,255,261,263,264,273,279,289,292,308,309,315,325,327,331
OZ34,200,202,206,207,208,218,221,223,227,231,234,240,241,246,249,250,259,260,261,264,268,269,271,273,277,280,283,287,288,289,290,292,296,298,299,300,302,303,305,308,310,312,315,317,319,321,322,325,326,327,329,330
OZ35,201,204,217,218,222,223,227,233,236,238,239,240,241,242,244,247,248,249,257,261,263,265,267,269,277,283,285,288,293,294,295,299,300,306,307,310,315,319,322,326,329,330,331,335
OZ36,204,206,207,217,219,221,223,226,231,233,236,238,239,244,246,248,249,252,259,261,268,270,276,280,282,285,286,291,293,298,300,302,304,305,306,313,314,315,317,318,319,321,323,324,327,328,329,330,331,333
OZ37,202,207,208,218,221,223,227,232,233,234,239,242,248,249,250,257,259,263,264,265,267,268,271,273,276,280,282,285,287,289,290,292,293,296,298,300,302,303,305,308,312,313,315,319,321,323,327,329,330,335
OZ38,208,217,219,221,222,223,226,232,234,236,241,242,247,250,252,257,259,263,264,265,269,270,271,273,279,280,283,285,287,288,289,290,292,296,298,299,300,305,306,308,310,312,315,318,319,322,323,324,326,327,331,335
OZ39,206,217,221,223,231,241,246,252,259,261,267,269,270,280,282,285,288,291,298,299,300,304,305,310,315,317,319,322,325,326,327,328,330,331
OZ40,207,217,226,233,239,241,248,249,265,267,268,269,276,288,293,299,302,310,313,318,321,322,325,326,329,330,331,333
OZ41,217,221,223,232,233,239,240,242,248,250,252,257,259,263,265,270,273,276,277,280,283,287,290,291,293,296,298,300,305,310,313,315,319,323,326,327,328,330,331,335
OZ42,222,223,232,233,234,236,239,240,247,248,250,257,264,265,267,273,276,277,279,282,283,287,289,290,292,293,296,300,306,308,313,315,319,323,325,327,330,335
OZ43,219,233,239,240,241,242,248,257,261,263,267,269,276,277,283,285,288,293,299,305,310,313,322,323,324,325,326,335
OZ44,218,227,232,233,234,239,242,249,263,264,267,277,279,283,289,292,293,307,308,310,323,326,329,330
OZ45,223,233,239,241,249,261,269,273,277,283,285,288,293,299,300,305,319,322,327,329
OZ46,221,226,232,233,239,240,242,248,249,252,253,257,259,263,265,267,270,273,277,280,282,283,291,293,298,310,315,318,323,325,326,327,328,329,333,335
OZ47,232,240,241,242,248,249,250,257,261,263,265,269,276,282,283,285,287,288,290,296,299,310,313,315,322,326,329,335
OZ48,233,239,241,253,267,269,276,277,283,285,288,293,299,305,310,313,322,323,325,326
OZ49,240,248,252,253,257,261,265,270,282,283,292,303,333,335
OZ50,267,283,305,310,323,326,330,331
OZ51,248,250,253,261,265,273,282,287,290,296,305,310,326,327
OZ52,234,250,252,261,264,270,274,279,283,287,288,289,290,296,299,303,305,308,310,315,325,326,327,331,333,334
OZ53,261,273,285,288,299,315,325,327,330,331
OZ54,273,274,285,315,325,330,331,334
OZ55,250,283,287,290,296,305,310,315,325,326,330,331
OZ56,226,285,288,299,318,333
OZ57,253,285,288,299,313,325,330,331
