X0,0,83,98,104,248,289
X1,1,148,152,189,191,278
X2,2,21,105,164,272,323
X3,3,17,23,85,209,324
X4,4,80,171,182,283,334
X5,5,199,226,237,331,344
X6,6,36,116,153,295,308
X7,7,71,133,270,281,284
X8,8,76,117,266,268,362
X9,9,40,51,120,140,194
X10,10,38,97,158,326,355
X11,11,39,177,338,356,373
X12,12,54,62,200,227,331
X13,13,91,106,123,213,226
X14,14,22,37,143,320,356
X15,15,44,85,96,211,268
X16,16,27,140,142,170,349
X17,3,71,92,243,256,269
X18,18,121,218,286,337,379
X19,19,23,68,74,82,248
X20,20,78,95,203,210,328
X21,21,94,183,208,325,358
X22,22,84,106,200,266,340
X23,19,132,161,186,314,321
X24,24,141,170,184,322,370
X25,25,99,110,249,263,348
X26,26,142,196,254,332,369
X27,16,93,100,219,288,328
X28,28,89,121,180,308,341
X29,29,66,125,228,237,360
X30,30,61,115,125,195,227
X31,24,31,94,246,321,347
X32,32,148,154,168,265,360
X33,33,40,141,183,377,380
X34,34,101,223,307,350,366
X35,35,131,160,240,336,359
X36,6,123,156,178,288,353
X37,37,185,225,332,366,368
X38,38,130,161,213,329,378
X39,39,138,203,292,364,368
X40,33,55,90,210,224,353
X41,41,77,137,155,195,352
X42,35,42,105,231,255,344
X43,42,43,144,190,191,198
X44,15,127,185,235,309,335
X45,45,81,117,194,244,294
X46,27,46,201,240,327,354
X47,36,47,103,146,189,296
X48,28,48,122,190,264,336
X49,49,76,139,171,192,212
X50,44,50,154,176,192,282
X51,8,51,155,159,326,357
X52,52,115,169,267,294,374
X53,53,57,149,198,214,305
X54,12,235,290,314,318,365
X55,55,149,233,262,280,315
X56,56,66,133,205,219,231
X57,57,69,83,184,236,255
X58,58,88,136,202,286,306
X59,13,59,93,209,254,362
X60,60,118,180,245,300,349
X61,30,95,207,225,319,343
X62,54,102,150,176,215,279
X63,63,139,157,265,287,317
X64,64,137,204,232,253,375
X65,31,65,74,178,220,339
X66,26,29,126,186,310,335
X67,67,98,116,172,218,291
X68,17,77,158,166,351,354
X69,53,91,157,162,230,334
X70,70,73,114,263,275,283
X71,68,73,163,211,239,323
X72,72,86,147,234,261,299
X73,5,70,108,162,269,306
X74,62,65,124,224,267,276
X75,20,56,75,96,165,272
X76,9,46,165,302,309,316
X77,14,41,99,129,163,358
X78,75,113,152,258,301,303
X79,79,126,197,205,246,311
X80,80,90,104,207,239,257
X81,81,103,167,174,236,312
X82,32,43,82,150,247,291
X83,0,143,187,196,322,379
X84,67,84,260,277,279,315
X85,86,271,278,300,327,361
X86,87,206,285,305,370,372
X87,88,215,232,241,365,376
X88,89,119,221,262,297,380
X89,4,153,175,188,251,346
X90,47,59,128,172,238,256
X91,61,92,113,204,216,275
X92,11,69,164,244,340,346
X93,2,102,145,188,259,381
X94,49,78,146,175,303,383
X95,97,167,197,242,364,367
X96,25,72,107,127,282,307
X97,100,151,214,245,270,317
X98,18,101,118,250,287,355
X99,45,109,151,193,233,304
X100,107,181,243,250,333,351
X101,108,145,217,281,295,339
X102,34,109,128,216,260,343
X103,110,122,132,181,247,293
X104,111,173,252,301,316,375
X105,112,229,238,274,345,369
X106,114,124,144,258,280,382
X107,60,138,221,261,342,383
X108,119,179,249,277,313,320
X109,120,134,252,273,304,350
X110,48,173,297,325,376,381
X111,79,111,222,264,284,333
X112,58,129,166,187,199,359
X113,10,63,228,289,312,319
X114,131,135,177,276,302,318
X115,134,206,222,296,345,367
X116,135,234,298,348,363,382
X117,136,217,271,285,347,363
X118,64,168,202,229,310,361
X119,130,159,257,290,330,377
X120,147,169,208,292,311,352
X121,7,50,52,193,259,299
X122,156,160,242,329,338,341
X123,112,179,212,253,342,357
X124,182,223,241,330,337,371
X125,87,251,273,298,371,373
X126,230,274,293,313,372,378
OX0,85,96,115,127,144,145,146,149,151,152,153,154,169,176,185,192,193,211,235,259,267,268,282,294,299,309,335,374
OX1,98,106,113,116,117,127,128,141,142,143,144,145,146,149,153,154,155,158,160,161,162,164,169,170,172,174,176,177,178,183,184,185,187,188,189,193,194,196,197,198,201,203,207,208,209,210,212,219,222,223,224,226,228,233,235,238,239,240,241,245,248,252,254,255,256,258,259,262,265,270,274,280,282,283,285,287,290,293,294,295,298,299,301,302,304,308,311,313,315,316,319,322,327,328,335,337,340,341,345,349,350,352,354,355,356,357,362,368,370,379,380,383
OX2,96,105,113,115,117,122,128,138,146,151,152,155,157,158,164,165,171,173,175,177,190,192,193,194,203,208,216,218,223,228,229,233,236,238,244,245,249,250,253,258,260,261,262,264,265,266,267,268,272,274,277,286,289,294,300,301,304,307,308,311,313,317,319,320,325,336,337,338,340,341,343,345,346,349,350,352,356,362,364,366,368,369,373,374,376,379,380,381
OX3,106,113,116,117,123,127,128,141,142,143,144,145,146,149,150,155,157,159,162,164,167,169,170,171,172,174,175,176,177,183,184,185,187,188,189,193,194,196,198,201,203,207,208,209,210,212,213,218,219,222,223,224,226,233,235,238,239,240,241,245,248,252,254,255,256,257,258,259,262,270,274,280,282,283,285,288,289,291,293,294,298,299,301,302,304,311,312,313,315,316,317,322,326,327,328,330,335,337,338,340,345,349,350,352,353,354,356,357,362,364,367,368,370,377,378,379,380,383
OX4,115,122,123,127,138,144,145,146,149,151,152,154,157,158,159,160,161,167,169,171,173,175,176,178,190,193,197,212,213,228,229,238,245,249,250,253,257,259,261,262,264,265,267,274,277,282,288,289,290,294,295,299,300,307,312,313,317,319,320,325,326,330,336,338,345,349,353,357,364,367,369,374,376,377,378,380,381,383
OX5,105,123,138,144,152,153,157,158,159,161,167,168,171,173,174,175,177,178,189,197,198,201,212,213,220,228,229,231,234,238,240,243,245,249,253,255,257,261,262,264,274,276,277,278,288,289,290,295,298,300,302,312,313,317,318,319,320,324,325,326,330,333,338,344,345,348,349,351,353,357,359,360,363,364,367,369,374,376,377,378,380,381,382,383
OX6,113,122,124,127,128,144,149,152,153,154,155,159,161,162,163,164,167,168,169,171,174,175,176,177,185,189,190,197,198,199,201,203,208,212,213,216,217,218,220,222,223,226,231,233,235,236,237,240,242,243,244,250,251,252,255,257,259,260,263,265,269,272,275,278,280,281,282,285,286,290,295,296,298,299,301,302,305,306,307,308,311,312,316,323,324,326,329,330,331,333,334,335,336,337,338,339,340,341,343,345,346,351,352,356,357,359,360,366,368,370,371,372,374,377,378,379,382,383
OX7,116,117,128,132,133,141,144,146,149,151,153,154,155,158,161,162,163,164,165,170,172,174,176,178,183,184,186,188,189,190,194,195,198,200,201,202,204,208,209,215,222,224,226,227,229,231,232,235,237,239,240,243,246,247,248,251,252,253,255,256,258,259,263,265,266,267,269,270,272,275,276,278,279,280,281,283,284,285,290,291,296,298,302,304,305,308,309,310,316,318,322,323,325,336,339,341,345,347,350,351,352,354,360,361,362,365,367,371,372,373,374,375,381,382
OX8,123,124,138,145,152,157,158,159,161,162,163,164,167,168,173,174,177,178,188,189,197,198,199,201,212,213,217,220,226,228,229,231,234,237,238,240,243,245,249,253,255,257,258,261,262,263,264,269,272,274,275,276,277,278,280,281,288,289,290,298,300,302,306,312,313,317,318,319,320,323,324,325,326,330,331,333,334,338,339,345,348,349,351,353,357,359,360,363,364,367,369,374,376,377,378,380,381,383
OX9,117,122,128,146,151,153,173,174,177,188,189,190,193,194,203,212,216,218,223,229,233,238,245,249,250,253,260,261,262,264,274,277,286,287,292,294,300,304,307,308,313,320,325,336,337,338,340,341,343,345,346,349,350,355,356,357,364,366,368,369,373,376,379,380,381,383
OX10,104,124,132,144,145,150,154,157,158,159,160,161,162,163,177,190,199,217,226,228,231,234,237,240,247,248,257,258,263,265,269,272,275,276,280,281,287,290,291,295,298,302,306,317,318,319,323,326,330,331,334,336,339,348,355,359,363,377
OX11,146,157,158,159,161,167,168,171,174,175,189,197,201,213,220,228,242,257,278,287,289,290,312,317,319,324,326,329,330,355,360,364,367,374,377,378
OX12,122,124,128,138,145,151,152,157,158,159,161,162,163,164,165,167,174,177,189,190,192,193,197,198,199,203,213,216,217,218,222,223,226,228,231,233,237,240,242,243,250,251,252,255,257,258,260,263,265,266,268,269,272,275,280,281,285,286,287,289,290,292,294,295,296,298,302,305,306,307,308,309,312,316,317,319,323,326,329,330,331,333,334,336,337,338,339,340,341,343,345,346,351,355,356,359,362,366,368,370,371,372,377,378,379,382
OX13,138,144,149,151,152,153,157,158,159,161,167,171,174,175,177,188,189,192,193,197,203,213,228,242,257,265,266,268,287,289,290,292,294,312,317,319,326,329,330,338,340,346,355,356,362,367,368,373,377,378
OX14,124,127,128,149,152,153,154,160,162,163,165,168,169,171,174,175,176,177,189,199,201,216,217,218,220,222,223,226,233,234,237,251,252,258,259,260,263,265,269,275,276,278,280,281,282,285,286,295,296,299,305,306,308,309,316,318,324,331,334,337,339,341,343,344,345,348,352,358,360,363,366,367,370,371,372,373,374,379
OX15,127,142,143,149,150,153,154,158,159,161,162,163,164,165,167,168,169,171,173,175,178,184,185,187,192,193,198,200,203,208,209,212,213,216,219,220,222,223,225,226,228,229,231,233,242,243,251,252,253,254,255,256,257,262,263,264,268,270,271,272,276,279,282,285,286,289,290,294,295,299,309,311,312,315,316,318,319,322,323,324,325,326,328,329,330,332,333,334,337,343,344,346,351,352,353,354,357,359,360,361,363,364,367,369,370,371,374,376,377,378,380,381,382,383
OX16,132,141,143,150,151,154,157,158,159,160,164,167,168,170,177,183,187,190,192,193,196,197,198,199,201,202,207,210,213,215,217,220,223,224,228,232,233,234,236,239,240,242,244,247,248,251,255,257,262,266,268,271,276,278,280,283,285,286,287,291,294,298,302,306,312,315,317,318,319,324,326,329,330,334,336,337,346,347,348,353,355,359,360,362,364,365,367,371,374,376,377,378,380,382
OX17,141,150,151,154,158,159,160,162,164,168,170,173,177,178,183,184,188,192,198,199,202,203,207,210,212,213,215,217,218,219,220,223,224,226,227,228,229,232,233,238,239,242,243,248,249,251,253,255,257,261,264,266,267,268,270,271,277,278,280,283,285,286,291,292,293,295,300,305,306,308,315,319,320,322,324,325,326,327,328,329,330,331,333,337,340,341,345,347,351,354,356,357,359,360,362,363,364,365,368,369,371,372,373,377,378,379,381,383
OX18,125,128,133,143,149,150,151,152,158,159,160,161,167,168,173,174,176,178,184,185,186,187,189,196,197,199,200,208,209,213,217,218,220,222,224,225,231,234,238,240,242,245,246,249,252,256,257,258,259,260,261,264,266,269,270,271,272,274,275,276,277,279,280,281,284,287,289,290,292,296,300,301,302,305,306,308,310,312,313,315,316,318,319,320,322,323,324,326,329,330,331,333,335,338,339,340,341,344,348,349,354,355,356,358,361,362,366,368,369,372,374,375,377,378,379,382
OX19,128,133,143,144,145,149,150,152,157,160,162,163,168,173,174,176,178,184,185,186,187,189,196,200,201,208,209,214,218,219,220,222,225,226,234,238,246,249,252,256,259,260,261,263,264,266,271,274,277,279,284,292,295,296,300,301,305,308,310,313,315,316,320,322,324,327,328,333,334,335,338,340,341,348,353,356,358,361,362,364,366,367,368,369,372,374,375,379
OX20,144,145,153,162,163,171,173,175,177,188,199,203,207,210,212,217,224,226,229,231,236,237,238,240,243,244,245,249,253,258,261,262,263,264,269,272,274,275,276,277,280,281,287,289,292,295,300,302,306,313,318,320,323,325,331,333,334,338,339,340,345,346,349,351,353,355,356,357,359,364,368,369,373,376,380,381,382,383
OX21,102,133,142,143,149,150,151,152,153,154,158,159,160,163,164,168,171,174,175,177,178,184,186,187,188,189,193,197,198,199,201,203,212,213,214,217,218,219,220,222,223,227,228,229,231,233,236,237,238,239,240,241,242,243,244,245,246,248,249,251,252,253,254,255,257,258,259,261,263,265,267,269,272,275,276,277,278,281,283,284,289,291,292,293,294,300,301,302,305,306,308,310,311,315,316,317,318,319,320,322,323,324,326,328,329,330,332,334,335,337,339,340,341,345,349,351,353,356,357,359,364,368,371,372,373,375,376,377,378,379,382,383
OX22,149,152,153,154,158,159,160,161,163,164,167,171,173,174,175,176,177,186,188,189,193,197,198,200,201,202,203,207,208,210,212,218,219,223,228,229,232,233,235,236,237,238,239,243,244,246,248,249,251,253,255,257,258,259,261,263,264,265,269,270,271,275,276,277,279,281,283,285,286,290,291,292,293,294,300,305,308,312,315,318,319,320,326,327,328,330,331,333,334,337,340,341,344,345,351,354,356,357,358,359,363,367,368,369,370,371,372,373,377,379,382,383
OX23,133,142,143,150,151,153,154,157,160,162,171,173,175,178,184,186,187,193,197,213,214,218,219,222,226,227,239,242,246,248,252,254,264,265,267,274,283,284,291,293,294,295,301,305,308,310,311,313,316,322,328,329,331,332,333,335,338,341,353,360,369,372,374,375,378,379
OX24,143,150,154,158,159,160,161,162,167,168,173,177,178,184,187,188,192,193,196,197,203,212,218,219,220,226,228,229,237,238,239,243,248,249,253,257,261,262,264,266,268,270,277,278,283,289,290,291,292,293,294,295,300,305,308,312,319,320,322,324,325,326,327,328,330,331,333,340,341,344,345,346,351,353,354,356,357,359,360,362,367,368,369,372,373,374,376,377,379,380,381,383
OX25,145,154,160,162,164,168,176,186,193,198,199,200,202,208,213,214,217,218,219,220,223,224,226,231,232,233,235,239,240,242,245,246,248,251,255,259,262,265,270,271,272,274,278,279,280,283,285,286,291,293,294,295,302,305,306,308,313,315,317,323,324,325,327,328,329,337,338,339,341,344,346,349,353,354,358,360,363,370,371,372,374,376,378,379,380,381
OX26,150,151,154,158,159,161,167,193,197,200,213,214,227,228,242,257,265,267,279,287,289,290,294,312,317,319,326,329,330,331,355,364,367,374,377,378
OX27,142,152,154,155,157,159,160,161,163,167,168,174,176,188,189,195,196,199,200,201,203,204,209,212,214,216,217,218,220,222,223,225,233,235,236,237,238,239,244,248,249,251,252,254,256,257,258,259,261,263,265,266,269,271,275,276,277,279,281,283,285,286,290,291,292,293,295,300,301,305,306,308,312,315,316,318,320,324,326,327,330,331,332,334,335,337,338,339,341,343,344,345,346,352,357,358,360,361,362,363,364,367,370,371,372,374,377,379,382,383
OX28,151,157,193,200,214,227,239,248,267,279,283,291,294,331,334,374
OX29,152,153,154,158,159,160,161,163,167,171,174,175,176,186,188,189,197,200,202,208,214,218,223,227,228,232,233,235,239,246,248,251,257,258,259,262,263,265,267,269,271,274,275,276,279,281,283,285,286,287,289,290,291,293,305,308,312,313,315,317,318,319,325,326,330,331,334,337,338,341,346,355,358,363,364,367,370,371,372,374,376,377,379,380,381,382
OX30,157,160,161,162,167,168,173,177,186,188,192,193,197,199,202,203,207,208,210,212,215,217,218,219,220,226,229,231,232,237,238,241,243,246,249,253,261,262,264,265,266,268,270,271,272,277,278,285,286,287,289,292,293,294,295,300,305,306,308,312,314,317,320,323,324,325,327,328,331,333,334,339,340,341,345,346,351,354,355,356,357,358,359,360,362,363,365,367,368,369,370,372,373,374,379,380,381,383
OX31,155,159,161,162,163,164,165,167,168,173,177,178,185,195,197,198,200,203,204,208,212,213,224,226,231,235,236,238,239,240,242,243,244,248,249,250,255,257,262,263,264,271,272,274,276,277,279,280,283,285,290,291,301,302,307,309,310,311,312,313,318,320,323,325,326,329,330,333,335,338,339,340,344,345,346,347,351,352,356,357,359,361,363,367,368,369,373,376,377,378,380,381,382,383
OX32,160,161,163,164,165,167,168,173,177,185,186,197,198,201,207,208,209,210,215,216,218,220,224,225,227,235,237,238,240,241,243,246,249,250,255,256,261,262,263,264,266,267,271,276,277,280,285,286,289,292,293,300,301,302,305,307,308,309,310,312,314,318,320,324,325,327,333,335,340,341,343,344,345,346,351,353,356,358,359,361,362,363,365,367,368,369,370,372,373,375,379,380,381,382
OX33,153,158,159,161,167,168,171,173,175,177,188,192,193,197,200,203,207,210,212,213,219,220,229,237,238,239,242,243,248,249,253,257,261,262,264,265,266,268,270,274,277,278,279,283,289,290,291,292,294,300,312,313,320,324,325,326,327,328,329,330,331,333,334,338,340,344,345,346,351,354,356,357,359,360,362,367,368,369,373,374,376,377,378,380,381,383
OX34,158,159,161,167,168,173,178,185,186,193,201,213,219,222,227,228,237,242,243,245,246,250,252,257,264,267,270,271,285,287,289,290,294,301,307,311,312,316,319,326,327,328,329,330,333,335,339,344,347,349,351,353,354,355,359,360,361,363,364,367,374,375,377,378
OX35,162,200,226,239,248,279,283,291
OX36,168,202,232,238,249,262,274,277,310,313,320,325,345,361,369,376,380,381
OX37,161,163,164,167,173,178,185,186,192,197,198,202,203,209,212,215,216,222,223,224,229,231,232,234,235,236,240,241,243,244,245,246,251,252,253,255,256,263,264,265,268,272,274,278,280,285,287,293,296,301,302,310,311,312,313,314,316,323,327,333,335,337,339,340,343,344,345,346,347,348,349,351,355,356,357,359,360,361,363,365,366,368,371,375,376,383
OX38,163,173,178,193,197,201,202,203,208,209,212,213,214,216,219,227,229,232,233,234,237,238,242,243,245,249,250,253,256,261,263,264,266,267,270,277,278,285,292,293,294,296,300,307,311,315,317,320,328,329,333,339,340,343,344,347,348,349,351,353,354,356,357,358,359,361,362,363,364,366,367,368,369,374,378,383
OX39,164,165,186,188,193,198,199,208,213,214,217,219,220,222,224,225,228,231,233,234,235,236,238,240,242,244,246,249,250,252,255,261,270,271,272,276,277,278,280,287,289,292,293,294,295,296,300,302,306,307,309,310,315,316,317,318,319,320,323,324,327,328,329,339,340,344,348,353,354,355,356,358,360,361,364,366,367,368,369,374,378,382
OX40,178,185,186,197,201,203,207,208,209,210,212,216,220,222,225,227,229,231,236,237,238,244,245,246,249,250,252,253,256,261,262,266,267,271,272,274,277,278,285,287,289,292,300,301,307,313,316,320,323,324,325,335,339,343,345,347,349,353,355,357,358,361,362,363,369,375,376,380,381,383
OX41,173,201,202,203,208,209,212,216,220,225,227,228,229,231,232,236,237,243,244,245,253,256,261,264,266,267,272,278,287,289,292,300,310,311,319,323,324,333,343,349,351,355,357,358,360,361,362,383
OX42,165,167,184,185,188,196,197,199,203,208,212,213,215,217,222,223,229,231,234,236,238,241,242,244,245,249,250,251,252,253,261,262,272,276,277,285,287,292,293,295,296,300,306,307,309,311,312,316,318,320,322,323,325,329,332,337,339,340,344,346,348,349,355,356,357,358,363,364,365,368,369,370,371,378,380,381,382,383
OX43,185,186,192,197,199,202,203,208,209,212,216,217,222,225,229,231,232,245,246,250,252,253,256,261,265,268,271,272,285,287,292,300,301,306,307,310,316,323,335,343,344,347,349,355,357,358,360,363,375,383
OX44,192,228,236,244,265,266,268,289,319,362
OX45,199,203,208,209,212,216,217,220,225,227,228,229,231,236,237,244,253,256,261,266,267,271,272,278,285,289,292,300,306,310,311,319,323,324,327,343,347,354,357,358,359,360,361,362,363,383
OX46,197,202,203,209,212,216,220,222,225,227,228,229,232,236,237,244,252,253,256,261,266,267,278,289,292,300,301,310,316,319,324,327,343,344,354,357,359,360,361,362,375,383
OX47,193,207,208,210,213,214,219,222,225,227,231,233,236,237,242,244,250,252,262,267,270,272,274,287,289,293,294,296,301,307,311,313,315,316,317,323,325,328,329,340,345,355,356,358,364,366,367,368,374,375,376,378,380,381
OX48,177,188,201,202,203,208,212,213,214,220,222,225,227,229,231,232,233,237,238,242,249,250,252,253,261,267,271,272,277,285,287,292,293,295,296,300,301,307,311,315,316,317,320,323,324,327,329,338,339,346,347,355,357,358,363,366,367,369,373,375,378,383
OX49,202,209,216,220,222,227,228,232,236,237,238,244,245,250,252,256,266,267,278,287,289,296,301,307,310,316,319,324,327,343,344,349,354,355,359,360,361,362,366,367,369,375
OX50,167,184,186,188,196,203,208,212,213,215,220,223,227,229,231,234,236,237,238,240,241,242,244,246,249,251,253,261,262,267,271,272,276,277,278,292,293,295,296,300,302,312,318,320,322,323,324,325,327,329,332,335,337,339,340,346,347,348,354,356,357,358,361,364,365,368,369,370,371,378,380,381,382,383
OX51,195,203,204,208,212,222,225,229,238,245,250,252,253,261,287,292,296,300,301,307,311,316,349,352,355,357,366,367,369,383
OX52,186,201,203,212,213,214,228,229,233,235,236,240,242,244,245,246,249,253,277,289,293,302,310,311,315,317,319,320,327,329,340,349,354,356,357,360,364,368,378,383
OX53,201,208,231,261,272,292,300,311,323,327,344,354,358,359
OX54,203,208,209,212,213,216,222,229,231,234,238,240,242,245,249,250,252,253,256,262,266,271,272,276,277,278,287,293,296,301,302,307,311,316,318,320,323,325,327,329,340,343,344,348,349,355,356,357,358,359,361,362,364,366,367,368,369,375,376,378,380,381,382,383
OX55,209,213,214,216,225,233,242,245,249,256,261,266,277,292,293,300,315,317,320,329,340,343,349,356,362,364,368,378
OX56,208,213,220,222,225,227,228,231,234,236,237,238,240,242,244,245,249,250,252,262,267,271,272,276,277,278,287,289,293,296,301,302,307,310,311,316,318,319,320,323,324,325,327,329,340,348,349,354,355,356,358,360,361,364,366,367,368,369,375,376,378,380,381,382
OX57,222,249,252,262,274,277,296,301,313,316,320,325,345,367,375,376,380,381
OX58,213,220,225,227,228,236,237,238,242,244,245,250,261,267,274,287,289,292,293,300,307,310,313,319,324,329,340,344,345,349,354,355,356,359,360,364,366,368,369,378
OX59,220,227,237,267,324,344,354,359
OX60,188,215,223,241,249,251,262,274,277,295,305,313,320,325,337,339,346,347,365,370,371,372,380,381
OX61,215,234,235,249,262,274,276,277,285,290,305,313,314,318,320,325,348,363,365,370,372,380,381,382
OX62,214,233,245,249,271,274,277,278,285,305,313,315,317,320,327,349,361,363,370,372
OX63,184,196,225,228,234,235,236,238,244,245,250,271,276,278,287,289,305,307,310,318,319,322,327,332,335,340,345,348,349,355,356,360,361,366,368,369,372,382
OX64,223,234,235,241,251,276,290,298,314,318,337,348,363,371,373,382
OX65,225,228,236,238,244,245,250,271,278,285,287,289,305,307,310,319,327,340,345,349,355,356,360,361,363,366,368,369,370,372
Z0,0,83,184,322
Z1,1,103,174,189
Z2,2,164,188,346
Z3,3,17,243,351
Z4,4,49,171,175
Z5,5,58,199,306
Z6,6,178,295,339
Z7,7,151,193,270
Z8,8,76,212,357
Z9,9,27,46,140
Z10,10,97,167,312
Z11,11,22,340,356
Z12,12,62,276,318
Z13,13,93,123,288
Z14,14,129,143,187
Z15,15,44,127,282
Z16,16,100,245,349
Z17,17,201,324,354
Z18,18,101,223,337
Z19,19,31,74,321
Z20,20,56,219,328
Z21,2,21,325,381
Z22,22,84,277,320
Z23,23,74,220,324
Z24,24,285,347,370
Z25,25,107,110,181
Z26,26,185,332,335
Z27,27,300,327,349
Z28,28,48,89,297
Z29,29,66,126,205
Z30,30,61,216,343
Z31,31,217,339,347
Z32,32,43,148,191
Z33,33,90,257,377
Z34,34,225,343,366
Z35,35,199,344,359
Z36,36,47,116,172
Z37,37,143,196,332
Z38,38,97,242,329
Z39,39,242,338,364
Z40,40,51,159,377
Z41,41,77,129,166
Z42,42,57,198,255
Z43,32,150,154,176
Z44,44,76,192,268
Z45,45,52,193,294
Z46,9,120,252,316
Z47,47,238,296,345
Z48,28,160,336,341
Z49,4,182,251,371
Z50,50,72,282,299
Z51,8,51,117,194
Z52,45,120,194,304
Z53,53,230,305,372
Z54,12,54,215,365
Z55,55,124,224,280
Z56,20,75,78,303
Z57,35,42,190,336
Z58,5,91,162,226
Z59,59,238,254,369
Z60,60,89,180,221
Z61,61,137,195,204
Z62,62,115,227,267
Z63,63,228,265,360
Z64,64,112,229,253
Z65,65,178,224,353
Z66,29,168,310,360
Z67,67,128,172,260
Z68,23,68,85,211
Z69,69,81,236,244
Z70,70,92,269,275
Z71,71,108,269,281
Z72,50,102,176,259
Z73,73,80,239,283
Z74,68,104,239,248
Z75,75,165,301,316
Z76,40,140,141,170
Z77,77,155,158,326
Z78,78,138,203,383
Z79,79,133,205,284
Z80,73,99,163,263
Z81,81,174,294,374
Z82,82,98,248,291
Z83,0,98,218,379
Z84,11,251,346,373
Z85,85,209,268,362
Z86,60,86,261,300
Z87,87,134,206,273
Z88,64,88,202,232
Z89,86,234,271,363
Z90,33,55,262,380
Z91,91,213,230,378
Z92,92,128,216,256
Z93,16,93,142,254
Z94,94,208,246,311
Z95,95,203,225,368
Z96,96,211,272,323
Z97,10,63,287,355
Z98,19,82,132,247
Z99,80,182,257,330
Z100,100,133,219,270
Z101,18,118,121,180
Z102,102,215,376,381
Z103,103,167,296,367
Z104,104,207,289,319
Z105,56,105,231,272
Z106,106,200,226,331
Z107,101,107,250,307
Z108,108,136,217,306
Z109,109,233,260,315
Z110,110,249,293,313
Z111,111,134,222,252
Z112,88,241,286,337
Z113,113,114,258,275
Z114,114,263,348,382
Z115,115,169,195,352
Z116,116,121,218,308
Z117,117,244,266,340
Z118,118,245,287,317
Z119,119,179,221,342
Z120,52,147,169,299
Z121,25,72,234,348
Z122,122,181,264,333
Z123,13,106,266,362
Z124,90,95,207,210
Z125,125,227,237,331
Z126,66,231,237,344
Z127,127,185,307,366
Z128,67,150,279,291
Z129,41,208,352,358
Z130,130,161,290,314
Z131,131,160,177,338
Z132,132,161,293,378
Z133,123,156,213,329
Z134,87,285,298,363
Z135,124,135,276,382
Z136,71,243,284,333
Z137,137,155,253,357
Z138,69,105,164,255
Z139,139,154,192,265
Z140,15,96,165,309
Z141,24,94,141,183
Z142,142,170,196,322
Z143,14,99,249,320
Z144,144,152,191,258
Z145,145,153,188,295
Z146,36,146,153,175
Z147,138,147,261,292
Z148,43,122,190,247
Z149,149,151,214,233
Z150,148,168,278,361
Z151,7,145,259,281
Z152,144,149,198,280
Z153,139,157,171,334
Z154,30,125,228,319
Z155,6,156,308,341
Z156,53,157,214,317
Z157,158,250,351,355
Z158,38,130,159,326
Z159,48,111,173,264
Z160,83,236,289,312
Z161,58,187,286,379
Z162,21,163,323,358
Z163,37,39,356,368
Z164,166,240,354,359
Z165,1,201,278,327
Z166,126,186,246,321
Z167,54,84,200,279
Z168,79,197,222,367
Z169,70,162,283,334
Z170,49,212,342,383
Z171,173,232,375,376
Z172,135,177,298,373
Z173,65,220,267,374
Z174,119,262,277,315
Z175,46,131,240,302
Z176,183,297,325,380
Z177,57,184,305,370
Z178,26,229,310,369
Z179,186,235,314,335
Z180,197,292,311,364
Z181,3,59,209,256
Z182,112,179,274,313
Z183,113,204,301,375
Z184,206,274,345,372
Z185,210,288,328,353
Z186,136,202,271,361
Z187,223,273,350,371
Z188,34,109,304,350
Z189,235,302,309,318
Z190,241,290,330,365
OZ0,153,165,176,188,211,215,229,238,243,254,256,268,272,281,282,284,295,307,309,310,323,332,333,335,362,366,376,381
OZ1,174,182,188,195,196,199,203,208,211,213,219,226,227,228,230,231,233,236,237,238,239,240,242,244,249,250,253,254,255,256,257,258,260,268,269,286,294,301,304,306,315,319,320,325,326,328,330,331,332,334,338,343,346,348,350,351,352,354,355,356,357,359,362,364,366,369,374,375,378,379,381,382
OZ2,165,175,176,181,187,188,189,191,192,195,196,198,200,203,205,207,211,212,214,219,220,221,227,229,232,233,238,242,243,244,249,250,251,256,257,258,260,262,264,266,268,271,272,274,279,281,284,285,287,293,294,296,297,302,303,304,309,310,311,313,316,317,318,322,323,327,328,329,335,336,337,339,342,343,346,348,350,351,352,354,359,365,366,367,368,369,370,371,374,375,377,378,379,380,381,382
OZ3,208,220,221,229,232,243,246,253,262,267,269,271,274,276,277,281,284,286,290,306,311,313,315,318,325,330,333,337,339,342,347,361,374,376
OZ4,190,196,198,199,200,207,213,220,221,226,229,232,236,243,253,254,255,257,262,266,267,269,271,274,276,277,281,284,285,286,290,297,305,306,312,313,315,318,319,322,330,331,333,336,337,339,342,344,359,361,362,370,372,374,376,377,378,380
OZ5,181,182,195,200,203,209,218,219,227,228,230,231,233,237,238,240,242,246,247,249,250,253,256,258,260,264,266,267,269,276,285,286,291,297,301,304,306,311,315,318,319,320,324,326,328,330,332,333,334,336,338,343,344,347,348,350,351,352,354,355,356,357,362,364,365,366,369,372,374,375,376,377,380,382
OZ6,175,176,191,192,195,196,198,199,200,203,205,207,209,212,214,219,220,221,227,228,229,232,233,236,238,240,242,243,249,250,254,255,256,257,258,260,262,265,271,274,278,279,281,284,290,301,302,304,309,310,311,312,313,314,317,318,321,324,326,328,332,333,335,337,338,339,340,343,344,346,347,348,350,351,352,354,355,357,359,360,364,365,366,369,371,373,375,379,382,383
OZ7,182,188,189,195,200,203,213,218,219,226,227,231,233,236,237,242,244,246,247,249,250,251,253,255,260,263,265,267,276,278,283,287,290,291,293,294,296,301,303,304,311,312,314,315,318,319,320,321,322,327,328,329,330,340,342,343,350,351,352,354,356,360,365,366,367,368,370,372,373,375,376,379,381,383
OZ8,176,195,215,227,228,229,233,237,259,260,261,282,292,299,301,303,304,307,309,310,315,316,319,331,332,335,343,350,352,368,369,376,381,383
OZ9,187,199,213,216,226,230,238,251,254,256,260,266,269,275,277,283,286,306,320,334,340,346,356,362,369,373,378,379
OZ10,189,192,196,199,209,212,213,216,226,229,230,238,240,242,244,256,260,266,269,275,277,278,282,283,286,294,296,301,303,306,307,309,310,316,320,324,327,334,335,338,340,342,345,356,359,362,364,366,368,369,374,378,379,383
OZ11,192,193,196,199,200,212,213,215,221,222,226,228,230,232,237,240,242,243,244,245,249,250,252,258,260,261,263,267,269,271,273,274,276,279,282,283,285,286,287,294,297,298,299,300,303,304,306,307,317,318,319,320,331,332,333,334,338,340,342,343,345,350,351,354,356,359,364,365,368,372,375,376,378,379,382,383
OZ12,188,193,203,205,207,215,216,219,220,221,229,230,232,233,236,237,243,244,249,250,255,257,260,261,262,265,269,270,271,274,275,277,279,280,283,284,286,290,292,294,295,299,301,302,303,306,308,309,310,311,312,313,314,315,317,318,319,320,321,326,327,328,329,333,334,335,337,339,341,342,344,346,347,348,351,354,355,356,357,360,365,371,373,374,375,376,378,381,382,383
OZ13,195,203,205,211,213,218,220,222,224,226,227,228,230,231,233,237,238,239,242,245,246,247,249,250,251,252,253,256,257,258,260,263,266,267,268,269,270,273,283,284,285,286,288,291,292,293,295,297,298,300,301,302,304,306,308,313,315,316,318,319,322,326,327,328,331,332,334,337,339,340,341,343,344,346,347,350,351,352,353,354,355,357,365,366,367,369,370,371,374,375,376,377,378,379,380,382
OZ14,203,219,228,231,233,237,260,304,315,319,328,343,344,350,366,368
OZ15,196,199,205,211,218,219,220,222,224,228,233,234,237,238,239,240,243,245,246,247,250,251,252,253,256,257,260,261,266,267,268,270,273,284,285,288,291,293,295,297,298,300,301,302,303,304,308,313,315,316,318,319,320,322,326,327,337,338,339,340,341,343,346,347,350,353,355,356,357,359,364,365,366,367,368,369,370,371,374,375,376,377,380,383
OZ16,205,211,213,218,219,220,221,224,226,228,229,230,232,237,238,239,242,246,247,251,253,256,257,258,260,263,266,267,268,269,270,271,274,277,283,284,286,287,288,291,293,295,302,303,306,308,309,310,313,317,318,319,322,326,327,333,334,335,337,339,340,341,343,345,346,347,348,351,353,354,355,357,365,367,370,371,372,374,377,378,379,380,382,383
OZ17,199,200,211,216,218,220,221,229,230,232,239,240,242,247,251,253,254,257,260,262,267,268,271,274,275,276,281,283,284,285,290,291,293,297,315,318,330,331,332,333,334,337,338,339,340,342,346,351,354,359,361,362,364,368,372,373,374,376,377,380
OZ18,211,213,218,219,220,221,222,224,226,229,230,231,232,239,242,243,246,247,253,254,257,258,263,267,268,269,270,271,274,283,284,286,287,288,291,292,293,295,302,303,306,308,309,310,311,313,317,318,320,322,326,327,334,335,337,339,341,344,345,347,348,351,353,354,355,356,357,362,364,365,369,370,371,372,373,374,377,378,379,380,382,383
OZ19,193,209,213,215,216,221,226,232,233,237,238,240,244,249,250,252,253,256,258,260,261,263,264,265,266,269,270,273,274,275,279,280,281,286,294,295,298,299,301,302,306,308,309,310,314,317,318,320,321,322,324,326,327,329,330,332,333,335,336,340,341,345,347,355,356,357,360,361,362,363,364,367,368,369,370,371,372,373,374,377,379,380
OZ20,200,209,219,220,221,222,224,229,230,231,232,242,243,246,251,253,254,258,263,269,270,271,274,276,283,284,286,287,288,292,295,297,302,303,306,308,309,310,311,317,324,326,327,331,334,335,337,339,340,341,344,345,346,347,348,351,353,354,355,357,364,369,371,376,382,383
OZ21,216,221,232,233,234,238,243,245,246,250,252,256,258,260,261,263,271,273,274,275,285,287,292,297,298,300,301,302,304,311,314,315,316,317,318,321,332,345,348,350,364,366,367,369,372,375,376,382
OZ22,213,219,224,226,229,230,231,238,243,256,258,262,263,270,276,277,281,283,285,287,288,290,295,297,303,308,313,314,315,317,318,321,326,327,330,332,334,338,341,342,344,345,347,348,351,353,354,355,357,361,364,365,367,368,369,371,372,373,376,378,382,383
OZ23,207,214,215,219,222,224,228,230,231,234,236,240,242,243,244,245,246,250,254,255,257,258,260,261,262,263,264,265,266,267,269,270,271,277,279,283,284,285,286,288,290,292,294,297,300,301,302,305,306,311,312,313,315,316,317,318,322,326,329,333,334,336,340,342,343,345,347,348,351,353,354,355,357,360,362,363,364,369,370,372,376,378,379,382
OZ24,214,215,221,229,230,232,233,234,236,237,240,242,243,244,246,249,252,254,255,259,260,263,264,265,266,267,269,270,273,274,276,279,280,283,284,286,287,290,292,294,298,299,302,304,305,306,309,310,311,312,313,319,322,326,329,332,334,335,336,340,342,343,344,347,350,351,354,355,357,360,362,363,364,365,366,370,375,376,377,378,379,380,381,382
OZ25,191,198,219,220,221,224,228,229,231,232,236,240,244,245,249,250,251,253,255,259,261,264,265,270,274,276,278,284,285,287,288,290,294,295,299,300,301,303,305,308,309,310,312,313,316,318,322,329,335,336,337,339,341,342,346,348,351,353,354,360,363,370,371,372,374,376,377,378,379,380,381,383
OZ26,209,219,220,222,224,231,234,236,238,245,246,249,252,254,255,256,258,259,260,262,269,273,276,281,284,285,286,287,288,290,292,297,298,299,300,303,306,309,310,311,312,313,315,316,317,318,319,324,326,330,332,335,337,339,342,343,345,347,348,353,355,357,361,368,372,381,382,383
OZ27,215,218,220,221,229,232,242,243,247,251,253,254,262,266,267,269,271,274,276,279,281,284,285,286,290,291,293,306,315,318,322,330,332,333,337,338,339,340,342,346,361,362,364,368,370,373,374,379
OZ28,218,220,228,229,230,233,238,240,244,245,246,247,251,253,256,258,260,262,263,264,265,269,271,280,283,286,290,291,292,293,294,295,300,303,304,306,308,309,310,311,314,315,316,317,319,321,332,333,334,335,336,338,339,341,342,343,345,346,348,350,351,354,360,363,364,366,367,369,373,374,375,377,380,383
OZ29,219,220,224,229,231,236,243,245,251,252,254,255,258,260,262,266,267,269,273,281,284,285,286,287,288,290,297,298,300,302,303,306,312,313,314,315,316,317,318,319,320,321,326,330,332,333,337,339,340,342,343,345,346,347,353,355,356,357,361,362,364,365,367,368,372,373,374,376,382,383
OZ30,228,236,237,240,242,243,245,249,250,251,254,255,258,259,261,264,266,269,270,271,277,280,284,285,286,290,297,299,300,301,306,309,310,312,313,314,315,316,320,321,322,326,327,329,335,336,340,342,344,345,346,347,348,355,356,357,361,362,363,367,369,370,373,377,378,379,380,381
OZ31,221,232,233,234,245,246,251,252,254,261,266,271,273,274,277,285,287,292,297,298,300,301,302,303,304,311,314,315,316,317,318,320,321,326,332,340,342,345,346,350,355,356,357,362,364,366,367,372,373,375,376,383
OZ32,220,222,233,236,237,238,242,243,244,249,251,253,255,256,258,259,260,261,262,265,270,277,284,285,294,295,297,299,301,302,304,308,309,310,312,314,317,318,319,321,327,329,332,335,338,339,341,342,343,344,346,347,348,350,351,354,360,361,366,367,369,372,373,374,375,378,381,382
OZ33,229,234,236,237,240,242,243,244,245,251,255,258,260,261,264,265,267,269,270,271,276,280,284,285,286,287,290,294,297,300,301,306,309,310,312,313,314,315,316,318,319,320,321,322,326,329,335,336,342,343,344,345,346,347,351,354,355,356,357,360,363,365,367,370,373,376,377,378,379,380
OZ34,222,233,234,238,240,242,243,246,252,256,261,264,271,280,281,284,292,295,297,298,301,303,304,308,311,314,321,327,330,332,333,336,341,363,365,367,368,369,371,376,377,380,382,383
OZ35,233,234,242,249,251,254,259,266,273,277,285,290,297,299,304,314,315,321,322,332,337,338,340,346,347,348,362,364,368,370,371,373,377,379,380,381
OZ36,230,236,237,238,244,245,250,252,254,255,256,260,263,265,266,267,269,270,273,276,277,281,283,285,286,287,290,294,295,298,300,302,306,308,312,313,314,316,319,321,327,329,330,332,334,337,340,341,343,344,345,347,348,351,354,360,362,364,367,368,372,378
OZ37,234,236,237,238,242,244,245,250,251,252,255,256,259,260,265,267,269,270,273,276,277,281,286,287,294,295,297,298,299,300,302,306,308,312,313,316,319,327,329,330,337,338,341,343,344,345,346,351,354,360,367,373,377,378,380,381
OZ38,236,237,238,242,244,245,250,251,252,255,256,260,262,265,267,269,270,273,276,277,280,281,286,287,294,295,298,300,302,306,308,312,313,316,319,327,329,330,337,338,341,343,344,345,346,351,354,360,367,373,377,378,380,382
OZ39,242,251,252,254,258,262,266,273,280,285,290,301,314,321,322,332,337,338,340,346,347,362,364,368,370,371,373,377,379,380
OZ40,252,258,262,273,280,285,290,301,313,314,320,321,322,329,332,337,338,345,347,356,364,367,368,369,370,371,377,378,379,380
OZ41,232,240,243,253,258,259,261,262,264,269,270,280,281,286,287,295,298,299,302,303,306,308,309,310,313,314,317,318,320,321,326,327,329,330,332,333,335,336,337,341,345,347,355,356,357,361,363,364,367,368,369,373,376,377,378,380,381,383
OZ42,240,245,249,250,258,264,277,280,285,287,290,297,298,300,301,302,313,314,315,316,317,318,320,321,327,332,333,336,345,347,348,356,364,365,367,368,369,372,373,376,377,380
OZ43,250,258,262,280,281,284,295,303,308,326,330,333,338,341,342,355,357,371,373,377,380,383
OZ44,238,246,251,253,254,256,262,266,269,271,273,277,285,286,292,297,298,301,302,303,306,309,310,311,315,318,320,329,335,337,338,340,342,346,347,350,356,361,362,363,365,366,368,369,371,372,375,376,378,383
OZ45,313,320,329,332,338,345,356,364,367,368,369,378
OZ46,243,245,246,253,259,261,269,273,277,280,281,284,286,287,290,292,295,298,299,300,301,302,303,306,308,309,310,311,314,315,317,318,320,321,326,330,333,335,337,338,341,350,355,356,357,361,365,366,368,375,376,381,382,383
OZ47,258,262,280,290,301,302,316,318,377,380
OZ48,285,290,314,321,329,330,338,347,371,372,373,378
OZ49,244,249,251,267,270,276,277,280,284,287,294,297,301,303,309,310,315,316,317,318,326,327,330,333,335,342,346,348,351,354,355,357,361,365,371,376,377,380,382,383
OZ50,249,270,277,280,281,287,290,295,301,302,303,308,315,316,317,318,326,330,338,341,342,348,355,357,371,373,382,383
OZ51,253,301,303,342,375,383
OZ52,246,251,254,262,266,270,277,281,287,292,295,301,302,303,308,311,314,315,316,317,318,320,321,326,330,338,340,341,342,345,346,355,356,357,362,364,367,369,371,377,380,383
OZ53,245,251,254,259,261,262,266,270,273,280,281,290,295,298,299,300,301,303,308,309,310,316,322,329,335,337,340,341,345,346,350,361,362,364,365,366,367,368,369,370,371,372,376,377,378,379,380,381,382,383
OZ54,259,261,262,270,271,280,281,287,290,295,297,299,302,308,309,310,317,318,326,330,335,338,341,342,355,357,361,363,371,373,381,382
OZ55,251,254,266,270,273,281,287,290,295,297,298,301,302,303,308,314,316,317,318,321,322,326,329,337,340,341,342,345,346,347,350,355,357,362,363,364,365,366,367,368,369,370,371,372,376,377,378,379,380,383
OZ56,262,271,277,297,298,302,309,310,315,318,320,332,335,345,356,361,363,364,365,367,368,369,373,376
OZ57,271,277,280,290,302,309,310,315,318,320,330,332,335,345,356,361,363,364,367,368,369,371,373,382
OZ58,270,281,287,290,295,297,298,301,302,303,308,314,316,317,318,321,326,332,338,341,342,345,347,355,357,363,364,365,367,368,369,373,376,377,380,383
OZ59,277,280,290,314,315,320,321,330,347,356,363,371,373,382
OZ60,297,298,314,321,330,332,345,347,363,364,365,367,368,369,371,376,377,380
OZ61,290,298,314,321,322,329,330,332,337,338,345,347,363,364,367,368,369,370,372,373,378,379
OZ62,281,284,295,298,302,308,309,310,314,318,321,322,327,329,333,335,337,341,347,351,354,361,363,370,371,372,378,379
OZ63,273,274,322,332,337,350,366,369,370,371,372,379
OZ64,322,329,337,338,370,371,372,373,378,379
OZ65,332,345,364,367,368,369
