X0,0,256,334,425,426,482
X1,1,196,217,284,445,508
X2,2,161,169,191,263,417
X3,3,213,300,305,506,534
X4,4,67,173,353,479,570
X5,5,124,304,535,570,575
X6,6,152,156,371,382,393
X7,7,67,130,378,381,561
X8,8,78,81,189,223,509
X9,9,81,168,333,447,516
X10,10,92,328,339,455,505
X11,11,182,278,402,469,492
X12,12,128,237,397,423,547
X13,13,109,368,379,417,432
X14,14,25,77,330,426,553
X15,15,159,335,391,427,433
X16,16,116,169,396,416,514
X17,17,42,228,286,454,503
X18,18,79,86,309,446,562
X19,19,83,87,288,519,573
X20,20,327,464,538,555,558
X21,21,76,188,275,509,528
X22,22,210,255,425,463,473
X23,23,118,202,427,555,575
X24,24,195,321,484,489,547
X25,14,39,372,401,404,414
X26,26,207,251,437,451,476
X27,27,250,317,473,498,507
X28,28,100,246,375,479,482
X29,29,39,115,174,484,500
X30,30,85,365,491,523,556
X31,31,38,144,151,257,463
X32,32,249,350,439,503,531
X33,33,157,263,347,431,471
X34,34,36,129,158,244,536
X35,35,87,136,181,360,550
X36,36,143,168,318,481,545
X37,37,225,256,478,480,544
X38,38,71,137,177,361,510
X39,25,286,314,422,459,546
X40,40,195,292,398,456,458
X41,17,41,47,294,373,502
X42,41,75,211,342,350,504
X43,43,75,121,343,347,370
X44,44,56,231,262,287,455
X45,45,162,172,215,249,415
X46,46,193,234,240,407,470
X47,47,89,217,218,548,559
X48,48,160,165,208,219,444
X49,10,49,324,354,462,500
X50,50,104,175,253,343,537
X51,11,51,222,332,553,554
X52,52,109,125,234,319,360
X53,21,53,224,278,486,494
X54,54,189,311,442,466,572
X55,55,57,160,206,348,398
X56,56,72,204,353,374,441
X57,57,132,364,534,567,571
X58,58,80,172,273,362,513
X59,59,126,179,205,210,549
X60,60,62,186,298,346,461
X61,61,276,290,324,406,551
X62,60,139,208,270,366,474
X63,63,155,185,346,383,464
X64,64,184,338,386,399,424
X65,65,177,339,368,399,552
X66,66,103,201,203,536,560
X67,4,214,366,467,513,564
X68,68,103,108,284,348,369
X69,69,264,289,408,512,572
X70,70,154,246,315,535,556
X71,15,71,357,386,415,460
X72,44,250,312,496,541,566
X73,73,120,240,269,378,504
X74,74,226,238,290,416,511
X75,43,199,295,331,436,499
X76,76,114,170,235,302,548
X77,29,364,391,430,517,532
X78,78,107,171,230,376,434
X79,18,111,340,389,421,467
X80,80,166,190,345,468,554
X81,9,54,316,395,403,423
X82,82,110,171,312,384,452
X83,83,135,310,314,506,557
X84,84,183,289,307,418,490
X85,12,30,338,437,447,483
X86,79,133,167,187,505,574
X87,35,255,268,449,480,530
X88,88,181,219,365,436,526
X89,26,42,258,296,491,525
X90,86,90,239,325,458,567
X91,91,102,152,204,380,387
X92,49,102,231,349,370,439
X93,93,104,221,276,331,468
X94,94,148,253,310,329,495
X95,95,244,304,390,477,518
X96,96,206,308,362,429,474
X97,97,174,274,351,528,551
X98,98,229,251,292,424,438
X99,99,281,327,367,420,434
X100,100,322,328,490,520,559
X101,101,111,179,325,527,568
X102,91,98,264,306,352,498
X103,66,99,185,305,354,517
X104,93,113,212,274,363,508
X105,105,191,209,367,465,493
X106,106,214,311,435,446,557
X107,45,107,283,293,393,409
X108,108,153,272,381,501,569
X109,52,97,192,197,377,495
X110,82,236,242,260,448,539
X111,90,114,243,301,390,526
X112,8,112,279,358,413,487
X113,113,134,275,291,374,457
X114,53,118,198,267,268,511
X115,115,136,197,220,225,487
X116,64,116,135,282,326,333
X117,22,117,385,397,419,524
X118,23,125,341,384,488,529
X119,119,161,222,277,405,565
X120,73,227,291,321,414,524
X121,121,241,323,387,408,532
X122,122,155,201,271,329,507
X123,123,175,259,280,402,510
X124,124,178,313,443,497,558
X125,50,101,301,355,361,523
X126,31,59,196,392,440,475
X127,1,127,205,293,294,410
X128,85,156,261,297,308,538
X129,34,149,342,407,450,566
X130,128,130,157,211,233,277
X131,131,235,254,259,403,486
X132,132,182,323,418,521,562
X133,133,220,273,318,401,543
X134,134,180,223,269,481,525
X135,16,176,359,428,516,542
X136,19,126,148,317,389,443
X137,137,164,209,461,472,568
X138,138,158,184,265,337,432
X139,139,226,248,340,502,542
X140,140,164,252,351,494,552
X141,141,194,332,383,404,497
X142,142,149,287,302,337,520
X143,129,180,198,232,469,540
X144,144,167,280,359,521,545
X145,33,141,145,236,388,476
X146,94,146,213,233,355,483
X147,147,299,309,376,442,465
X148,13,77,227,336,470,493
X149,63,143,150,265,270,372
X150,150,248,356,379,410,431
X151,151,272,344,357,411,531
X152,6,230,392,413,514,565
X153,32,153,224,288,449,515
X154,70,120,266,296,299,472
X155,7,122,140,266,369,377
X156,92,183,228,252,451,515
X157,112,142,188,200,298,527
X158,138,200,229,247,512,549
X159,46,159,192,216,241,537
X160,55,74,203,320,373,450
X161,119,254,330,382,478,522
X162,5,61,162,267,349,564
X163,27,123,163,221,395,419
X164,145,245,356,380,409,533
X165,48,105,186,295,394,411
X166,166,279,344,440,499,543
X167,2,106,173,282,394,501
X168,95,170,313,445,519,569
X169,58,65,110,283,319,574
X170,68,163,165,352,363,533
X171,176,178,285,421,485,489
X172,88,297,336,420,422,573
X173,51,232,239,388,438,477
X174,84,199,207,341,471,550
X175,62,242,271,358,541,544
X176,96,146,371,441,561,571
X177,20,190,307,429,492,529
X178,40,193,285,306,453,496
X179,194,218,448,454,485,563
X180,24,202,257,428,430,530
X181,127,215,247,303,433,466
X182,89,260,335,375,400,488
X183,28,72,212,396,412,475
X184,117,300,303,334,400,435
X185,3,262,281,385,452,457
X186,216,326,453,460,546,563
X187,37,131,243,245,444,539
X188,69,154,261,316,322,522
X189,237,320,345,405,406,456
X190,0,238,258,412,459,540
OX0,177,192,202,215,217,234,240,252,257,272,284,285,292,293,294,306,321,326,344,351,377,386,392,398,407,410,411,415,428,430,440,445,456,458,470,475,484,489,494,495,496,508,530,531,546,547,552,563
OX1,174,197,211,212,215,218,219,229,230,246,250,252,258,260,262,274,286,287,292,293,295,296,297,306,307,308,312,316,322,323,324,328,331,339,341,342,343,347,349,350,351,352,353,354,360,365,371,373,374,377,380,382,391,392,393,396,400,410,412,413,418,424,427,433,437,438,439,441,454,462,471,475,476,479,482,488,490,491,495,496,498,499,500,502,503,504,505,512,514,515,522,525,526,528,532,537,538,541,551,565,566,572
OX2,178,184,185,188,191,192,198,201,202,206,209,211,215,217,218,222,224,234,236,239,240,241,242,244,246,256,257,267,269,273,274,275,278,281,285,286,288,291,293,294,295,296,297,298,302,303,304,305,308,311,313,317,318,319,320,321,322,326,327,328,331,332,333,334,335,340,341,343,345,347,351,353,356,358,362,364,365,366,367,368,369,371,372,376,377,379,380,381,382,383,384,386,388,394,395,396,397,399,400,402,403,406,409,410,416,419,423,424,425,426,428,429,430,431,432,433,434,436,437,441,442,443,444,445,447,448,449,454,456,458,459,461,462,465,470,471,473,474,476,477,479,484,487,488,489,490,491,493,494,495,497,499,500,501,504,505,507,509,511,513,514,516,517,520,521,522,524,526,529,530,532,533,534,535,539,541,542,543,545,546,547,550,551,553,555,560,562,563,564,565,567,569,570,571,574,575
OX3,167,168,179,184,192,202,215,217,220,223,224,229,232,234,235,239,240,241,242,243,246,247,248,253,256,259,261,262,264,266,267,268,270,271,273,275,278,280,284,286,287,289,293,294,295,296,298,304,313,314,316,319,322,327,331,334,335,336,340,341,342,343,346,355,356,358,361,367,368,372,376,378,383,384,389,391,395,396,397,401,402,407,408,412,417,420,421,422,425,426,431,433,434,436,442,446,450,452,457,458,459,462,464,465,467,469,470,472,475,477,482,486,488,493,494,499,504,505,508,510,511,519,520,522,523,524,525,526,528,529,535,536,540,541,543,544,545,546,548,549,550,555,556,560,562,566,567,568,569,572,574,575
OX4,184,185,188,191,198,201,206,209,211,217,218,219,222,224,230,239,241,244,246,247,249,252,253,256,260,261,264,269,272,274,275,276,278,281,284,286,288,289,290,291,292,294,296,297,302,305,306,307,308,312,317,318,320,322,324,332,333,334,335,338,339,340,341,347,349,353,355,356,364,365,366,367,369,371,372,379,380,381,382,383,388,392,393,394,396,397,398,400,402,407,408,410,411,413,416,419,424,425,426,431,432,436,441,444,449,452,454,459,461,462,464,465,468,471,473,474,475,476,477,479,488,492,493,496,499,500,501,504,505,507,508,509,511,512,514,516,517,521,523,524,527,531,532,533,534,537,538,541,542,545,548,549,550,553,554,556,560,562,565,567,569,571
OX5,168,180,192,215,217,234,240,241,246,256,261,263,264,266,277,284,286,289,293,294,296,299,314,315,316,320,322,333,334,335,336,345,378,391,396,397,405,406,408,410,412,417,422,423,425,426,427,433,445,447,456,459,470,472,475,481,482,493,504,508,512,516,522,525,535,537,546,547,556,572
OX6,180,188,192,215,217,219,223,234,240,241,246,253,256,263,266,277,284,286,293,294,295,296,299,302,314,315,320,322,328,331,334,335,336,338,343,345,355,378,391,396,397,405,406,410,412,417,422,423,425,426,427,433,437,445,447,456,459,470,472,475,481,482,490,491,493,499,504,508,509,520,523,525,526,535,546,547
OX7,215,217,219,229,251,253,261,264,289,293,294,295,303,316,328,331,338,343,355,397,398,408,410,423,424,433,437,438,447,456,458,466,490,491,499,520,522,523,526,537,547,548,556,572
OX8,192,202,217,229,230,234,236,240,242,247,251,252,257,260,272,279,284,285,292,294,298,306,311,312,316,319,321,323,324,326,335,339,344,349,351,354,358,368,370,376,377,384,386,387,391,392,393,395,397,399,403,407,408,409,410,411,413,415,424,427,428,430,433,434,438,439,440,442,445,448,452,462,466,470,475,484,487,489,494,495,496,500,505,508,512,527,530,531,532,539,546,549,563,572
OX9,188,191,198,202,211,212,217,218,224,229,230,235,241,243,246,250,252,258,260,262,267,268,275,278,286,287,292,294,296,297,302,306,307,308,312,316,319,322,323,324,328,331,335,339,342,343,347,349,350,352,353,354,365,368,371,373,374,379,380,382,384,392,393,394,396,400,411,412,413,417,418,424,427,432,437,438,439,441,454,462,471,475,476,479,482,486,490,491,494,496,498,499,500,502,503,504,505,509,511,512,514,515,522,525,526,528,529,532,538,541,548,555,565,566,572,575
OX10,185,191,198,201,206,209,212,217,218,222,230,232,235,241,243,244,245,246,247,248,249,250,252,253,257,258,260,262,266,267,268,269,270,271,274,276,279,284,285,286,288,290,291,292,294,295,296,299,303,306,311,312,314,315,316,317,320,321,322,324,326,327,328,331,336,338,339,340,341,343,344,346,349,350,351,352,354,355,364,366,369,370,373,374,376,377,378,379,381,383,386,387,392,393,394,395,396,397,399,402,403,404,407,408,409,410,413,415,416,417,418,419,420,422,423,427,428,430,432,433,436,437,440,442,447,449,450,454,456,458,461,462,465,468,469,472,473,474,484,485,486,487,488,489,490,491,492,495,496,497,498,500,501,502,503,504,505,507,508,515,520,521,523,524,526,527,528,529,530,532,533,534,535,536,539,540,541,542,544,547,548,549,550,553,554,555,562,567,569,571,572,575
OX11,211,212,217,218,230,246,250,251,252,253,258,260,261,262,264,286,287,289,292,294,295,296,297,303,306,307,308,312,322,323,324,331,338,339,341,342,343,347,349,350,352,353,354,355,365,371,373,374,380,382,391,392,393,396,397,398,400,408,412,413,418,423,427,436,439,441,447,454,456,458,462,466,471,475,476,479,482,488,496,498,499,500,502,503,504,505,512,514,515,520,523,525,532,537,538,541,547,548,550,556,565,566
OX12,191,236,245,253,260,261,263,264,277,289,316,320,328,331,335,338,343,345,355,375,394,397,400,405,406,408,411,417,423,437,444,447,448,456,488,490,491,499,512,520,522,523,526,537,547,556,559,572
OX13,209,219,226,229,241,242,248,251,263,270,271,277,295,297,298,303,320,331,335,340,343,345,346,358,362,365,366,367,391,398,405,406,417,424,427,429,438,458,461,465,466,493,499,502,512,526,538,541,542,544
OX14,212,218,219,229,230,239,241,244,246,250,251,260,262,289,292,295,297,306,308,312,316,322,323,331,332,335,342,343,352,353,365,371,374,380,382,383,388,392,393,396,400,404,407,412,413,424,441,450,454,475,477,479,482,485,488,496,497,498,499,512,514,522,526,532,536,538,541,563,565,572
OX15,179,247,249,273,279,303,307,324,327,340,344,345,349,354,362,366,389,415,421,429,433,440,462,464,466,468,492,499,500,505,529,538,543,549,554,555,558,574
OX16,202,207,218,219,224,228,241,253,260,261,263,264,267,268,276,277,289,290,316,319,320,323,324,328,332,335,338,341,345,349,355,368,370,375,379,383,384,387,388,397,400,404,405,423,427,432,436,437,439,447,451,454,456,476,485,490,491,497,512,515,520,522,523,526,529,532,537,547,550,551,555,556,559,563,572,575
OX17,173,198,206,207,214,217,218,222,224,226,228,230,232,233,235,236,239,242,243,245,247,249,251,252,253,256,261,263,264,266,269,272,274,277,281,284,286,287,288,289,291,292,294,295,298,299,305,306,307,308,312,315,317,323,328,329,332,334,339,341,342,345,355,356,358,362,364,366,370,371,375,378,382,387,388,392,393,396,397,402,405,409,413,416,419,425,426,429,431,436,437,438,439,441,444,448,449,450,451,452,454,458,459,462,467,468,469,472,473,474,475,476,477,483,486,490,491,492,494,495,496,499,500,501,502,504,505,508,512,513,514,515,517,521,524,525,527,528,531,534,535,536,540,544,548,549,550,551,553,554,556,559,560,561,562,564,565,566,567,569,570,571
OX18,198,207,217,218,219,224,226,228,230,232,236,241,244,246,248,252,256,257,261,264,266,267,268,270,271,272,276,279,281,285,286,289,290,292,294,296,297,299,305,306,311,312,314,315,318,321,322,326,327,332,333,334,336,339,340,341,344,346,351,362,365,366,367,372,375,376,377,378,379,386,388,391,392,393,395,396,398,399,400,403,404,406,407,408,409,410,411,412,413,415,417,420,422,423,425,426,428,429,430,432,433,436,440,442,447,448,451,452,454,456,458,459,462,464,466,469,472,476,482,484,485,487,489,493,494,495,496,497,500,502,504,505,512,515,516,517,522,525,526,529,530,531,535,537,538,539,540,541,542,544,545,547,548,550,551,555,556,559,560,575
OX19,218,219,222,229,251,253,260,261,264,273,279,289,295,303,316,323,324,328,331,338,343,344,345,349,354,355,370,375,383,387,391,397,398,400,404,423,424,427,437,438,439,440,447,454,456,458,462,466,468,485,488,490,491,497,500,505,520,522,523,526,532,537,543,547,553,556,559,563,572,574
OX20,207,219,226,228,229,230,232,235,236,239,241,242,243,245,246,247,248,250,251,253,260,261,262,264,269,270,271,274,278,281,284,290,291,292,295,298,303,305,306,308,312,318,322,324,327,328,333,338,340,342,346,349,352,353,354,355,358,362,366,367,370,371,372,380,382,383,387,391,392,393,396,400,406,407,412,413,420,424,427,429,434,437,439,441,444,445,448,450,451,457,464,466,468,469,475,476,477,479,482,486,488,490,491,494,496,498,499,502,508,511,514,515,516,517,520,523,525,526,527,528,536,537,540,542,544,545,548,549,551,556,560,565
OX21,217,219,224,226,230,232,235,243,244,245,246,248,252,256,257,261,264,266,267,268,270,271,272,274,276,278,279,281,285,286,289,292,294,296,297,299,305,306,311,312,314,315,318,321,322,323,324,326,327,331,333,334,336,339,340,341,343,344,346,349,351,362,365,366,367,370,372,375,376,377,378,379,383,386,387,391,392,393,395,396,398,399,400,403,407,409,410,411,412,413,415,417,420,422,423,425,426,428,429,430,432,433,436,439,440,442,444,447,452,456,458,459,462,464,466,468,469,472,482,484,486,487,489,493,495,496,500,502,504,505,511,512,516,517,522,525,526,528,529,530,531,532,535,537,538,539,540,541,542,544,545,547,548,550,555,556,559,560,563,575
OX22,226,230,232,242,244,246,247,248,250,259,269,270,271,276,278,284,289,290,291,292,298,306,308,312,316,318,322,324,327,333,340,342,346,349,352,353,358,362,366,367,370,371,372,375,380,382,383,387,392,393,395,396,398,406,407,408,412,413,420,423,429,434,439,441,445,447,450,452,456,458,464,469,475,479,482,496,498,502,508,511,514,516,522,524,525,527,536,540,542,544,545,547,548,549,551,559,565,572
OX23,222,229,239,244,251,273,279,281,303,305,311,316,323,324,332,335,344,345,349,370,376,387,388,391,395,397,398,403,408,424,427,434,439,440,442,456,458,462,468,477,499,500,505,512,517,532,543,547,553,560,572,574
OX24,206,219,233,235,236,241,242,243,246,247,248,251,257,260,261,263,264,267,268,269,270,271,274,276,277,279,281,284,285,287,288,289,290,291,295,296,297,298,305,308,314,317,318,321,322,326,329,331,332,333,336,338,340,342,343,344,345,346,351,354,356,358,362,364,365,366,367,371,372,375,377,379,382,386,388,397,398,399,402,404,405,406,407,408,410,412,416,417,419,420,422,427,428,429,430,431,432,434,440,441,448,449,450,456,468,473,474,475,482,483,484,485,486,487,488,489,493,497,508,512,513,514,516,517,520,521,523,524,527,528,530,532,534,536,539,541,542,545,547,549,556,558,559,560,561,562,564,565,566,567,569,570,571,575
OX25,224,229,230,235,242,243,245,250,251,252,253,256,257,259,266,267,268,269,272,274,281,284,285,286,289,290,291,295,296,297,299,305,308,311,314,315,321,323,326,328,334,336,338,339,341,342,344,351,352,353,355,365,371,376,377,378,379,380,382,386,391,393,397,398,399,400,403,406,411,413,415,417,422,423,424,425,426,428,430,432,433,434,436,437,438,440,441,442,444,445,447,450,456,458,459,462,466,468,472,475,479,484,486,489,490,491,493,495,498,499,500,504,505,508,512,514,517,520,522,523,524,528,529,530,531,532,535,536,538,539,541,547,548,550,551,555,560,563,565,575
OX26,230,233,235,236,241,242,243,247,250,251,256,257,258,259,260,261,263,264,267,268,273,274,277,281,285,287,288,290,292,296,298,303,305,306,312,314,316,317,320,321,326,327,332,334,335,336,338,351,352,353,356,358,362,373,377,379,380,383,386,388,391,392,393,395,396,397,398,399,404,405,408,410,412,413,417,418,419,422,423,425,426,428,429,430,431,432,445,447,448,449,450,452,458,459,462,464,466,473,479,482,483,484,485,486,487,488,489,492,493,495,496,497,498,500,502,505,507,512,513,517,520,522,523,525,526,527,528,530,536,537,538,539,543,548,549,551,554,556,558,560,561,564,566,569,570,572,574,575
OX27,219,220,229,232,235,236,239,241,242,243,245,246,252,253,254,255,256,257,260,262,266,267,269,272,274,278,284,285,286,291,292,299,303,306,312,314,315,322,323,324,326,328,330,336,338,339,341,344,349,354,355,364,370,372,378,379,386,387,391,392,395,399,401,403,404,407,408,411,415,417,422,423,424,426,427,428,432,433,436,439,440,444,445,447,448,457,459,462,466,469,472,475,477,478,486,487,488,489,490,493,494,496,504,505,508,511,512,517,520,523,525,526,528,529,531,535,537,540,544,548,550,551,553,555,563,575
OX28,239,244,254,256,258,273,276,279,281,290,305,311,316,320,330,332,334,344,376,382,388,395,396,397,403,412,425,426,434,438,440,442,456,459,462,466,468,477,478,482,499,500,505,511,514,517,522,540,543,547,551,553,560,565,572,574
OX29,229,232,236,241,244,245,246,247,251,253,254,256,258,260,261,263,264,273,277,278,279,280,289,296,299,304,311,313,315,318,322,323,324,327,330,332,333,334,335,344,345,349,354,355,361,370,372,375,376,382,383,387,388,395,396,400,402,403,405,412,417,420,423,424,425,426,439,440,442,444,445,447,448,459,462,464,465,466,468,469,478,482,488,493,499,500,505,510,514,516,518,519,523,525,526,527,532,535,537,543,545,548,549,553,556,559,565,568,569,574
OX30,220,232,235,241,243,244,246,247,248,250,251,252,254,255,256,257,259,261,262,263,264,266,267,270,271,272,274,277,278,279,280,281,285,286,295,296,297,304,305,308,313,314,320,322,324,326,328,330,331,336,338,339,341,342,343,344,345,346,349,352,353,361,364,365,367,370,371,372,378,379,380,382,386,387,396,397,398,399,400,401,402,403,404,405,406,409,410,411,412,415,422,423,426,428,432,433,436,438,439,440,441,445,447,450,452,457,458,459,462,465,469,472,478,479,482,486,489,490,494,498,499,504,505,510,511,512,514,518,519,520,524,525,526,527,528,529,531,532,536,538,540,548,549,550,551,553,555,556,560,563,565,568,569,575
OX31,232,233,235,236,241,243,244,246,247,248,250,251,256,257,258,260,262,263,267,268,270,271,273,274,276,277,278,279,285,287,288,289,292,298,303,306,311,312,314,316,317,318,320,321,322,326,332,333,334,335,336,338,346,351,352,353,356,358,362,367,372,373,376,377,379,380,386,388,391,392,395,396,398,399,403,404,405,406,409,412,417,418,419,420,422,425,426,428,429,430,431,432,442,445,448,449,450,457,458,459,462,469,473,479,482,483,484,485,486,488,489,492,493,495,496,497,498,502,505,507,511,513,516,518,520,523,524,526,527,528,530,535,536,537,538,539,540,541,543,544,545,548,549,554,558,560,561,564,566,569,570,572,574,575
OX32,233,235,243,245,248,250,251,253,254,257,261,262,263,264,267,268,270,271,274,276,277,280,285,287,288,292,296,298,304,306,312,313,314,316,317,321,326,327,330,335,336,338,344,346,351,352,353,355,356,358,361,362,373,375,377,379,380,382,383,386,392,399,400,402,404,405,408,409,417,418,419,422,423,427,428,429,430,431,432,438,440,444,447,449,450,457,464,468,473,478,479,483,484,485,486,489,492,493,495,496,497,498,499,502,507,510,511,512,513,514,518,519,520,524,525,528,530,536,538,539,540,541,544,553,554,556,558,559,561,564,565,566,568,570,572,575
OX33,242,247,250,263,277,292,298,299,303,306,315,320,323,324,335,345,349,354,358,367,370,387,391,398,405,406,408,417,427,439,458,465,466,493,500,518,527,532,541,544,549,560
OX34,235,241,243,246,247,248,252,254,256,258,259,261,263,264,269,270,271,274,276,277,279,281,284,287,289,291,297,298,299,304,305,308,311,312,313,315,316,318,322,323,327,330,331,332,333,334,338,339,343,346,352,353,354,358,365,371,372,375,376,380,383,388,392,398,403,405,408,409,410,417,418,420,425,426,437,438,441,442,452,456,458,459,462,464,465,466,468,475,478,479,486,487,491,492,493,494,496,498,505,508,512,516,517,519,520,522,524,525,526,527,528,532,538,541,545,547,549,553,554,556,559,566,569,572
OX35,245,247,248,254,256,258,259,269,270,271,273,276,280,281,284,289,290,291,292,296,297,304,305,306,308,312,313,316,320,324,328,330,332,334,338,344,346,349,352,353,354,361,365,370,371,375,380,387,388,392,395,402,408,409,410,423,425,426,437,438,439,440,441,444,447,452,456,459,462,468,475,478,479,487,490,491,498,499,505,508,510,511,517,519,520,524,526,527,535,538,539,540,541,543,544,547,549,551,553,559,568,569,572,574
OX36,246,248,250,251,253,258,259,261,262,263,264,266,267,270,271,272,273,277,279,285,286,287,289,290,295,296,297,299,300,308,311,314,315,316,317,318,322,324,326,329,332,335,336,338,340,341,344,346,349,352,353,355,359,364,365,367,370,371,372,378,379,380,385,386,387,388,391,395,397,398,399,402,404,405,406,407,409,410,411,415,418,419,421,422,423,427,428,432,433,434,435,436,439,440,441,443,445,446,447,452,456,457,462,467,468,472,473,479,489,492,495,498,499,500,504,505,512,517,518,519,520,521,522,523,525,529,531,532,538,543,545,547,548,550,554,555,556,560,562,563,566,567,569,572,574,575
OX37,241,249,250,251,252,254,256,257,258,259,261,262,264,267,268,273,279,285,288,289,290,296,299,300,304,307,308,311,312,313,314,315,316,317,321,323,324,326,328,329,330,331,334,336,338,339,340,343,349,351,352,353,356,362,364,367,371,375,377,379,380,382,383,385,386,391,392,395,397,399,400,402,404,406,408,409,412,415,416,418,419,422,423,425,426,428,429,430,431,432,433,435,438,441,446,447,449,457,458,459,465,467,468,473,478,479,482,484,485,489,490,494,497,498,500,512,513,514,517,519,520,521,525,529,530,541,542,543,553,555,556,559,562,564,565,567,570,572,574,575
OX38,236,247,260,281,292,298,303,304,305,306,311,313,316,323,324,342,349,358,370,375,376,387,391,395,397,398,400,403,407,408,427,434,439,442,445,448,450,456,458,488,496,500,517,518,519,527,532,536,539,544,547,548,549,559,569,572
OX39,247,248,249,253,254,256,257,259,261,263,264,266,268,270,271,272,273,274,277,279,280,281,286,288,290,295,296,297,303,304,305,307,312,313,316,321,323,327,330,332,333,334,341,342,345,346,351,355,356,359,361,362,365,367,370,375,377,378,382,387,388,391,392,395,398,400,402,405,406,410,411,412,416,418,420,421,423,425,426,429,430,431,436,438,439,443,445,447,449,450,452,456,458,459,462,464,465,466,472,478,482,484,485,495,497,500,504,505,510,511,512,513,514,516,517,523,525,527,528,530,531,532,535,536,538,540,541,542,543,547,548,549,550,551,553,556,559,560,563,564,565,568,569,570,572,574
OX40,249,273,279,304,307,313,323,327,335,340,344,345,362,366,370,387,391,408,415,421,427,429,433,439,440,443,462,464,468,492,499,505,518,529,532,538,543,554,555,558,560,574
OX41,248,253,255,257,262,269,270,271,279,280,281,284,289,291,296,297,298,299,300,305,308,312,315,316,317,318,323,327,328,329,334,335,338,340,342,346,352,353,354,355,358,359,361,365,367,371,372,375,376,380,382,383,385,391,392,396,398,400,407,409,410,412,419,420,421,423,425,427,434,435,437,441,442,443,446,447,450,456,457,464,465,466,467,473,475,479,482,487,490,491,495,496,498,508,510,514,517,519,520,521,522,523,524,532,535,536,538,541,545,547,559,560,562,565,567,568,569,572
OX42,250,281,299,304,305,312,313,315,319,335,342,354,367,368,375,379,384,400,407,417,432,445,450,452,465,488,493,496,517,519,536,541,548,559,560,569
OX43,254,255,258,259,266,268,272,274,276,281,286,288,289,292,295,296,299,300,303,304,305,306,313,315,317,318,319,320,321,323,324,327,328,329,330,332,333,334,335,338,340,341,344,345,349,351,356,362,368,370,372,373,376,377,378,379,382,383,384,385,387,388,391,392,395,398,400,402,406,407,408,410,411,415,418,419,421,425,429,430,431,432,433,434,435,436,437,438,439,440,442,443,445,446,449,450,464,467,468,472,473,478,484,485,488,490,491,492,496,497,499,500,502,504,513,514,516,517,518,520,521,522,524,525,528,529,530,531,532,535,536,538,545,548,550,553,554,555,558,562,563,564,565,567,569,570
OX44,263,264,277,289,299,304,313,315,316,320,328,345,367,395,397,403,405,406,408,417,445,456,465,490,493,512,519,520,547,548,569,572
OX45,251,255,257,258,262,264,266,267,269,272,276,279,280,284,285,286,287,289,291,295,296,298,304,311,313,314,318,319,320,323,324,326,328,332,333,334,335,336,341,349,354,358,361,364,367,368,370,372,376,378,382,384,386,387,388,392,395,396,398,399,403,404,406,407,411,412,415,422,423,425,428,433,434,436,437,439,442,447,452,457,465,466,472,475,482,487,488,489,490,491,504,508,510,511,512,514,516,517,518,519,521,522,529,531,540,545,550,551,555,560,562,563,565,566,567,568,569,575
OX46,252,256,258,261,269,279,280,284,287,289,290,291,292,296,298,299,303,304,306,308,313,315,316,319,323,328,331,334,339,340,342,343,351,352,353,358,361,362,366,367,368,371,373,377,379,380,382,384,391,392,395,396,397,400,403,406,407,409,410,416,417,425,426,427,429,432,441,458,459,462,465,466,468,475,479,487,488,490,493,494,495,498,502,505,508,510,511,514,518,519,521,524,532,535,537,540,542,556,560,562,565,566,567,568,569,572
OX47,255,256,257,258,261,262,269,274,276,279,280,281,284,289,290,291,292,296,298,300,304,305,306,308,311,313,317,318,319,323,327,328,329,351,352,353,354,358,359,361,362,366,368,371,372,373,377,379,380,382,383,384,385,391,392,396,397,406,409,410,416,417,419,420,421,426,427,429,432,435,441,443,445,446,450,452,457,458,459,464,467,473,475,479,487,488,490,493,498,502,508,510,511,514,517,520,521,524,528,532,535,536,540,542,545,548,556,560,562,565,567,568
OX48,253,261,264,274,289,297,304,311,313,328,338,351,354,355,365,367,376,377,395,403,408,420,423,437,442,445,447,466,490,491,495,500,512,518,519,520,522,523,528,548,551,556,560,569
OX49,256,258,261,262,269,276,279,280,284,287,289,290,291,292,296,298,299,303,304,306,308,311,313,315,319,323,328,334,340,342,352,353,354,358,361,362,366,367,368,371,373,376,379,380,382,384,391,392,396,400,406,407,409,410,416,417,425,426,427,429,432,434,441,442,452,457,458,459,465,475,479,487,488,490,493,498,500,502,508,510,511,514,518,519,521,532,535,540,542,551,556,560,562,565,566,567,568,569
OX50,264,274,281,289,292,299,305,306,312,315,316,319,328,329,335,342,351,367,368,375,377,379,384,395,397,398,400,403,407,408,417,432,450,452,456,458,465,488,490,493,496,500,507,512,517,518,520,528,536,541,547,551,559,572
OX51,257,259,261,262,266,268,269,272,274,281,284,286,287,288,290,291,295,299,300,304,305,308,313,315,316,317,320,321,324,329,330,332,333,335,338,340,341,342,344,345,349,351,352,353,354,356,359,366,370,371,377,378,380,382,385,387,388,392,396,397,402,403,408,409,411,415,416,417,418,419,420,426,427,430,431,433,435,436,437,438,439,440,441,445,449,450,452,456,457,458,459,466,468,472,473,475,479,484,485,491,492,493,496,497,498,499,504,508,511,513,514,516,517,519,520,521,524,525,528,529,530,531,536,538,540,542,547,548,550,551,553,554,555,556,558,560,562,563,564,565,566,567,570,572
OX52,273,274,279,331,343,344,351,354,377,440,462,495,499,500,505,528,537,543,551,574
OX53,261,262,269,274,289,291,296,300,308,312,316,317,320,323,328,331,335,340,342,343,351,352,353,354,362,366,371,373,375,377,380,382,385,391,395,396,400,403,406,407,409,410,416,419,427,429,435,441,456,457,466,468,473,479,490,495,496,498,500,502,507,514,518,520,524,528,532,535,537,541,542,547,551,556,559,560,565,572
OX54,281,292,295,299,303,304,305,306,312,313,315,316,327,329,331,341,342,343,354,367,375,395,397,398,400,403,407,420,436,445,450,452,456,458,464,465,466,495,496,499,507,517,519,529,536,537,541,547,548,550,555,558,559,560,569,572
OX55,274,287,292,299,306,311,312,315,316,319,329,335,351,354,367,368,375,376,377,379,384,395,397,398,400,403,417,432,434,442,452,456,458,465,466,488,493,496,500,507,518,520,528,541,547,551,559,560,566,572
OX56,287,289,292,295,299,304,306,307,311,312,313,315,316,319,328,329,331,335,341,343,367,368,375,376,379,384,395,397,398,400,403,417,418,432,434,436,442,445,452,456,458,465,466,488,490,493,495,496,499,507,519,537,541,547,548,550,559,566,569,572
OX57,266,279,280,284,292,295,298,300,306,312,316,317,320,327,340,341,358,361,362,366,375,378,385,392,395,403,406,407,412,416,419,429,434,435,436,445,452,456,458,464,465,466,468,472,473,475,482,487,496,499,504,507,508,510,521,524,529,538,541,542,547,548,550,555,558,559,562,567,568,572
OX58,258,259,269,276,279,280,284,289,290,291,292,295,296,298,299,306,308,315,323,327,328,330,332,335,338,340,341,344,352,353,354,358,361,362,366,367,371,373,380,382,388,391,397,400,402,403,406,409,410,412,416,420,423,426,427,429,436,437,438,440,441,445,447,450,459,464,465,475,479,482,487,490,491,498,500,502,508,510,511,514,520,522,524,529,532,535,536,540,542,548,550,551,553,555,558,560,565,568
OX59,284,289,295,300,303,307,317,328,329,331,341,343,385,396,397,400,412,418,419,435,436,445,473,475,482,490,495,499,508,520,524,537,548,550
OX60,289,297,299,300,304,307,311,313,315,317,319,327,328,329,331,335,343,344,356,365,368,376,379,380,384,385,392,396,397,400,409,412,418,419,431,432,435,440,442,444,445,464,465,473,482,488,490,495,499,519,520,524,526,529,533,537,548,555,558,569
OX61,295,297,299,300,304,307,311,313,315,317,319,329,331,335,340,341,343,344,345,356,362,365,366,368,376,379,380,384,385,392,396,397,400,409,412,419,421,429,431,432,435,436,440,442,443,444,465,468,473,482,488,492,495,524,526,533,537,538,550,554
OX62,267,269,272,285,291,303,304,313,314,316,323,326,331,333,336,343,350,351,354,359,362,364,366,367,370,376,377,379,382,386,387,396,397,399,408,411,415,416,417,420,421,422,423,428,429,432,433,442,443,446,447,466,467,485,489,493,494,495,497,499,503,511,514,515,516,517,518,522,524,525,531,537,538,540,542,558,560,565,572,575
OX63,276,304,307,313,327,340,345,354,362,366,421,429,443,464,492,500,518,529,538,551,554,555,558,560
OX64,262,297,299,300,303,304,307,313,315,327,340,344,345,356,362,365,366,380,385,392,396,400,409,412,417,420,421,429,431,434,435,440,443,444,452,457,464,465,468,482,492,493,499,526,529,533,538,554,555,558
OX65,259,269,290,291,297,299,300,304,308,311,312,313,315,317,318,320,323,327,333,335,342,344,345,352,353,356,362,365,367,371,372,373,376,382,383,385,391,392,398,400,402,403,407,410,412,416,417,418,419,421,423,427,429,431,434,435,440,441,442,443,444,447,452,464,465,468,473,479,482,492,493,496,498,499,502,507,511,513,514,516,521,522,525,526,532,533,540,541,542,545,554,562,564,565,567,570
OX66,269,279,280,285,286,291,296,298,299,300,303,307,312,315,318,320,321,324,329,330,332,335,338,345,349,350,351,354,358,359,361,362,366,367,372,376,377,382,383,385,388,392,395,403,406,420,423,426,427,428,429,430,434,435,437,438,439,442,446,447,452,456,458,459,465,467,484,487,489,491,492,494,500,503,507,510,514,515,518,521,522,529,538,541,545,547,553,554,555,558,560,562,563,565,567,568
OX67,279,280,285,286,298,299,300,303,307,308,315,317,319,321,323,324,327,329,330,332,333,335,340,342,349,350,351,352,353,354,358,359,361,362,368,371,373,376,377,379,380,384,385,388,391,392,396,407,409,410,416,417,418,419,420,423,426,428,429,430,432,435,438,439,441,442,446,447,458,459,464,465,467,473,479,484,487,488,489,493,494,496,498,500,502,503,510,513,515,516,518,521,524,529,532,542,553,555,558,560,562,563,564,567,568,570
OX68,285,286,292,297,304,306,307,308,311,312,313,316,320,321,323,324,327,329,330,332,333,344,349,350,351,352,353,354,359,365,366,367,371,375,377,388,391,392,395,396,403,406,412,418,420,423,426,428,430,434,438,439,440,441,444,445,446,447,452,456,459,464,466,467,468,479,482,484,489,494,498,499,500,503,507,513,515,516,518,519,526,529,532,533,538,541,547,548,553,555,558,559,560,563,564,569,570,572
OX69,272,300,303,304,307,313,317,323,324,327,329,331,335,340,343,344,345,349,354,362,366,370,385,387,391,392,396,397,400,408,411,412,415,419,421,427,429,433,435,439,440,443,464,468,473,482,492,495,500,518,524,529,531,532,537,538,554,555,558,560
OX70,290,296,297,300,304,308,311,312,313,318,321,323,329,331,332,333,335,338,342,343,344,345,352,353,354,364,365,371,372,375,376,382,385,388,392,395,397,398,400,403,404,406,407,418,427,430,434,435,437,438,440,441,442,444,445,450,452,456,458,479,484,491,492,495,496,498,499,507,511,514,516,517,519,522,524,525,526,533,535,536,537,538,540,541,545,547,548,554,559,560,565,569
OX71,299,304,311,313,315,316,318,327,333,340,367,372,383,395,403,420,421,423,443,446,447,464,465,466,467,516,545,572
OX72,297,300,303,304,307,308,311,312,313,316,318,319,321,323,327,329,331,332,333,342,343,344,352,353,354,364,365,368,371,372,375,376,379,382,384,385,388,392,397,398,400,404,407,417,418,420,423,427,430,432,434,435,438,440,441,442,444,445,447,450,452,456,458,464,466,479,484,488,493,495,496,498,499,507,514,516,517,519,522,524,526,529,533,535,536,537,538,541,545,547,548,555,558,559,560,565,569,572
OX73,292,304,306,307,308,312,313,317,318,319,321,323,327,332,333,342,353,354,364,367,368,371,372,375,379,382,384,388,395,396,397,403,404,407,412,417,418,419,423,427,430,432,434,438,441,445,447,450,452,464,473,479,482,484,488,493,496,507,514,516,517,519,522,529,535,536,538,541,545,548,555,558,559,560,565,569
OX74,303,311,312,323,329,331,340,342,343,345,352,354,356,362,364,366,375,376,380,400,407,409,417,418,420,421,429,431,434,442,443,445,450,452,468,492,493,495,496,498,507,517,519,536,537,538,541,548,554,559,560,569
OX75,300,304,307,312,313,316,317,318,323,333,340,342,352,354,356,364,366,367,372,380,383,385,395,397,403,407,409,417,418,419,421,423,431,434,435,443,447,450,452,466,473,493,496,498,507,513,516,517,524,529,535,536,541,545,555,558,560,564,570,572
OX76,304,307,308,312,313,317,319,321,323,332,342,352,353,354,356,362,364,366,368,371,375,376,379,380,382,383,384,388,395,396,398,403,404,407,409,412,418,419,427,429,430,431,432,434,438,441,442,445,446,450,452,456,458,467,473,479,482,484,488,496,498,507,514,517,519,522,529,535,536,541,547,548,555,558,559,560,565,569
OX77,307,311,312,316,318,320,323,329,331,333,335,342,343,352,362,366,367,372,373,375,380,382,383,391,396,397,400,406,407,409,410,416,418,420,421,423,427,429,434,443,445,446,447,452,456,466,467,468,495,496,498,502,507,514,516,519,522,529,532,537,538,541,542,545,547,548,555,558,559,565,569,572
OX78,319,320,323,340,345,362,366,368,379,382,384,391,395,396,397,403,406,416,417,418,420,427,429,432,456,488,492,493,514,522,532,538,542,547,554,565
OX79,308,353,362,371,429,441,479,513,564,570
OX80,317,321,323,327,329,331,332,335,343,345,354,356,364,373,382,383,388,395,396,398,400,403,404,410,412,417,418,419,420,427,430,431,438,450,456,458,464,468,473,482,484,492,493,495,502,514,517,522,536,537,547,554,560,565
OX81,286,312,314,318,320,323,327,329,330,331,332,333,335,336,340,342,343,344,345,352,356,366,367,372,380,382,383,388,391,392,395,398,400,403,406,407,409,412,416,417,418,420,422,423,426,427,431,434,438,440,447,450,452,458,459,464,482,492,493,495,496,498,499,507,513,514,516,518,522,532,535,536,537,541,542,545,546,553,554,564,565,570
OX82,311,312,316,318,323,327,329,331,333,335,340,342,343,345,352,367,372,373,375,380,383,391,395,400,403,407,409,410,418,420,421,423,427,434,443,445,446,447,452,464,466,467,468,492,495,496,498,502,507,516,519,532,537,541,545,548,554,559,569,572
OX83,318,327,333,335,354,356,364,372,373,375,382,383,391,395,396,400,403,410,416,417,420,421,423,427,431,443,445,447,450,464,493,502,514,516,517,519,522,532,536,542,545,548,559,560,565,569
OX84,312,320,329,331,340,342,343,352,362,366,367,373,380,382,395,396,397,403,406,407,409,410,416,420,429,434,452,456,468,495,496,498,502,507,514,522,537,538,541,542,547,565
OX85,320,321,326,327,335,344,356,366,367,373,376,379,386,392,396,399,400,406,410,412,420,427,430,431,432,440,442,446,450,456,464,467,468,482,484,485,497,499,502,513,518,535,536,546,547,563,564,570
OX86,326,332,340,367,375,376,379,382,383,386,388,395,396,397,398,399,403,404,412,417,421,432,438,442,443,445,446,456,458,467,482,485,493,497,514,519,522,546,547,548,559,563,565,569
OX87,323,327,332,342,344,345,352,354,364,366,367,373,375,376,380,382,383,388,392,395,397,398,403,404,407,409,410,412,416,418,420,421,438,440,442,443,445,446,456,458,464,467,468,482,492,496,498,499,502,513,514,517,518,519,522,535,542,547,548,554,559,560,564,565,569,570
OX88,321,327,332,335,340,356,366,373,383,388,398,400,404,410,412,416,417,420,427,430,431,438,450,456,458,464,482,484,493,502,513,518,535,536,542,547,564,570
OX89,324,327,332,344,345,349,354,356,370,373,375,382,383,387,388,392,395,397,398,403,404,408,410,412,416,417,418,420,421,431,438,439,440,443,445,450,456,458,464,468,482,492,493,499,500,502,514,519,522,536,542,547,548,554,559,560,565,569
OX90,314,327,335,336,340,342,352,354,356,364,367,376,380,391,400,407,409,412,416,417,420,422,427,431,442,446,450,464,467,482,485,493,496,497,498,517,532,536,542,546,560,563
OX91,327,332,340,342,352,356,366,380,382,383,388,395,396,397,398,403,404,407,409,416,417,420,431,438,450,456,458,464,493,496,498,513,514,518,522,535,536,542,547,564,565,570
OX92,342,352,362,366,367,373,375,376,380,407,409,410,412,416,420,421,429,442,443,445,446,467,482,496,498,502,519,538,542,548,559,569
OX93,356,366,367,373,376,410,417,431,442,446,450,467,493,502,513,518,535,536,564,570
OX94,335,340,354,362,364,367,375,376,391,400,420,421,427,429,442,443,445,446,467,513,517,518,519,532,535,538,548,559,560,564,569,570
OX95,375,412,416,421,443,445,482,519,542,548,559,569
OX96,362,366,367,376,420,429,442,446,467,538
OX97,331,343,345,350,351,370,377,387,408,418,468,492,494,495,503,515,537,554
Z0,0,25,426,459
Z1,1,59,196,205
Z2,2,105,191,394
Z3,3,117,300,385
Z4,4,106,173,214
Z5,4,5,564,570
Z6,6,107,230,393
Z7,7,108,369,381
Z8,8,78,230,413
Z9,9,12,423,447
Z10,10,187,462,505
Z11,11,51,232,469
Z12,9,54,81,189
Z13,13,191,417,493
Z14,14,332,404,553
Z15,15,215,415,433
Z16,16,226,416,542
Z17,17,47,218,454
Z18,18,86,111,325
Z19,19,83,148,310
Z20,20,23,529,555
Z21,21,351,494,528
Z22,22,117,334,425
Z23,23,335,427,488
Z24,24,176,428,489
Z25,0,28,412,482
Z26,26,30,437,491
Z27,27,163,352,498
Z28,28,72,353,479
Z29,24,29,430,484
Z30,30,355,483,523
Z31,31,151,344,440
Z32,32,228,503,515
Z33,33,145,356,431
Z34,34,203,450,536
Z35,35,87,288,449
Z36,36,129,180,481
Z37,37,131,254,478
Z38,38,71,151,357
Z39,39,115,220,401
Z40,40,195,285,489
Z41,17,41,350,503
Z42,42,258,286,459
Z43,43,199,347,471
Z44,44,262,312,452
Z45,45,58,172,283
Z46,46,193,216,453
Z47,1,47,217,294
Z48,48,60,186,208
Z49,49,61,324,349
Z50,50,94,253,355
Z51,11,190,492,554
Z52,52,136,197,360
Z53,53,198,278,469
Z54,54,69,316,572
Z55,55,320,398,456
Z56,56,262,374,457
Z57,57,398,458,567
Z58,58,133,273,574
Z59,31,59,210,463
Z60,60,63,270,346
Z61,61,267,290,511
Z62,62,155,271,346
Z63,63,372,383,404
Z64,64,333,338,447
Z65,65,109,319,368
Z66,66,155,185,201
Z67,67,173,381,501
Z68,68,160,165,348
Z69,69,289,322,490
Z70,70,296,491,556
Z71,71,177,386,399
Z72,72,113,212,374
Z73,73,227,240,470
Z74,74,290,320,406
Z75,75,350,370,439
Z76,76,142,188,302
Z77,25,77,336,422
Z78,8,112,188,509
Z79,79,147,187,309
Z80,80,190,362,429
Z81,81,168,223,481
Z82,82,242,312,541
Z83,19,313,443,519
Z84,84,307,341,529
Z85,85,88,297,365
Z86,18,214,446,467
Z87,87,88,181,573
Z88,85,154,261,556
Z89,89,218,260,448
Z90,90,239,390,477
Z91,91,264,387,408
Z92,92,252,339,552
Z93,93,163,221,363
Z94,94,213,310,506
Z95,95,114,170,390
Z96,96,156,308,371
Z97,97,115,174,197
Z98,40,98,292,306
Z99,99,185,327,464
Z100,100,154,246,322
Z101,101,137,361,568
Z102,102,121,370,387
Z103,55,103,203,348
Z104,104,123,175,221
Z105,105,186,209,461
Z106,106,135,282,557
Z107,107,110,171,283
Z108,108,284,445,569
Z109,65,339,505,574
Z110,110,125,319,384
Z111,111,126,179,389
Z112,62,112,298,358
Z113,113,274,275,528
Z114,114,131,235,243
Z115,97,140,351,377
Z116,16,116,333,516
Z117,22,27,419,473
Z118,118,202,268,530
Z119,6,119,382,565
Z120,120,269,296,525
Z121,121,241,343,537
Z122,122,329,377,495
Z123,123,259,395,403
Z124,124,555,558,575
Z125,119,222,330,553
Z126,86,132,562,567
Z127,127,205,247,549
Z128,12,128,233,483
Z129,36,143,158,265
Z130,130,146,233,561
Z131,95,124,304,313
Z132,132,323,364,532
Z133,133,167,318,545
Z134,73,134,269,291
Z135,135,314,326,546
Z136,35,136,225,480
Z137,137,164,177,552
Z138,138,142,200,337
Z139,139,150,248,270
Z140,140,164,266,472
Z141,141,194,236,448
Z142,138,184,229,424
Z143,129,232,244,477
Z144,144,257,359,428
Z145,33,207,471,476
Z146,130,211,378,504
Z147,79,167,521,562
Z148,148,317,329,507
Z149,44,149,287,566
Z150,150,265,379,432
Z151,38,144,280,510
Z152,152,380,393,409
Z153,153,288,519,569
Z154,89,100,375,559
Z155,66,354,462,560
Z156,156,261,382,522
Z157,157,161,263,277
Z158,143,318,372,401
Z159,15,159,216,460
Z160,160,206,208,474
Z161,161,169,514,565
Z162,162,172,513,564
Z163,93,274,276,551
Z164,39,321,414,484
Z165,165,245,444,533
Z166,80,166,273,543
Z167,70,147,299,315
Z168,168,359,516,545
Z169,75,157,211,347
Z170,37,242,539,544
Z171,171,281,434,452
Z172,162,249,349,439
Z173,67,353,441,561
Z174,174,324,500,551
Z175,43,104,331,343
Z176,29,354,500,517
Z177,90,101,301,325
Z178,178,389,421,443
Z179,179,200,527,549
Z180,180,258,525,540
Z181,181,199,436,550
Z182,182,280,402,521
Z183,92,183,328,490
Z184,21,76,235,486
Z185,3,99,281,305
Z186,48,219,295,436
Z187,10,49,231,455
Z188,78,189,376,442
Z189,128,237,277,405
Z190,51,141,332,388
Z191,13,109,234,470
Z192,192,253,495,537
Z193,193,407,496,566
Z194,166,331,468,499
Z195,195,237,456,547
Z196,196,212,475,508
Z197,46,52,192,234
Z198,198,238,511,540
Z199,50,175,361,510
Z200,184,368,399,432
Z201,126,210,317,473
Z202,202,391,427,430
Z203,34,149,158,337
Z204,152,204,371,441
Z205,45,127,215,293
Z206,68,284,363,508
Z207,84,183,207,451
Z208,57,96,206,571
Z209,209,299,465,472
Z210,103,122,201,369
Z211,2,116,169,282
Z212,14,77,227,414
Z213,146,213,534,571
Z214,5,118,267,575
Z215,159,241,391,532
Z216,170,217,445,548
Z217,219,243,444,526
Z218,220,279,487,543
Z219,222,345,405,554
Z220,134,223,275,509
Z221,224,252,494,515
Z222,225,358,487,544
Z223,74,226,373,502
Z224,32,153,272,531
Z225,98,229,264,512
Z226,125,341,360,550
Z227,56,102,204,231
Z228,178,194,485,497
Z229,145,236,245,539
Z230,238,396,412,416
Z231,239,292,438,458
Z232,240,342,407,504
Z233,82,260,384,488
Z234,244,518,536,560
Z235,246,479,535,570
Z236,247,466,512,572
Z237,248,294,410,502
Z238,249,357,415,531
Z239,250,306,496,498
Z240,251,338,424,437
Z241,53,224,268,449
Z242,254,316,403,522
Z243,255,257,463,530
Z244,256,330,426,478
Z245,255,256,425,480
Z246,26,42,228,451
Z247,259,278,402,486
Z248,263,379,417,431
Z249,91,352,380,533
Z250,139,340,366,467
Z251,7,120,266,378
Z252,250,271,507,541
Z253,272,394,411,501
Z254,276,345,406,468
Z255,279,392,413,440
Z256,182,307,418,492
Z257,285,453,485,563
Z258,286,454,546,563
Z259,287,328,455,520
Z260,289,323,408,418
Z261,291,385,457,524
Z262,293,356,409,410
Z263,295,344,411,499
Z264,297,327,420,538
Z265,298,461,527,568
Z266,300,435,506,557
Z267,301,365,523,526
Z268,302,520,548,559
Z269,303,311,435,466
Z270,304,315,518,535
Z271,305,364,517,534
Z272,20,308,429,538
Z273,309,311,442,446
Z274,83,314,422,573
Z275,303,335,400,433
Z276,321,397,524,547
Z277,64,326,386,460
Z278,334,375,400,482
Z279,336,367,420,493
Z280,251,388,438,476
Z281,176,340,421,542
Z282,362,366,474,513
Z283,367,376,434,465
Z284,383,464,497,558
Z285,392,396,475,514
Z286,395,397,419,423
OZ0,227,234,243,260,268,278,288,292,312,313,316,317,323,330,335,341,358,359,360,364,384,390,391,401,403,412,413,414,416,425,426,428,430,438,440,443,449,458,469,470,473,475,477,486,511,514,519,521,522,532,539,540,541,543,550,567
OZ1,234,235,243,260,268,269,270,275,278,288,292,294,312,313,316,317,318,323,330,335,337,341,342,351,354,358,359,360,364,366,372,379,384,385,390,391,403,407,410,412,413,414,416,421,425,426,432,438,440,443,449,457,458,467,469,473,475,477,481,484,489,494,500,502,504,511,514,517,519,520,521,522,524,528,532,539,540,541,542,543,548,550,559,567
OZ2,269,282,292,296,307,313,317,325,330,333,359,361,365,378,381,386,388,390,402,418,422,424,425,426,428,437,443,447,458,460,472,473,476,477,478,480,492,501,510,519,521,523,525,526,530,546,568,573
OZ3,218,221,233,235,243,245,253,260,275,277,278,284,288,290,292,294,296,299,307,314,318,319,320,322,325,327,329,330,331,335,337,339,342,343,344,346,348,350,351,354,355,358,359,360,363,366,368,370,371,373,375,381,382,385,386,388,390,394,396,397,398,403,404,406,407,410,411,413,414,416,418,419,420,421,423,424,425,426,427,429,430,431,432,437,439,440,447,448,449,457,460,461,464,465,467,470,471,473,474,475,476,477,478,479,481,484,488,489,492,493,494,497,499,500,501,505,506,507,508,516,517,520,521,522,523,524,525,528,529,530,533,534,535,543,544,546,548,550,555,556,558,561,565,567,568,570,573,574
OZ4,216,221,233,235,237,245,253,262,268,273,274,275,277,278,282,288,292,296,312,313,316,317,318,319,320,322,323,324,325,327,330,331,332,333,342,345,348,352,354,355,356,360,361,363,364,365,366,369,375,376,377,378,381,384,386,389,390,394,396,397,398,400,401,402,404,405,406,408,411,412,416,419,421,422,423,424,426,428,429,431,434,435,442,448,449,450,453,454,455,456,457,458,459,460,462,471,472,474,478,480,482,484,485,486,491,495,496,498,499,500,503,504,505,506,510,511,513,516,517,518,521,526,528,529,530,531,534,537,539,543,545,547,548,550,554,557,558,559,563,568,569,572,573,574
OZ5,221,233,237,241,245,270,274,277,278,282,284,288,290,294,296,299,307,312,315,316,318,319,320,322,323,324,327,331,332,333,335,337,339,343,345,348,349,352,354,355,356,359,360,363,364,370,371,372,374,375,376,379,380,384,385,387,388,391,393,394,396,398,404,405,406,408,409,410,411,412,416,418,419,421,423,425,427,429,430,431,432,433,434,437,441,445,446,447,448,449,450,454,456,457,459,466,467,471,473,474,476,477,481,482,485,492,494,498,499,502,503,505,506,517,518,519,520,521,523,525,529,530,531,534,537,539,542,543,546,550,551,552,554,555,556,557,562,563,564,566,572,574
OZ6,267,268,282,314,317,330,333,353,359,381,386,388,389,391,424,425,426,427,428,430,437,438,441,446,447,460,467,473,476,478,480,501,521,546,557,561,562,564,570,575
OZ7,235,245,262,268,273,274,281,282,284,288,292,307,312,313,317,318,320,323,327,330,331,332,333,339,341,348,351,352,354,355,356,359,361,363,365,366,375,385,386,389,390,394,396,397,398,400,401,402,403,404,411,412,416,421,422,423,424,426,428,429,431,435,445,447,448,449,450,452,454,455,456,458,459,460,462,468,471,474,478,480,481,482,483,485,490,491,492,498,499,503,506,510,511,513,517,518,521,525,526,529,530,531,532,534,539,543,548,552,554,557,558,559,563,566,567,573
OZ8,233,237,241,262,268,270,273,277,281,290,294,296,299,315,316,319,322,323,324,335,341,343,349,359,360,366,368,370,371,372,374,376,379,380,384,387,388,389,391,393,399,400,401,405,408,409,410,418,423,424,427,430,433,434,435,437,438,441,443,446,452,455,457,462,466,467,476,483,490,491,502,505,511,513,521,530,537,542,550,555,556,558,562,564,572,574
OZ9,245,262,268,273,281,284,288,292,307,312,313,317,318,320,323,327,330,331,332,337,339,341,348,352,354,355,356,359,361,363,365,366,368,375,385,386,388,389,390,394,396,397,398,399,400,401,402,403,404,411,412,416,421,422,423,426,428,429,431,432,435,437,438,448,449,450,452,454,455,456,458,459,460,462,468,471,474,476,478,480,481,482,483,485,486,490,491,492,494,498,499,501,503,506,508,510,511,513,517,518,520,521,525,526,529,530,531,532,534,539,543,552,554,557,558,563,566,567,569,573
OZ10,243,260,274,282,292,312,313,316,317,323,330,333,351,359,364,384,386,388,390,403,422,424,425,426,428,437,443,445,447,458,460,473,476,477,480,486,488,494,501,508,519,521,522,530,532,539,541,544,546,567,569,573
OZ11,260,262,268,273,274,281,282,284,288,307,316,318,320,327,331,332,333,337,339,341,344,348,351,352,354,355,356,361,364,365,366,368,375,384,385,389,396,397,398,399,400,401,402,404,412,416,421,423,424,425,429,431,432,435,436,438,443,447,448,449,450,452,454,455,456,459,462,468,471,473,474,477,478,481,482,483,485,488,490,491,492,498,501,503,506,508,510,511,513,517,518,519,520,522,525,529,531,533,534,541,543,544,546,552,554,557,558,563,566,569
OZ12,241,262,268,270,273,274,275,288,290,292,294,299,307,313,315,317,324,325,330,335,339,342,343,349,358,359,361,365,366,368,370,371,372,374,378,379,380,381,385,386,387,388,389,390,391,393,396,400,402,409,410,413,414,418,424,425,426,427,428,430,433,435,437,440,441,442,445,446,447,449,453,455,458,460,462,466,467,472,473,475,476,477,478,481,491,492,496,502,504,508,510,511,513,514,516,519,523,524,525,526,528,537,542,543,544,545,555,556,558,562,564,566,568,569
OZ13,270,274,278,282,288,294,318,333,351,354,355,366,368,372,379,388,394,399,401,410,411,421,424,428,430,438,445,447,451,454,459,467,469,476,481,483,484,489,491,494,500,502,503,508,515,517,519,523,525,531,540,542,546,563
OZ14,268,274,275,292,296,307,313,317,325,330,342,354,355,358,359,361,365,378,381,385,390,394,401,402,411,412,413,414,416,418,425,426,428,430,437,438,440,443,445,449,451,453,454,457,458,459,472,473,475,477,478,483,484,485,489,491,492,496,500,501,503,504,508,510,511,514,515,517,521,524,526,528,531,543,544,546,566,568
OZ15,282,284,314,333,348,386,388,398,424,437,438,445,447,458,460,476,501,506,534,546,567,569
OZ16,274,275,278,288,292,296,313,317,325,328,330,339,341,342,347,354,355,358,359,361,365,370,378,381,385,390,396,401,402,413,414,418,425,426,428,430,437,438,439,440,443,445,451,453,454,457,458,459,469,471,472,473,475,477,478,483,484,485,489,490,491,492,494,496,500,503,504,508,510,514,515,517,519,521,524,526,528,529,540,543,544,546,552,566,568,569
OZ17,261,275,284,294,296,307,318,328,335,339,341,342,346,347,348,351,358,366,368,370,371,378,379,381,382,385,386,394,396,398,399,404,410,411,413,414,421,422,427,428,429,439,440,445,453,457,458,460,461,464,467,471,472,474,475,480,481,485,488,490,496,497,501,502,504,514,519,522,524,525,528,530,531,538,542,543,544,546,552,555,558,563,566,567,571,573
OZ18,253,262,275,284,288,292,294,296,307,314,318,323,327,328,329,330,331,342,343,345,346,348,350,358,359,364,366,368,370,374,379,381,385,386,390,391,396,398,399,404,406,410,413,414,420,421,425,426,427,429,430,436,438,439,440,441,445,449,453,455,460,461,464,467,468,472,473,474,475,477,478,481,485,490,496,497,502,506,507,514,521,524,525,526,528,530,532,534,542,543,544,546,551,555,558,561,563,566,569,573
OZ19,262,278,288,292,296,307,313,317,325,330,339,342,350,354,355,358,359,361,365,385,390,396,401,402,413,414,418,425,426,428,430,437,438,440,443,451,453,454,455,458,459,469,472,473,475,477,478,483,484,485,489,491,492,494,496,500,503,510,514,515,517,519,521,524,526,540,543,544,546,552,566,568
OZ20,237,273,278,283,284,288,290,292,294,296,299,315,317,318,327,328,330,331,335,348,350,352,353,354,357,361,365,366,368,371,378,379,381,382,386,389,391,397,398,400,401,402,405,406,408,409,410,412,414,416,418,420,421,424,428,429,430,435,436,440,441,442,445,449,453,456,458,462,468,469,474,475,480,485,490,491,492,494,496,498,502,504,505,506,510,513,514,517,521,523,524,531,532,533,534,540,541,542,543,544,545,552,553,554,555,556,557,563,565,567,569,570,572,573,574,575
OZ21,275,278,283,292,294,296,307,313,317,325,330,339,351,355,356,358,359,361,365,373,385,386,390,394,396,399,401,402,409,410,411,413,414,418,425,426,428,437,438,440,443,449,450,451,453,454,457,458,459,460,469,472,473,475,477,478,483,491,492,494,496,501,503,505,510,514,515,521,524,526,528,530,531,540,543,544,546,563,566,568,569,574
OZ22,273,281,284,288,296,307,312,318,320,323,325,327,328,331,332,337,339,342,348,350,352,358,363,366,368,375,386,388,389,396,397,398,399,400,403,404,413,414,418,421,422,423,425,429,430,432,435,440,443,450,451,452,453,454,456,460,462,468,472,473,474,475,476,477,480,481,482,484,486,489,494,496,498,499,500,503,506,508,513,514,515,518,520,524,525,530,532,534,544,546,552,554,557,558,563,567,568,573
OZ23,288,294,296,307,312,313,314,315,316,318,322,327,328,332,335,337,339,341,342,344,346,350,353,356,357,363,365,366,371,374,375,376,379,382,384,385,390,394,401,403,407,410,411,412,414,421,426,427,428,429,431,432,434,440,445,449,457,459,460,461,464,465,467,470,471,472,474,475,478,481,482,485,486,490,493,494,497,501,502,506,508,518,519,520,524,525,526,530,531,533,534,541,542,544,552,553,556,563,569,570,571,575
OZ24,294,296,307,312,314,315,316,317,322,327,328,330,332,335,337,339,341,342,344,346,350,353,356,357,358,359,363,365,366,371,374,375,376,379,382,384,385,390,394,396,401,403,407,410,411,412,413,414,421,425,427,429,431,432,434,443,445,457,459,460,461,464,465,467,470,471,472,473,474,481,482,485,486,490,493,494,497,501,502,506,508,514,518,520,524,525,526,531,533,534,541,542,543,545,552,553,556,563,569,570,571,575
OZ25,281,284,290,296,312,313,314,317,325,327,328,330,332,337,339,342,345,348,350,352,359,363,364,368,373,375,389,397,398,399,400,403,404,405,406,414,416,421,422,423,424,426,428,430,432,435,437,438,447,449,450,451,452,453,454,456,462,472,477,478,480,481,482,484,486,489,494,496,498,500,502,503,508,514,515,516,518,519,520,524,525,542,545,552,554,557,558,563,565,567,568,573
OZ26,283,296,307,312,313,314,315,316,318,322,327,328,332,335,337,341,344,346,350,353,354,357,363,365,366,371,373,374,375,376,378,379,381,382,384,385,386,390,394,399,401,403,407,409,411,412,414,421,426,427,428,429,430,431,432,434,440,445,450,457,459,461,464,465,467,470,471,472,474,475,478,481,482,484,486,489,490,493,494,497,500,501,502,504,505,506,508,517,518,520,524,525,526,531,533,534,541,542,544,552,553,556,570,571,574,575
OZ27,278,284,292,296,307,312,314,315,316,317,320,322,325,327,330,332,335,337,342,344,347,348,350,353,355,356,357,359,361,363,366,368,370,371,373,374,375,376,382,384,385,386,394,398,399,402,403,404,407,411,412,414,418,421,422,425,427,429,431,432,434,437,438,439,440,443,449,451,454,456,457,458,465,467,469,470,472,473,474,475,477,480,482,483,485,486,491,492,493,501,502,503,506,508,510,515,518,519,520,521,524,529,531,533,534,540,541,542,544,553,556,558,568,569,570,571,573,575
OZ28,292,299,306,307,315,317,320,323,325,327,330,335,341,345,347,350,353,354,355,356,357,364,368,370,374,378,379,381,382,385,388,389,390,391,393,397,399,400,408,409,412,418,420,421,424,428,430,435,436,439,440,442,447,449,450,451,453,454,457,458,459,460,462,471,472,475,476,477,480,483,489,498,499,503,504,506,515,516,517,519,523,526,529,531,534,541,544,546,547,553,554,555,556,557,563,566,568,569,570,572,573,575
OZ29,284,296,318,320,346,348,354,356,358,368,371,374,379,385,386,393,396,398,399,404,409,413,414,422,430,440,441,445,450,453,456,457,460,461,464,472,475,480,481,484,485,489,496,497,500,514,517,519,524,525,530,543,544,546,558,563,566,573
OZ30,296,299,306,312,314,316,322,328,332,337,339,342,344,345,347,354,359,361,363,366,370,371,373,375,376,378,379,381,384,386,388,389,390,391,393,397,400,402,403,404,407,408,409,414,418,420,422,424,425,427,428,429,430,431,432,434,435,436,437,438,439,442,443,445,447,450,453,456,458,459,460,462,465,467,469,470,473,474,476,482,485,486,489,490,491,493,494,498,499,502,504,508,510,516,517,518,520,521,523,524,526,529,531,532,533,540,542,546,547,552,554,555,557,558,563,566,567,569,571,572
OZ31,299,306,312,314,316,318,320,322,328,332,337,339,342,344,345,346,347,356,358,359,361,363,366,368,370,373,374,375,376,378,384,385,388,389,390,391,396,397,399,400,402,403,407,408,413,418,420,424,425,427,428,429,431,432,434,435,436,437,438,439,440,441,442,443,445,447,457,459,461,462,464,465,467,469,470,472,473,474,475,476,480,481,482,484,486,490,491,493,494,496,497,498,499,500,502,504,508,510,514,516,518,519,520,521,523,525,526,529,530,531,532,533,540,542,543,544,547,552,554,555,557,561,572,573
OZ32,307,313,314,316,317,318,328,330,339,341,347,358,359,370,381,394,396,403,411,413,422,425,426,428,439,440,443,471,473,475,480,486,490,494,501,506,514,519,522,529,530,531,534,543,544,545,552,561,571,573
OZ33,315,317,319,322,325,327,330,332,335,337,339,341,342,346,353,355,356,357,359,360,361,366,373,375,376,378,379,381,382,386,390,393,399,402,407,409,412,421,422,425,427,429,432,434,436,437,440,441,443,449,450,451,453,454,461,464,465,467,469,470,473,474,475,478,480,481,482,483,485,491,493,496,497,499,502,503,504,505,510,515,518,519,520,522,525,526,529,531,540,542,545,546,550,553,556,566,567,568,569,570,571,573,574,575
OZ34,290,312,313,317,318,319,320,330,332,339,341,344,345,347,350,354,356,358,359,360,363,370,373,378,381,384,389,390,396,399,405,406,413,416,421,422,424,425,426,428,430,431,436,437,438,439,440,445,447,449,451,454,473,475,477,478,480,484,489,497,499,500,502,503,504,505,508,515,516,517,519,526,531,533,541,542,543,545,546,550,554,563,565,569,573,574
OZ35,314,316,324,325,327,329,330,331,341,342,345,346,347,348,350,355,356,359,361,365,366,368,369,370,371,373,377,379,391,393,394,397,398,402,403,404,406,409,411,414,420,421,425,426,427,429,430,436,437,439,449,450,451,454,458,459,461,464,467,468,469,471,473,474,481,483,484,485,486,491,494,495,497,500,501,502,503,506,507,510,515,519,522,524,525,529,530,531,534,540,542,545,547,552,555,558,568,569,571,573
OZ36,306,316,318,324,327,330,331,341,342,344,345,359,363,366,368,371,373,378,379,391,393,394,397,401,403,406,409,411,414,420,421,422,425,426,427,429,430,431,445,450,467,468,471,473,474,480,484,485,486,494,496,498,499,500,501,502,504,508,522,524,529,530,533,541,542,544,545,546,547,552,555,561,563,569
OZ37,312,316,319,324,325,327,329,330,331,339,342,345,346,347,348,350,354,355,356,359,360,361,365,366,368,369,370,371,373,377,379,381,384,386,391,393,394,397,398,399,402,403,404,406,409,411,414,420,421,422,425,426,427,429,436,437,439,449,450,451,454,458,459,460,461,464,467,468,469,471,473,474,480,481,483,486,489,491,494,495,497,501,502,503,505,507,510,515,517,522,524,525,529,531,540,541,542,544,545,547,550,552,555,558,561,563,568,574
OZ38,313,316,317,318,323,328,330,339,341,347,353,355,359,364,370,374,381,385,401,403,414,418,425,426,428,437,439,443,449,451,454,457,459,469,471,473,483,486,490,492,494,503,515,522,523,524,529,530,532,535,540,545,546,552,556,561,563,569,570,571
OZ39,316,320,325,328,330,339,341,342,345,346,347,355,356,368,370,378,379,381,382,386,393,396,399,401,403,404,405,409,418,422,437,439,440,449,450,451,454,456,458,459,460,461,464,469,471,475,478,480,481,483,486,490,491,492,494,497,503,504,514,515,519,521,522,523,525,529,540,543,545,552,553,554,558,563,565,568,569,573
OZ40,318,320,323,330,342,344,345,347,350,353,355,358,361,363,364,365,368,370,374,379,382,385,386,393,399,401,402,405,409,413,414,422,431,436,437,439,445,449,450,451,454,456,457,458,459,460,469,480,483,499,503,508,510,515,519,521,524,531,532,533,535,540,544,545,553,554,556,563,565,567,570,573
OZ41,317,320,324,327,328,329,330,331,339,348,349,350,353,354,361,365,366,369,371,373,377,378,382,388,391,396,397,398,399,401,402,405,406,414,418,420,422,424,427,429,436,437,438,439,440,441,443,446,447,456,468,474,475,476,485,489,490,492,495,502,504,506,507,510,514,516,517,523,524,534,542,543,546,547,553,554,557,558,561,562,563,564,565,570,571,575
OZ42,319,320,323,324,325,327,328,330,331,341,345,346,350,352,353,354,358,359,360,361,363,364,365,366,373,378,381,384,385,391,394,396,397,401,402,404,406,411,413,418,420,421,425,426,427,429,436,440,441,445,452,456,458,461,464,467,468,473,474,475,478,481,489,490,491,492,497,498,501,502,504,505,508,510,514,517,519,523,525,531,532,535,542,543,544,545,547,550,555,556,558,568,570,571,573,574
OZ43,323,324,325,327,328,329,330,331,339,342,345,346,348,353,356,358,359,361,364,365,366,368,369,371,373,374,377,378,379,381,385,386,388,391,393,396,397,398,401,402,404,406,409,413,418,420,421,424,425,426,427,429,430,436,438,440,449,450,451,457,458,460,461,464,467,468,473,474,475,476,478,481,484,485,490,491,492,495,497,500,502,504,507,510,514,515,519,523,525,530,532,535,542,543,544,545,547,555,556,558,563,568,569,570,571,573
OZ44,324,325,327,329,330,331,341,342,345,346,347,348,354,355,356,359,361,365,366,368,369,370,371,373,377,378,379,386,391,393,397,398,399,402,404,406,409,414,420,421,422,425,426,427,429,436,437,439,449,450,451,454,458,459,460,461,464,467,468,469,471,473,474,478,480,481,483,489,491,495,497,502,503,504,507,510,515,517,524,525,529,540,542,545,547,555,558,561,563,568
OZ45,327,335,342,347,350,354,363,366,368,370,371,373,379,381,386,393,399,409,420,421,422,427,428,429,430,431,439,445,450,460,467,474,484,488,489,500,502,508,517,529,533,542,546,555,561,569
OZ46,320,325,328,332,339,341,342,344,345,346,354,355,363,368,378,379,381,382,388,389,390,393,394,396,401,404,405,409,411,418,421,422,430,431,436,437,440,443,445,450,456,458,459,461,464,469,471,475,476,477,478,480,481,483,484,489,490,491,492,499,500,501,504,508,514,517,519,521,523,525,526,529,530,533,540,543,545,554,558,565,568,573
OZ47,325,330,332,346,350,355,358,359,361,365,378,386,389,390,394,396,401,402,404,411,413,421,422,424,428,437,438,440,443,449,451,459,460,461,464,469,475,477,478,481,483,485,491,501,504,510,514,515,519,525,526,530,531,540,543,544,545,553,558,561,563,567,568,569,571,573
OZ48,328,330,332,339,341,342,344,350,359,361,363,365,368,373,376,379,382,393,401,402,404,407,409,412,418,420,428,431,434,436,437,440,445,447,449,450,451,453,459,465,470,471,475,490,492,493,496,499,502,508,510,515,516,519,521,523,529,530,531,533,542,543,546,553,566,573
OZ49,330,332,344,347,350,356,363,370,378,381,388,389,390,421,431,436,439,443,445,449,451,454,476,477,478,480,485,497,499,503,504,508,515,526,531,533,553,569
OZ50,344,347,350,354,356,358,363,370,376,378,381,386,389,390,394,396,401,404,407,411,413,420,421,424,430,431,434,436,438,439,440,443,445,453,460,465,470,475,477,480,484,489,493,496,497,499,500,501,504,508,514,517,519,526,530,533,543,544,566,573
OZ51,353,354,355,361,365,374,376,385,386,389,390,394,402,404,407,411,414,420,421,424,430,434,437,438,443,449,451,453,454,457,459,460,465,469,470,477,483,484,489,493,496,497,500,501,503,510,515,517,519,524,526,530,531,535,540,546,556,563,566,569,570,573
OZ52,332,342,345,354,355,356,361,368,371,373,374,376,378,379,381,385,388,393,394,396,399,402,404,405,407,409,411,412,414,420,422,424,430,434,438,441,447,449,450,451,453,454,457,465,469,470,476,483,484,485,489,493,496,500,501,502,503,504,510,514,515,516,517,524,530,531,540,542,546,554,565,566
OZ53,352,354,355,358,361,363,375,381,388,394,396,397,399,400,401,402,403,411,413,414,422,423,424,425,430,435,437,438,440,445,454,459,469,473,475,476,480,482,483,484,485,486,489,494,498,500,501,503,506,508,510,514,517,519,524,530,531,534,540,543,544,552,557,561,571,573
OZ54,322,329,335,337,341,348,350,355,356,361,366,368,369,373,374,375,376,377,378,381,382,385,386,388,393,394,396,397,398,399,400,401,402,404,405,408,409,411,420,421,422,425,427,429,430,431,432,434,435,440,441,442,447,449,450,451,453,456,457,460,462,467,471,473,474,475,476,477,482,483,484,485,488,492,495,496,497,500,501,502,504,506,507,510,514,515,516,518,520,522,530,531,532,534,542,543,546,547,555,557,558,563,565,566,571,572
OZ55,329,335,337,341,342,348,350,355,358,359,361,364,366,369,374,375,376,377,379,380,381,382,385,387,388,393,397,398,400,401,402,404,405,408,409,412,413,418,420,421,425,427,428,429,430,431,432,434,435,437,440,441,442,453,454,456,457,459,462,467,471,473,474,475,476,477,478,482,483,484,485,488,490,492,495,496,497,500,503,506,507,510,518,519,520,521,534,543,544,546,547,555,557,558,561,565,566,569,572,573
OZ56,342,350,354,386,388,394,411,422,424,430,438,449,451,453,460,476,484,485,489,496,500,501,515,517,519,530,531,546,563,566,569,573
OZ57,350,354,378,381,389,391,394,411,421,427,428,437,443,447,449,451,484,489,500,501,504,515,516,517,530,531,555,558
OZ58,354,355,361,386,388,389,391,394,402,411,421,422,424,427,428,438,443,447,449,451,454,459,460,469,476,483,484,489,500,501,503,510,515,516,517,519,530,531,540,555,558,563,569,573
OZ59,357,386,388,389,391,394,411,421,422,424,427,428,430,437,438,443,447,476,485,501,516,519,546,555,558,563,569,573
OZ60,331,345,349,356,358,361,365,366,368,371,373,374,376,379,385,389,390,393,399,402,404,405,407,409,412,413,414,420,421,422,424,429,434,437,438,439,440,441,443,447,449,450,451,454,457,459,465,468,470,474,475,477,480,485,492,493,497,499,502,503,510,515,516,523,524,526,542,544,564,565
OZ61,337,345,349,351,356,359,361,363,364,365,374,375,376,379,380,382,385,387,391,393,394,396,397,399,400,401,402,404,405,406,408,409,411,412,418,420,421,422,424,426,427,428,432,434,435,436,438,439,441,442,445,456,457,458,462,467,469,477,478,480,482,484,485,490,497,499,500,501,506,508,510,514,518,520,521,523,530,531,533,534,540,543,546,547,551,552,553,554,555,557,558,563,564,565,567,569,571,572
OZ62,351,355,358,365,376,381,389,390,396,399,401,404,406,407,413,420,421,424,434,437,438,440,443,449,451,453,456,458,465,470,475,477,480,483,485,493,496,497,514,515,519,523,526,543,544,551,552,561,563,566,567,569,571,573
OZ63,355,356,358,361,368,373,379,382,388,389,391,393,396,399,402,409,412,413,421,424,427,428,430,437,438,443,450,453,469,476,478,483,485,496,502,510,514,540,542,544,555,558,563,566
OZ64,335,347,361,365,366,368,370,371,373,376,379,380,387,388,389,390,391,393,396,401,402,403,404,405,408,409,420,422,423,428,429,430,431,434,439,440,442,443,449,450,451,454,456,458,459,467,469,474,475,476,477,480,485,486,488,489,494,497,502,503,510,514,515,523,526,529,540,541,542,543,544,547,552,565,566,567,571,572
OZ65,345,347,358,363,365,368,370,371,373,374,379,385,388,389,391,393,394,399,401,405,409,411,413,414,421,424,426,427,428,430,431,436,438,439,441,443,445,449,450,451,453,457,476,479,480,482,485,496,499,501,502,508,515,524,531,533,535,542,543,544,553,554,555,556,558,563,565,566,569,570
OZ66,356,358,368,373,379,382,386,389,391,393,394,396,399,409,411,412,413,421,422,427,430,437,443,447,449,450,451,453,454,459,460,478,485,496,501,502,503,514,515,516,519,530,531,542,544,555,558,566,569,573
OZ67,376,386,388,389,391,394,407,411,420,421,424,427,430,434,438,443,449,451,453,454,460,465,470,476,485,493,496,501,503,515,519,530,531,555,558,566,569,573
OZ68,341,349,361,364,368,371,375,379,380,381,387,391,393,397,399,400,402,404,407,408,409,414,421,422,424,427,431,435,438,439,442,453,454,462,465,467,470,471,477,479,484,485,492,493,496,497,500,503,506,510,518,519,523,524,529,534,535,546,547,555,556,557,558,561,564,566,569,570,572,573
OZ69,347,349,365,368,370,374,375,379,385,386,389,390,391,397,399,400,407,408,427,431,435,441,442,443,453,457,460,462,465,467,470,479,484,493,496,500,506,518,526,532,534,535,547,555,556,557,558,564,566,570,571,572
OZ70,358,361,365,388,389,390,396,401,402,404,413,421,428,437,440,443,447,459,469,475,476,477,480,485,497,510,514,516,523,526,530,540,543,544,546,563
OZ71,363,364,373,381,382,388,389,393,401,404,409,412,421,430,437,440,443,445,447,450,453,459,462,475,476,477,478,480,484,489,496,497,500,502,508,516,518,530,533,542,543,546,561,566,569,571
OZ72,349,364,365,366,373,375,381,388,390,396,397,399,400,401,403,405,414,422,423,424,428,429,430,435,438,439,440,449,450,451,454,456,458,459,462,469,474,475,476,479,480,484,485,486,489,492,494,500,502,503,506,514,515,518,519,524,526,534,535,540,541,542,543,544,552,556,557,561,564,565,566,567,569,570,571,573
OZ73,361,365,366,373,374,385,388,390,396,399,401,402,403,405,407,408,414,421,423,424,428,429,430,438,440,441,442,449,450,451,453,456,457,458,462,465,467,470,474,475,476,480,484,485,486,492,493,494,496,500,502,510,514,515,518,523,524,526,532,541,542,543,544,547,552,563,565,567,571,572
OZ74,359,366,371,382,384,385,389,391,394,396,399,400,403,404,405,408,411,412,414,422,423,424,428,429,433,435,438,443,446,452,454,456,458,462,466,467,469,474,477,478,480,484,486,488,492,494,497,500,501,503,514,518,519,521,524,530,531,532,540,546,547,552,562,563,565,567,569,571,572,573
OZ75,365,375,381,394,400,411,412,428,435,436,437,440,447,449,451,454,459,475,479,499,501,503,506,515,516,530,531,534,535,546,556,557,561,563,570,571
OZ76,364,386,388,391,394,400,408,411,422,424,430,433,435,438,449,451,454,459,460,466,469,476,488,492,501,503,506,515,519,529,530,531,532,534,540,557,563,569,572,573
OZ77,366,373,374,375,381,385,389,390,394,396,397,399,400,401,403,404,405,407,411,412,423,424,427,429,433,435,436,437,438,441,442,443,447,449,450,451,453,454,456,457,458,465,466,467,469,470,474,477,479,480,486,492,493,494,496,497,499,501,502,503,506,514,515,516,526,531,534,540,541,542,543,544,552,557,561,563,565,567,570,575
OZ78,371,373,374,375,380,385,386,387,393,396,399,400,401,403,405,408,409,414,423,427,433,435,437,440,441,447,449,450,451,456,457,458,460,466,475,479,480,485,486,489,494,502,506,514,515,516,524,534,541,542,543,544,547,552,557,563,565,566,567,570,572,575
OZ79,374,375,385,386,388,390,394,397,400,408,411,412,422,424,427,428,430,433,435,436,437,438,440,441,447,454,457,459,460,462,466,475,476,479,484,499,500,501,503,506,516,518,519,526,531,532,534,547,557,563,569,570,571,572,573,575
OZ80,380,382,384,385,386,387,390,391,393,400,401,407,408,409,414,424,427,430,435,436,438,442,446,452,453,460,465,470,477,478,480,481,488,491,493,496,499,521,524,525,526,530,535,543,545,556,562,566,572,575
OZ81,384,385,388,391,396,397,399,401,403,404,405,407,423,424,428,430,433,437,438,440,442,446,447,452,453,456,458,459,465,466,469,470,475,476,481,486,491,492,493,494,496,497,506,514,516,521,525,529,534,535,540,543,545,546,552,555,556,557,558,562,565,566,567,575
OZ82,394,411,422,428,437,447,449,451,454,501,503,515,516,519,530,531,546,563,569,573
OZ83,375,381,386,389,390,391,399,400,403,408,412,421,422,423,433,435,436,440,443,459,460,462,466,475,479,484,485,486,494,499,500,506,518,519,526,532,534,547,552,555,557,558,561,563,569,570,571,572,573,575
OZ84,381,386,389,396,399,401,403,404,405,421,422,423,428,437,440,443,447,449,451,456,458,460,475,486,489,494,497,514,515,516,519,530,543,546,547,552,561,565,567,569,571,573
OZ85,373,386,389,390,391,397,399,400,403,404,407,408,412,414,421,423,427,435,436,437,440,442,443,446,447,449,450,451,453,460,462,465,469,470,475,480,481,484,486,488,489,491,492,493,494,496,497,499,500,502,515,516,518,521,524,525,526,529,532,535,540,541,542,544,545,552,556,562,572,575
OZ86,386,390,396,405,407,424,427,433,436,438,440,442,446,453,456,458,460,465,466,470,475,477,481,491,493,496,499,506,514,521,525,526,534,535,545,556,557,562,565,566,567,575
OZ87,390,396,399,403,405,407,423,424,427,428,433,436,437,438,440,442,446,447,449,451,453,456,458,465,466,470,475,477,481,485,486,489,491,493,494,496,499,506,514,515,516,521,525,526,530,534,535,545,547,552,556,557,562,563,565,566,567,575
OZ88,389,391,396,401,404,405,407,408,421,427,428,437,440,442,443,446,447,449,451,453,456,458,465,470,475,481,485,491,493,496,497,506,514,515,516,521,525,530,532,534,535,543,545,556,557,562,563,565,566,567,572,575
OZ89,391,408,428,433,437,447,449,451,466,515,516,530,532,572
OZ90,388,396,399,401,403,404,405,407,408,423,424,428,430,437,438,440,442,446,447,453,456,458,465,470,475,476,481,485,486,489,491,493,494,496,497,506,514,516,521,525,532,534,535,543,545,547,552,555,556,557,558,562,563,565,566,567,572,575
OZ91,396,397,401,405,407,414,427,433,440,442,446,453,456,458,465,466,470,475,481,485,489,491,493,496,506,514,521,524,525,534,535,543,545,547,556,557,562,563,565,566,567,575
OZ92,428,437,447,449,451,515,516,530
OZ93,400,407,427,433,435,442,446,453,459,465,466,469,470,481,488,491,492,493,496,521,525,529,535,540,545,546,556,562,566,575
OZ94,397,404,408,414,427,430,433,453,466,480,485,489,496,497,524,530,532,541,544,547,555,558,563,572
OZ95,399,403,423,424,438,462,477,484,486,494,500,518,547,552
OZ96,407,408,430,442,465,470,480,493,530,532,541,544,566,572
OZ97,401,404,408,412,427,430,433,440,453,459,466,475,480,496,497,530,532,541,543,544,546,555,558,572
