X0,0,195,241,409,525,564
X1,1,134,197,332,389,444
X2,2,154,382,386,396,439
X3,3,109,343,392,419,570
X4,4,82,95,194,334,370
X5,5,106,303,342,387,417
X6,6,35,100,120,324,353
X7,7,185,191,276,458,464
X8,8,194,246,436,511,555
X9,9,13,162,196,414,472
X10,10,197,220,495,532,554
X11,11,187,395,415,467,555
X12,12,279,355,468,502,557
X13,13,33,105,155,186,450
X14,14,151,160,244,273,426
X15,15,183,320,499,521,531
X16,16,144,240,321,443,544
X17,17,38,303,426,437,559
X18,18,179,375,416,498,564
X19,19,35,130,332,410,537
X20,20,149,166,188,345,413
X21,21,25,288,461,479,562
X22,22,113,174,269,517,561
X23,23,33,137,231,538,542
X24,24,31,152,243,439,556
X25,25,78,119,242,385,520
X26,26,43,99,241,331,449
X27,27,81,117,164,243,250
X28,19,28,156,287,424,526
X29,29,205,406,475,519,580
X30,30,248,274,408,440,453
X31,24,68,69,133,240,581
X32,32,88,139,333,474,571
X33,23,157,223,340,497,514
X34,34,142,184,242,465,543
X35,17,28,108,317,463,524
X36,36,161,192,409,548,572
X37,37,70,176,337,511,518
X38,38,47,67,127,195,401
X39,39,102,229,399,499,500
X40,40,50,68,132,228,331
X41,41,93,172,384,437,447
X42,42,140,309,358,415,572
X43,26,29,138,289,503,533
X44,44,114,116,288,301,348
X45,45,83,174,234,398,540
X46,46,74,273,325,362,463
X47,47,65,244,253,274,465
X48,48,50,199,246,293,448
X49,49,146,198,327,367,438
X50,37,48,92,135,196,328
X51,9,51,148,188,315,447
X52,52,112,255,319,337,416
X53,53,95,201,378,395,428
X54,54,210,335,467,505,568
X55,55,120,361,428,568,587
X56,56,261,263,291,450,506
X57,57,225,235,380,469,520
X58,58,216,227,294,470,521
X59,59,101,229,348,393,471
X60,11,60,161,198,247,522
X61,61,103,111,365,391,575
X62,62,172,291,350,417,472
X63,63,77,305,306,314,421
X64,4,64,173,251,349,464
X65,65,76,186,203,374,443
X66,66,111,151,170,184,189
X67,6,64,105,171,321,584
X68,40,144,173,436,457,570
X69,31,141,204,323,451,459
X70,70,179,333,371,442,509
X71,71,137,360,372,402,456
X72,36,72,77,99,270,581
X73,73,116,271,381,484,585
X74,46,72,247,254,340,452
X75,15,75,143,277,292,452
X76,76,101,125,183,261,585
X77,74,83,189,193,272,473
X78,21,147,187,346,431,448
X79,79,130,206,221,434,587
X80,80,115,286,308,390,407
X81,27,128,245,290,462,518
X82,82,88,117,176,300,345
X83,45,165,226,256,389,462
X84,84,94,136,167,330,351
X85,85,219,281,343,432,513
X86,86,213,433,538,577,584
X87,87,136,342,357,377,427
X88,32,282,338,475,507,515
X89,89,100,119,299,390,574
X90,90,92,280,347,371,526
X91,91,169,276,284,438,541
X92,90,94,239,278,326,552
X93,41,49,67,166,192,250
X94,57,84,220,339,386,451
X95,53,58,283,309,466,576
X96,96,178,200,315,445,540
X97,97,110,202,234,535,577
X98,18,98,266,352,449,546
X99,63,391,405,473,565,566
X100,89,141,281,318,502,573
X101,59,224,369,373,445,519
X102,102,132,150,182,266,308
X103,61,265,388,429,481,582
X104,104,107,127,295,307,375
X105,1,51,66,230,397,398
X106,14,106,154,185,351,530
X107,107,252,255,356,430,434
X108,96,108,344,368,384,420
X109,3,114,134,268,298,376
X110,110,150,226,260,425,583
X111,103,123,133,212,264,314
X112,52,206,245,275,429,444
X113,113,122,200,219,341,504
X114,44,138,148,258,312,373
X115,39,71,115,267,385,441
X116,73,153,214,329,374,440
X117,7,81,256,327,382,517
X118,42,118,294,313,341,539
X119,78,155,181,253,402,525
X120,55,311,356,359,468,488
X121,62,121,218,336,546,583
X122,22,85,146,262,279,430
X123,123,210,282,394,431,496
X124,124,212,217,353,505,544
X125,104,125,227,366,379,404
X126,126,128,310,357,405,582
X127,30,126,232,330,493,558
X128,20,129,305,313,469,548
X129,79,223,378,388,435,523
X130,131,271,302,361,485,550
X131,80,152,215,228,553,573
X132,69,160,203,254,396,531
X133,16,109,153,238,249,560
X134,87,135,290,302,350,425
X135,43,162,181,293,312,461
X136,34,139,236,322,453,460
X137,0,140,287,316,442,456
X138,142,230,235,413,554,571
X139,143,216,326,392,423,516
X140,145,171,280,397,410,414
X141,122,168,364,369,482,527
X142,147,257,344,358,424,504
X143,129,259,297,427,549,565
X144,97,233,272,354,446,549
X145,5,297,364,383,480,539
X146,93,177,336,367,512,557
X147,156,163,221,325,360,514
X148,157,175,237,277,501,552
X149,158,190,249,347,423,524
X150,159,207,217,317,476,560
X151,60,159,284,335,362,446
X152,163,193,252,267,508,561
X153,164,215,310,401,408,487
X154,165,182,191,376,457,471
X155,149,258,259,334,411,536
X156,167,268,495,516,534,576
X157,2,118,269,320,380,441
X158,169,338,352,512,528,533
X159,145,170,251,278,510,530
X160,121,202,355,478,547,569
X161,175,365,370,455,510,523
X162,177,236,346,420,515,563
X163,178,211,231,494,529,535
X164,75,98,319,399,418,579
X165,180,224,372,483,494,500
X166,190,295,383,470,488,559
X167,8,112,262,292,419,522
X168,10,316,466,474,483,580
X169,12,199,248,412,553,563
X170,131,201,301,377,534,536
X171,180,204,275,418,491,532
X172,205,208,482,490,496,586
X173,91,207,222,285,545,551
X174,208,329,339,454,492,493
X175,209,283,404,406,435,578
X176,168,238,323,492,513,551
X177,211,265,318,478,489,491
X178,124,299,363,489,543,575
X179,86,233,289,349,411,541
X180,158,214,311,328,412,550
X181,218,296,366,477,498,506
X182,222,400,459,501,528,579
X183,225,381,394,421,454,479
X184,209,232,477,481,490,569
X185,213,270,422,497,503,578
X186,237,263,403,542,545,567
X187,239,296,322,403,509,558
X188,257,298,432,537,562,574
X189,260,304,324,407,433,485
X190,56,285,387,393,458,527
X191,264,300,400,455,507,556
X192,286,307,486,487,508,566
X193,304,306,379,422,484,486
X194,363,368,460,476,529,567
OX0,127,137,148,155,160,162,182,184,185,186,188,195,196,202,203,206,220,224,226,230,234,236,241,242,252,262,263,267,268,269,270,271,272,274,275,277,279,280,282,285,287,289,291,293,295,296,297,300,301,303,306,313,316,324,328,331,334,338,339,341,347,348,350,352,354,355,356,358,360,361,364,366,369,370,372,373,374,378,381,382,383,385,390,392,394,395,396,401,402,403,405,406,409,411,412,415,417,418,419,421,423,427,428,429,430,434,435,439,440,443,444,445,446,448,449,450,451,452,454,457,458,460,462,464,465,466,468,469,470,471,474,475,477,479,480,481,484,490,493,495,497,498,500,502,503,506,507,508,510,515,519,520,522,525,526,527,531,535,536,538,541,543,546,549,550,552,554,555,557,563,566,569,570,572,573,579,582,583,584,585
OX1,141,148,162,173,174,176,181,182,185,187,191,192,193,195,196,198,203,206,215,216,220,224,226,227,234,235,236,238,242,243,244,246,248,255,256,258,262,265,268,269,270,272,274,276,278,280,285,287,288,289,290,292,293,295,297,298,299,302,303,305,306,311,313,315,317,319,320,321,322,323,325,328,330,331,332,333,334,337,339,340,341,342,343,347,348,349,351,352,353,354,357,358,359,361,364,365,368,370,372,373,374,377,378,380,381,382,386,387,388,392,394,401,404,410,412,416,417,418,421,423,426,428,431,435,436,438,441,442,443,446,447,449,451,452,454,455,456,457,461,463,464,465,471,472,477,482,484,485,487,488,489,491,492,494,495,500,501,503,510,511,512,515,518,519,521,524,525,529,531,534,536,540,541,545,547,548,551,558,559,564,565,566,567,568,569,570,576,578,579,585
OX2,137,148,182,185,188,191,202,215,226,229,234,243,250,256,266,267,270,272,276,289,293,306,307,312,324,327,331,345,349,354,360,372,379,382,385,390,399,402,411,413,425,441,446,456,458,461,464,484,485,487,497,499,500,503,508,517,535,538,541,549,553,566,573,578,583,584
OX3,176,184,185,191,206,215,216,227,230,235,236,242,243,246,248,250,255,256,262,271,274,275,278,282,290,292,294,297,300,301,302,303,309,319,322,327,330,333,334,337,338,342,345,349,351,357,361,364,370,377,378,382,383,387,395,401,404,405,406,413,416,417,419,428,429,435,436,440,444,460,462,464,465,466,470,474,475,477,480,481,485,487,490,493,507,510,511,515,517,518,521,522,534,536,539,543,550,554,555,558,569,576,578,582
OX4,144,148,162,174,181,182,187,189,191,192,193,196,198,217,220,226,234,238,240,241,254,256,258,268,270,271,272,273,276,280,285,288,289,293,295,298,301,305,306,311,314,315,316,317,321,325,328,331,332,335,338,339,340,343,347,348,352,373,374,381,383,391,392,395,400,405,406,409,410,412,415,419,421,423,438,440,443,444,446,447,449,452,454,457,459,461,462,463,466,467,470,471,472,474,475,476,482,483,484,488,490,492,493,495,496,501,503,512,519,522,524,532,540,541,544,545,548,550,551,554,555,559,565,566,570,572,579,581,585,586
OX5,148,160,162,173,174,181,182,185,187,189,191,192,193,195,196,198,203,217,220,226,234,238,254,256,258,268,269,270,271,272,273,280,285,287,288,289,293,294,295,298,301,305,306,309,311,313,314,315,317,320,321,325,328,331,332,335,338,339,340,341,343,347,348,352,358,373,374,380,381,382,383,386,391,392,395,396,400,405,406,410,412,419,421,423,438,439,440,441,442,443,444,446,447,449,452,454,456,457,458,459,461,462,463,464,466,467,470,471,472,474,475,476,482,483,484,488,490,492,493,495,496,501,503,512,519,522,524,525,532,539,540,541,544,545,548,550,551,554,555,559,564,565,566,570,579,581,585,586
OX6,162,174,181,182,183,184,187,189,192,193,195,196,198,206,215,217,220,226,227,230,234,236,242,243,250,255,262,266,268,269,271,272,273,274,275,277,279,280,282,285,287,296,297,300,301,303,312,313,316,317,325,327,328,334,335,339,340,341,345,347,349,350,355,358,361,364,370,375,376,378,381,383,387,389,392,394,398,399,400,401,403,404,405,406,412,413,417,418,419,421,423,425,427,428,429,435,438,439,440,441,444,446,448,449,451,454,456,458,459,460,461,463,465,466,467,468,469,470,471,473,474,475,476,477,479,480,481,485,487,490,493,495,498,499,501,502,507,510,512,515,517,520,525,526,533,536,540,541,543,545,546,548,550,551,552,553,554,557,560,563,569,570,578,582
OX7,173,183,185,186,192,196,220,224,227,229,238,241,252,253,254,255,263,268,269,270,271,274,276,280,285,287,288,289,291,293,294,297,298,301,306,307,309,311,314,315,320,321,328,331,332,334,339,341,343,347,356,358,366,369,375,376,379,380,381,382,383,386,387,389,391,392,398,401,404,405,406,409,410,411,412,415,419,421,423,427,430,434,439,440,441,442,444,445,447,449,450,454,456,461,464,465,466,469,470,471,472,473,474,475,482,483,484,488,490,492,493,495,496,503,506,524,525,527,531,532,533,536,539,544,548,549,550,554,559,560,564,566,570,572,581,586
OX8,155,160,174,181,182,183,186,187,188,189,191,193,195,198,203,217,224,226,227,229,234,235,241,242,252,255,256,258,263,272,273,274,276,291,295,297,305,307,313,317,325,334,335,338,340,348,352,356,366,369,373,374,375,376,379,387,389,395,396,398,400,401,404,409,411,413,415,427,430,434,438,443,445,446,450,452,457,458,459,462,463,465,467,469,473,476,501,506,512,519,522,527,531,533,536,540,541,545,549,551,554,555,560,565,571,572,579,585
OX9,160,182,185,189,195,226,234,241,244,269,272,273,276,287,294,309,313,316,320,341,358,376,380,382,386,389,396,398,409,415,426,439,441,442,456,457,458,462,464,471,473,525,539,540,564,572
OX10,184,187,189,192,193,195,198,202,224,230,231,235,236,238,254,273,275,281,282,288,291,294,296,298,300,303,309,313,314,315,316,317,320,325,332,344,350,355,358,360,364,365,366,369,372,380,385,386,388,390,391,394,395,400,402,410,413,417,418,424,429,432,438,441,442,445,447,448,451,455,456,459,460,461,463,467,472,476,477,479,481,482,483,492,496,498,500,502,504,506,507,512,513,514,515,520,522,524,526,527,531,532,535,539,540,543,546,547,548,551,554,555,557,559,561,563,564,567,569,571,573,581,582,583
OX11,182,183,188,189,192,195,203,226,227,229,234,235,242,244,252,255,258,272,273,274,295,297,305,307,313,334,356,366,374,375,379,389,398,401,404,411,413,426,427,430,434,443,462,465,469,473,536,540,548,549,554,565,571,585
OX12,174,183,187,188,191,192,193,195,198,203,217,227,229,235,242,244,252,254,255,256,258,262,274,276,279,281,282,285,295,297,305,307,313,314,317,325,334,335,338,340,343,344,352,356,358,366,374,375,376,379,394,400,401,404,411,413,424,426,427,431,432,434,438,443,446,452,457,459,463,465,469,471,476,496,501,504,512,513,533,536,541,545,548,549,551,554,560,565,571,579,581,585
OX13,152,183,185,186,188,189,191,192,195,202,203,224,227,228,229,243,244,250,252,253,255,256,258,263,270,273,274,276,285,289,291,295,297,305,306,307,308,313,324,327,334,345,348,349,354,356,366,369,373,374,375,382,387,389,398,401,404,407,413,425,426,427,430,434,443,445,446,450,462,464,465,469,471,473,484,485,486,497,503,506,517,519,527,535,536,538,540,541,548,565,578,583,584,585
OX14,183,185,187,188,192,193,195,200,202,203,215,217,227,229,235,236,238,242,243,244,248,252,254,255,258,269,274,282,285,291,296,297,303,305,307,311,313,314,317,323,325,328,334,335,338,340,341,344,346,350,352,355,356,358,364,369,374,375,376,379,382,383,384,394,400,401,404,411,412,413,417,420,424,426,427,430,431,434,443,446,447,452,457,458,459,463,464,465,469,470,471,472,476,477,478,482,488,492,496,498,501,506,513,515,527,533,536,541,545,546,547,548,549,550,554,557,560,561,563,565,569,571,579,581,583,585
OX15,136,186,188,192,193,200,202,203,206,215,216,217,224,227,229,235,236,238,241,243,244,245,248,252,253,258,274,275,276,277,278,279,281,287,292,294,296,297,303,305,307,309,311,316,317,319,323,325,326,328,330,334,335,337,338,339,340,343,346,348,350,351,352,355,356,358,364,373,374,375,379,381,383,384,387,392,394,400,401,403,404,409,411,412,413,415,416,417,420,421,423,426,427,429,432,434,439,441,442,443,444,445,446,447,450,451,454,456,458,459,463,465,470,471,472,476,477,478,479,482,488,492,498,499,504,515,516,519,520,521,525,533,536,539,541,542,546,547,548,549,550,552,554,557,560,561,563,564,565,567,569,571,572,579,583,585
OX16,185,187,189,192,193,200,202,216,217,220,224,227,238,241,242,245,254,263,265,266,268,269,271,273,274,275,276,278,281,285,288,290,291,292,294,295,297,298,301,302,309,311,314,317,318,319,325,326,328,330,332,334,335,337,340,341,342,347,349,350,351,355,357,361,365,366,368,369,370,372,375,377,378,382,384,385,387,388,390,391,394,399,401,402,404,405,406,409,410,412,415,416,419,420,428,429,432,435,439,440,442,446,447,448,449,451,452,455,457,461,462,463,464,465,466,467,472,474,475,478,479,480,482,483,485,487,488,489,490,491,492,493,494,495,496,500,502,504,506,510,513,516,520,521,525,526,527,529,532,533,536,539,541,542,547,548,554,557,560,561,563,564,570,572,573,578,581,583
OX17,189,193,195,198,200,202,215,217,236,238,241,243,248,262,273,276,279,281,284,285,287,291,294,295,296,303,309,311,313,316,317,320,323,325,328,335,338,340,343,346,350,352,354,355,358,364,366,369,380,383,384,386,400,409,412,415,417,420,430,432,439,441,442,447,452,456,459,463,470,472,473,476,477,478,482,488,492,498,501,504,506,515,525,527,531,533,539,541,545,546,547,549,550,557,560,561,563,564,569,572,579,583
OX18,186,188,192,215,216,220,227,235,236,241,243,245,248,253,258,265,266,268,271,274,275,276,278,281,282,285,288,290,291,292,294,296,297,298,301,302,303,309,318,319,323,326,330,332,334,337,338,342,344,346,347,348,351,352,354,357,358,361,364,365,368,369,370,372,373,375,376,377,378,383,385,388,390,391,399,400,401,402,404,405,406,409,410,411,413,415,416,417,419,424,428,429,431,432,435,439,440,442,445,446,448,449,450,451,455,459,461,462,465,466,467,470,473,474,475,476,477,479,480,483,485,487,489,490,491,493,494,495,498,500,501,502,504,506,510,515,516,519,520,521,525,526,527,529,532,536,539,541,542,545,546,548,549,550,564,569,570,571,572,573,578,579
OX19,187,188,191,192,195,198,216,220,224,227,234,236,242,245,250,254,256,258,262,263,265,266,268,269,271,272,275,276,278,279,283,284,287,288,292,296,297,298,301,302,303,313,314,316,318,319,320,323,326,327,332,334,337,338,341,342,343,345,346,347,351,352,358,361,364,365,368,370,372,375,377,378,380,383,385,386,387,388,389,390,391,394,398,399,400,402,410,411,413,416,417,419,428,429,430,441,448,449,451,453,455,456,457,458,459,461,465,466,467,470,473,474,475,476,479,480,481,483,485,489,491,494,495,496,498,500,501,502,510,513,515,516,517,520,521,526,529,531,532,536,540,541,542,545,546,548,550,554,558,570,573,579,581,582
OX20,188,191,193,195,196,202,203,206,215,220,229,231,238,241,243,244,250,252,256,258,266,268,269,271,276,277,280,282,284,285,287,288,293,294,295,296,298,301,305,307,309,313,315,317,320,325,327,328,331,332,338,339,341,343,345,347,348,349,354,356,358,360,361,365,366,370,372,373,374,378,379,380,381,383,385,386,388,390,391,392,394,399,400,402,403,405,406,409,410,411,412,413,415,419,421,423,425,426,428,431,434,435,438,439,440,442,443,444,446,447,452,454,455,457,459,461,462,463,466,467,468,470,471,472,473,474,475,476,477,480,482,483,485,487,490,492,493,495,498,499,500,510,512,514,517,519,524,525,531,532,535,539,540,546,547,550,551,552,553,554,559,561,564,565,567,570,572,573,578,579,583,585
OX21,191,192,193,195,200,202,203,206,216,217,227,229,234,235,236,238,242,244,245,250,252,256,269,272,275,276,279,281,283,285,290,291,292,296,297,303,305,307,311,313,317,319,320,323,325,326,327,328,330,334,335,337,338,340,341,343,345,346,349,350,352,354,355,356,357,364,369,374,375,376,379,383,384,389,392,398,400,405,406,412,416,417,420,423,426,427,429,432,434,435,440,443,444,447,452,453,457,459,462,463,465,469,470,471,472,476,478,481,482,487,488,490,492,493,498,499,501,504,506,515,516,517,521,527,531,533,536,540,545,546,547,548,550,554,557,558,560,561,563,565,571,578,579,582,583,585
OX22,193,196,202,203,206,220,224,229,231,234,238,244,248,252,254,266,268,271,272,274,276,277,280,283,284,288,290,291,295,298,301,305,307,314,315,316,317,325,328,330,332,338,339,343,346,347,352,356,357,360,361,365,369,370,372,374,376,378,379,381,383,385,387,388,389,390,391,392,398,399,400,401,402,403,404,410,412,419,421,423,425,426,428,431,434,438,441,443,444,445,447,448,449,452,453,454,455,456,458,459,461,463,466,467,468,470,471,472,473,474,475,476,477,480,481,482,483,485,492,495,496,499,500,506,510,512,514,524,527,532,535,541,547,549,550,551,552,553,554,558,559,561,565,567,569,570,573,579,581,582,583,585
OX23,192,195,200,202,206,220,224,229,238,242,252,263,265,266,267,268,271,274,276,278,279,282,284,287,288,290,291,297,298,301,302,311,313,316,318,328,330,332,334,338,342,343,344,347,349,350,351,352,354,355,356,357,361,365,366,368,369,370,372,375,376,377,378,380,384,385,386,387,388,390,391,392,399,400,401,402,404,405,406,410,412,419,420,423,424,428,431,434,435,438,440,441,444,446,447,448,449,451,455,456,458,459,461,462,465,466,467,471,472,473,474,475,476,478,479,480,482,483,485,487,488,489,490,491,492,493,494,495,499,500,501,502,506,508,510,512,520,526,527,529,532,536,542,545,547,548,549,551,554,557,563,570,573,578,579,583
OX24,196,200,217,224,231,234,254,265,272,279,280,282,283,284,287,291,295,296,297,302,303,311,314,315,318,335,338,340,344,346,348,350,352,354,355,360,364,368,369,373,376,377,384,389,394,398,400,401,404,405,406,408,417,420,424,425,427,435,438,452,457,459,462,464,468,470,476,477,478,480,481,487,488,489,490,491,494,496,501,502,506,512,514,519,524,526,527,529,533,535,539,541,545,549,550,551,553,557,559,560,563,569,578,579,581,582
OX25,195,198,202,206,217,220,229,231,238,241,242,252,266,267,268,271,276,277,279,282,284,290,295,296,301,302,303,313,315,316,330,334,335,339,340,343,344,346,347,348,349,350,354,355,356,357,358,360,361,364,365,366,370,372,373,375,377,378,381,387,388,391,392,394,395,399,401,403,404,405,406,408,409,415,417,419,421,423,424,428,432,434,435,441,444,447,449,453,454,455,456,457,458,462,464,465,466,469,470,471,472,473,474,475,479,482,483,485,487,490,492,495,499,500,501,502,504,508,510,514,519,520,522,524,525,532,533,535,536,539,540,541,545,547,549,550,552,553,554,555,557,558,559,560,563,567,570,572,578,583
OX26,198,200,215,216,217,220,227,231,234,236,242,243,245,248,266,268,271,272,274,275,277,279,281,282,287,291,292,293,294,295,297,301,303,309,311,315,319,323,326,331,334,335,337,339,340,344,347,348,349,352,355,360,361,364,365,366,369,370,372,373,375,376,378,380,381,384,386,388,389,391,394,395,398,399,401,403,404,405,406,416,417,419,420,421,424,427,428,429,435,438,439,440,442,446,448,454,455,465,466,468,469,473,474,475,478,479,480,483,485,487,488,490,493,495,500,501,506,510,512,514,515,516,519,520,521,522,524,527,532,533,535,536,539,541,545,551,552,554,555,557,559,560,563,564,567,569,570,578
OX27,215,216,217,220,224,227,231,236,238,242,243,245,262,266,267,268,269,271,275,276,277,282,284,285,287,290,292,293,294,295,296,301,302,306,307,309,311,315,319,326,330,331,334,335,337,339,340,341,343,344,347,349,352,354,355,357,360,364,365,366,369,370,372,375,377,378,379,380,381,383,384,386,388,391,394,395,399,401,403,404,405,406,408,416,419,420,421,422,424,428,429,430,432,435,438,439,442,445,448,453,454,455,457,462,464,465,466,468,469,473,474,475,478,479,482,483,484,488,490,492,495,500,501,504,508,510,512,514,515,516,520,521,522,524,527,532,533,535,536,540,541,545,549,550,552,554,555,557,558,559,560,563,564,566,567,569,570,578
OX28,202,217,231,234,238,254,265,267,269,270,272,274,276,282,283,284,285,287,288,289,290,295,297,298,305,306,307,311,314,315,318,323,324,328,330,332,334,335,338,340,341,344,346,352,354,357,360,364,368,369,379,381,383,384,400,401,404,405,406,410,411,412,420,421,424,425,427,432,435,438,440,445,448,452,453,454,459,461,470,476,477,478,481,482,484,485,488,489,490,491,492,493,494,496,497,501,503,504,508,512,513,514,524,526,527,529,533,536,538,540,541,545,550,558,559,560,565,566,569,579,581,582,583,584
OX29,224,234,272,274,276,279,282,285,290,291,296,302,303,305,328,330,334,346,348,349,354,355,357,364,369,373,376,377,383,389,394,398,408,412,417,421,440,445,446,453,457,462,464,468,480,493,496,502,506,519,527,536,539,540,541,553,557,558,563,565
OX30,200,206,216,227,229,238,242,245,252,263,267,269,275,276,277,278,281,292,293,295,297,303,306,319,320,323,326,328,331,337,339,341,342,343,351,352,355,356,361,366,369,376,379,380,381,383,386,387,392,394,401,403,408,412,416,417,421,422,423,429,432,434,440,444,448,449,451,452,453,454,457,458,464,465,468,469,471,477,479,480,482,484,485,487,492,493,498,499,501,502,504,508,516,520,521,527,531,539,542,545,546,550,551,552,553,557,558,563,566,567
OX31,203,229,231,234,238,242,244,252,254,255,262,265,267,269,272,276,279,281,282,287,288,290,293,294,298,302,303,305,306,309,311,313,314,315,316,317,318,320,323,328,330,331,332,334,341,343,349,352,354,356,357,358,361,368,369,374,375,376,377,384,385,387,389,390,394,395,398,401,402,404,408,410,412,415,417,420,422,426,431,434,440,442,443,445,446,449,453,456,457,458,461,462,463,464,465,467,469,471,477,478,479,480,482,484,485,487,488,489,491,492,493,494,496,498,499,508,520,522,524,526,527,529,531,535,536,539,541,546,551,553,555,558,559,564,565,566,572,573,581,585
OX32,153,248,249,279,288,295,311,329,347,355,361,374,381,383,423,440,448,461,468,470,484,485,488,502,524,553,557,559,563,585
OX33,229,242,252,255,263,267,269,276,277,278,279,293,295,297,303,306,320,328,331,339,341,342,351,352,355,356,361,364,366,376,379,380,381,383,386,387,394,401,403,408,412,417,421,422,430,434,440,448,449,451,452,453,454,457,458,464,465,468,469,470,471,477,479,480,484,485,487,493,498,499,501,502,508,520,531,542,545,546,550,552,553,557,558,563,566,567
OX34,206,216,227,234,245,255,267,269,272,274,275,282,283,290,292,297,305,306,307,319,326,328,330,334,337,341,346,349,354,355,357,361,379,389,392,394,398,401,404,405,406,412,416,421,422,423,427,429,430,435,440,444,446,453,462,468,470,477,481,484,485,490,493,496,508,516,521,536,539,540,541,550,557,558,563,565,566,569,578,582
OX35,254,266,277,282,293,314,331,346,394,399,418,448,452,496,579,581
OX36,216,220,227,234,245,262,263,265,267,268,270,271,272,274,275,276,277,278,282,283,284,285,288,289,292,294,295,296,297,298,301,302,307,309,311,318,319,320,323,324,326,332,334,337,338,342,343,346,347,348,350,351,364,365,368,369,370,372,373,375,376,377,378,380,381,384,386,388,391,394,395,400,401,410,411,416,418,419,420,421,422,425,428,429,430,438,441,442,445,447,448,451,452,453,454,455,459,461,462,466,468,469,472,473,474,475,476,478,480,481,483,485,488,489,491,494,495,497,498,500,501,503,508,510,512,513,516,519,521,522,526,527,529,531,532,535,536,538,539,541,542,545,546,547,550,554,555,558,564,569,570,578,582,584
OX37,217,220,238,262,263,266,267,268,269,270,271,278,279,287,289,290,294,295,297,301,302,307,309,311,315,328,330,334,335,341,342,343,344,347,348,350,351,354,357,359,361,366,373,375,376,377,380,383,385,386,389,390,391,392,394,395,398,399,402,403,404,405,406,411,412,418,419,421,422,423,424,425,430,432,440,442,444,447,449,451,456,466,469,470,472,473,474,475,480,482,483,485,487,488,490,492,493,495,496,501,502,503,504,508,519,522,524,532,533,536,539,542,545,547,549,552,554,555,559,560,564,567,568,570,573,579
OX38,266,277,282,287,293,313,331,340,346,358,360,394,399,415,418,421,448,469,496,514,572,579
OX39,220,231,236,262,263,265,268,271,276,277,278,279,285,288,290,291,293,294,295,296,298,301,302,303,305,306,309,311,318,323,324,328,330,331,332,338,340,342,343,346,347,348,351,352,354,355,357,359,360,361,364,368,369,373,375,376,377,379,380,381,383,385,386,390,391,392,395,400,402,403,404,405,406,410,412,417,419,422,423,427,430,440,442,444,445,446,449,451,454,456,459,461,462,466,469,470,473,474,475,476,477,480,483,484,488,489,490,491,493,494,495,496,497,498,502,506,513,514,515,519,522,526,527,529,532,538,539,541,542,546,552,554,555,557,563,564,565,566,567,568,569,570,573,578,579,584
OX40,235,236,248,262,267,269,270,274,281,282,284,287,288,289,291,294,295,296,303,306,307,309,311,316,322,324,329,333,341,343,344,346,349,350,361,375,383,384,385,389,390,395,398,402,404,408,411,417,420,424,425,430,431,432,438,440,442,447,448,453,454,456,461,462,467,468,470,472,474,477,478,479,487,488,496,497,498,502,503,504,506,508,512,513,515,520,522,535,538,539,540,541,546,547,554,555,564,566,569,573,578,584
OX41,234,263,272,274,277,278,279,287,290,293,297,302,305,313,328,330,331,334,340,342,349,351,352,354,355,357,358,360,366,377,389,398,403,408,412,415,440,446,448,449,453,462,468,469,477,493,498,501,502,514,536,540,541,542,545,546,552,553,557,558,563,565,567,572
OX42,231,236,248,262,265,274,276,279,282,285,287,288,291,294,295,296,298,303,305,306,309,311,313,316,318,323,324,328,332,338,343,347,348,354,355,358,359,364,366,368,369,373,375,376,379,380,381,383,385,386,390,391,392,394,395,400,402,404,405,406,408,410,412,415,417,419,421,422,423,430,442,445,446,448,451,453,454,456,459,461,470,473,475,476,480,484,485,488,489,490,491,494,497,501,502,506,513,515,519,522,526,527,529,538,539,541,545,550,555,557,558,563,564,565,566,568,569,570,572,573,578,579,580,584
OX43,236,248,262,270,279,281,282,284,287,288,289,291,293,295,296,303,311,322,324,328,329,331,333,339,343,344,346,349,350,352,355,366,375,379,380,381,383,384,385,386,389,390,394,395,398,402,404,411,412,417,420,421,422,424,425,430,431,432,438,442,447,449,451,456,461,462,467,469,470,472,478,484,485,488,493,496,497,503,504,506,512,513,515,522,535,538,540,541,547,550,553,555,557,558,563,564,569,573,578,584
OX44,248,262,263,265,269,270,274,275,276,277,279,283,284,285,287,288,289,293,294,295,302,305,306,309,311,316,318,320,323,324,328,329,331,334,338,339,341,343,344,346,348,350,352,354,355,361,364,365,366,368,369,370,372,373,375,376,377,381,384,385,388,389,390,391,394,395,398,400,402,403,405,406,408,411,412,418,420,421,424,425,429,430,431,432,435,438,441,442,445,446,447,449,452,453,455,456,457,459,461,462,464,467,470,472,473,475,476,477,478,480,483,488,489,490,491,493,494,496,497,500,501,502,503,504,510,512,513,519,522,527,529,531,532,535,536,538,540,542,545,547,552,555,557,558,563,564,565,566,573,584
OX45,267,269,274,279,294,306,307,309,311,316,322,333,341,346,355,356,359,361,379,408,422,431,453,467,484,485,487,488,502,508,539,553,557,563,566,568
OX46,263,265,269,270,271,274,275,276,277,278,279,283,284,285,288,289,290,294,295,296,298,301,305,306,309,318,320,322,323,324,326,328,330,332,333,334,338,341,342,343,346,347,348,350,351,354,356,357,359,361,364,365,368,369,370,372,373,375,376,379,380,381,384,386,388,389,391,398,400,404,405,406,408,410,411,412,418,420,425,427,429,431,435,438,440,441,442,444,445,446,447,448,451,452,453,454,455,457,459,461,464,466,467,469,470,472,473,475,476,477,478,480,484,489,490,491,493,494,496,497,498,500,501,502,503,510,512,513,516,519,526,527,529,531,534,535,536,538,540,542,545,546,547,550,553,564,565,566,568,576,580,584
OX47,265,269,270,271,275,276,281,282,284,285,287,288,289,290,294,295,296,298,301,302,305,306,309,313,318,320,322,324,326,330,332,333,334,338,339,340,341,343,347,348,350,354,355,356,357,358,359,360,361,364,365,368,369,370,372,373,375,376,377,379,380,381,384,386,388,389,391,394,398,400,401,403,408,410,411,415,418,420,421,425,429,431,438,441,442,444,445,446,447,448,451,452,454,455,457,459,461,464,466,467,468,470,472,473,475,476,478,480,481,484,487,489,491,494,497,498,500,502,503,510,512,513,514,516,519,526,527,529,531,534,535,536,538,540,546,547,550,552,553,557,558,563,564,565,566,567,568,569,572,576,578,580,582,584
OX48,171,238,251,262,270,274,276,278,279,280,281,284,285,287,289,290,293,302,305,306,311,313,315,322,328,330,331,333,338,342,346,347,348,349,351,352,354,356,357,358,361,366,368,373,375,376,377,379,380,384,385,386,389,390,391,392,394,395,398,400,402,404,405,406,408,411,412,414,415,419,420,421,423,427,430,431,438,440,442,446,448,449,451,453,456,459,462,467,468,473,475,476,480,482,484,485,488,490,492,493,496,501,503,510,512,513,519,522,526,545,547,551,553,555,564,565,566,570,572,573,579,580
OX49,238,262,276,283,284,285,287,288,291,293,296,298,302,303,306,311,313,315,322,324,331,332,333,334,336,338,343,346,347,348,349,352,354,356,358,364,368,373,375,376,377,379,380,381,383,384,385,386,390,391,392,395,400,401,402,408,410,415,417,419,420,422,423,430,431,435,438,442,446,449,451,454,456,459,461,467,473,475,476,478,481,482,484,485,487,488,492,496,497,498,501,506,512,519,522,526,535,536,538,539,540,545,546,549,550,551,553,555,557,558,563,564,566,570,572,573,579,580,582,584
OX50,270,274,281,289,295,297,306,311,323,328,329,334,347,348,352,366,373,376,383,391,392,405,406,408,411,412,419,423,427,440,453,454,470,473,475,477,482,488,490,492,496,498,502,503,519,524,533,536,546,549,550,553,558,559,566,570,580,586
OX51,262,274,287,295,297,298,305,313,322,323,328,329,332,333,334,343,346,349,354,355,356,358,361,366,375,379,380,383,385,386,390,394,395,402,404,408,410,412,415,421,427,430,431,440,442,446,451,453,454,456,467,470,480,484,485,513,522,524,526,536,541,547,549,550,553,555,557,559,563,564,565,572,573,586
OX52,271,274,279,281,282,283,290,293,295,297,301,305,311,316,322,323,326,330,331,333,334,339,347,349,352,354,355,357,359,361,366,383,394,401,404,405,406,421,427,431,435,444,446,448,449,453,462,466,467,468,470,480,481,483,485,487,488,490,496,498,516,524,532,534,536,541,546,547,549,557,559,563,565,568,569,576,578,580,582,586
OX53,274,276,277,279,281,282,283,284,287,297,302,303,313,323,328,338,339,340,346,352,355,358,360,364,377,383,387,394,400,401,404,405,406,412,415,417,421,427,435,438,440,453,458,459,468,469,477,480,481,487,490,493,496,512,514,533,539,541,557,558,563,569,572,578,579,582
OX54,276,277,278,279,283,284,287,288,290,296,298,303,306,311,313,322,323,324,329,330,332,333,334,336,338,340,342,343,347,348,349,351,354,356,357,358,360,361,364,366,373,375,376,381,383,387,389,391,392,394,398,400,401,403,404,408,410,415,417,419,421,422,423,427,435,438,442,446,448,458,459,461,462,469,473,475,478,481,482,487,488,492,493,496,497,502,512,513,514,519,526,535,536,538,539,540,549,552,553,557,558,563,564,566,570,572,579,580,582,584
OX55,279,283,293,297,302,311,331,352,355,356,366,377,401,404,405,406,408,427,435,448,449,480,481,487,488,490,498,502,546,547,550,553,557,563,569,578,582,586
OX56,242,252,255,278,282,283,288,290,293,296,298,306,307,322,323,324,328,329,330,331,332,333,334,336,339,342,343,346,347,348,349,351,354,357,361,373,375,376,380,386,389,391,392,394,398,403,404,410,412,419,421,422,423,427,430,434,435,440,442,446,449,451,453,454,461,462,465,468,469,473,475,477,478,479,481,482,487,492,497,498,513,519,520,526,533,535,536,538,540,541,546,547,549,550,552,557,563,564,566,570,580,582,584,586
OX57,281,283,288,290,293,298,302,306,313,323,324,329,330,331,332,334,336,344,347,348,349,354,355,357,358,361,366,373,376,377,381,389,391,392,394,398,401,404,408,410,415,419,421,422,423,424,432,435,446,449,461,462,469,473,475,478,481,482,487,492,493,496,497,498,502,504,519,526,533,535,536,538,540,541,546,547,549,550,553,566,570,572,580,582,584,586
OX58,282,288,290,298,302,306,323,324,329,330,332,334,336,343,346,347,348,349,352,354,355,357,361,373,376,377,381,389,391,392,398,405,406,410,419,422,423,446,448,461,462,473,475,478,482,490,492,493,497,513,519,526,533,535,536,538,540,541,547,549,550,566,569,570,578,580,584,586
OX59,278,296,297,322,333,336,342,351,355,375,403,442,480,498,546,547,552,558,564,586
OX60,223,288,290,293,295,296,298,302,305,322,323,324,330,331,332,333,334,339,343,349,352,354,356,357,361,365,370,375,377,381,383,389,394,398,403,410,421,442,446,449,454,455,461,462,468,470,478,497,498,510,513,523,524,526,535,536,538,540,541,546,547,549,550,552,558,559,564,565,569,584
OX61,275,287,288,290,295,296,305,323,324,329,330,336,343,344,346,347,354,355,356,357,359,365,366,370,379,380,381,383,385,386,388,389,390,392,398,401,402,403,405,406,408,419,423,424,429,431,432,446,448,451,455,456,457,461,462,464,467,468,469,470,477,478,481,483,484,485,487,490,493,497,498,504,510,513,524,532,535,538,540,541,546,547,549,552,553,559,565,568,570,573,578,580,582,584
OX62,288,290,293,297,298,302,305,306,323,324,329,330,331,332,343,347,348,357,361,373,376,377,381,389,391,392,394,398,405,406,410,419,421,422,423,427,449,461,462,473,475,478,480,482,490,492,493,496,497,513,519,526,533,535,538,540,550,565,566,569,570,578,580,584
OX63,252,255,269,277,284,285,287,291,293,294,295,298,300,302,305,307,309,316,320,322,328,331,332,333,334,336,338,339,341,344,349,352,356,366,369,370,372,377,383,385,387,390,394,401,402,403,408,410,412,418,421,424,430,432,434,438,440,441,445,448,449,452,456,458,470,475,477,480,482,492,493,494,496,498,500,504,506,507,510,512,524,526,527,531,536,539,541,546,549,552,553,557,558,559,563,565,573,579
OX64,283,290,293,297,298,306,311,323,324,328,329,330,331,332,334,339,343,346,347,348,349,354,356,357,359,373,376,379,389,391,392,398,405,410,412,419,422,423,427,431,435,440,446,448,449,454,462,467,468,473,475,478,480,484,485,488,496,497,513,519,526,533,535,536,538,540,541,549,550,566,568,569,570,580,584,586
OX65,277,284,287,297,305,313,334,338,340,349,352,358,360,400,415,427,438,459,469,512,514,533,536,541,549,565,572,579
OX66,284,293,295,296,297,300,305,322,331,333,334,336,338,349,352,356,364,370,375,394,403,421,427,438,442,448,449,468,470,475,496,498,507,510,512,536,539,541,546,547,549,552,557,558,563,564,565,586
OX67,290,294,295,296,297,298,300,305,309,311,315,316,323,328,330,332,334,336,343,346,347,349,352,357,359,366,368,370,375,384,389,392,394,398,400,403,410,412,419,420,421,423,427,431,440,442,457,459,462,464,467,470,475,476,477,482,488,492,493,496,501,507,510,513,526,533,536,545,547,549,550,552,557,563,564,565,568,570,579,586
OX68,287,293,295,297,298,302,311,313,323,328,331,332,339,343,346,352,358,359,361,366,377,379,380,383,385,386,390,401,402,404,405,408,410,412,415,427,431,440,448,449,451,456,467,470,480,481,482,484,485,487,488,492,493,498,513,524,526,546,547,553,559,568,569,572,573,582
OX69,293,331,336,346,352,355,359,431,448,449,467,568
OX70,297,334,349,354,427,446,536,541
OX71,245,292,298,305,306,319,322,323,324,332,333,337,343,347,348,352,354,373,375,376,379,389,391,392,394,398,404,405,406,410,416,421,422,423,442,446,457,464,473,475,477,478,480,482,484,485,490,492,496,497,498,513,519,526,533,535,538,540,541,546,558,564,565,566,569,578,580,584
OX72,313,323,343,344,358,380,386,415,424,432,451,504,513,572
OX73,294,295,296,300,302,306,309,315,316,324,334,346,348,349,355,356,359,361,366,368,370,373,375,376,377,384,391,400,403,405,406,420,422,431,442,457,459,464,467,468,470,473,476,477,478,480,490,497,501,507,510,519,535,536,538,540,545,547,549,550,552,557,563,564,566,568,569,578,579,580,584,586
OX74,269,285,291,296,298,311,315,320,322,323,324,328,332,333,339,340,341,343,346,348,352,354,355,356,359,360,368,369,372,373,375,376,379,380,383,384,385,386,387,390,391,394,401,402,405,406,408,410,412,418,420,421,431,440,441,442,445,446,451,452,456,457,458,464,467,468,469,473,475,476,478,482,484,485,487,488,490,492,493,494,496,497,498,500,501,506,513,514,519,524,526,527,531,533,535,538,539,540,541,545,546,547,549,550,553,557,558,559,563,564,568,569,573,578,579,580,584,586
OX75,295,296,300,302,305,306,311,315,322,324,328,333,334,336,339,346,348,349,359,361,364,368,370,373,375,376,377,380,384,386,391,400,403,405,406,412,420,422,431,440,442,451,457,459,464,467,469,470,473,476,478,488,490,493,497,498,501,507,510,519,535,536,538,539,540,545,546,547,552,557,558,563,564,565,566,568,569,578,579,580,584,586
OX76,296,300,302,305,306,311,315,322,324,328,333,334,336,339,346,348,349,356,359,361,368,370,373,375,376,377,380,384,386,391,400,403,405,406,412,420,422,431,440,442,451,457,459,464,467,468,469,473,476,478,488,490,493,497,498,501,507,510,519,535,536,538,540,545,546,552,557,558,563,564,565,566,568,569,578,579,580,584
OX77,291,300,302,303,305,306,311,315,322,324,328,333,334,339,346,348,349,355,356,359,361,364,366,368,370,373,375,376,377,380,383,384,386,391,400,403,405,406,412,417,420,422,431,440,442,451,457,459,464,467,468,469,473,476,477,478,488,490,493,497,501,506,507,510,519,535,536,538,539,540,545,547,552,557,558,563,564,565,566,568,569,578,579,580,584,586
OX78,285,298,299,300,302,303,305,311,318,323,324,328,329,332,334,336,343,346,349,350,352,353,354,356,361,365,368,377,378,380,384,386,387,388,389,391,398,400,410,412,417,420,425,428,429,431,435,440,446,447,451,454,455,458,459,462,467,468,469,472,473,475,476,478,480,481,488,491,496,497,501,507,513,524,526,533,535,536,538,540,541,544,545,547,551,557,559,560,563,565,579,582,584,586
OX79,298,302,306,322,323,324,329,332,333,334,339,343,348,349,352,359,361,364,373,375,376,377,378,383,389,391,398,404,405,410,422,428,435,442,444,454,457,464,473,475,477,478,480,483,493,496,497,498,513,519,524,526,532,533,535,536,538,539,540,546,547,549,550,558,559,564,566,568,569,584
OX80,302,306,311,322,324,328,333,334,339,348,349,352,356,359,361,373,375,376,377,378,380,386,389,391,394,398,404,405,412,421,422,428,435,440,442,444,451,457,464,468,469,473,475,477,478,480,483,488,493,496,497,498,519,532,533,535,536,538,540,546,549,558,564,566,568,569,584,586
OX81,300,311,315,318,328,329,336,346,348,350,354,356,365,366,373,376,378,380,386,388,389,394,398,400,404,406,412,421,425,428,429,431,435,440,446,447,451,454,455,457,459,462,464,467,468,469,472,480,482,488,489,490,491,492,498,501,507,519,529,541,545,546,547,550,557,563,567,578,579,580
OX82,305,306,324,336,347,348,352,355,359,364,373,376,378,379,383,389,391,392,394,398,405,419,421,422,423,428,435,444,473,475,478,483,484,485,496,497,519,524,532,533,535,538,539,540,559,565,566,568,569,570,584,586
OX83,347,354,364,383,392,419,423,446,457,464,480,524,539,541,559,570
OX84,306,324,329,336,339,348,352,354,355,359,373,376,378,379,389,391,398,405,422,428,435,444,446,454,457,464,473,475,478,482,483,484,485,492,493,496,497,519,532,533,535,538,540,541,549,566,568,569,584,586
OX85,299,311,322,328,329,333,346,353,355,356,359,366,369,372,375,380,386,394,412,418,421,431,440,442,445,451,454,467,468,469,477,482,488,489,492,494,500,501,527,529,544,545,547,550,551,557,558,560,563,564,567,568,579,586
OX86,315,350,389,398,425,447,462,472
OX87,322,324,333,338,346,348,350,352,354,355,368,373,375,376,378,379,384,389,398,400,404,406,420,425,428,431,435,442,446,447,457,459,462,464,467,472,476,477,478,480,484,485,490,497,498,501,519,533,535,538,540,541,545,546,547,557,558,563,564,569,579,580,584,586
OX88,311,324,328,329,338,346,348,350,352,354,355,356,366,368,373,376,378,379,380,384,386,389,394,398,400,404,406,412,420,421,425,428,431,435,440,446,447,451,454,457,459,462,464,467,468,469,472,476,478,480,482,484,485,488,490,492,497,498,501,519,533,535,538,540,541,545,546,550,557,563,569,579,580,584
OX89,324,338,346,348,350,352,354,355,366,368,373,376,378,379,384,389,398,400,404,406,420,425,428,431,435,446,447,457,459,462,464,467,472,476,478,480,484,485,490,497,498,501,519,533,535,538,540,541,545,546,547,557,563,569,579,580,584,586
OX90,391,473,480,481,549,569,582,586
OX91,336,355,359,366,378,404,428,435,498,546,568,578
OX92,329,338,339,346,350,355,359,368,384,400,406,420,425,431,444,447,454,459,462,467,472,475,476,482,483,490,492,493,496,501,532,545,557,563,568,579,580,586
OX93,328,338,339,346,350,355,361,368,378,379,380,384,386,394,400,406,412,420,421,425,428,431,435,440,444,447,451,459,462,467,469,472,475,476,483,484,485,490,493,496,501,532,545,547,550,557,563,578,579,580
OX94,346,348,354,355,359,373,376,406,431,446,457,464,467,480,490,519,541,557,563,568,580,586
OX95,338,348,350,354,368,373,376,380,384,386,394,400,420,421,425,444,446,447,451,457,459,462,464,469,472,475,476,480,482,483,492,496,501,519,532,541,545,579
OX96,348,352,354,359,366,373,376,378,380,386,394,404,406,421,428,435,446,451,457,464,469,475,480,482,490,492,496,498,519,533,541,546,547,568,578,580
OX97,316,359,366,375,378,404,406,428,435,442,466,490,547,564,568,578
OX98,352,359,366,378,380,386,394,404,421,428,435,451,469,475,482,492,496,498,533,546,547,568,578,586
OX99,389,398,406,444,478,483,490,532,535,540,569,580
Z0,0,402,456,525
Z1,1,332,397,410
Z2,2,320,396,531
Z3,3,298,343,432
Z4,4,251,370,510
Z5,5,297,342,427
Z6,6,324,433,584
Z7,7,165,191,256
Z8,8,11,522,555
Z9,9,172,447,472
Z10,10,474,554,571
Z11,11,161,415,572
Z12,12,502,553,573
Z13,13,105,171,414
Z14,14,151,170,530
Z15,15,143,216,521
Z16,16,217,544,560
Z17,17,273,426,463
Z18,18,218,498,546
Z19,19,280,410,526
Z20,20,166,192,548
Z21,21,147,257,562
Z22,22,85,113,219
Z23,23,137,360,514
Z24,24,133,264,556
Z25,25,119,562,574
Z26,26,99,270,503
Z27,27,117,176,518
Z28,28,347,524,526
Z29,29,138,373,519
Z30,30,322,453,558
Z31,31,400,459,556
Z32,32,139,236,515
Z33,33,105,538,584
Z34,34,363,460,543
Z35,35,100,537,574
Z36,36,72,161,247
Z37,37,48,246,511
Z38,38,41,67,437
Z39,39,71,372,500
Z40,40,50,246,436
Z41,41,49,93,367
Z42,42,58,294,309
Z43,43,181,241,525
Z44,44,288,312,461
Z45,45,174,256,517
Z46,46,325,340,514
Z47,38,47,244,426
Z48,48,199,328,412
Z49,49,81,250,327
Z50,40,68,144,240
Z51,51,188,230,413
Z52,52,245,337,518
Z53,53,283,378,435
Z54,54,55,359,568
Z55,54,335,354,446
Z56,56,101,261,393
Z57,57,220,235,554
Z58,42,313,548,572
Z59,44,59,348,373
Z60,46,60,247,362
Z61,61,365,388,523
Z62,62,218,291,506
Z63,63,129,305,565
Z64,64,145,171,251
Z65,65,160,203,244
Z66,66,145,170,397
Z67,67,192,195,409
Z68,43,50,293,331
Z69,69,72,254,581
Z70,70,179,337,416
Z71,71,78,385,402
Z72,36,99,241,409
Z73,73,76,374,585
Z74,74,163,193,325
Z75,75,112,292,319
Z76,76,186,261,450
Z77,77,270,306,422
Z78,78,242,253,465
Z79,79,378,428,587
Z80,80,89,390,573
Z81,81,243,382,439
Z82,82,176,194,511
Z83,83,97,234,272
Z84,84,167,220,495
Z85,85,279,281,502
Z86,86,213,289,503
Z87,87,131,302,377
Z88,88,345,413,571
Z89,89,299,318,489
Z90,90,326,347,423
Z91,91,169,222,528
Z92,92,196,280,414
Z93,93,177,384,420
Z94,94,167,326,516
Z95,95,194,395,555
Z96,96,315,384,447
Z97,86,97,233,577
Z98,18,98,319,416
Z99,69,203,240,443
Z100,35,120,130,587
Z101,56,291,387,417
Z102,102,182,229,471
Z103,103,264,365,455
Z104,104,366,375,498
Z105,33,263,450,542
Z106,106,136,342,351
Z107,107,252,307,508
Z108,28,108,344,424
Z109,109,238,343,513
Z110,110,260,433,577
Z111,111,184,543,575
Z112,112,255,262,430
Z113,113,118,269,341
Z114,114,348,376,471
Z115,115,267,286,508
Z116,116,131,271,301
Z117,27,128,164,310
Z118,118,313,380,469
Z119,25,225,479,520
Z120,120,324,361,485
Z121,121,336,355,557
Z122,122,341,364,539
Z123,123,314,394,421
Z124,100,124,299,353
Z125,125,183,227,521
Z126,126,232,481,582
Z127,127,195,375,564
Z128,87,128,290,357
Z129,20,129,149,259
Z130,19,130,156,221
Z131,117,166,250,345
Z132,80,132,228,308
Z133,77,133,314,581
Z134,134,298,332,537
Z135,135,196,350,472
Z136,106,185,387,458
Z137,137,231,372,494
Z138,29,338,475,533
Z139,32,88,300,507
Z140,140,309,316,466
Z141,141,204,318,491
Z142,66,142,184,230
Z143,15,254,452,531
Z144,64,144,173,321
Z145,142,235,242,520
Z146,146,198,262,522
Z147,21,293,448,461
Z148,148,149,188,258
Z149,9,148,162,312
Z150,150,165,182,226
Z151,74,151,189,273
Z152,24,68,152,228
Z153,16,153,374,443
Z154,14,154,160,396
Z155,65,155,186,253
Z156,156,287,360,456
Z157,157,277,340,452
Z158,158,190,311,488
Z159,159,317,362,463
Z160,13,155,162,181
Z161,8,419,436,570
Z162,7,154,185,382
Z163,163,221,252,434
Z164,116,288,381,479
Z165,150,260,308,407
Z166,63,306,486,566
Z167,84,330,339,493
Z168,168,285,527,551
Z169,169,367,438,512
Z170,172,303,417,437
Z171,173,191,457,464
Z172,1,45,389,398
Z173,175,278,510,552
Z174,82,300,370,455
Z175,12,177,557,563
Z176,178,234,535,540
Z177,0,179,442,564
Z178,10,180,483,532
Z179,98,102,266,399
Z180,101,183,229,499
Z181,111,189,391,473
Z182,152,164,215,243
Z183,73,329,381,454
Z184,147,187,358,415
Z185,51,315,398,540
Z186,17,190,524,559
Z187,47,274,401,408
Z188,83,174,193,561
Z189,95,201,334,536
Z190,127,307,401,487
Z191,37,70,92,371
Z192,134,197,268,495
Z193,60,198,284,438
Z194,199,346,448,563
Z195,96,200,344,504
Z196,53,201,534,576
Z197,202,211,478,535
Z198,26,352,449,533
Z199,204,418,459,579
Z200,205,282,475,496
Z201,52,206,255,434
Z202,207,238,551,560
Z203,208,394,454,496
Z204,209,366,404,477
Z205,123,210,212,505
Z206,211,363,489,529
Z207,187,210,431,467
Z208,23,213,497,538
Z209,214,248,412,440
Z210,215,248,408,553
Z211,58,216,516,576
Z212,159,217,335,505
Z213,62,350,425,583
Z214,219,257,432,504
Z215,94,278,351,530
Z216,103,124,212,575
Z217,222,237,501,545
Z218,223,435,497,578
Z219,178,224,445,494
Z220,225,305,421,469
Z221,226,290,425,462
Z222,104,227,295,470
Z223,132,266,331,449
Z224,125,379,484,585
Z225,231,529,542,567
Z226,232,296,477,558
Z227,233,284,446,541
Z228,224,483,519,580
Z229,2,57,380,386
Z230,236,368,420,460
Z231,237,239,403,552
Z232,207,476,545,567
Z233,90,239,371,509
Z234,39,320,441,499
Z235,245,389,444,462
Z236,135,302,328,550
Z237,22,146,327,517
Z238,153,158,214,249
Z239,109,249,392,423
Z240,4,334,349,411
Z241,107,295,356,488
Z242,143,292,392,419
Z243,79,206,388,429
Z244,138,258,289,411
Z245,259,377,427,536
Z246,110,121,202,583
Z247,75,277,501,579
Z248,263,296,403,506
Z249,265,275,429,491
Z250,267,269,441,561
Z251,197,275,444,532
Z252,115,119,385,390
Z253,271,304,484,485
Z254,272,473,549,565
Z255,34,274,453,465
Z256,265,478,481,569
Z257,91,276,285,458
Z258,157,175,223,523
Z259,279,356,430,468
Z260,141,281,323,513
Z261,282,346,431,515
Z262,283,406,466,580
Z263,276,349,464,541
Z264,286,304,407,486
Z265,140,287,358,424
Z266,59,369,393,527
Z267,294,383,470,539
Z268,297,354,480,549
Z269,114,268,301,534
Z270,139,322,333,509
Z271,3,376,457,570
Z272,5,303,383,559
Z273,310,405,487,566
Z274,55,311,361,550
Z275,122,200,369,445
Z276,316,333,442,474
Z277,108,317,368,476
Z278,6,321,353,544
Z279,30,329,440,493
Z280,323,339,451,492
Z281,168,208,482,492
Z282,336,352,512,546
Z283,338,400,507,528
Z284,205,209,406,490
Z285,355,359,468,547
Z286,364,480,482,586
Z287,61,391,405,582
Z288,379,404,422,578
Z289,31,386,439,451
Z290,395,428,467,568
Z291,180,399,418,500
Z292,490,547,569,586
OZ0,170,189,191,240,241,244,261,264,266,270,273,278,280,289,290,293,296,299,304,305,308,314,318,324,327,329,330,332,333,337,339,341,342,350,351,353,357,359,361,362,372,374,378,380,381,382,383,385,390,391,392,393,394,396,397,398,405,408,409,416,417,424,428,429,431,432,433,435,436,438,441,442,443,444,445,446,448,449,451,453,454,455,456,458,459,460,461,465,466,467,471,473,477,478,479,481,485,486,487,488,489,491,492,498,499,500,501,502,504,505,506,510,512,513,516,518,519,520,526,530,531,532,533,537,538,539,540,541,542,543,547,548,549,552,554,555,557,558,565,567,570,571,575,576,578,580,581,585
OZ1,278,280,296,302,304,312,330,332,343,349,350,351,357,367,369,371,373,377,381,393,394,403,414,429,432,438,444,454,457,458,461,464,471,472,477,478,479,482,484,485,491,492,495,496,501,509,512,528,530,532,534,537,541,545,551,552,558,569,570,582
OZ2,181,244,261,266,273,280,289,290,291,299,305,306,308,312,318,319,327,329,333,334,339,343,344,354,359,361,362,366,367,370,372,373,374,377,378,380,382,384,385,388,390,391,392,396,402,403,404,406,408,409,411,412,414,416,418,422,424,425,427,428,435,437,441,443,446,451,453,459,460,465,466,467,472,474,475,477,481,483,484,486,487,488,489,494,495,499,500,502,505,509,511,513,515,516,518,519,520,523,526,528,529,531,532,533,534,543,544,545,546,548,550,551,555,557,559,563,564,565,575,576,578,580,583,585
OZ3,171,230,253,257,264,280,293,296,302,304,312,314,324,332,339,341,342,343,344,347,350,353,354,357,358,372,373,377,380,381,383,384,385,393,394,396,398,402,415,417,418,421,423,427,429,431,432,433,437,439,441,444,445,448,451,457,459,465,467,471,477,478,479,482,484,485,489,493,499,500,504,505,516,520,527,531,532,534,537,539,540,543,549,554,556,558,559,562,569,570,579,582,584,586
OZ4,230,240,253,264,270,280,296,302,304,306,312,314,332,335,339,343,344,350,357,362,368,369,372,373,377,380,381,385,388,391,393,396,397,400,402,405,410,414,422,423,424,429,439,441,444,451,455,457,459,461,463,465,471,472,477,478,479,484,485,491,493,499,500,505,513,516,520,523,524,526,527,531,532,534,543,544,545,551,554,556,558,567,569,570,575,581
OZ5,240,244,253,257,266,270,273,280,289,290,291,293,296,299,305,307,308,318,319,324,327,329,333,334,335,339,347,353,354,358,359,361,363,367,368,369,370,372,374,375,377,378,380,382,384,385,390,392,393,394,396,400,402,405,406,409,411,412,414,415,416,421,422,425,427,428,431,433,435,437,441,443,446,448,451,455,457,459,461,463,466,471,472,474,475,477,481,483,486,488,491,494,495,498,499,500,502,505,506,509,511,515,516,518,519,520,524,527,528,529,531,532,533,534,538,542,546,548,550,555,557,559,562,563,564,565,567,570,576,579,580,581,582,583
OZ6,266,291,305,308,319,320,350,385,390,416,418,421,425,441,469,474,479,483,498,499,500,506,520,532,546,554,562,571,574,583
OZ7,312,329,335,343,344,347,362,368,369,373,374,393,424,443,454,457,461,463,471,479,505,513,524,526,527,544,545,551,567,570
OZ8,253,257,261,264,293,296,299,305,307,314,320,324,353,358,363,366,372,375,385,388,391,394,402,403,404,405,408,415,422,431,433,441,448,453,455,460,461,465,467,469,479,484,487,498,499,500,505,506,520,523,538,542,543,574,575,578,582,585
OZ9,256,257,261,264,284,290,293,295,299,305,306,309,314,318,324,325,327,332,334,335,339,347,350,353,354,356,359,363,367,368,369,370,372,375,377,378,380,381,382,384,385,388,389,392,393,394,396,397,398,400,403,406,409,411,412,414,415,418,421,424,427,428,431,434,435,437,441,442,445,448,451,454,456,457,459,461,463,471,472,474,475,477,481,483,485,486,491,494,495,497,499,500,502,503,505,506,508,509,511,514,515,516,517,518,520,523,524,526,527,528,531,533,534,535,537,538,540,541,542,548,549,550,554,555,557,559,561,562,563,564,570,571,574,576,577,579,585,587
OZ10,241,244,261,273,280,289,290,299,306,318,320,327,329,333,334,339,343,344,350,352,354,359,361,362,366,367,370,372,374,377,378,380,382,384,388,391,392,396,400,402,403,404,406,408,409,411,412,414,421,422,424,427,428,435,437,443,446,449,451,453,459,460,465,466,467,469,472,477,479,481,484,486,487,488,489,494,495,498,502,505,506,507,509,511,513,515,516,518,523,525,526,529,531,533,534,543,544,545,548,550,551,554,555,557,559,562,563,564,565,571,574,575,576,578,580,585
OZ11,341,342,344,354,369,383,384,397,398,414,417,427,437,445,472,482,504,539,540,549,559,586
OZ12,244,257,261,264,273,280,289,290,293,305,306,314,318,327,329,333,334,335,339,347,350,354,358,359,361,366,367,368,369,370,374,377,378,380,382,384,385,392,393,394,396,403,404,405,406,408,409,411,412,414,415,421,422,427,428,431,435,437,441,443,446,448,451,453,455,457,459,460,461,463,465,466,471,472,475,477,481,484,486,487,488,489,494,495,498,499,500,502,505,506,509,511,515,516,518,519,520,524,527,528,529,531,533,534,543,544,548,550,554,555,557,559,562,563,564,565,567,570,571,576,578,580,582,585
OZ13,264,273,280,284,292,293,295,296,299,302,307,309,313,314,318,319,320,324,325,329,330,332,333,335,337,339,340,342,349,350,351,353,354,357,360,361,368,369,371,372,374,377,378,380,381,383,389,390,391,397,398,402,403,405,407,409,417,418,419,420,421,426,427,428,431,435,436,442,443,445,448,451,452,455,456,458,459,461,462,464,466,467,468,469,474,477,478,484,486,488,495,496,497,499,500,509,510,512,518,525,527,528,530,532,534,537,539,540,541,544,549,553,555,557,558,559,562,563,567,569,570,572,573,575,578,586
OZ14,191,349,378,406,411,428,435,436,457,464,466,467,534,536,555,568,576,580
OZ15,261,273,280,284,295,306,309,318,320,325,332,334,335,339,350,352,354,356,358,368,369,370,372,375,377,378,380,381,382,389,390,391,392,393,396,397,398,400,403,405,406,407,409,410,411,412,414,418,420,421,424,425,426,427,428,434,435,442,445,451,454,455,456,457,459,462,467,468,469,471,472,474,475,477,478,479,481,483,485,486,489,491,495,497,503,506,508,509,511,512,514,515,516,517,518,526,527,528,531,533,534,540,541,546,547,548,549,550,553,554,555,557,559,561,562,564,567,570,571,573,574,575,576,579,582,583,585,587
OZ16,273,280,284,289,290,291,292,293,296,299,304,305,307,313,320,324,325,327,329,330,333,340,343,349,350,351,353,356,357,358,359,361,363,369,372,374,375,377,383,384,385,388,389,390,392,393,394,397,398,402,403,405,406,407,412,419,420,421,422,424,426,429,431,432,433,434,435,437,438,441,443,444,445,446,448,452,455,457,458,461,462,464,466,468,469,471,482,488,492,495,499,500,502,503,506,507,508,509,510,514,515,516,517,520,525,526,530,534,538,539,540,542,544,545,548,549,550,551,553,554,558,561,562,564,565,567,570,571,572,573,576,580,586,587
OZ17,257,280,289,290,295,304,305,309,318,324,327,329,332,334,339,342,344,347,352,353,354,356,359,360,362,366,368,369,370,374,375,380,381,384,385,388,391,392,402,404,406,409,414,415,417,418,420,421,422,425,427,429,432,434,435,436,437,438,441,443,444,446,451,454,455,459,463,466,467,472,478,479,482,483,484,486,489,491,492,494,497,498,502,503,507,508,511,512,513,514,515,516,517,518,519,520,524,525,529,534,536,537,541,544,546,547,548,557,559,561,562,565,568,570,575,578,579,583,586,587
OZ18,280,289,292,293,299,302,306,307,309,313,320,324,333,339,340,342,347,352,353,357,363,366,367,368,374,375,377,378,380,383,388,391,392,393,394,396,402,404,405,408,409,412,414,417,419,420,421,423,425,427,428,431,433,436,438,439,440,442,443,448,451,452,456,457,459,461,466,467,469,470,471,472,474,475,481,482,483,486,487,489,491,492,495,497,498,499,500,507,512,521,525,527,528,531,532,533,534,538,539,541,542,544,545,546,547,550,551,555,556,562,563,565,566,568,569,572,574,575,578,580,583,586
OZ19,289,290,296,299,305,306,307,318,324,327,329,333,334,335,339,350,353,354,359,361,363,367,368,369,370,374,375,377,378,380,382,384,385,388,391,392,393,396,406,409,410,411,412,414,427,428,433,435,437,441,443,446,451,457,459,466,467,471,472,475,477,481,486,488,489,494,495,499,500,502,509,511,515,516,518,519,520,523,527,528,529,531,533,534,537,538,542,544,548,550,554,555,557,559,563,564,565,567,570,571,574,575,576,580
OZ20,290,292,293,295,299,302,304,306,307,313,318,327,329,332,333,334,340,344,354,356,357,358,359,360,362,363,367,369,370,372,377,378,381,383,384,393,394,396,402,405,406,408,409,412,415,418,419,421,422,423,428,429,431,432,433,434,435,437,439,440,442,444,446,448,452,454,455,456,457,461,463,470,471,474,475,478,481,484,487,494,495,502,503,508,511,513,514,515,516,517,518,519,521,524,525,527,528,529,531,532,533,536,537,538,539,542,545,548,550,551,555,556,557,559,561,562,563,566,569,570,574,579,580,587
OZ21,291,302,306,309,330,339,347,349,351,352,356,358,360,361,366,367,372,374,380,382,385,388,391,403,404,405,406,408,409,410,412,414,415,421,422,423,424,425,433,434,435,438,439,440,441,443,451,455,458,459,464,466,467,470,472,475,477,479,482,483,485,487,488,489,491,492,494,495,497,498,499,500,503,505,506,508,510,512,514,515,516,517,520,521,526,527,528,529,530,532,533,537,538,541,542,544,545,546,547,550,551,556,558,561,562,563,564,567,569,572,575,578,582,583,586,587
OZ22,284,293,295,304,305,306,318,319,324,327,330,335,337,342,343,347,349,351,353,354,360,361,366,367,368,371,372,374,375,378,381,382,384,389,390,391,392,393,397,398,400,402,403,404,405,407,408,409,414,417,423,427,428,429,431,432,435,436,437,439,440,442,443,444,445,448,455,456,457,458,461,462,464,466,467,468,470,471,472,474,475,479,484,485,486,487,488,489,495,496,497,498,499,500,502,503,507,510,512,514,518,519,521,525,530,533,540,541,544,548,549,554,555,556,558,559,567,571,574,575,576,579,582,586
OZ23,292,295,299,305,307,309,313,319,320,329,330,333,334,337,339,340,347,349,351,363,367,368,370,371,378,380,383,388,391,392,394,396,403,405,406,408,418,419,420,421,423,428,438,439,440,451,452,454,458,459,464,466,467,469,479,482,487,489,491,492,495,496,497,507,510,511,512,515,527,528,530,531,534,536,539,541,545,548,551,554,555,556,558,562,568,571,572,574,575,578,580,582
OZ24,295,299,302,305,306,309,320,339,342,347,352,356,357,358,360,361,363,366,367,368,374,375,378,380,382,393,400,402,404,408,409,410,411,412,414,415,417,418,420,422,423,424,425,428,433,434,436,438,439,440,443,451,455,457,459,469,471,472,475,481,482,483,485,487,488,492,495,497,498,499,500,503,505,507,508,512,514,516,517,523,525,526,527,528,532,533,534,536,537,538,541,542,544,545,546,547,550,551,555,556,561,563,568,569,572,574,576,578,579,580,582,583,586,587
OZ25,293,296,299,302,304,305,306,307,319,320,324,325,330,332,334,337,343,347,349,350,351,353,356,357,361,363,366,367,368,369,370,371,372,375,377,378,382,385,393,396,400,402,403,404,406,409,410,414,415,420,428,429,431,432,434,438,441,444,448,454,455,457,458,461,463,464,466,469,470,471,472,475,477,478,479,482,488,491,492,495,496,497,498,499,500,503,505,508,509,510,511,512,514,515,517,519,520,521,523,524,525,530,531,532,533,536,541,545,551,555,558,561,568,569,570,572,574,576,579,580,582,587
OZ26,299,302,305,306,307,309,324,325,329,339,342,352,353,357,363,367,368,375,378,381,393,396,400,408,409,410,411,412,414,415,417,418,420,423,425,428,433,436,438,439,440,451,454,455,457,459,463,471,472,475,481,482,483,484,487,492,495,497,499,500,503,505,507,512,514,516,523,524,527,528,531,532,533,534,536,537,538,541,542,545,546,547,548,550,551,555,556,563,564,568,569,574,576,579,580,582,583,586
OZ27,296,304,306,320,324,332,334,337,342,350,352,353,358,360,366,367,370,371,377,380,381,388,391,393,400,402,404,405,406,409,411,412,415,416,417,421,422,424,425,429,433,435,436,438,444,454,455,457,467,469,471,474,475,477,478,479,481,482,483,484,485,489,492,495,497,498,499,500,503,505,509,511,512,514,515,525,526,527,528,533,534,537,538,541,542,545,546,547,548,550,551,554,562,563,571,575,578,582,583,586
OZ28,302,304,306,309,318,333,334,344,347,352,354,357,360,361,366,367,369,370,374,378,380,384,385,389,390,391,392,393,396,397,398,404,405,406,407,408,409,410,411,412,418,421,422,423,424,425,427,428,429,432,433,435,437,438,439,440,441,442,443,444,445,455,456,457,462,467,468,471,474,475,479,481,483,485,486,487,488,489,495,497,498,499,500,502,503,505,511,512,513,514,515,518,520,526,527,528,531,532,533,537,538,540,541,542,544,545,546,547,549,550,551,555,556,559,562,563,564,569,570,572,574,575,576,578,579,583
OZ29,307,313,318,320,324,333,335,337,339,344,347,353,358,361,362,368,371,375,378,380,382,383,388,389,392,396,415,416,418,428,429,436,444,451,459,462,463,466,468,469,474,485,488,491,492,502,505,508,516,517,518,524,531,539,545,551,555,561,567,570,576,579
OZ30,305,324,325,327,329,342,347,350,352,353,354,358,359,360,363,366,367,374,380,381,382,383,384,385,390,396,402,404,407,417,420,421,422,424,425,427,437,441,443,454,463,468,478,479,480,484,489,494,498,499,500,502,512,520,524,525,526,531,535,538,542,544,546,547,548,549,553,559,562,563,564,567,572,573,574,577,578,583
OZ31,309,325,333,347,358,360,424,442,456,463,466,474,524,526
OZ32,318,324,335,337,339,344,347,353,356,358,361,362,368,371,402,415,416,418,434,442,451,456,459,463,468,485,491,492,502,505,511,524,525,545,551,555,564,567,579,587
OZ33,304,313,320,329,334,335,337,342,347,354,362,363,366,369,370,371,372,374,378,380,381,382,383,384,388,390,391,397,398,404,405,406,407,414,416,417,420,422,427,428,432,435,437,439,442,443,445,454,456,463,466,467,469,472,482,484,486,498,499,500,505,507,508,511,513,515,517,523,524,534,536,539,540,544,545,549,551,555,556,559,561,567,568,574,575,576,578,580,582,586
OZ34,320,324,325,329,334,347,353,358,360,361,363,366,368,370,374,378,380,381,389,391,392,396,402,404,405,420,422,424,428,429,436,439,443,444,454,462,463,469,484,485,498,507,511,515,516,518,523,524,525,526,531,534,536,544,548,556,564,570,572,575,578,582
OZ35,324,327,329,334,337,342,344,350,352,353,354,359,366,367,370,371,372,374,378,381,382,383,384,390,400,404,406,407,416,417,418,422,424,425,427,428,432,435,437,439,442,443,454,455,456,466,467,468,478,480,484,491,494,498,502,507,511,512,513,515,526,534,535,536,538,542,544,545,546,547,549,551,553,555,556,559,563,568,573,574,576,577,578,579,580,583
OZ36,327,329,332,334,335,342,350,352,354,359,361,362,366,367,368,370,372,374,378,381,382,383,384,388,389,390,392,400,402,404,407,417,418,422,423,425,427,428,436,437,439,443,454,455,462,463,468,480,481,484,485,494,495,498,502,505,507,511,512,515,518,524,525,532,534,535,536,537,538,542,544,546,547,549,553,556,559,563,564,567,569,570,573,574,577,578,579,583
OZ37,360,361,372,378,428,433,435,485,494,497,514,529,538,542,567,578
OZ38,306,325,329,330,333,337,342,344,349,350,351,352,354,357,367,371,372,374,377,378,382,384,387,388,390,391,397,398,405,407,409,412,414,415,416,418,421,423,424,425,427,428,437,438,439,442,443,445,455,456,458,463,464,470,472,474,475,479,481,483,485,486,489,491,492,494,497,499,500,503,505,508,509,510,511,512,514,515,516,517,519,521,524,526,528,529,530,533,534,540,541,544,545,546,547,549,550,551,555,556,558,559,561,562,563,564,567,568,569,572,574,575,579,583
OZ39,313,325,333,347,358,372,383,388,389,392,424,429,435,436,442,444,456,462,463,466,470,474,497,499,500,511,514,516,518,521,524,526,539,548,570,572,576,578
OZ40,332,337,342,347,354,361,368,371,383,384,389,391,392,397,398,400,402,405,406,414,416,417,418,423,427,432,433,435,436,437,442,445,455,456,462,466,467,472,478,480,481,483,485,489,494,495,513,518,519,523,525,529,532,537,538,540,542,545,549,551,555,559,564,568,569,570,575,576,579,582
OZ41,330,333,335,342,343,347,349,351,354,357,358,359,361,363,366,369,372,378,380,381,382,384,385,387,389,390,392,393,396,402,404,405,406,407,411,412,415,420,422,423,424,428,429,432,433,435,436,437,441,444,446,454,455,457,458,462,464,466,467,468,470,471,474,478,481,484,489,492,494,498,502,507,508,509,510,511,515,517,518,519,520,521,525,526,527,530,531,534,535,536,545,550,551,553,558,559,561,564,566,567,569,573,574,576,577,578
OZ42,329,333,334,337,347,368,370,371,378,402,406,416,420,423,428,435,440,442,453,455,456,460,466,467,493,495,507,509,511,515,516,525,534,536,554,555,558,564,568,571,576,580
OZ43,333,335,350,352,359,362,363,366,372,374,381,390,397,398,402,404,407,414,422,423,425,432,433,440,443,445,453,454,460,463,468,472,478,483,484,489,493,495,498,505,509,512,513,516,519,524,525,529,535,540,544,545,546,547,551,554,557,558,564,567,571,574,577,578,580,583
OZ44,342,354,368,369,383,384,388,391,394,397,398,400,405,414,417,418,427,437,445,454,455,472,480,482,489,491,492,496,523,540,545,549,551,559,567,575,579,582
OZ45,356,361,363,382,388,391,405,408,433,434,439,453,455,460,470,485,487,488,494,499,500,508,517,521,523,529,538,542,556,561,567,575,582,587
OZ46,378,392,406,428,435,436,466,467,516,555,568,570,576,580
OZ47,334,337,350,352,357,358,359,363,366,368,369,370,371,377,380,383,385,388,391,397,398,400,404,412,414,415,416,418,420,422,424,425,433,441,445,466,472,474,478,480,482,485,486,488,491,492,493,495,498,502,507,509,511,512,515,520,523,526,529,535,536,540,545,546,547,550,551,553,554,555,557,558,566,567,571,573,575,576,577,578,579,582,583,586
OZ48,363,382,388,391,405,408,439,453,455,460,487,508,517,523,556,561,575,582
OZ49,319,325,337,339,343,357,358,359,362,367,368,371,374,382,383,387,390,391,392,393,396,397,398,400,403,406,407,411,412,414,415,417,420,424,427,432,436,438,440,443,445,446,451,453,457,459,460,466,467,468,470,471,472,474,478,480,481,485,489,492,495,497,502,505,507,508,509,511,512,514,515,516,517,519,521,526,528,529,531,534,535,536,538,540,541,542,544,545,549,550,551,553,554,561,566,567,569,571,573,574,575,576,577,578,579,582
OZ50,344,357,358,361,366,368,372,377,380,383,385,389,390,391,394,400,404,406,407,409,412,418,422,429,432,433,435,441,442,444,454,455,456,462,467,468,474,480,486,488,489,491,493,494,495,496,498,502,509,511,513,518,520,523,529,534,538,542,545,550,551,553,554,555,558,564,566,568,571,572,573,574,575,578,579,580,582,586
OZ51,337,339,343,347,349,350,352,357,358,362,368,372,374,382,383,387,388,389,391,392,393,394,403,406,409,411,412,416,417,418,420,424,425,427,429,433,435,436,439,440,442,443,444,446,451,453,454,456,457,458,459,460,462,463,464,466,467,470,471,474,480,481,482,483,485,489,491,494,495,496,499,500,502,505,507,508,509,512,513,515,516,517,518,521,524,526,527,529,534,536,538,542,544,545,546,547,549,550,551,553,554,555,556,557,561,564,566,567,569,571,572,573,575,576,579,580,582,583
OZ52,339,343,347,349,359,361,362,366,368,369,371,372,374,377,380,385,387,392,393,394,397,398,400,403,404,408,409,411,414,415,417,420,422,427,433,436,440,441,442,443,445,446,451,454,456,457,458,459,463,464,466,470,471,472,483,485,486,487,488,492,493,494,496,498,499,500,505,507,513,515,516,520,521,524,527,535,536,540,544,549,555,558,564,567,568,572,576,577,578,586
OZ53,325,347,349,357,358,366,367,369,372,377,380,382,383,385,388,389,390,391,392,394,396,404,407,408,409,412,418,422,424,429,432,435,436,438,441,442,444,453,454,456,458,460,462,463,464,466,468,478,480,481,485,486,487,488,489,493,495,496,497,498,499,500,502,508,509,511,512,513,514,516,517,518,519,520,524,526,527,528,531,532,534,541,545,550,551,553,558,561,564,566,567,569,570,572,573,574,575,576,579,580,582,586
OZ54,335,350,352,359,362,366,369,372,374,381,383,388,390,392,396,397,398,404,407,409,414,415,422,423,425,432,433,436,439,440,442,443,445,453,454,455,456,460,463,466,468,470,472,474,480,481,482,484,493,494,495,498,505,509,512,513,521,523,524,531,535,540,544,545,546,547,551,554,555,556,557,558,564,567,569,570,571,572,574,576,577,578,583,586
OZ55,382,391,396,405,408,453,460,478,481,487,489,494,499,500,508,517,529,531,561,569,575,582
OZ56,343,350,352,359,361,369,392,393,396,397,398,406,414,418,425,433,436,439,445,457,466,467,468,471,472,475,478,483,485,491,499,500,503,507,512,513,516,527,528,529,531,533,535,540,545,546,547,551,555,556,557,567,568,576,577,578,579,583
OZ57,347,350,352,357,358,359,361,366,369,377,380,383,385,388,389,392,396,397,398,400,402,404,405,406,412,414,415,418,422,423,424,425,429,435,436,439,441,442,444,445,456,462,467,472,474,478,480,482,486,488,491,492,493,494,495,498,499,500,502,509,511,512,518,520,525,526,531,534,535,538,540,542,545,546,547,550,551,553,554,556,557,558,564,566,568,570,571,573,577,578,579,580,583,586
OZ58,349,350,352,357,358,361,362,368,371,374,380,385,387,394,400,402,403,405,408,409,411,412,417,420,423,424,425,427,435,440,441,442,443,446,454,455,456,458,463,464,466,475,478,487,491,493,495,496,502,503,505,512,515,516,520,523,524,525,526,528,529,532,533,534,535,536,538,542,544,546,547,549,550,553,557,558,566,568,572,573,576,577,578,580,583,586
OZ59,361,388,392,396,400,406,418,433,435,436,439,466,467,478,481,485,491,494,499,500,516,529,531,538,542,555,556,567,568,569,570,576,579,580
OZ60,350,352,357,358,362,368,371,374,380,385,387,391,393,394,402,403,406,408,409,412,417,418,420,423,424,425,427,433,436,440,441,442,443,446,454,456,457,463,467,471,474,475,481,483,485,487,489,491,493,494,495,496,502,503,505,512,515,516,520,524,525,526,528,533,535,544,546,547,549,550,553,554,555,557,558,566,567,569,571,572,573,575,577,578,579,582,583,586
OZ61,367,388,391,392,393,394,396,405,411,418,438,439,454,455,457,471,482,489,491,492,494,496,499,500,512,516,523,527,528,529,531,534,536,541,545,551,556,567,570,575,579,582
OZ62,359,362,366,369,374,377,383,387,388,392,393,394,397,398,404,406,408,409,414,415,417,418,422,423,427,440,443,445,446,454,455,457,463,466,467,471,472,475,478,480,481,482,483,486,487,488,491,492,494,496,498,503,505,507,523,524,528,529,533,534,540,544,545,549,551,564,567,569,570,572,576,579
OZ63,354,357,358,371,380,384,385,387,388,396,397,398,400,402,403,405,408,409,414,417,418,420,424,427,437,439,441,442,445,453,455,456,460,466,470,472,474,478,481,482,483,487,491,492,493,494,495,507,515,519,520,521,523,525,526,527,529,531,540,545,549,551,554,556,558,559,566,569,571,572,576,579,580,586
OZ64,357,366,369,372,377,388,394,396,402,404,405,412,422,433,439,454,455,468,470,478,481,482,483,485,486,488,491,492,495,496,498,502,519,521,523,525,529,531,532,534,535,545,550,551,553,556,564,566,567,569,573,577,578,580
OZ65,358,362,366,368,371,372,377,380,385,389,390,393,396,400,402,403,404,405,406,407,409,420,422,423,424,427,429,433,435,436,439,441,444,446,454,455,457,462,463,471,475,477,479,482,486,492,499,500,502,507,509,511,512,516,518,520,523,524,525,526,527,528,531,534,538,542,545,547,549,551,553,556,557,562,563,566,567,569,572,573,574,578,582,586
OZ66,366,372,391,392,402,404,406,408,409,415,436,453,460,466,477,478,487,489,494,516,525,529,555,566,569,570,572,575,576,580
OZ67,368,369,388,394,400,420,454,455,474,478,481,482,491,492,496,502,512,519,523,528,532,545,551,553,554,557,563,567,569,571,573,580
OZ68,388,391,396,405,439,455,474,483,489,491,499,500,523,531,532,554,556,571,575,582
OZ69,372,389,396,400,402,409,415,418,429,439,444,462,478,481,491,499,500,511,518,525,531,555,556,569,572,579
OZ70,362,369,377,381,383,391,392,393,400,402,406,423,427,435,442,446,454,455,456,457,463,466,470,471,474,475,477,480,483,484,486,489,491,493,498,499,500,502,509,512,515,519,521,523,524,525,527,528,529,532,534,535,538,542,547,549,553,554,557,558,563,564,566,567,569,570,571,573,575,576,577,580
OZ71,369,381,389,390,394,396,400,405,406,407,408,409,415,418,422,429,433,439,444,453,454,460,462,466,474,477,478,479,482,484,487,491,492,494,495,496,498,499,500,511,518,519,531,535,545,551,554,555,556,562,564,566,567,569,571,572,574,576,577,578,579,582
OZ72,387,391,394,397,398,405,414,417,445,454,472,478,481,482,483,489,492,494,496,519,527,529,540,545,551,567,569,575,580,582
OZ73,374,381,383,392,394,402,405,406,408,418,422,436,440,442,443,456,467,468,477,480,481,483,484,487,488,492,493,494,495,496,498,505,509,512,516,525,528,529,532,544,545,551,555,557,558,564,566,567,570,578,579,580,582,586
OZ74,381,383,389,390,394,396,400,405,406,407,408,409,415,418,422,429,433,439,444,453,454,460,462,466,470,474,477,478,479,480,483,484,487,491,492,494,495,496,498,511,518,521,531,535,545,551,554,555,556,562,564,566,567,569,571,572,574,576,577,578,579,580,582,586
OZ75,383,384,389,390,391,393,405,407,420,429,432,433,435,436,437,444,455,457,462,471,474,475,480,482,489,491,502,503,507,511,512,513,518,523,527,532,533,538,542,545,551,553,554,557,559,563,571,573,574,575,578,580,582,586
OZ76,384,389,390,393,394,396,407,418,420,429,432,433,435,436,437,439,444,454,455,457,462,470,471,475,478,481,482,483,491,492,494,496,503,511,513,515,518,521,523,527,528,529,531,533,538,542,556,559,567,569,574,578,579,580
OZ77,377,389,391,392,394,396,400,402,405,406,408,412,418,427,429,432,433,435,436,439,442,444,453,455,456,460,462,466,468,470,474,475,477,479,485,487,488,489,491,492,493,495,496,498,502,507,509,511,513,516,518,521,523,525,531,534,538,542,547,550,553,554,556,558,562,564,565,566,567,569,570,571,573,575,576,579,582,586
OZ78,389,390,391,392,396,400,405,407,418,429,432,433,436,439,444,462,474,483,489,491,495,499,500,511,513,516,518,529,531,535,545,551,554,556,567,570,571,574,575,577,579,582
OZ79,396,400,418,439,474,483,499,500,531,532,554,556,571,579
OZ80,391,405,478,481,489,569,575,582
OZ81,390,392,400,405,406,407,409,412,415,422,432,436,466,468,470,477,481,485,486,488,494,498,499,500,507,512,513,515,516,521,528,529,545,550,551,555,557,563,564,566,567,570,572,574,576,578,580,582
OZ82,392,394,400,402,405,408,409,415,418,432,436,442,453,456,460,475,479,481,483,487,492,493,494,495,496,507,509,513,516,525,529,532,547,555,558,562,566,569,570,572,579,580,582,586
OZ83,394,402,406,412,432,433,435,442,455,456,466,468,470,474,475,477,479,485,488,492,493,494,495,496,498,499,500,502,507,509,513,521,523,525,529,538,542,547,550,553,554,558,562,564,567,569,571,573,576,586
OZ84,402,405,406,422,432,442,454,456,477,479,481,483,486,493,494,498,509,513,525,535,538,542,545,551,558,562,564,566,577,578,580,582
OZ85,380,385,412,432,433,441,454,468,470,479,485,488,492,494,499,500,502,513,520,521,529,538,542,550,553,562,567,573
OZ86,397,398,400,410,432,445,483,494,502,507,512,513,515,519,528,529,537,540,545,551,553,557,563,567,573,580
OZ87,466,474,495,554,571,576
OZ88,400,403,412,432,433,454,468,470,479,485,488,493,494,499,500,507,512,513,515,521,528,529,538,542,545,550,551,557,558,562,563,567
OZ89,403,408,412,418,422,432,433,435,453,454,455,460,468,470,474,479,483,485,486,487,488,493,499,500,507,512,513,515,521,523,528,532,538,542,545,550,551,554,557,558,562,563,567,571,578,579
OZ90,412,433,468,470,485,488,494,499,500,502,521,529,538,542,550,553,567,573
OZ91,408,418,422,432,453,454,460,474,479,483,486,487,492,494,503,513,528,529,532,533,554,562,571,579
OZ92,406,418,474,503,528,529,532,533,535,538,542,554,567,571,577,578,579,580
OZ93,432,435,454,455,479,492,502,503,507,512,513,515,523,533,553,557,562,563,573,578
OZ94,418,468,470,474,483,488,499,500,512,521,528,532,554,557,571,579
OZ95,393,409,415,436,457,471,477,482,498,527,529,535,538,542,547,555,564,567,569,572,577,586
OZ96,435,455,468,470,475,483,488,499,500,503,507,512,521,523,533,557,578,580
OZ97,468,470,475,483,488,499,500,502,515,521,553,563,573,580
OZ98,529,535,538,542,567,577
OZ99,405,422,474,475,478,481,486,491,502,503,512,515,532,533,553,554,557,563,566,569,571,573,580,582
