X0,0,1,90,183,535,580
X1,0,2,82,175,482,636
X2,2,8,18,44,501,629
X3,3,14,290,419,503,588
X4,4,15,109,201,508,635
X5,5,16,249,291,420,544
X6,6,12,140,223,388,640
X7,7,18,217,292,421,543
X8,9,40,89,182,568,587
X9,4,10,20,46,412,641
X10,11,42,140,207,391,636
X11,6,17,148,232,489,614
X12,13,44,138,206,390,621
X13,14,40,84,177,355,478
X14,15,41,85,178,242,473
X15,16,42,81,174,502,629
X16,17,43,77,170,241,501
X17,7,13,139,263,277,388
X18,19,45,105,198,473,633
X19,20,66,115,265,275,492
X20,21,67,114,264,364,397
X21,22,45,100,181,472,628
X22,23,49,112,204,610,646
X23,24,69,108,185,571,588
X24,25,70,187,380,569,637
X25,26,71,92,200,532,587
X26,27,72,130,251,278,572
X27,28,73,129,199,250,531
X28,29,74,93,224,338,409
X29,30,56,85,294,542,591
X30,31,57,144,286,449,594
X31,32,77,293,481,540,589
X32,33,36,61,78,534,580
X33,34,79,133,195,222,440
X34,35,60,63,176,285,537
X35,36,81,343,466,480,621
X36,37,82,214,395,400,640
X37,38,83,128,218,338,405
X38,39,64,78,171,333,409
X39,22,48,111,203,529,632
X40,46,106,159,219,397,628
X41,47,105,160,235,492,620
X42,23,68,99,180,362,571
X43,24,50,86,179,213,570
X44,51,163,221,368,396,406
X45,33,52,58,164,170,543
X46,27,53,92,185,596,646
X47,54,57,166,169,183,544
X48,55,153,167,244,291,535
X49,30,65,75,120,248,368
X50,28,54,93,186,236,529
X51,32,58,143,285,369,443
X52,34,59,248,302,490,516
X53,60,173,229,416,470,594
X54,61,174,188,334,381,495
X55,62,175,341,370,464,558
X56,38,63,71,121,164,355
X57,64,177,189,287,382,452
X58,65,127,178,237,276,530
X59,66,124,159,215,295,422
X60,67,158,160,296,361,423
X61,68,157,161,296,424,634
X62,69,120,162,211,500,595
X63,70,123,163,213,297,399
X64,35,80,136,226,372,486
X65,72,144,165,298,358,425
X66,73,95,166,254,335,426
X67,74,149,167,233,351,482
X68,75,168,289,345,418,478
X69,76,169,288,366,417,502
X70,12,43,113,226,294,410
X71,39,84,135,256,541,600
X72,79,132,172,242,280,410
X73,80,146,173,241,282,408
X74,5,11,297,303,431,494
X75,1,8,83,176,333,489
X76,37,62,122,249,273,399
X77,26,52,91,171,184,545
X78,10,41,139,222,293,408
X79,86,191,336,444,526,637
X80,87,192,251,426,533,599
X81,88,193,250,349,425,460
X82,89,143,229,240,507,596
X83,90,145,230,236,334,499
X84,91,145,252,287,337,453
X85,53,165,369,415,467,577
X86,29,55,107,299,340,427
X87,94,187,304,326,457,567
X88,95,188,286,327,415,448
X89,96,255,312,363,485,506
X90,97,190,328,459,519,583
X91,98,191,295,329,460,477
X92,99,122,192,270,477,590
X93,100,193,212,398,479,641
X94,101,106,199,257,474,633
X95,102,258,272,398,496,635
X96,101,103,194,259,505,620
X97,104,197,332,437,463,584
X98,21,47,110,202,509,618
X99,103,196,331,462,465,618
X100,107,152,186,238,350,472
X101,108,200,300,356,428,475
X102,109,117,208,238,548,630
X103,110,261,360,435,511,622
X104,19,48,302,430,508,581
X105,112,262,437,559,573,638
X106,113,151,235,263,353,412
X107,114,205,304,411,432,592
X108,115,156,206,305,433,592
X109,116,134,207,306,434,590
X110,117,267,359,454,510,639
X111,118,149,209,232,537,584
X112,119,152,201,210,516,583
X113,56,168,184,363,379,503
X114,121,137,205,225,389,600
X115,49,141,161,284,488,603
X116,31,76,123,271,414,593
X117,124,155,240,264,349,389
X118,125,215,272,277,401,540
X119,126,274,306,353,491,542
X120,127,216,290,352,471,545
X121,128,225,268,348,393,507
X122,129,219,298,348,470,509
X123,130,220,254,337,381,547
X124,97,131,256,279,350,429
X125,132,221,281,354,416,527
X126,133,258,282,344,467,528
X127,134,158,223,247,265,390
X128,135,190,224,323,451,499
X129,136,280,345,373,406,523
X130,137,150,234,283,627,645
X131,138,147,231,243,494,619
X132,3,9,25,51,595,645
X133,141,227,237,356,419,490
X134,142,271,310,396,447,601
X135,146,281,366,407,522,577
X136,147,288,318,495,518,609
X137,148,233,438,558,574,631
X138,118,268,361,403,524,578
X139,150,289,319,452,519,625
X140,151,198,339,365,485,530
X141,119,269,305,493,512,582
X142,153,203,228,317,414,531
X143,154,292,320,357,476,534
X144,87,155,180,182,358,570
X145,156,157,243,246,266,391
X146,111,244,376,377,436,504
X147,98,179,245,283,411,568
X148,88,181,323,335,456,548
X149,94,245,253,324,422,441
X150,96,189,322,458,520,591
X151,131,218,364,375,403,433
X152,194,276,383,402,546,632
X153,102,195,330,461,563,630
X154,196,247,365,384,424,491
X155,104,260,279,351,405,442
X156,202,209,386,393,486,585
X157,204,316,387,487,572,586
X158,208,319,392,451,520,576
X159,210,231,394,417,440,597
X160,59,172,211,407,431,593
X161,125,212,324,510,564,604
X162,126,214,325,371,539,550
X163,216,314,402,427,446,581
X164,217,275,374,401,432,445
X165,220,325,362,404,434,506
X166,227,301,340,413,429,430
X167,142,228,370,378,420,526
X168,230,255,382,456,550,599
X169,234,315,418,439,569,626
X170,239,311,421,441,536,605
X171,246,301,367,423,442,493
X172,252,339,379,476,546,598
X173,253,347,378,380,469,517
X174,257,377,383,469,511,601
X175,259,312,384,547,549,602
X176,260,314,385,428,538,603
X177,261,317,354,386,449,474
X178,262,313,344,387,443,475
X179,267,329,371,392,479,533
X180,269,284,303,394,413,500
X181,270,309,395,444,515,604
X182,274,373,400,458,497,614
X183,278,342,404,465,566,634
X184,197,299,341,385,504,514
X185,154,239,313,352,481,532
X186,50,116,162,266,273,488
X187,307,435,549,565,623,643
X188,308,347,357,436,471,554
X189,309,438,455,539,576,617
X190,310,439,527,555,585,616
X191,311,343,445,517,557,612
X192,315,360,447,484,567,624
X193,316,318,448,450,566,623
X194,320,450,453,480,575,602
X195,321,454,528,556,586,611
X196,322,455,523,551,608,626
X197,326,521,553,606,625,644
X198,327,487,522,563,597,607
X199,328,461,553,562,608,639
X200,330,459,468,552,582,609
X201,331,367,498,524,538,610
X202,332,525,561,562,611,617
X203,336,376,464,513,564,605
X204,342,498,561,565,613,638
X205,346,375,512,521,541,627
X206,359,483,514,515,573,574
X207,372,497,525,555,579,631
X208,346,374,457,466,468,619
X209,307,484,505,554,598,612
X210,321,483,496,536,589,615
X211,462,463,560,578,579,622
X212,518,557,575,624,642,644
X213,551,560,606,616,643,647
X214,552,556,607,613,642,647
OX0,140,182,184,185,198,199,200,201,203,205,209,213,219,221,223,231,235,238,240,244,245,250,251,263,280,281,282,283,284,288,289,290,291,293,294,297,303,304,305,312,314,317,319,323,324,325,335,340,341,345,347,353,358,360,361,362,363,364,365,368,370,373,375,379,388,389,393,399,407,408,410,412,413,416,418,419,420,422,425,426,427,428,429,433,434,437,438,440,441,442,443,448,449,451,453,455,456,457,458,459,461,463,465,467,469,472,476,478,481,482,484,486,487,493,495,497,498,500,503,504,509,512,514,516,517,520,521,524,526,527,529,530,532,535,538,540,541,545,546,547,550,558,560,563,565,566,568,572,574,578,579,582,585,588,589,591,593,595,598,599,601,603,607,611,613,614,617,624,627,634,637,638,639,640,643,644,646,647
OX1,143,145,182,183,184,185,188,199,200,201,203,209,213,219,221,224,229,231,232,233,236,238,240,244,245,250,251,255,268,284,288,290,291,297,299,303,304,305,312,317,324,325,335,338,339,340,347,348,350,351,358,361,362,363,366,368,369,370,379,381,382,399,403,406,409,413,419,420,422,425,426,427,434,439,440,441,447,448,449,452,453,455,457,458,465,467,469,470,472,476,478,482,485,487,493,498,500,502,503,507,509,512,516,517,520,521,522,523,524,526,527,529,532,535,537,544,545,546,547,553,555,560,561,563,565,566,567,568,569,572,577,578,582,583,584,585,588,591,593,594,595,598,601,607,608,613,625,626,634,637,638,643,644,645,646,647
OX2,145,180,182,185,188,192,198,199,200,201,203,207,209,213,218,219,221,223,226,231,235,238,240,241,244,245,249,250,251,254,255,263,268,281,282,284,288,294,304,305,314,317,323,324,333,334,335,338,339,340,341,343,348,353,355,356,357,358,361,364,365,368,369,370,375,382,388,391,399,405,406,407,408,410,412,413,416,422,425,427,429,431,433,436,437,438,439,440,441,442,446,447,448,449,451,456,457,459,461,463,466,467,469,471,472,475,480,482,485,487,489,493,494,500,501,502,504,507,509,512,513,514,516,517,519,521,524,525,526,527,529,530,533,534,535,537,538,541,543,544,550,554,555,558,559,561,563,567,568,569,571,574,578,580,582,585,587,588,593,595,596,600,601,603,606,607,608,611,614,615,616,617,621,625,629,631,636,637,639,640,644,645
OX3,157,180,182,184,185,192,199,200,201,213,215,219,221,231,237,238,240,245,247,251,263,264,265,272,277,280,281,282,283,288,289,290,291,293,294,297,301,302,303,305,312,313,314,318,319,341,344,345,347,349,354,356,358,363,365,368,370,371,375,376,377,379,388,389,390,397,398,399,401,407,408,410,411,412,416,418,420,422,423,424,426,427,428,432,433,436,440,441,442,444,450,451,453,457,459,460,461,463,465,467,469,473,474,475,476,477,478,479,481,482,488,490,491,492,493,495,498,500,503,505,508,510,511,512,514,515,516,517,520,521,524,526,527,530,532,535,538,541,542,545,546,547,548,549,554,558,559,560,563,564,568,571,573,574,576,578,579,581,582,586,588,589,591,592,593,595,599,601,607,610,611,612,613,618,620,622,624,627,628,632,633,637,639,641,644,647
OX4,188,199,203,209,213,218,219,221,222,232,233,237,242,244,245,250,251,268,271,272,276,282,283,288,289,294,295,297,299,312,323,325,329,333,334,335,338,339,341,344,345,347,348,350,352,355,356,357,358,361,362,364,366,369,375,377,381,396,398,399,402,405,406,411,414,417,418,419,425,426,427,429,430,433,434,437,440,442,444,448,449,451,452,453,455,456,458,460,463,464,465,468,470,473,475,476,477,482,485,487,490,496,498,502,508,509,514,516,519,520,522,523,524,525,526,528,530,531,532,535,537,538,541,542,544,546,547,550,553,554,556,559,560,564,565,566,568,570,571,572,577,578,580,582,583,587,593,594,596,597,598,599,600,603,605,606,609,611,615,616,617,626,630,632,634,635,637,638,639,642,643,646
OX5,180,182,183,184,192,201,203,205,209,213,215,221,222,224,226,231,232,233,236,238,240,241,242,244,245,247,249,250,254,263,264,265,266,273,277,280,284,290,291,294,296,297,302,305,306,312,317,319,325,329,333,334,335,343,344,349,353,356,357,360,361,362,363,364,365,366,371,376,377,378,379,381,388,390,391,393,397,401,408,409,411,412,413,417,419,420,422,423,425,426,428,430,432,438,440,441,446,449,452,453,455,457,458,459,460,461,465,466,467,469,470,471,472,473,474,475,476,478,480,484,486,488,489,492,493,494,498,501,503,504,505,507,508,509,511,512,513,514,515,516,517,519,521,522,523,527,529,530,532,534,536,540,543,545,546,547,549,550,556,558,559,560,561,562,564,566,567,568,569,571,572,573,576,577,580,581,582,585,586,589,590,591,592,593,594,597,604,611,612,613,614,616,618,620,621,622,623,625,626,628,629,630,631,632,633,634,635,636,637,638,640,641,644,645,646,647
OX6,184,185,198,200,203,205,207,213,215,221,223,224,232,233,235,237,244,245,247,250,264,265,266,268,271,272,273,276,277,280,281,283,289,290,291,294,295,296,299,302,304,306,314,319,324,335,338,340,345,347,349,350,351,352,356,357,360,363,364,368,370,371,376,378,379,390,393,396,397,398,401,402,403,407,409,410,414,416,418,420,423,425,428,431,432,434,436,439,440,444,447,449,456,464,468,474,475,477,478,482,484,486,488,490,492,496,499,500,503,505,509,511,514,515,516,519,520,524,528,530,531,533,535,536,537,540,542,545,549,553,555,559,562,563,565,568,570,571,573,574,576,578,581,582,583,584,586,588,589,590,591,592,593,595,598,601,604,605,607,608,609,611,612,613,616,618,620,622,623,628,633,637,641,642,643,647
OX7,199,203,205,206,207,213,218,219,221,222,223,224,231,232,233,237,242,243,244,245,249,250,251,268,271,272,276,282,291,294,295,303,312,314,318,319,325,329,335,338,339,343,344,345,347,352,355,356,357,358,360,362,366,369,377,389,390,391,393,396,398,399,402,405,406,409,411,414,417,419,420,425,426,427,428,430,431,434,439,440,444,447,448,449,453,455,456,458,459,460,461,464,465,466,468,470,473,475,476,477,480,482,484,485,487,489,490,496,498,499,501,504,507,508,509,516,519,520,522,523,526,528,530,531,532,534,535,542,543,546,547,550,554,556,557,559,560,561,564,565,566,567,568,569,570,571,572,575,577,582,587,593,594,596,597,598,599,600,605,606,608,615,616,619,625,627,630,632,634,635,637,638,643,644,645,646
OX8,144,185,198,200,205,207,209,213,215,221,223,224,231,235,237,245,249,250,254,263,275,276,282,284,288,293,295,305,313,317,323,324,333,334,335,340,341,343,344,345,347,348,349,356,360,361,364,366,370,371,377,378,381,388,389,391,393,399,402,406,408,409,411,412,413,415,419,425,426,429,430,431,432,433,437,441,442,444,448,449,450,452,453,457,463,464,466,467,472,475,476,477,478,480,481,484,487,489,490,493,494,495,499,500,501,503,507,515,517,520,521,522,524,525,527,529,530,531,532,533,534,537,538,540,543,545,548,553,554,555,557,559,561,567,568,569,570,571,573,574,575,576,578,580,585,586,589,593,594,601,602,603,604,608,609,612,613,616,617,619,624,625,626,632,637,642,645,647
OX9,183,198,203,205,207,215,223,224,232,233,235,236,244,247,250,264,265,268,272,273,277,291,296,297,302,303,304,306,317,323,324,335,338,341,349,351,354,360,364,370,376,377,390,391,393,397,398,399,401,403,409,411,420,423,425,430,431,432,434,436,449,456,460,464,472,473,474,479,484,486,492,494,504,505,508,509,510,511,524,529,537,540,548,549,554,558,564,565,578,581,584,585,590,592,598,604,612,618,620,622,623,628,632,633,641,643
OX10,205,206,207,209,213,218,221,222,223,231,237,242,243,245,249,251,272,276,282,294,295,298,299,303,312,314,317,318,319,325,329,339,340,343,344,345,347,348,350,351,352,355,356,357,358,360,361,362,366,369,370,377,378,389,390,391,393,398,399,402,403,405,406,411,417,419,425,426,428,430,431,434,440,444,448,449,451,453,455,458,460,464,465,466,468,472,473,475,476,477,480,484,485,487,489,490,496,498,501,504,507,508,516,520,522,523,524,527,528,529,530,531,532,534,537,542,543,546,547,548,550,553,554,555,556,557,559,560,561,562,564,565,566,567,568,569,570,571,572,575,577,578,582,583,584,585,587,593,594,596,597,598,599,600,601,605,606,615,619,625,627,630,632,634,635,637,638,639,643,644,645,646
OX11,182,198,207,215,223,224,231,232,233,235,240,249,250,251,263,266,268,271,275,280,281,282,284,288,293,294,297,298,299,303,305,312,313,314,324,325,335,338,339,343,344,347,348,349,350,351,352,354,355,356,358,362,364,366,368,369,370,388,393,396,403,406,407,408,409,410,412,413,414,416,426,429,431,432,433,434,436,437,440,441,442,446,448,449,450,452,455,456,457,458,460,463,464,465,466,468,471,473,475,478,479,480,481,485,487,488,489,493,495,496,498,499,501,503,504,507,508,510,513,514,516,517,520,521,522,523,525,527,528,534,536,538,540,542,543,545,546,547,550,554,557,558,559,560,562,563,564,565,566,570,571,572,575,577,582,583,584,587,588,594,595,596,598,599,600,602,603,604,605,606,607,608,611,612,613,615,616,617,619,626,627,634,638,643,646,647
OX12,209,213,218,221,222,224,232,233,237,242,245,251,268,272,276,282,283,288,289,291,294,295,297,298,312,317,323,325,329,338,339,340,341,344,345,347,352,355,356,357,358,361,362,364,366,369,370,375,377,378,398,399,402,405,406,409,411,417,418,419,420,425,426,429,430,433,434,437,439,440,442,444,447,448,449,452,453,455,458,459,460,461,463,464,465,468,472,473,475,476,477,482,485,487,490,495,496,498,499,508,514,516,520,522,523,524,525,527,528,529,530,531,532,535,537,538,541,542,546,547,548,550,554,555,556,559,560,562,564,565,566,568,570,571,572,577,578,582,585,587,593,594,596,597,598,599,600,601,603,605,606,608,609,611,615,617,626,630,632,634,635,637,638,642,643,646
OX13,201,203,213,218,221,222,237,238,242,244,245,247,249,251,263,264,265,273,275,276,277,288,291,293,294,295,296,297,298,299,302,304,306,312,313,314,319,325,329,339,340,341,343,345,347,348,350,351,354,355,356,358,362,364,366,369,375,376,378,388,389,390,397,401,402,403,405,406,408,412,417,419,420,423,425,426,428,436,440,441,444,448,450,451,455,457,458,460,465,466,467,473,474,475,477,480,481,482,485,486,487,489,490,492,495,498,501,505,507,508,509,511,512,516,517,520,521,522,523,524,527,530,531,534,535,536,537,541,542,543,546,547,548,549,550,553,555,556,557,558,559,560,561,562,564,566,567,568,569,570,571,572,575,577,578,581,582,583,584,587,590,592,593,594,596,597,599,600,601,602,606,609,615,618,619,620,622,623,624,625,628,630,633,634,635,637,638,639,641,642,645,646
OX14,213,218,221,222,231,237,242,245,247,249,251,263,264,265,273,275,276,277,284,288,291,293,294,295,296,297,298,302,303,304,305,306,312,313,314,319,325,329,339,341,343,345,347,348,351,354,355,356,358,362,364,366,369,375,376,378,388,389,390,397,401,402,403,405,406,408,412,413,419,420,423,425,426,427,428,436,441,444,448,450,451,455,457,458,460,465,466,467,472,473,474,475,477,480,481,482,485,486,487,489,490,492,493,495,498,500,501,505,507,508,509,511,517,520,521,522,523,524,527,529,530,531,534,535,536,537,541,542,543,546,547,548,549,550,553,555,556,557,558,559,560,561,562,564,566,567,568,569,570,571,572,575,577,578,581,584,587,590,592,593,594,596,599,600,601,602,606,609,615,618,619,620,622,623,624,625,628,630,633,634,635,637,638,639,641,642,645,646
OX15,185,200,203,222,224,242,244,249,266,271,272,276,282,283,284,289,294,295,297,301,303,304,312,313,314,317,318,324,329,333,334,337,339,340,345,347,352,356,368,370,377,391,396,398,402,409,411,413,414,418,422,427,429,431,436,437,439,440,441,443,444,446,447,448,450,452,453,455,456,457,458,459,460,461,464,467,468,469,471,473,475,476,477,485,487,488,494,496,499,504,506,508,513,516,517,520,521,523,527,528,530,531,532,542,546,550,553,555,556,559,560,563,564,566,567,569,572,573,580,582,585,586,588,595,598,599,601,603,605,607,608,609,610,613,623,625,626,630,632,635,638,642,643,644,645,646
OX16,198,203,207,215,223,235,237,244,263,264,271,272,273,277,280,281,282,293,294,295,296,297,298,303,306,312,314,317,339,341,343,347,348,349,352,353,355,360,361,364,366,367,368,369,371,373,388,389,391,396,397,398,399,401,406,407,408,410,412,414,416,419,422,423,424,425,427,430,431,432,434,436,438,440,441,443,444,446,451,452,457,459,461,463,465,466,468,471,472,473,474,477,478,480,481,484,485,486,489,490,491,494,496,497,498,501,503,504,505,507,508,509,511,513,514,515,516,517,519,520,521,522,523,524,525,527,528,529,533,534,536,537,538,543,545,546,547,548,549,553,560,563,573,576,577,578,582,585,586,587,588,590,592,594,595,596,600,602,604,605,606,607,609,610,611,613,614,615,616,618,620,621,622,624,626,627,628,629,633,636,639,640,641,642,644,647
OX17,231,237,247,249,263,264,265,271,272,273,275,276,277,282,283,284,289,290,291,293,296,299,302,303,304,305,306,313,329,343,344,348,350,354,357,371,378,388,389,390,396,397,398,399,401,402,408,411,412,413,414,417,418,420,423,427,428,429,433,434,437,441,442,446,449,450,451,452,453,457,459,461,463,464,466,467,471,472,473,474,476,479,480,481,482,486,489,490,492,493,500,501,504,505,507,508,509,510,511,515,517,519,520,521,524,525,526,527,529,530,531,532,533,534,535,537,538,543,545,548,549,554,555,557,558,561,562,563,565,567,569,573,574,575,576,578,581,583,586,589,590,592,597,598,601,602,603,605,607,609,613,615,616,617,618,619,620,622,623,624,625,626,628,633,639,641,642,643,645,647
OX18,203,215,224,232,233,237,244,247,249,250,263,264,265,268,271,272,273,276,277,280,281,282,293,294,295,296,299,302,306,314,335,338,339,340,343,347,349,350,351,352,353,354,355,364,365,366,368,369,370,371,373,376,388,389,390,393,396,397,398,399,401,402,403,406,407,408,409,410,412,414,416,419,422,423,425,432,434,438,440,441,443,444,446,449,452,456,457,464,466,468,469,470,471,474,477,478,480,481,485,489,490,492,496,497,499,501,503,505,507,509,511,513,514,515,516,517,520,521,522,523,524,525,527,528,531,533,534,536,543,545,549,554,558,562,563,565,573,576,577,578,579,581,582,583,584,586,587,588,590,592,594,595,596,598,600,601,604,605,606,607,608,609,611,612,613,614,615,616,618,620,621,622,623,624,626,627,628,629,633,636,640,641,642,643,644,647
OX19,215,247,250,272,276,277,312,323,324,335,349,365,367,377,398,401,402,424,425,456,460,463,465,469,472,474,479,491,498,505,510,511,524,529,531,538,540,546,547,548,549,560,564,578,579,601,602,604,610,618,620,622,628,632,633,641
OX20,218,224,226,241,254,263,264,265,266,268,271,273,281,282,283,284,289,290,294,296,297,299,301,302,303,304,306,312,313,318,325,329,337,338,339,340,343,344,350,352,353,354,356,362,366,367,371,375,377,378,381,388,389,390,391,393,396,397,399,405,407,408,409,410,411,412,413,414,416,418,419,423,424,426,427,428,430,431,432,433,438,440,442,443,446,448,449,450,452,456,464,466,468,469,470,471,475,479,480,485,486,487,488,489,491,492,494,496,499,501,504,506,507,509,510,515,516,520,522,525,526,527,528,533,534,536,537,541,543,545,546,553,554,555,559,560,563,567,569,576,577,579,581,582,583,589,590,592,594,598,602,607,608,609,612,614,615,616,617,621,624,625,626,627,629,631,632,634,636,640,642,643,645,647
OX21,206,207,223,224,232,233,237,243,247,263,264,265,271,272,273,275,276,277,282,283,284,288,289,290,293,296,297,302,304,305,306,313,314,318,323,329,338,341,344,348,351,354,357,371,378,388,389,391,396,397,398,399,401,402,408,409,411,412,413,414,417,418,423,427,431,433,434,441,446,449,450,452,453,457,464,467,471,472,473,474,476,479,481,486,490,492,493,495,499,500,505,507,508,509,510,511,514,515,517,520,521,524,526,527,529,530,531,532,533,537,545,548,549,553,554,555,558,562,563,565,567,569,573,574,576,578,581,584,586,589,590,592,597,598,601,602,605,607,608,611,613,615,616,618,620,622,623,625,626,628,633,641,643,644,645,647
OX22,224,247,249,250,264,268,272,273,275,277,282,283,289,291,293,296,298,299,304,306,313,314,329,335,338,341,344,350,351,352,357,360,361,371,389,393,397,398,399,401,403,408,409,411,418,420,423,428,429,433,434,437,438,439,441,442,447,450,452,453,456,457,459,461,463,467,468,470,476,479,481,482,484,499,504,507,509,510,512,515,517,520,521,525,532,533,535,538,553,556,557,558,561,567,569,573,575,576,583,584,586,589,590,592,602,603,605,608,612,614,615,617,619,621,624,625,626,629,630,631,635,636,640,645
OX23,237,250,264,271,272,273,275,277,280,281,284,288,291,294,295,296,297,298,299,305,306,312,313,314,317,318,323,324,335,339,340,343,344,347,348,350,353,355,357,360,361,364,366,367,368,369,370,371,373,375,389,396,397,398,399,401,406,407,410,413,414,416,417,419,420,422,423,424,430,431,434,436,438,443,444,446,450,451,452,453,456,459,460,461,463,464,465,466,467,471,474,476,477,478,479,480,482,484,485,486,489,490,491,493,495,497,498,500,501,503,504,505,507,509,510,511,513,514,515,519,520,522,523,524,525,527,532,533,534,535,537,538,540,541,543,545,546,547,549,553,558,560,563,564,573,576,577,578,583,585,586,587,588,590,592,594,595,596,597,600,606,607,610,611,612,613,614,615,616,618,620,621,622,626,628,629,633,636,639,640,641,647
OX24,232,233,249,263,264,265,268,272,273,275,276,277,280,281,290,294,295,296,302,306,312,313,314,317,324,339,340,343,344,347,352,353,354,355,357,364,366,367,368,369,370,371,373,375,378,388,389,390,393,397,398,399,401,402,403,406,407,410,412,416,419,422,423,424,427,428,429,430,434,436,437,439,442,443,444,447,449,450,451,452,453,460,465,466,467,468,470,472,473,476,477,478,479,480,485,489,491,492,497,498,501,503,507,508,509,510,512,513,515,519,520,522,523,526,529,530,531,532,533,534,540,541,543,546,547,548,553,554,555,556,557,558,560,561,562,564,565,573,574,575,576,577,581,585,586,587,588,590,592,594,595,596,598,600,601,603,606,610,615,617,619,623,624,626,630,631,635,639,643,644
OX25,226,241,254,263,264,265,266,271,273,284,293,294,295,296,297,301,302,303,306,312,313,314,318,323,324,325,337,339,340,341,343,344,345,347,348,352,353,354,355,356,361,362,364,367,368,369,371,376,377,381,388,389,390,391,396,397,399,410,412,413,414,422,423,424,426,427,429,430,431,432,437,438,440,441,444,446,448,449,450,451,452,456,457,459,460,461,463,466,468,471,475,477,478,479,480,481,485,486,487,488,489,491,492,494,496,501,503,506,507,509,510,513,514,515,516,517,519,520,521,524,527,528,533,534,536,537,538,540,543,545,546,553,554,555,559,560,561,563,564,576,578,579,581,582,587,588,590,592,595,596,598,600,602,603,605,606,607,609,611,612,614,615,616,621,624,626,627,629,631,632,634,636,639,640,642,643,644,647
OX26,245,247,250,251,263,265,266,268,271,272,275,276,277,281,282,283,288,291,293,295,299,302,303,306,313,317,319,323,335,340,341,344,345,347,348,350,352,355,356,358,360,362,364,366,367,368,369,370,376,388,390,391,393,396,398,401,402,403,407,408,411,412,414,416,417,420,424,425,426,427,428,430,432,433,434,438,441,444,446,448,450,452,456,457,459,460,461,463,464,468,469,470,471,472,473,475,477,478,479,481,482,484,487,488,492,494,495,500,503,504,508,510,512,513,514,517,519,521,522,524,525,527,529,530,531,533,535,538,545,548,553,555,556,557,558,559,561,562,563,566,568,570,571,572,573,574,575,577,578,581,583,585,586,587,588,589,594,595,596,597,599,600,601,604,605,606,607,610,611,613,614,616,617,619,621,623,626,627,629,630,631,634,635,636,638,640,646,647
OX27,221,222,242,249,250,251,264,268,273,275,277,281,289,290,291,293,294,295,296,299,301,305,306,312,314,317,319,324,325,329,333,334,335,337,338,339,343,344,345,347,350,351,353,354,355,356,357,358,360,362,364,366,367,369,373,375,378,389,393,397,399,401,403,406,407,408,416,418,419,420,422,423,424,425,426,429,436,437,438,439,443,444,446,447,449,452,453,459,460,461,463,464,466,467,470,471,474,475,476,477,480,481,482,484,485,486,489,491,493,497,501,504,505,506,507,509,511,513,519,522,523,525,526,527,532,534,535,536,537,538,541,543,545,546,549,553,555,556,558,559,560,561,564,565,573,574,577,580,583,584,586,587,590,592,594,596,600,601,603,606,612,614,618,620,621,622,623,626,628,629,630,633,634,635,636,640,641,647
OX28,247,249,251,266,272,275,277,280,282,283,289,291,293,294,295,297,298,299,301,303,304,305,312,314,317,319,323,324,325,333,334,337,338,339,343,347,350,351,353,355,356,357,358,361,362,364,366,367,368,369,371,373,378,391,398,401,406,408,410,411,418,420,422,424,425,426,429,432,433,434,436,437,438,443,444,446,449,451,453,456,459,460,461,463,464,466,471,474,475,476,477,478,479,480,481,482,485,486,488,489,491,493,494,497,500,501,503,504,505,506,510,511,513,514,515,520,522,523,525,526,532,533,534,535,537,538,543,545,546,549,553,555,558,559,560,561,564,565,567,569,576,577,580,583,584,587,588,589,593,594,595,596,600,601,603,606,611,612,614,615,618,620,621,622,623,624,625,627,628,629,633,634,636,639,640,641,645,647
OX29,251,263,265,266,271,276,280,283,284,288,289,291,294,295,298,301,302,303,304,313,314,318,319,323,324,325,333,334,337,338,339,340,343,344,347,351,352,353,355,356,358,361,362,364,365,366,368,369,370,371,373,375,376,388,390,391,396,402,406,410,411,412,413,414,417,418,420,422,425,426,427,429,430,431,433,434,437,438,439,440,441,443,444,446,447,449,450,451,456,457,459,460,461,464,465,466,467,468,469,471,475,477,478,479,480,482,485,486,488,489,492,494,495,496,497,498,501,503,506,510,513,514,515,516,517,520,521,522,523,524,525,527,528,533,534,535,536,537,541,543,545,547,553,558,559,561,564,565,567,569,576,577,578,579,580,581,582,584,585,587,588,589,593,594,595,596,597,600,601,603,605,606,609,610,611,614,615,616,621,623,625,629,634,636,639,640,642,644,645,647
OX30,249,263,264,265,268,272,273,275,276,277,280,281,290,291,294,295,296,302,306,312,313,314,317,324,339,340,341,344,347,352,353,354,355,357,364,366,367,368,369,371,373,375,378,388,389,390,393,397,398,399,401,402,403,406,407,410,412,416,419,420,422,423,424,427,428,429,430,434,436,437,438,439,442,443,444,447,449,450,451,452,453,460,464,465,467,468,470,472,473,476,477,478,479,482,485,491,492,497,498,503,507,508,509,510,512,513,515,519,520,522,523,526,529,530,531,532,533,535,540,541,546,547,548,553,554,555,556,557,558,560,561,562,564,565,573,575,576,577,581,585,586,587,588,590,592,594,595,596,598,600,601,603,606,610,614,615,617,619,621,623,624,626,629,630,635,636,639,640,643,644
OX31,222,242,250,263,264,265,271,273,275,276,277,280,281,282,284,288,290,291,295,296,297,298,299,302,305,306,312,313,317,318,323,324,335,340,343,347,348,350,352,355,357,360,361,364,365,366,367,368,369,370,371,373,375,388,389,390,396,397,399,401,402,406,407,410,412,413,414,416,417,419,420,422,423,424,427,430,431,434,436,438,440,443,444,450,451,452,453,456,460,463,464,465,466,468,474,476,477,478,479,480,482,484,486,489,491,492,493,495,496,497,498,500,501,503,504,505,507,509,510,511,513,514,515,516,519,520,522,523,524,525,527,528,532,533,534,535,537,538,540,541,543,546,547,549,553,556,558,560,564,573,576,577,578,581,582,583,585,586,587,588,590,592,594,595,596,597,600,606,609,610,611,612,614,615,616,618,620,621,622,626,628,629,630,633,635,636,639,640,641,642
OX32,254,271,272,275,276,277,283,284,290,295,301,304,317,318,323,324,325,329,337,347,355,356,357,361,362,364,366,369,377,381,396,398,401,402,411,413,414,419,422,426,428,431,432,433,434,436,438,439,440,442,444,446,447,448,453,456,459,460,461,463,465,467,469,471,472,473,475,476,477,487,496,498,500,506,508,512,513,514,516,522,524,525,527,528,529,530,531,532,536,538,540,545,547,548,553,555,556,557,559,562,563,564,565,567,569,573,574,575,577,578,582,585,586,587,589,593,596,600,601,602,606,607,609,610,611,612,614,616,617,619,621,623,625,627,629,630,631,632,634,635,636,640,642,644,645,647
OX33,250,266,271,272,280,281,282,283,284,288,291,293,294,295,298,299,303,304,305,314,318,323,324,329,335,339,341,344,345,347,350,353,354,355,360,361,364,365,369,370,373,375,376,391,396,398,406,407,408,410,411,413,414,416,417,420,422,428,429,431,433,437,438,439,440,441,442,443,444,447,449,456,457,460,463,464,467,469,472,473,474,477,481,482,484,485,488,493,494,495,496,497,504,505,508,511,512,513,514,516,517,521,523,524,527,528,529,530,531,535,538,540,541,548,549,553,554,557,558,561,562,564,565,567,569,574,575,578,579,582,583,587,589,593,594,596,597,598,600,601,603,605,606,609,611,612,614,616,617,618,619,620,621,622,623,624,625,628,629,633,636,640,641,642,643,645
OX34,263,264,265,266,275,276,277,280,281,282,288,293,294,301,302,303,305,312,314,317,319,323,333,334,337,338,339,340,341,343,344,345,347,348,351,361,364,366,378,388,389,390,391,397,401,402,406,407,408,410,412,416,417,427,428,429,430,432,433,436,437,438,441,443,448,449,451,455,456,457,458,464,466,473,474,480,481,485,486,487,488,489,492,493,494,495,500,501,505,506,507,508,509,511,513,517,520,521,522,523,524,526,530,534,536,537,542,543,546,549,550,553,555,556,560,562,563,565,566,567,568,569,570,571,572,573,574,577,578,580,581,584,586,597,599,601,602,603,605,606,607,610,613,614,615,618,620,621,622,625,628,629,630,631,633,635,636,638,639,640,641,644,645,646
OX35,268,281,282,283,289,290,293,295,304,324,329,345,347,348,355,364,366,368,369,375,376,378,393,403,407,408,411,416,418,419,422,433,441,443,444,457,460,464,469,470,477,478,481,503,513,517,521,522,526,540,541,553,564,567,569,577,587,588,589,594,595,596,600,605,606,625,644,645
OX36,264,266,272,275,277,281,282,283,284,288,290,291,293,295,303,304,305,312,313,317,318,319,323,324,325,329,344,348,352,353,355,356,362,365,369,370,373,375,376,389,391,397,398,401,407,408,411,413,416,417,419,420,422,428,431,432,434,436,440,444,446,448,449,450,451,455,456,458,459,460,461,464,465,468,469,471,473,474,475,477,481,487,488,493,494,496,497,498,502,505,507,508,509,511,516,520,522,525,528,530,536,541,542,544,545,546,547,549,550,559,560,561,562,563,564,566,568,570,571,572,577,579,582,587,593,596,599,600,601,602,607,609,613,615,618,620,622,623,628,631,633,634,638,639,641,642,646,647
OX37,272,273,275,277,280,281,282,288,289,293,294,295,296,297,299,301,305,306,312,314,319,324,325,333,334,337,338,339,341,347,350,351,353,354,355,356,357,360,362,367,368,369,371,398,399,401,406,407,408,410,416,417,418,422,423,424,429,433,436,437,443,444,446,451,453,459,460,461,463,471,472,474,475,476,477,478,479,481,482,484,485,491,493,502,503,504,505,506,510,511,513,514,515,520,522,529,531,532,533,535,538,544,545,546,548,549,553,555,558,559,560,561,564,565,574,576,577,579,580,583,584,585,587,588,589,590,592,593,595,596,600,603,606,611,612,615,616,618,620,622,623,625,626,627,628,633,634,639,641,647
OX38,273,275,277,280,281,282,284,288,293,294,295,296,297,299,302,305,306,312,313,314,318,319,324,325,333,334,337,338,339,340,341,350,351,353,354,355,356,362,366,367,368,369,371,399,401,406,407,408,410,413,416,417,422,423,424,428,430,431,433,439,440,444,447,448,450,451,453,460,463,467,468,472,474,475,476,477,479,481,482,485,487,491,493,496,500,502,504,505,506,510,511,514,515,516,520,528,529,531,533,535,538,544,546,548,549,553,554,555,556,558,559,560,561,563,564,565,566,567,568,569,570,571,572,573,574,576,579,580,582,583,584,585,586,587,588,589,590,592,595,596,600,606,607,609,610,611,612,613,616,618,620,622,624,625,627,628,630,633,634,635,638,639,641,642,645,646
OX39,291,341,370,420,464,482,535,558
OX40,266,275,276,277,280,281,282,284,288,293,294,298,299,301,303,306,312,314,317,318,323,325,333,334,337,338,339,341,344,345,347,349,350,351,353,354,360,361,364,373,376,377,378,391,401,402,406,407,408,410,413,416,417,425,428,429,431,432,433,437,438,440,441,443,444,448,449,456,457,460,464,472,473,477,479,481,482,484,485,487,488,491,494,496,497,502,504,506,508,510,512,513,514,516,517,521,522,523,524,526,528,529,530,531,533,535,544,546,548,553,554,555,557,558,560,562,563,566,567,568,569,570,571,572,574,575,577,578,580,582,583,584,585,589,593,594,598,599,601,602,603,604,605,606,607,609,610,611,612,613,614,617,619,621,623,624,625,629,632,636,638,640,642,643,645,646
OX41,271,275,276,277,282,283,289,290,293,295,298,301,302,304,305,306,319,324,333,334,337,338,340,341,344,347,349,351,352,353,356,357,360,361,362,364,367,376,377,396,401,402,408,411,414,418,419,422,425,429,430,432,433,434,437,443,444,448,449,451,455,458,463,465,472,473,474,475,477,478,481,482,484,487,491,493,495,498,502,503,505,506,508,511,513,520,522,523,527,529,530,531,532,533,535,536,538,542,544,547,548,549,550,555,556,558,559,562,563,564,566,568,570,571,572,573,577,579,580,584,585,586,594,597,598,603,607,612,613,618,620,622,623,628,630,632,633,634,635,638,639,641,643,646
OX42,280,281,282,283,284,289,290,293,294,295,299,304,305,314,318,319,324,339,341,347,350,353,354,355,360,361,364,365,368,369,371,373,375,376,378,406,407,408,410,411,413,416,418,419,422,428,429,431,433,437,438,440,441,442,443,444,451,457,460,463,464,469,472,473,474,477,478,479,481,482,484,485,493,495,496,497,500,502,503,504,505,508,510,511,512,513,515,516,517,520,521,522,523,524,526,528,529,530,531,533,535,536,538,540,541,544,548,549,553,554,555,556,557,558,561,562,564,565,567,569,573,575,576,577,578,579,582,583,585,586,587,588,593,595,596,597,598,600,603,605,606,609,612,614,615,617,618,619,620,621,622,623,624,625,628,629,630,633,635,636,639,640,641,642,643,645
OX43,275,276,277,283,284,295,299,301,304,312,313,314,318,319,323,324,333,334,337,338,347,351,352,353,357,365,366,367,375,376,377,401,402,411,413,422,428,431,432,437,442,443,448,450,451,453,455,456,458,459,460,461,467,476,479,487,496,500,504,506,510,512,513,520,522,523,524,528,532,540,541,542,546,550,553,554,560,562,564,566,568,570,571,572,573,577,578,580,582,584,586,593,598,599,603,604,606,610,615,616,623,625,626,627,632,638,639,643,646,647
OX44,290,301,305,313,318,344,345,347,350,357,360,368,419,428,429,436,437,439,443,446,447,448,450,471,484,487,493,512,513,532,545,554,566,567,568,569,570,571,572,573,582,583,586,588,595,603,610,615,623,624,626,638,645,646
OX45,281,282,288,293,298,299,306,312,313,314,317,318,319,323,329,343,344,345,349,352,354,355,356,362,365,366,367,368,369,376,407,408,416,417,425,434,436,437,438,439,440,446,447,448,449,450,452,456,460,463,465,466,469,471,472,473,475,478,480,481,482,486,487,489,491,498,501,502,503,504,508,516,519,522,524,529,530,531,533,534,535,537,538,540,543,544,545,546,547,548,554,558,559,560,565,566,567,568,569,570,571,572,573,574,577,578,579,585,586,587,588,589,594,595,596,597,598,599,600,601,602,603,612,614,621,624,625,626,627,629,631,634,636,638,640,643,645,646
OX46,295,306,313,324,325,329,343,352,353,357,371,373,422,438,444,450,453,455,458,460,466,476,477,481,491,497,515,532,536,542,550,575,576,602,604,605,614,617,621,629,636,640
OX47,276,283,288,298,301,304,305,312,313,317,318,319,323,325,329,343,344,345,347,349,353,356,357,360,361,362,364,365,368,373,375,377,402,411,417,425,428,433,434,436,438,439,441,442,444,446,447,449,451,455,456,457,458,460,463,465,466,467,468,469,471,474,475,477,481,484,493,495,497,498,505,511,512,513,514,517,520,521,522,524,536,538,541,542,546,547,549,550,554,556,559,560,564,567,569,573,574,575,577,578,579,586,588,594,595,599,601,602,609,610,611,612,614,617,618,620,621,622,626,627,628,629,630,632,633,634,635,636,639,640,641,642,644,645
OX48,284,288,299,305,312,313,319,323,329,333,334,337,338,340,341,344,345,350,351,352,353,355,356,360,361,364,365,366,367,368,369,375,376,378,413,417,427,428,431,433,436,438,439,440,443,444,446,447,450,451,455,456,458,459,461,463,464,467,468,469,471,473,477,479,482,484,493,496,500,502,504,506,508,510,512,514,516,520,522,523,525,526,528,530,532,535,536,538,541,542,544,546,550,554,557,558,560,561,573,574,575,577,580,583,584,587,588,589,593,595,596,597,598,599,600,602,604,610,611,612,614,615,616,617,619,621,624,629,631,636,638,639,640,643,644,647
OX49,306,313,325,341,347,352,353,357,371,376,439,441,447,450,453,455,458,469,476,480,481,486,489,491,501,513,515,517,523,525,532,534,536,537,542,543,550,555,564,574,575,576,579,601,602,604,617,626
OX50,282,288,293,298,312,314,317,318,319,323,325,329,340,347,349,350,352,353,355,357,362,365,369,376,378,408,417,425,427,428,434,437,438,439,440,441,444,447,448,449,450,451,455,456,458,460,464,465,467,468,469,473,474,475,477,480,482,486,487,489,498,501,502,505,508,511,513,516,517,520,523,526,530,532,534,535,536,537,540,542,543,544,546,547,549,550,553,554,555,556,557,558,559,560,561,562,564,566,567,568,569,570,571,572,573,574,582,583,587,589,594,596,597,599,600,602,603,606,610,612,614,618,619,620,621,622,623,625,626,627,628,629,630,631,633,634,635,636,639,640,641,644,645,646
OX51,283,288,298,299,301,302,304,305,313,317,325,329,333,334,337,338,339,343,347,349,351,352,353,355,357,362,365,369,373,376,411,417,425,427,430,434,438,441,442,444,448,449,450,452,453,455,457,458,460,463,465,466,467,468,469,473,474,475,476,477,478,481,485,487,493,495,497,498,503,504,505,506,508,511,512,513,514,517,520,521,522,530,536,538,542,545,547,549,554,556,559,560,564,566,568,570,571,572,573,574,575,577,579,580,584,587,594,596,598,600,601,602,609,610,611,612,614,617,618,620,621,622,623,624,627,628,629,630,633,634,635,636,639,640,641,642,644,646
OX52,288,289,298,313,317,318,319,329,341,343,344,349,350,353,360,361,363,364,365,367,371,373,375,378,417,418,425,429,433,438,440,441,442,449,450,451,453,459,460,461,464,466,467,472,473,476,478,480,481,484,485,486,489,495,497,501,503,508,514,515,516,517,520,522,523,525,526,529,530,531,532,533,534,536,537,541,542,543,545,546,548,553,555,563,564,573,576,577,579,583,586,591,594,598,601,602,604,606,607,611,612,613,614,615,621,625,627,629,636,639,640,647
OX53,298,299,312,317,323,340,341,345,349,353,356,357,360,361,364,365,368,371,375,376,378,425,427,428,429,433,436,440,441,442,444,446,449,450,451,453,455,456,458,459,460,461,463,464,468,469,471,473,474,476,477,479,480,484,486,489,501,504,505,506,508,510,511,514,516,517,519,523,524,525,526,530,533,534,537,538,541,542,543,546,549,550,555,556,560,561,562,563,565,573,575,576,578,582,588,594,595,599,602,604,605,606,607,608,609,610,611,612,613,615,617,618,620,622,623,625,627,628,630,633,635,638,641,642
OX54,296,299,302,312,314,323,325,339,340,341,343,345,350,353,356,360,361,362,363,364,365,367,368,371,423,424,428,430,432,434,438,439,441,443,447,448,450,451,452,456,457,459,461,463,466,467,473,475,478,481,482,484,487,495,502,503,504,506,508,515,517,519,520,521,522,524,525,530,532,535,536,538,542,544,545,558,559,561,562,563,564,566,567,568,569,570,571,572,575,576,577,578,583,588,591,592,595,597,599,604,607,610,612,613,614,615,617,621,623,625,626,629,631,634,636,638,639,640,644,645,646,647
OX55,299,312,313,314,318,319,333,334,337,338,341,344,350,351,352,353,355,365,369,376,378,429,436,439,440,441,442,444,446,447,448,451,455,458,463,464,468,469,471,472,473,474,477,480,481,486,487,489,501,504,505,506,508,511,514,516,517,520,523,525,526,529,530,531,532,533,534,536,537,538,542,543,546,548,549,550,553,555,556,560,561,563,564,565,566,567,568,569,570,571,572,573,575,580,582,583,584,586,587,596,600,602,606,607,609,610,611,612,613,615,617,618,620,622,624,625,626,627,628,630,633,635,638,639,641,642,645,646
OX56,312,318,329,344,353,355,357,365,369,371,376,378,428,436,437,439,440,441,444,446,447,448,451,453,455,458,459,461,464,468,469,471,472,473,474,476,477,479,480,486,487,489,501,505,506,508,510,511,516,517,519,523,526,529,530,531,534,537,542,543,546,548,549,550,555,556,560,563,565,566,567,568,569,570,571,572,573,575,576,582,586,587,596,600,602,603,604,605,606,607,608,609,610,612,613,615,618,620,622,624,625,626,627,628,630,633,635,638,641,642,645,646
OX57,302,314,318,319,323,333,334,337,338,341,344,345,347,350,351,353,355,356,357,360,363,365,367,368,369,371,373,378,427,429,430,436,437,441,442,443,446,451,453,456,459,461,464,467,471,473,476,480,481,482,484,485,486,489,495,497,501,502,508,513,514,515,517,520,522,523,524,525,526,530,534,535,536,537,542,543,544,546,553,554,555,558,563,564,574,575,576,577,578,579,580,583,584,586,587,588,591,595,596,597,598,599,600,601,603,604,606,607,610,611,612,613,625,627,631,638,639,647
OX58,289,301,305,313,314,317,323,333,334,337,338,339,340,341,343,345,351,352,354,356,361,363,364,368,373,375,376,418,427,429,433,436,437,438,439,441,444,446,447,449,450,452,455,456,458,459,461,466,469,471,472,477,481,493,497,512,517,520,524,525,529,531,532,533,536,541,546,548,553,554,555,560,562,564,573,574,575,578,579,580,582,584,585,588,591,595,598,599,601,602,603,606,610,614,615,616,621,625,627,629,636,638,639,640,643,647
OX59,313,314,317,339,340,341,343,345,347,350,353,354,355,356,357,360,365,368,369,373,378,427,436,437,438,439,440,443,446,447,449,452,455,458,464,466,468,471,473,474,478,480,484,485,486,489,497,501,503,505,508,511,513,516,520,525,526,530,532,534,537,542,543,545,549,553,556,560,562,563,565,573,574,579,582,583,585,587,588,595,596,598,600,601,603,606,607,609,610,612,613,614,615,618,620,621,622,623,625,626,627,628,629,630,633,635,636,638,639,640,641,642
OX60,317,318,319,329,333,334,337,338,339,341,343,344,347,351,352,353,354,361,364,365,371,373,375,378,428,433,436,437,438,440,443,446,448,449,450,452,453,455,458,459,461,464,466,468,471,473,474,476,478,479,480,481,485,486,487,489,497,501,503,505,508,510,511,513,516,519,524,525,526,530,533,534,536,537,541,542,543,545,549,556,560,563,564,565,566,567,568,569,570,571,572,573,574,576,578,579,580,582,584,585,586,598,601,603,604,605,606,607,608,609,610,612,613,614,615,618,620,621,622,624,625,627,628,629,630,633,635,636,638,640,641,642,645,646
OX61,318,319,323,329,339,344,352,353,355,365,369,371,376,378,428,436,437,439,440,441,444,446,447,448,452,453,455,456,458,459,461,464,468,469,471,472,473,474,476,477,478,479,480,485,486,487,489,501,503,505,508,510,511,516,517,519,523,526,529,530,531,534,537,542,543,545,548,549,555,556,560,563,565,566,567,568,569,570,571,572,573,575,576,582,586,587,596,598,599,600,602,603,604,605,606,607,608,609,610,612,613,615,618,620,622,624,625,626,627,628,630,633,635,638,641,642,645,646
OX62,314,323,333,334,337,338,339,347,351,357,361,363,364,367,371,373,375,376,377,378,427,433,439,441,443,446,447,448,450,451,453,455,456,458,463,464,467,471,476,480,481,482,486,487,489,495,497,501,502,513,515,517,519,522,526,534,535,536,537,538,541,543,544,546,554,555,558,560,561,563,564,566,567,568,569,570,571,572,574,575,576,577,579,580,581,584,591,597,598,599,601,604,607,610,612,613,616,617,623,624,625,627,631,632,638,643,645,646
OX63,319,323,325,329,333,334,337,338,339,340,343,345,350,351,356,360,361,362,363,364,367,368,373,375,376,377,378,433,434,436,437,438,441,451,453,455,456,458,459,461,463,464,465,466,476,479,480,484,486,489,497,498,501,506,510,515,517,520,526,533,534,537,538,541,543,546,547,553,555,560,562,565,573,579,580,581,583,584,588,591,595,598,599,601,602,603,605,608,612,614,615,616,617,621,623,625,626,627,629,632,634,636,638,639,640,643
OX64,301,305,329,339,340,345,347,352,353,356,357,360,365,367,368,373,377,429,436,437,439,440,443,444,447,448,451,452,453,455,458,463,467,468,469,472,473,474,476,477,478,479,481,482,484,485,487,493,495,497,502,503,505,508,510,511,512,513,515,516,519,520,522,524,529,530,531,535,536,538,542,544,545,548,549,553,554,556,558,560,561,562,564,565,566,567,568,569,570,571,572,573,574,577,578,579,581,588,595,597,598,601,602,603,605,608,609,615,617,618,620,622,624,626,628,630,631,632,633,635,639,641,642,645,646,647
OX65,353,363,365,485,542,591
OX66,340,343,347,350,355,357,367,369,371,373,376,377,378,428,437,438,439,441,443,446,447,452,459,461,463,464,466,471,475,478,480,481,486,489,497,501,503,506,513,515,517,520,523,524,526,532,534,536,537,538,543,545,547,550,553,554,555,559,561,562,564,566,567,568,569,570,571,572,573,576,578,579,581,583,587,596,600,601,602,603,604,606,612,613,614,617,621,623,624,625,626,627,629,632,636,639,640,645,646,647
OX67,333,334,337,338,339,341,343,345,347,350,351,356,357,360,363,367,368,373,375,378,428,429,432,433,436,438,442,446,452,453,455,457,458,459,461,464,466,471,475,476,478,480,484,486,489,497,501,503,513,520,521,524,525,526,532,534,537,541,543,545,546,554,555,559,560,562,574,578,579,580,583,584,588,591,592,595,598,601,614,615,616,621,624,626,627,629,636,639,640,643,644,647
OX68,323,325,329,345,347,355,356,357,360,362,368,369,371,375,428,434,436,439,443,446,447,451,452,456,459,461,465,471,475,478,479,481,484,498,503,510,512,513,519,520,532,533,536,541,545,550,553,554,559,561,562,564,565,566,567,568,569,570,571,572,576,582,587,588,595,596,599,600,604,605,608,613,615,624,626,634,638,639,645,646
OX69,329,339,343,345,352,355,356,360,363,368,369,371,376,378,428,436,438,440,441,444,446,448,451,453,455,458,459,461,464,466,467,468,469,471,472,473,474,475,476,477,479,480,482,484,486,487,489,495,501,502,505,506,508,510,511,516,517,519,522,523,526,529,530,531,532,534,535,537,543,544,547,548,549,550,555,556,558,559,560,565,574,576,577,582,587,588,591,595,596,597,598,600,604,605,606,608,609,612,613,614,615,618,620,621,622,623,625,627,628,629,630,631,633,635,636,640,641,642
OX70,341,345,347,352,355,356,360,368,369,376,428,436,440,444,446,448,450,451,459,461,467,468,471,472,473,474,475,477,480,482,484,486,487,489,495,501,502,505,506,508,511,516,519,522,529,530,531,532,533,534,535,537,543,544,546,547,548,549,550,555,556,558,559,564,565,575,577,582,587,588,595,596,597,600,602,605,609,612,613,615,616,618,620,622,623,625,626,627,628,630,633,635,641,642,643,647
OX71,325,339,347,350,352,355,357,361,362,363,364,367,369,373,429,432,434,439,441,442,443,447,450,452,455,457,458,459,461,465,469,478,480,481,486,489,497,498,501,503,506,517,520,521,525,534,536,537,543,545,546,547,555,560,561,562,565,566,567,568,569,570,571,572,575,579,583,587,591,592,596,598,600,601,602,605,613,616,627,631,634,638,639,643,644,645,646,647
OX72,339,352,357,363,452,455,458,478,503,520,523,545,546,560,591,598,606,608,616,626,643,647
OX73,343,345,347,350,356,357,360,361,364,368,373,375,376,378,428,429,433,438,439,440,442,446,447,450,453,463,464,466,468,469,471,473,476,484,497,505,508,513,514,516,523,524,526,530,538,541,546,549,553,556,561,563,565,573,574,575,578,579,582,583,588,595,602,607,608,609,610,611,612,613,614,615,616,617,618,620,621,622,623,625,627,628,629,630,633,635,636,638,639,640,641,642,643,647
OX74,345,352,355,356,360,368,369,371,375,428,432,433,439,441,443,446,447,452,453,457,471,476,478,481,484,503,505,506,514,515,517,520,521,536,541,545,547,549,550,553,562,564,566,567,568,569,570,571,572,573,574,576,587,588,592,595,596,598,600,604,608,611,612,613,615,623,625,626,644,645,646,647
OX75,347,361,364,371,373,375,376,378,432,437,440,441,443,448,452,453,457,463,464,467,468,469,473,475,476,478,481,482,487,495,497,502,503,506,508,512,513,515,516,517,520,521,522,523,524,526,530,532,535,536,541,544,545,546,547,550,556,558,559,561,562,564,565,566,567,568,569,570,571,572,573,574,576,577,578,579,592,597,598,604,609,616,617,618,620,622,626,627,628,630,631,633,635,639,641,642,643,644,645,646
OX76,350,357,367,376,378,428,429,432,433,439,440,441,442,443,446,447,448,450,453,457,459,461,463,464,467,468,471,473,476,480,481,482,486,487,489,495,501,502,505,508,512,513,514,516,517,521,522,524,525,526,530,534,535,536,537,543,544,546,549,553,555,556,558,561,562,565,573,575,577,578,583,592,597,601,602,603,605,606,609,610,611,612,613,615,616,617,618,620,622,623,624,625,628,630,633,635,638,641,642,643,644,647
OX77,357,361,364,371,373,375,376,378,428,432,436,440,441,443,446,448,452,453,457,463,464,467,468,469,471,473,475,476,478,481,482,487,495,497,502,503,506,508,512,515,516,517,520,521,522,523,524,526,530,532,535,536,541,544,545,546,547,550,554,556,558,559,561,562,564,565,566,567,568,569,570,571,572,574,576,577,578,579,592,597,598,603,604,609,610,615,616,617,618,620,622,626,627,628,630,631,633,635,638,639,641,642,643,644,645,646
OX78,355,367,369,373,432,433,441,444,448,457,459,461,463,467,477,482,487,495,496,497,502,506,512,515,517,521,522,523,524,528,533,535,536,538,544,547,550,556,558,561,563,565,574,577,578,579,582,586,587,589,592,596,597,600,602,604,605,606,607,608,610,612,616,617,618,620,622,623,624,626,627,628,630,631,633,635,638,641,643,644
OX79,371,373,376,378,438,439,447,450,455,464,480,486,489,497,501,506,513,515,523,525,526,534,537,543,547,550,555,564,575,576,579,601,602,604,605,617,626,631
OX80,360,361,364,367,376,378,433,437,438,439,441,447,450,451,452,455,459,461,464,472,474,475,478,480,484,486,489,496,501,503,505,511,512,513,515,517,519,520,526,528,529,531,532,534,536,537,538,543,545,548,549,553,554,555,556,559,564,565,566,567,568,569,570,571,572,573,575,582,586,589,598,601,604,606,610,613,616,617,618,620,622,624,628,630,633,635,638,641,643,645,646,647
OX81,352,361,364,375,428,432,436,439,440,441,443,444,446,447,448,450,457,463,467,468,469,471,473,475,477,480,481,482,486,487,489,495,501,502,506,508,512,513,515,516,517,521,522,524,525,530,532,533,534,535,536,537,541,543,544,546,547,550,554,555,556,558,559,561,562,565,566,567,568,569,570,571,572,574,575,577,578,592,597,598,601,602,603,604,605,609,610,615,616,617,618,620,622,627,628,630,633,635,638,639,641,642,643,644,645,646
OX82,361,364,367,376,378,432,436,437,438,441,443,444,448,450,457,459,461,464,467,468,469,477,481,482,487,495,502,505,506,514,515,517,521,522,526,533,535,536,538,544,547,549,550,553,554,557,558,563,566,567,568,569,570,571,572,575,577,582,592,597,598,602,604,605,606,607,610,611,613,614,619,621,623,624,625,629,631,636,638,639,640,645,646,647
OX83,453,476,505,549,598,602
OX84,375,376,378,436,438,452,455,459,461,464,469,475,478,503,505,512,514,520,526,532,541,545,549,553,554,559,566,567,568,569,570,571,572,573,574,582,598,606,611,612,613,617,623,624,625,627,639,645,646,647
OX85,344,367,373,438,440,444,450,459,461,463,467,468,473,477,497,505,506,508,515,516,522,523,524,530,533,538,546,547,549,550,556,557,561,565,575,577,578,579,582,586,597,602,604,606,608,610,614,616,617,618,619,620,621,622,623,624,626,628,629,630,633,635,636,638,640,641,643,644
OX86,373,376,378,432,433,440,444,451,457,464,468,472,473,474,477,497,506,508,511,512,513,516,519,521,523,525,526,529,530,531,533,546,547,548,550,554,556,562,563,564,565,579,592,598,601,602,605,606,607,608,609,612,613,616,618,620,622,623,624,625,626,628,630,631,633,635,639,641,642,643,644,647
OX87,376,378,436,438,452,455,464,469,475,478,503,505,514,520,526,532,545,549,554,559,562,566,567,568,569,570,571,572,573,574,598,606,608,611,612,613,617,623,624,645,646,647
OX88,367,432,433,436,450,451,452,455,457,459,461,463,469,472,474,475,478,503,511,512,513,514,515,519,520,521,524,525,529,531,532,538,545,548,557,559,561,564,566,567,568,569,570,571,572,573,574,575,578,582,592,601,604,605,606,608,609,610,611,614,619,621,623,624,625,629,631,636,638,639,640,642,645,646
OX89,432,433,436,438,441,444,451,452,455,457,459,461,469,472,474,475,477,478,496,503,506,511,512,513,514,517,519,520,521,528,529,531,532,533,536,545,547,548,550,556,559,562,564,565,573,574,582,586,589,592,601,602,606,608,611,612,617,618,620,622,623,624,625,628,630,633,635,641,643,644
OX90,441,443,444,448,459,461,467,468,477,481,482,487,495,502,506,515,517,522,525,533,535,536,544,547,550,558,560,562,563,566,567,568,569,570,571,572,574,577,579,582,597,602,604,605,607,609,612,617,623,624,639,642,643,645,646,647
OX91,438,443,448,450,467,481,482,487,495,496,502,522,528,535,544,556,557,558,562,563,565,574,575,577,586,589,597,606,607,608,609,613,614,618,619,620,621,622,623,624,628,629,630,631,633,635,636,639,640,641,642,643,644,647
OX92,440,443,444,448,467,473,477,481,482,487,495,496,502,505,506,508,515,516,522,525,528,530,533,535,544,546,547,549,550,558,560,574,577,579,586,589,597,602,604,606,608,617,643,647
OX93,436,439,443,444,447,448,452,455,459,461,467,468,469,475,477,478,480,481,482,486,487,489,495,496,501,502,503,505,506,513,515,520,522,528,532,533,534,535,537,543,544,545,547,549,550,554,555,556,557,558,559,563,565,566,567,568,569,570,571,572,574,577,582,586,589,597,598,601,602,604,607,612,613,614,615,616,617,618,619,620,621,622,628,629,630,631,633,635,636,640,641,643,644,645,646,647
OX94,443,444,448,467,477,481,482,487,495,496,502,505,506,515,522,525,528,533,535,544,547,549,550,554,556,558,560,562,563,565,566,567,568,569,570,571,572,574,577,579,586,589,597,598,602,604,607,612,613,617,618,620,622,624,628,630,633,635,639,641,645,646
OX95,459,461,468,514,515,564,573,574,582,604,605,609,611,613,615,639,642,647
OX96,480,486,489,501,505,525,534,537,543,549,554,555,557,566,567,568,569,570,571,572,579,598,609,612,614,619,621,623,629,631,636,640,642,644,645,646
OX97,439,447,450,451,472,474,505,511,519,525,529,531,548,549,553,554,557,562,565,566,567,568,569,570,571,572,575,579,598,608,609,612,614,616,618,619,620,621,622,628,629,630,631,633,635,636,639,640,641,642,643,644,645,646
OX98,444,450,452,455,475,477,478,503,505,506,520,525,532,533,545,547,549,550,554,557,559,560,564,566,567,568,569,570,571,572,575,579,598,602,605,606,608,609,612,614,615,619,621,623,629,631,636,640,642,643,644,645,646,647
OX99,450,514,515,557,562,564,566,567,568,569,570,571,572,573,574,575,604,605,606,608,611,613,615,623,624,645,646,647
OX100,448,452,455,475,478,482,487,495,502,503,514,520,532,535,544,545,556,558,559,565,566,567,568,569,570,571,572,573,609,611,614,617,618,619,620,621,622,628,629,630,631,633,635,636,639,640,641,642,643,644,645,646
OX101,505,514,515,549,554,562,564,566,567,568,569,570,571,572,573,574,598,604,605,606,608,611,612,613,615,623,624,645,646,647
OX102,437,452,455,475,478,503,514,515,520,525,532,545,559,560,561,562,564,565,566,567,568,569,570,571,572,574,579,604,605,609,611,614,615,619,621,629,631,636,640,642,643,644,645,646
OX103,514,515,564,573,574,604,605,615
OX104,565,566,567,568,569,570,571,572,611,613,618,620,622,628,630,633,635,639,641,643,644,645,646,647
OX105,452,455,475,478,496,503,520,525,528,532,536,545,556,559,560,579,586,589,606,608,609,613,614,615,619,621,629,631,636,640,642,643
OX106,606,608,609,611,613,614,617,618,619,620,621,622,628,629,630,631,633,635,636,639,640,641,642,643
OX107,562,609,614,617,618,619,620,621,622,628,629,630,631,633,635,636,639,640,641,642,643,647
OX108,525,560,579,609,614,619,621,629,631,636,640,642,643,647
OX109,611,613,618,620,622,628,630,633,635,639,641,643
Z0,0,167,482,535
Z1,1,78,333,580
Z2,0,1,2,8
Z3,3,9,14,40
Z4,4,398,635,641
Z5,5,249,297,399
Z6,6,400,614,640
Z7,7,217,277,401
Z8,8,17,489,501
Z9,3,69,588,595
Z10,10,139,263,412
Z11,5,11,16,42
Z12,12,113,263,388
Z13,13,223,388,390
Z14,14,168,478,503
Z15,15,19,473,508
Z16,16,169,502,544
Z17,6,12,17,43
Z18,18,170,501,543
Z19,19,22,45,48
Z20,20,235,412,492
Z21,21,47,67,160
Z22,22,186,472,529
Z23,23,49,68,161
Z24,24,180,570,571
Z25,25,234,569,645
Z26,26,52,71,164
Z27,27,204,572,646
Z28,28,54,73,166
Z29,29,55,74,167
Z30,30,65,85,178
Z31,31,317,414,449
Z32,32,313,443,481
Z33,33,292,534,543
Z34,34,59,79,172
Z35,35,60,80,173
Z36,36,320,480,534
Z37,37,122,270,395
Z38,38,121,128,225
Z39,39,64,84,177
Z40,9,283,568,645
Z41,41,79,222,242
Z42,11,243,391,494
Z43,43,80,226,241
Z44,44,81,621,629
Z45,45,106,628,633
Z46,20,46,66,159
Z47,21,219,397,509
Z48,48,402,581,632
Z49,49,538,603,610
Z50,50,213,273,399
Z51,51,120,368,595
Z52,26,352,532,545
Z53,27,53,72,165
Z54,28,203,529,531
Z55,55,244,299,504
Z56,30,56,75,168
Z57,57,95,166,286
Z58,58,63,164,285
Z59,59,120,211,248
Z60,60,143,229,285
Z61,61,90,334,580
Z62,62,249,370,420
Z63,38,63,83,176
Z64,64,91,171,287
Z65,65,237,248,490
Z66,66,215,275,401
Z67,67,361,364,403
Z68,23,185,571,646
Z69,24,50,69,162
Z70,70,86,213,637
Z71,33,52,78,171
Z72,72,87,251,358
Z73,73,88,250,335
Z74,74,338,351,405
Z75,75,345,368,406
Z76,31,57,76,169
Z77,77,241,293,408
Z78,40,71,355,587
Z79,34,210,440,516
Z80,35,209,486,537
Z81,7,13,18,44
Z82,82,140,636,640
Z83,83,333,338,409
Z84,84,121,355,600
Z85,85,242,294,410
Z86,86,98,179,191
Z87,53,143,369,596
Z88,54,90,183,236
Z89,89,92,587,596
Z90,36,61,81,174
Z91,91,184,252,379
Z92,89,155,182,240
Z93,93,224,236,499
Z94,94,245,304,411
Z95,95,188,254,381
Z96,96,189,255,382
Z97,97,135,190,256
Z98,98,245,295,422
Z99,87,99,180,192
Z100,88,100,181,193
Z101,101,105,620,633
Z102,102,133,195,258
Z103,103,196,259,384
Z104,104,197,260,385
Z105,105,151,198,235
Z106,4,10,15,41
Z107,107,340,350,429
Z108,92,108,185,200
Z109,102,109,630,635
Z110,110,462,618,622
Z111,111,377,383,632
Z112,112,498,610,638
Z113,2,42,629,636
Z114,114,364,433,592
Z115,115,206,265,390
Z116,116,207,266,391
Z117,117,208,267,392
Z118,118,209,268,393
Z119,119,459,582,583
Z120,106,129,199,219
Z121,32,58,77,170
Z122,37,62,82,175
Z123,123,163,271,396
Z124,124,159,264,397
Z125,125,212,272,398
Z126,126,306,325,434
Z127,127,237,290,419
Z128,128,218,268,403
Z129,129,250,298,425
Z130,130,251,254,426
Z131,131,256,375,541
Z132,132,172,281,407
Z133,133,222,282,408
Z134,134,247,306,491
Z135,97,152,350,583
Z136,136,226,280,410
Z137,137,205,283,411
Z138,138,466,619,621
Z139,139,277,293,540
Z140,134,140,207,223
Z141,141,227,284,413
Z142,142,378,469,601
Z143,113,294,353,542
Z144,144,298,470,594
Z145,145,230,287,382
Z146,146,173,281,416
Z147,147,231,288,417
Z148,148,497,614,631
Z149,104,149,351,584
Z150,150,521,625,627
Z151,101,194,257,383
Z152,109,152,201,238
Z153,153,228,291,420
Z154,154,352,357,471
Z155,155,349,358,425
Z156,156,246,305,493
Z157,157,161,266,488
Z158,158,160,265,492
Z159,124,295,349,460
Z160,47,103,618,620
Z161,157,246,296,423
Z162,162,284,488,500
Z163,123,297,431,593
Z164,39,135,224,409
Z165,144,165,286,415
Z166,76,366,407,593
Z167,99,362,434,590
Z168,56,96,363,591
Z169,29,93,107,186
Z170,132,221,280,406
Z171,146,282,467,577
Z172,174,288,495,502
Z173,175,233,482,558
Z174,176,232,489,537
Z175,177,289,452,478
Z176,178,198,473,530
Z177,179,182,568,570
Z178,181,238,472,548
Z179,108,356,419,588
Z180,183,291,535,544
Z181,184,290,503,545
Z182,68,362,404,634
Z183,25,51,70,163
Z184,187,315,567,569
Z185,188,318,448,495
Z186,189,319,452,520
Z187,190,319,451,519
Z188,191,270,444,477
Z189,192,329,477,533
Z190,193,329,460,479
Z191,194,505,546,598
Z192,195,440,563,597
Z193,196,424,465,634
Z194,197,437,514,573
Z195,151,353,365,491
Z196,199,317,474,531
Z197,200,313,475,532
Z198,201,302,508,516
Z199,110,202,261,386
Z200,46,100,628,641
Z201,112,204,262,387
Z202,114,205,264,389
Z203,115,275,432,592
Z204,117,461,630,639
Z205,118,463,578,584
Z206,119,210,269,394
Z207,211,303,431,500
Z208,212,267,479,510
Z209,126,214,274,400
Z210,125,215,324,422
Z211,216,308,446,471
Z212,217,311,421,445
Z213,131,218,279,405
Z214,158,247,296,424
Z215,220,312,506,547
Z216,221,310,396,527
Z217,116,122,273,590
Z218,225,240,389,507
Z219,136,372,373,497
Z220,141,356,428,603
Z221,142,228,271,414
Z222,229,348,470,507
Z223,230,323,456,499
Z224,147,468,609,619
Z225,148,149,232,233
Z226,150,234,289,418
Z227,127,216,276,402
Z228,239,481,536,589
Z229,138,156,206,243
Z230,94,187,253,380
Z231,130,220,278,404
Z232,252,320,453,476
Z233,253,311,441,517
Z234,255,325,506,550
Z235,257,261,474,511
Z236,258,321,496,528
Z237,259,307,505,549
Z238,260,367,442,538
Z239,202,348,393,509
Z240,262,300,475,559
Z241,137,541,600,627
Z242,208,323,451,548
Z243,269,301,413,493
Z244,272,496,540,589
Z245,274,458,542,591
Z246,276,339,530,546
Z247,278,316,566,572
Z248,279,301,429,442
Z249,227,302,430,490
Z250,145,334,337,381
Z251,231,303,394,494
Z252,154,239,292,421
Z253,299,314,385,427
Z254,300,314,428,446
Z255,304,374,432,457
Z256,305,375,433,512
Z257,214,309,395,539
Z258,307,360,435,484
Z259,308,376,436,513
Z260,309,438,515,574
Z261,310,315,439,447
Z262,312,365,384,485
Z263,316,327,448,487
Z264,318,450,518,575
Z265,321,359,454,483
Z266,322,455,520,576
Z267,324,441,564,605
Z268,326,567,624,644
Z269,327,415,522,577
Z270,328,519,553,625
Z271,330,552,563,607
Z272,331,342,465,498
Z273,332,463,525,579
Z274,335,426,456,599
Z275,336,444,564,604
Z276,337,453,547,602
Z277,339,363,379,485
Z278,340,427,430,581
Z279,341,514,558,574
Z280,342,565,566,623
Z281,343,374,445,466
Z282,344,387,528,586
Z283,345,418,523,626
Z284,326,346,457,521
Z285,347,517,554,612
Z286,354,386,527,585
Z287,357,476,554,598
Z288,359,510,515,604
Z289,360,447,511,601
Z290,361,367,423,524
Z291,366,417,522,597
Z292,344,369,443,467
Z293,336,370,464,526
Z294,371,392,539,576
Z295,372,486,555,585
Z296,322,373,458,523
Z297,343,480,557,575
Z298,341,376,464,504
Z299,347,377,436,469
Z300,378,380,526,637
Z301,354,416,449,594
Z302,111,153,203,244
Z303,435,560,622,643
Z304,332,437,561,638
Z305,438,525,617,631
Z306,439,551,616,626
Z307,450,549,602,623
Z308,454,562,611,639
Z309,455,562,608,617
Z310,346,468,512,582
Z311,328,330,459,461
Z312,331,462,524,578
Z313,483,559,573,615
Z314,484,557,612,624
Z315,487,556,586,607
Z316,513,536,605,615
Z317,518,552,609,642
Z318,551,553,606,608
Z319,555,560,579,616
Z320,556,561,611,613
Z321,565,613,643,647
Z322,371,533,550,599
OZ0,170,180,207,233,235,236,238,241,244,246,250,263,265,266,268,270,271,273,280,281,282,283,285,294,295,297,298,303,314,317,323,334,348,349,352,353,358,362,364,365,375,380,381,383,384,388,389,390,393,394,395,397,398,399,401,404,407,410,411,412,416,421,422,428,432,434,436,441,443,444,446,449,451,456,458,461,463,464,466,468,471,472,475,476,477,481,482,485,492,493,496,497,498,506,507,510,512,517,520,523,528,529,531,534,535,536,537,539,540,541,542,543,547,549,550,552,558,559,560,561,562,566,575,578,579,580,584,585,593,594,596,597,598,600,601,602,604,605,607,608,610,611,612,613,616,617,621,623,627,628,630,632,636,637,638,639,640,641,642,646
OZ1,171,180,222,224,233,238,240,246,254,266,268,282,285,286,296,298,301,302,313,314,319,329,333,338,350,351,352,356,358,365,367,375,384,385,389,403,405,408,419,423,426,428,429,434,440,443,446,448,451,463,467,470,477,485,488,489,496,497,498,506,507,508,510,514,515,516,519,522,525,533,537,541,545,547,562,563,566,571,577,579,583,584,588,590,594,597,600,603,604,607,613,614,615,630,631,634,635,639
OZ2,235,240,242,248,254,270,273,294,295,297,298,302,311,314,315,317,319,320,323,325,329,334,348,349,352,353,356,362,368,380,381,383,384,387,393,399,402,404,406,410,411,413,414,415,416,419,422,425,426,430,431,432,434,436,441,444,445,448,456,464,465,466,468,470,471,473,474,475,476,480,488,491,499,500,504,505,509,511,512,514,517,520,522,523,524,527,532,533,536,550,557,558,559,561,568,571,574,575,577,578,582,585,586,587,588,590,591,593,595,596,598,602,603,605,607,610,611,615,618,620,622,623,624,625,626,627,633,637,638,643,644,645,646,647
OZ3,180,222,224,233,238,240,241,246,247,249,254,268,270,273,277,282,286,290,293,296,298,301,302,303,311,314,319,325,329,338,350,356,358,365,375,379,381,384,388,389,390,391,394,400,401,403,405,417,419,420,423,426,428,429,440,442,444,445,446,448,451,458,464,467,468,470,471,477,480,482,485,488,491,494,495,496,498,501,502,503,506,507,508,510,516,519,522,525,526,533,536,538,539,541,542,554,558,561,562,563,564,566,571,573,574,577,583,588,589,591,594,597,598,600,602,603,607,609,613,615,617,619,621,629,630,631,634,635,636,638,639,640
OZ4,207,236,238,244,246,247,249,250,254,263,265,270,271,275,283,286,295,296,297,303,317,320,323,325,329,334,349,364,380,381,383,388,389,391,394,397,398,399,400,401,404,407,411,412,420,422,423,426,433,436,441,448,449,451,456,458,461,466,468,472,480,491,496,510,515,517,522,525,526,529,531,533,534,535,540,541,542,549,550,552,554,564,574,575,576,580,589,590,591,592,593,597,600,601,602,605,612,617,623,627,628,630,631,632,634,637,639,640,641,642
OZ5,222,224,233,238,240,241,246,247,249,254,268,270,273,277,282,286,290,293,295,298,301,302,303,311,314,319,323,325,329,338,350,356,362,365,379,381,384,388,389,390,391,394,398,400,403,404,405,417,419,420,422,425,426,428,429,432,433,440,441,442,444,445,446,448,458,460,461,464,467,468,470,471,477,479,480,482,485,488,491,493,494,495,498,501,502,503,506,507,508,512,516,519,522,525,526,536,538,540,541,542,548,550,554,558,561,562,563,566,571,573,574,576,577,583,588,591,592,594,597,598,599,600,602,603,605,607,609,613,615,617,619,621,629,631,635,636,638,640
OZ6,240,247,249,254,266,273,277,285,286,298,311,314,320,325,329,349,351,352,365,367,384,385,388,390,391,395,401,404,420,425,426,428,434,442,443,444,445,446,448,458,463,464,467,470,471,475,476,477,480,481,482,485,491,497,498,506,514,515,522,526,528,533,536,537,538,539,542,547,554,558,559,564,566,573,574,577,579,584,589,590,591,594,596,598,604,607,610,611,613,617,621,636,640,646
OZ7,236,238,242,244,246,247,248,249,250,270,271,275,277,283,285,290,291,294,295,297,298,302,313,314,315,317,319,320,323,348,349,351,352,353,364,367,368,375,379,381,384,385,388,389,390,391,393,395,397,399,401,402,404,406,410,412,413,416,422,425,430,431,434,441,442,443,458,460,463,465,466,467,468,470,472,473,474,476,479,481,482,492,493,495,497,499,500,503,504,505,509,511,515,520,522,523,524,527,528,529,531,532,533,537,539,541,542,547,548,549,550,552,557,559,564,568,573,577,578,579,582,584,585,587,589,590,593,595,599,600,601,602,604,605,607,609,611,612,615,617,618,620,621,622,624,625,626,628,632,633,636,640,641,642,643,644,645,647
OZ8,224,233,238,241,242,246,263,266,268,271,273,275,277,280,281,282,283,285,296,297,311,319,334,338,348,349,350,351,352,353,363,365,367,375,379,380,382,383,385,389,393,395,398,399,400,401,402,403,404,405,407,411,416,417,423,428,429,430,432,434,436,443,444,445,446,447,449,452,456,460,463,464,465,466,471,473,474,475,477,479,480,481,485,491,492,493,494,495,497,498,499,501,502,504,505,507,508,509,511,512,515,517,523,524,525,528,533,536,537,539,541,548,550,552,557,558,559,561,562,564,566,574,575,576,578,579,584,585,589,590,593,594,596,597,598,599,600,604,607,608,609,610,611,613,616,618,619,620,622,623,624,627,629,631,633,634,635,637,638,642,643,646
OZ9,246,254,266,271,289,295,298,314,317,320,329,334,362,365,375,379,381,382,384,387,396,398,401,404,406,414,415,418,422,425,426,428,432,433,434,441,446,448,449,451,452,456,460,461,470,475,476,477,479,485,488,493,496,498,499,503,506,510,512,522,523,538,539,540,548,550,559,561,564,566,571,576,577,586,588,589,590,592,594,599,602,603,605,607,611,613,626,630,638,639
OZ10,213,233,241,283,285,286,289,293,296,297,303,311,313,315,317,323,351,358,367,375,380,385,394,395,398,400,401,404,408,411,414,417,418,423,425,431,433,434,442,443,444,445,448,449,451,460,461,463,466,477,479,480,481,493,494,496,497,501,502,510,514,517,525,533,537,538,539,540,548,549,550,552,557,561,564,570,573,576,579,582,584,589,590,592,593,599,602,605,619,623,624,625,627,629,630,631,634,637,638,639,642,644
OZ11,247,263,266,268,271,277,280,281,282,283,286,290,291,293,294,295,303,315,317,323,325,334,348,351,353,356,367,380,382,385,387,390,391,393,394,396,401,406,407,408,410,411,414,415,416,419,420,422,431,432,434,441,442,449,452,456,464,470,471,475,476,477,480,482,488,491,495,499,507,512,514,515,517,520,522,526,528,534,535,536,539,554,557,558,560,561,562,564,573,574,575,576,577,578,580,582,585,586,589,590,591,596,597,598,603,604,608,609,610,616,621,624,625,626,627,636,637,638,644,646
OZ12,233,238,241,242,248,249,254,265,266,275,277,286,293,294,295,297,298,302,303,313,315,317,319,323,329,334,348,353,356,362,364,365,367,368,375,380,383,384,387,388,390,391,393,394,397,399,400,401,402,403,404,406,408,410,411,412,413,414,415,416,417,419,420,422,425,426,428,430,431,433,434,436,441,446,447,458,460,466,467,472,473,474,477,479,482,485,488,493,494,495,498,499,500,501,502,504,506,514,515,517,520,523,525,526,527,528,532,539,542,547,548,549,550,554,560,564,566,568,571,575,578,582,585,586,587,588,589,590,592,593,594,595,599,601,602,603,604,605,609,612,613,615,617,619,621,623,625,626,627,628,629,631,633,636,637,640,641,644,645,647
OZ13,242,244,248,249,254,263,265,266,271,273,280,281,282,285,289,291,293,295,298,301,303,311,313,315,317,325,329,334,349,351,352,356,368,375,379,380,382,383,384,385,387,388,389,390,391,394,395,396,398,402,403,404,407,408,411,412,413,414,415,418,419,422,425,426,431,432,436,441,442,443,444,445,448,451,452,458,463,464,465,467,471,473,474,475,480,481,482,491,492,495,497,499,500,503,505,508,509,511,512,514,516,517,519,523,524,527,532,533,536,537,538,541,542,547,550,557,558,559,560,561,562,568,574,575,576,579,581,582,583,584,586,587,591,595,597,598,600,605,607,608,609,611,615,616,617,618,620,621,622,623,624,625,627,633,635,636,637,638,640,641,643,644,645,647
OZ14,249,263,265,266,268,270,283,289,297,301,302,303,317,319,320,323,348,350,351,362,364,375,379,380,381,382,383,388,390,391,393,394,395,396,397,398,399,403,406,407,411,412,414,416,418,420,429,433,434,442,449,451,452,456,465,466,468,469,472,476,482,488,492,495,498,503,505,507,508,509,511,516,519,522,523,524,526,527,538,546,547,566,571,578,583,585,588,590,592,593,594,596,597,598,601,602,603,609,610,613,618,620,621,622,623,626,627,628,635,636,637,640,641,643,646,647
OZ15,238,241,254,256,265,266,271,273,275,283,286,289,290,291,293,297,298,302,303,311,315,319,323,329,333,334,338,348,349,350,351,352,356,362,379,383,384,387,389,390,391,393,394,395,399,400,401,405,408,409,411,415,416,417,418,419,420,424,425,426,431,432,434,444,445,447,456,461,466,467,469,475,476,477,481,482,489,494,495,496,498,499,501,502,503,508,510,512,516,517,519,524,526,527,528,533,534,535,539,540,546,547,549,550,560,564,566,571,575,576,578,580,582,583,585,586,588,589,590,593,594,598,600,602,605,609,612,613,614,619,621,623,625,627,629,630,634,635,636,639,644,647
OZ16,256,266,268,270,271,285,286,290,291,301,303,311,313,315,317,320,325,333,334,338,349,351,352,356,380,382,385,387,389,391,394,395,396,398,400,401,404,405,406,407,409,414,415,419,420,424,429,431,443,445,449,451,452,456,458,460,461,463,464,467,475,477,479,482,488,489,491,493,495,496,497,499,507,510,514,515,517,522,523,524,526,528,533,534,535,537,540,542,548,550,557,558,561,573,574,575,576,579,580,582,584,586,589,591,596,597,599,600,603,604,605,609,610,614,617,624,625,626,630,634,636,637,638,639,644,646
OZ17,241,248,254,263,265,270,271,273,277,286,289,290,293,295,297,298,301,303,315,319,320,329,334,348,349,352,353,362,363,367,368,375,379,380,383,389,390,394,396,399,401,403,404,408,411,413,417,418,422,424,425,426,431,432,434,441,444,447,448,451,464,465,466,467,469,470,476,488,491,492,494,495,498,499,500,501,502,505,506,507,509,511,512,516,519,522,525,528,532,533,538,541,546,547,549,558,559,560,566,568,571,573,574,575,577,578,579,582,583,587,588,589,590,593,594,595,596,598,600,601,603,605,607,609,610,611,613,615,618,619,620,621,622,625,627,629,634,637,643,644,645,646
OZ18,244,248,268,271,273,280,281,282,285,286,289,290,291,293,294,297,301,319,320,323,348,350,363,364,365,367,368,375,380,381,382,384,385,397,399,403,406,408,410,411,413,418,420,424,428,429,430,431,433,443,446,447,448,451,452,456,458,463,464,467,470,471,472,475,476,481,485,488,491,495,497,498,500,503,504,516,517,519,520,524,525,526,527,532,536,537,538,542,547,552,554,557,558,561,562,566,568,573,574,575,576,577,578,581,583,584,587,592,593,594,595,598,603,605,608,609,613,615,616,617,624,626,627,628,634,637,638,642,645,647
OZ19,250,254,263,270,273,275,277,280,281,282,286,289,293,294,296,297,301,302,303,311,313,314,319,323,325,329,348,349,350,352,353,362,364,365,375,379,380,381,382,385,389,393,394,396,397,399,404,406,407,408,410,414,416,418,423,426,428,429,444,445,446,447,448,451,452,456,464,465,466,468,469,471,472,475,477,480,485,488,491,492,495,496,498,503,505,506,508,509,511,514,515,516,519,520,524,528,531,533,536,539,540,541,549,554,557,558,559,562,564,566,571,573,574,576,578,583,585,588,591,593,594,597,598,600,602,603,604,607,608,609,611,612,613,616,618,620,622,624,626,628,634,635,637,643
OZ20,254,268,270,271,283,295,298,311,314,315,317,320,323,329,334,349,362,365,375,379,380,381,382,384,387,389,396,403,404,406,411,414,415,422,425,426,428,432,434,441,444,445,446,448,449,452,456,466,468,470,475,476,480,485,498,499,503,506,507,512,517,522,523,533,541,557,559,561,566,571,575,577,582,586,588,590,594,596,600,602,607,610,611,613,624,625,626,627,637,638,644,646
OZ21,271,273,281,297,302,303,315,356,399,407,413,428,430,447,488,490,527,553,593,603,608,616,626,642,644,647
OZ22,280,289,290,294,313,319,320,323,325,334,352,356,363,379,381,410,418,419,456,475,476,499,506,520,523,547,550,591,602,626
OZ23,263,266,268,270,277,281,283,286,291,295,296,301,303,311,315,319,323,333,334,338,349,350,351,352,356,364,367,375,380,383,384,385,389,391,393,395,397,400,404,405,407,409,411,412,413,416,420,422,423,424,428,429,430,431,432,434,441,445,448,460,461,469,471,472,476,479,481,482,488,489,490,493,495,496,498,499,508,510,512,514,516,519,524,525,526,533,534,535,536,538,539,540,541,546,548,550,552,553,554,557,560,561,564,566,573,575,576,579,580,583,585,590,594,599,600,602,603,605,608,609,612,613,614,616,624,626,627,628,630,635,636,637,638,639,641,644
OZ24,268,270,273,282,283,286,293,296,297,302,303,311,313,317,320,334,348,349,356,362,379,380,381,382,387,389,396,398,399,401,403,404,406,407,408,411,413,414,415,416,423,428,430,433,444,445,447,449,451,452,456,460,461,466,468,470,476,477,479,480,481,488,490,493,496,499,503,510,517,523,527,528,533,539,540,541,547,548,550,553,557,564,571,575,576,577,582,586,588,589,592,593,599,600,602,603,605,608,616,624,625,627,630,634,637,639,642,647
OZ25,248,266,270,273,281,283,285,289,290,291,296,297,301,302,311,313,314,317,319,323,325,349,350,351,356,362,364,365,367,368,375,381,382,384,387,389,391,397,398,399,401,404,406,407,413,414,415,416,418,420,423,424,429,430,442,443,444,445,446,448,449,451,452,458,460,463,464,467,468,471,472,475,476,477,479,482,485,490,491,494,495,496,497,498,500,506,510,516,519,523,524,525,526,528,532,533,534,535,536,537,538,539,540,541,542,547,548,554,558,561,562,563,564,566,568,571,573,574,578,580,583,584,586,587,588,589,591,593,594,595,598,599,600,607,609,613,615,617,619,626,628,630,636,638,639,645
OZ26,266,270,273,277,283,291,295,296,297,301,302,311,317,320,323,325,334,349,350,351,352,353,363,364,375,379,380,381,382,383,384,388,389,391,395,396,397,399,404,406,411,412,414,416,420,422,423,424,429,431,432,434,441,442,445,447,449,452,458,460,461,469,471,472,479,481,482,493,496,497,498,499,506,508,510,512,516,519,523,524,526,527,533,534,535,536,539,540,541,542,546,547,548,549,554,557,562,564,566,578,579,580,583,590,591,593,594,599,600,602,605,608,612,613,616,617,623,624,627,628,630,635,636,637,639,640,641,647
OZ27,265,273,281,286,289,290,295,296,297,302,314,315,317,319,320,348,349,353,362,363,365,367,381,382,383,384,389,390,396,399,401,403,404,406,407,412,414,418,419,422,423,424,432,433,441,446,448,449,452,456,460,464,465,466,469,471,476,479,485,488,490,491,492,494,495,496,503,505,507,508,509,510,511,512,517,523,525,527,533,536,539,540,541,546,547,548,550,554,557,558,560,561,563,564,571,573,574,575,576,578,579,582,588,589,592,593,596,599,600,601,603,607,608,609,610,615,616,618,619,620,621,622,623,624,625,630,635,638,639,641,643,644,646,647
OZ28,270,295,311,380,422,441,444,477,517,637
OZ29,273,275,281,282,289,293,295,296,297,313,315,317,320,323,333,334,338,348,349,350,353,363,364,375,379,380,381,382,383,387,389,394,395,396,397,399,400,404,405,406,407,408,409,412,413,414,415,418,422,423,424,429,441,442,444,445,448,449,452,460,464,466,469,470,472,476,479,480,481,488,489,491,492,494,498,499,505,506,507,510,511,515,522,523,524,525,527,528,533,538,541,546,547,548,549,553,557,558,560,562,563,566,574,577,578,579,586,593,594,596,597,598,599,600,601,603,604,605,607,608,610,613,614,616,619,620,622,624,628,630,637,639,641,642,643,644,646,647
OZ30,277,282,286,290,293,295,296,302,303,315,317,319,320,353,362,363,375,380,382,387,388,393,396,398,400,404,406,407,408,412,413,414,415,416,419,422,423,424,428,430,432,433,434,441,444,445,447,449,452,465,466,470,471,475,476,477,480,490,491,493,494,496,497,503,506,507,509,512,515,517,523,525,527,528,536,538,539,540,550,553,554,560,562,571,574,576,577,579,585,586,588,590,592,593,596,598,610,618,619,626,631,637,640,641,642,644,646,647
OZ31,282,283,286,290,293,295,296,298,301,303,313,314,319,329,333,334,338,349,350,362,364,365,375,379,380,384,387,389,394,395,397,400,405,408,409,411,415,419,422,423,425,429,432,441,442,444,445,446,451,456,466,470,471,472,480,481,485,489,490,493,494,495,498,499,503,506,510,512,515,516,517,519,522,528,533,536,538,541,548,549,552,554,561,562,563,566,571,573,575,577,583,586,588,594,597,598,599,600,604,607,609,613,614,615,619,623,627,628,630,634,637,638,639,642
OZ32,275,286,289,290,295,296,301,302,314,315,319,323,329,334,348,353,356,363,365,375,379,383,384,398,401,412,418,419,422,423,424,428,430,432,433,441,445,446,447,448,461,464,466,468,469,470,471,480,485,491,492,495,496,499,505,507,510,511,512,516,517,519,524,525,533,536,539,540,546,548,550,552,554,558,560,561,564,573,574,576,578,579,582,583,589,592,594,596,599,601,602,609,610,615,620,622,623,625,630,638,639,641,642,643,644,646
OZ33,281,283,286,290,295,296,298,301,303,319,329,333,334,338,348,349,350,362,364,375,379,380,381,387,389,394,395,397,400,404,405,409,411,415,416,419,422,423,425,428,429,432,441,442,444,445,451,456,466,471,472,475,480,489,490,493,494,499,503,507,510,512,515,516,517,519,533,536,538,541,547,548,554,559,562,563,571,573,577,583,586,588,594,596,597,598,599,600,602,604,610,611,614,615,619,627,628,630,634,637,639,646
OZ34,283,286,298,301,302,303,317,320,325,333,334,338,349,350,353,363,364,379,380,381,382,383,384,389,394,396,397,398,405,406,407,409,411,412,414,416,424,425,429,433,442,444,447,448,449,451,452,458,464,468,469,470,472,476,489,494,498,499,506,508,516,519,522,523,524,527,541,542,546,547,550,552,557,558,562,564,566,575,576,578,579,583,591,592,593,597,598,600,604,608,612,613,614,616,617,619,624,627,628,631,634,635,637,641,642,647
OZ35,286,289,290,295,296,298,301,302,314,315,319,323,334,348,353,356,363,365,375,379,383,412,418,419,422,423,425,428,430,432,433,441,445,446,448,460,461,464,465,466,468,469,470,471,479,480,485,491,495,499,507,509,510,512,516,517,519,524,525,533,536,539,546,548,549,550,552,554,557,558,561,564,573,574,576,578,579,582,583,592,594,596,599,602,609,610,612,615,618,623,624,625,630,634,638,639,641,642,644,646
OZ36,295,296,301,302,303,317,323,325,329,375,395,400,401,404,413,414,422,423,424,431,432,433,441,449,451,458,465,470,491,496,508,509,510,512,515,516,519,525,533,540,542,548,550,552,553,563,564,574,576,582,583,589,591,592,593,594,599,605,607,617,618,625,630,631,635,639
OZ37,285,289,290,313,319,323,325,329,333,338,348,349,350,352,356,364,367,380,382,383,384,387,389,393,394,395,396,397,398,400,401,404,405,406,407,409,413,415,416,418,419,429,431,432,433,442,443,444,447,448,451,452,456,458,460,461,463,464,467,468,469,470,472,475,479,489,491,494,496,497,498,512,515,522,523,525,527,528,537,539,540,541,542,546,553,557,558,560,563,564,566,574,575,582,584,585,586,589,591,592,597,598,600,602,604,607,612,613,614,617,619,624,625,626,628,637,642,647
OZ38,296,301,302,314,319,329,334,349,350,364,365,375,381,383,385,387,389,393,397,398,404,415,416,423,424,428,429,446,447,448,451,460,465,470,472,475,479,485,499,506,507,508,509,514,516,519,522,525,527,538,541,546,547,549,557,559,560,573,577,579,583,585,586,596,598,600,601,607,610,611,612,618,623,624,628,635,646,647
OZ39,289,301,303,315,317,319,320,325,329,333,338,348,353,356,363,379,380,381,382,383,384,385,396,398,401,404,405,406,407,409,412,413,414,416,418,424,428,434,442,444,445,447,449,452,456,458,461,464,465,466,469,476,477,480,489,490,494,495,496,498,506,507,509,514,516,519,522,523,525,527,533,540,542,546,547,548,549,550,552,553,558,561,562,564,566,573,575,576,583,589,590,591,593,594,596,598,599,602,604,607,608,609,610,612,613,614,616,617,618,619,623,630,631,634,637,638,641,644,646,647
OZ40,290,302,319,325,334,349,353,363,367,375,379,381,387,389,393,394,395,400,403,404,412,413,415,416,419,428,430,434,447,448,451,456,458,460,461,464,465,469,470,471,475,477,479,490,493,499,506,507,509,515,517,522,524,527,533,536,538,539,541,542,547,548,549,552,553,554,557,558,559,560,573,577,579,582,585,586,590,591,596,597,598,599,600,601,605,610,611,615,617,618,623,624,625,630,631,641,646,647
OZ41,301,302,303,313,314,320,323,325,334,349,362,365,367,375,379,382,383,389,393,394,395,396,398,400,401,403,406,407,428,430,431,434,445,446,452,458,460,461,466,468,475,476,477,479,480,481,485,491,495,496,499,503,506,507,510,516,519,522,523,525,533,539,540,541,542,546,548,560,561,562,571,573,574,578,583,585,588,590,591,596,597,598,599,600,601,604,608,609,610,612,615,616,617,630,631,638,639,646
OZ42,313,317,320,323,334,348,349,350,353,362,363,364,382,383,385,389,394,396,397,402,404,406,407,412,413,414,416,424,428,429,432,433,434,436,445,446,449,452,460,465,466,468,469,472,475,476,477,479,480,481,491,495,498,499,503,504,506,507,509,510,511,512,515,517,522,523,527,533,541,548,552,553,554,560,561,562,563,566,571,573,582,588,589,590,592,593,594,596,597,598,599,600,601,604,607,608,609,610,613,615,616,618,622,623,625,628,630,634,638,639,641,643,646,647
OZ43,298,303,323,325,333,334,338,348,350,352,353,363,364,367,375,379,380,381,382,383,384,393,395,397,400,403,404,405,409,412,413,416,424,425,429,432,433,434,442,444,445,447,452,460,465,466,470,471,472,477,479,480,481,489,494,498,499,506,509,510,512,517,520,527,533,536,539,542,546,547,548,549,552,553,554,557,560,563,564,566,576,578,582,585,589,590,591,592,599,601,602,605,607,612,613,614,618,619,623,624,625,628,630,634,637,639,641,647
OZ44,303,314,320,333,338,349,352,362,365,367,375,379,380,383,384,385,389,396,398,402,403,404,405,406,409,413,416,430,434,436,442,444,456,458,460,465,468,469,470,471,476,477,479,481,485,489,494,503,504,506,508,509,510,511,515,520,523,524,525,527,533,536,541,548,549,552,560,563,564,571,574,575,576,588,589,590,599,600,601,605,607,608,614,616,617,618,619,622,630,631,635,637,639,642,643,647
OZ45,317,325,329,348,383,384,393,394,395,400,407,413,414,416,430,434,447,449,456,458,465,467,477,491,496,498,508,509,510,524,525,527,528,533,539,542,546,548,549,557,559,560,562,563,566,573,574,577,578,585,590,591,593,594,597,598,599,601,604,611,612,613,615,617,618,623,624,630,631,635,639,647
OZ46,319,348,352,353,356,363,367,375,382,384,395,398,400,401,402,403,404,411,412,419,428,432,436,446,447,452,458,464,465,471,491,493,496,503,504,506,507,509,511,512,514,515,520,524,525,532,536,538,539,540,546,549,550,557,558,560,568,587,589,596,598,601,605,610,612,615,617,618,622,624,631,641,643,646
OZ47,314,323,333,338,349,356,365,379,380,385,387,389,395,398,400,402,405,407,409,411,415,419,424,431,432,434,436,442,444,445,447,448,451,460,461,464,466,467,475,477,479,480,481,485,489,493,494,496,498,503,504,506,511,512,515,517,522,524,525,528,532,533,539,541,546,548,549,550,554,557,558,560,562,564,566,568,574,576,578,579,586,587,589,590,599,600,601,602,604,607,612,613,614,619,622,624,630,634,637,643
OZ48,320,323,352,356,362,367,375,383,384,387,394,395,396,400,403,404,406,411,413,415,416,419,424,430,432,445,447,448,451,456,458,461,464,465,466,467,468,469,470,471,475,476,480,493,496,498,508,509,510,512,517,520,523,527,528,532,536,539,546,550,552,554,557,558,562,563,566,568,571,575,578,579,586,587,588,597,602,604,605,608,612,613,616,617,618,624,631,634,635,639,642,647
OZ49,348,349,367,375,383,384,389,393,396,398,401,403,404,406,413,424,430,434,445,456,460,465,466,467,468,477,479,480,493,498,500,508,509,510,515,521,522,523,528,533,540,541,546,548,549,553,559,560,562,563,566,573,575,577,578,582,585,589,590,595,598,599,600,601,604,608,611,612,613,615,616,618,623,627,630,634,635,639,642,645
OZ50,302,323,329,333,338,349,350,353,356,362,363,364,380,383,384,387,389,395,396,397,400,405,406,407,409,411,412,415,416,429,430,431,433,442,444,447,448,451,456,460,461,464,465,468,469,470,472,475,479,481,489,490,491,493,494,498,503,506,509,510,521,523,524,525,527,532,539,541,546,550,553,557,558,559,563,564,566,568,571,573,574,575,576,577,578,579,582,586,587,588,589,592,598,600,602,607,608,611,612,613,614,615,616,618,619,624,628,637,639,641,642,647
OZ51,291,311,323,334,356,362,367,375,380,382,384,393,394,396,402,403,404,406,407,411,419,420,424,428,431,432,436,445,446,447,452,456,458,464,468,469,476,481,493,494,495,497,499,500,504,507,511,512,514,520,521,522,523,524,526,532,534,535,538,546,549,554,557,558,562,568,571,574,576,579,580,585,587,588,589,595,596,597,605,608,609,610,612,615,616,617,619,622,624,625,627,634,637,643,645,646
OZ52,311,315,323,325,367,375,380,395,398,400,401,403,404,424,445,451,458,461,466,468,479,480,491,493,496,510,515,517,521,524,525,533,540,542,548,550,557,564,569,574,575,576,582,589,591,599,605,617,624,630,631,634,639,644
OZ53,325,395,400,404,424,458,491,515,525,539,542,574,591,617,631,634
OZ54,323,333,334,338,350,352,353,363,364,367,375,379,380,381,382,397,398,403,404,405,407,409,412,424,429,430,431,432,433,442,444,445,452,456,458,466,471,472,480,481,489,491,494,499,506,508,510,512,515,517,520,522,524,525,536,547,552,553,554,564,574,576,582,589,592,598,602,605,607,614,617,619,625,628,631,634,635,637,639,641
OZ55,329,333,338,353,356,362,363,365,375,379,380,385,387,394,396,398,401,402,403,405,406,407,409,411,412,413,415,416,419,430,431,432,434,436,442,444,448,456,458,464,465,468,470,475,477,481,485,489,491,493,494,496,498,504,509,510,511,512,515,517,520,523,527,532,533,538,540,546,548,549,552,554,558,559,560,563,564,566,568,571,573,575,576,577,578,579,581,586,587,588,590,597,599,601,602,608,611,612,613,614,615,616,617,618,619,622,630,631,637,639,641,642,643,647
OZ56,362,367,394,396,403,404,406,413,416,419,430,432,433,445,447,461,465,466,467,468,470,480,490,493,496,508,509,510,512,515,516,519,521,522,523,524,527,528,552,557,559,562,563,571,573,575,577,583,588,592,597,604,607,608,611,615,616,618,624,625,635,639,642,647
OZ57,334,352,353,356,363,365,367,375,381,382,383,387,394,395,396,398,400,403,406,411,412,415,416,419,432,445,448,451,452,458,461,464,465,466,467,468,469,470,471,475,480,485,491,493,496,498,499,500,503,509,510,511,512,517,520,521,523,527,528,532,536,539,546,547,549,550,552,554,558,560,562,563,566,568,575,578,579,586,587,595,597,598,601,604,605,608,613,616,617,618,622,625,627,631,639,641,642,643,645,647
OZ58,315,333,338,353,356,363,365,379,380,385,387,395,400,402,403,405,407,409,411,412,415,424,431,433,436,442,447,448,456,461,464,467,468,475,479,481,485,489,490,493,494,496,498,504,508,511,516,517,519,520,522,528,532,533,538,542,546,548,549,554,558,560,562,564,566,568,569,575,576,578,579,581,582,583,586,587,589,591,592,599,601,602,604,607,612,613,614,617,619,622,625,630,631,634,635,641,643,644
OZ59,333,338,352,365,367,380,382,383,384,385,387,393,395,396,400,404,405,406,407,409,413,415,424,428,430,431,442,444,446,447,448,452,468,471,475,481,485,489,491,494,500,506,507,510,511,514,517,520,521,523,525,536,539,542,546,550,552,554,557,559,564,573,575,576,577,579,581,585,586,589,591,595,596,598,602,605,608,610,611,614,616,619,622,623,624,625,627,634,637,639,642,643,645,646
OZ60,349,350,356,364,375,379,380,381,384,385,389,393,394,397,398,402,403,404,413,416,419,428,429,432,433,434,436,444,445,456,460,465,469,470,472,477,479,491,495,498,503,504,507,508,509,511,512,520,521,525,527,533,536,541,542,546,547,548,549,553,554,559,561,562,563,564,573,574,575,576,578,581,582,585,590,591,592,596,597,599,600,602,604,605,609,610,612,615,617,618,622,628,630,631,635,637,642,643,646,647
OZ61,353,356,363,365,375,380,381,384,385,393,396,398,403,406,412,413,419,428,430,436,444,447,466,468,469,480,485,495,498,500,503,504,507,508,511,520,523,525,536,542,547,549,554,557,559,561,562,564,573,574,576,578,585,591,595,596,602,604,605,608,609,610,612,615,616,617,622,624,627,631,635,637,641,643,645,646
OZ62,350,356,364,367,379,380,381,383,385,393,394,396,397,401,402,406,419,424,428,429,430,432,433,436,444,466,467,468,469,472,480,491,493,495,500,503,504,507,510,511,512,515,520,522,523,525,528,536,540,542,547,554,560,561,564,566,574,576,577,581,585,589,591,592,595,596,597,598,601,602,605,608,609,610,611,613,616,617,622,623,627,628,631,634,637,639,643,645,646,647
OZ63,352,356,365,375,379,380,381,382,383,387,394,395,400,402,403,404,407,411,413,415,419,424,430,431,432,436,444,445,447,448,452,458,464,468,471,475,485,494,495,503,504,506,512,514,515,517,520,532,539,547,549,550,552,553,557,558,560,562,564,568,573,574,576,577,578,581,582,586,587,597,598,601,604,607,609,611,612,613,619,623,624,625,634,637,638,647
OZ64,356,365,387,395,396,400,403,404,406,407,413,415,416,430,431,432,433,445,446,447,448,456,458,465,466,470,475,480,485,490,491,494,498,500,506,509,512,515,516,519,523,524,525,527,539,542,548,549,550,552,553,557,559,561,563,574,577,581,582,583,586,591,592,595,602,607,608,611,613,616,617,618,619,623,624,625,627,630,631,638,645,647
OZ65,375,385,394,396,401,403,406,416,436,445,447,461,465,466,467,468,469,470,480,498,500,504,509,510,511,515,517,522,523,527,528,538,540,552,554,557,559,562,563,566,573,575,577,578,589,595,597,604,607,608,611,612,613,615,616,618,622,623,624,627,639,642,643,645
OZ66,381,384,385,395,396,400,406,407,411,416,431,432,436,445,446,447,456,458,465,466,467,469,470,480,481,491,494,495,496,504,508,509,511,512,515,517,521,523,524,525,527,528,532,538,539,542,547,548,550,553,554,557,559,561,563,566,568,574,575,577,578,581,582,587,589,591,607,608,609,611,612,616,617,618,619,622,623,624,630,631,635,638,642,643
OZ67,379,384,385,394,396,398,403,406,416,419,432,433,436,445,465,466,467,468,469,470,479,480,490,491,496,498,500,503,504,509,510,512,515,516,517,519,520,522,523,527,528,533,538,539,542,549,550,553,554,559,560,562,566,573,575,576,577,578,582,583,591,592,595,597,598,599,601,604,608,611,613,615,616,618,623,625,627,639,642,645
OZ68,367,384,385,387,393,394,396,401,402,406,415,424,428,445,446,448,466,467,468,475,480,493,498,500,507,510,511,514,515,521,523,524,525,528,540,546,549,553,560,562,566,575,578,579,582,585,586,589,595,596,597,598,601,604,607,608,610,612,613,615,616,622,627,634,639,642,643,645,646,647
OZ69,382,383,387,393,396,398,401,402,406,413,415,424,428,430,436,445,446,447,448,452,456,461,466,467,468,469,475,479,480,491,498,500,504,507,508,510,514,515,517,520,521,523,524,525,528,533,538,539,540,542,548,550,552,554,557,562,566,575,576,578,579,585,586,589,591,595,596,599,604,608,610,612,613,615,616,624,625,627,630,634,635,639,642,645,646,647
OZ70,365,380,384,387,393,396,398,401,402,404,406,411,415,428,432,444,448,461,466,467,468,475,479,480,481,485,506,507,508,511,512,517,521,523,525,528,532,533,536,538,539,540,546,549,550,553,559,560,561,562,563,564,566,568,573,574,575,581,582,585,586,587,596,598,599,601,604,605,607,608,610,612,613,615,616,617,622,631,635,637,642,643,646,647
OZ71,380,387,393,395,398,400,401,415,424,428,445,446,447,448,456,458,461,464,466,467,468,469,475,479,480,491,498,507,508,510,515,524,525,528,533,538,540,542,548,552,557,558,562,564,566,569,574,575,578,579,581,585,586,589,591,596,599,601,608,610,613,615,616,624,626,630,634,635,639,642,646,647
OZ72,383,384,385,394,401,407,413,416,430,431,444,445,458,464,465,468,469,470,491,494,496,497,498,508,509,514,515,517,522,525,527,536,538,540,542,546,549,552,557,558,559,560,562,566,569,579,589,591,597,598,605,608,612,615,616,618,619,623,626,631,635,637,638,642
OZ73,407,415,431,448,467,468,494,522,528,549,552,561,575,602,607,611,613,619,623,642
OZ74,384,385,387,393,394,402,411,413,415,416,428,430,432,436,445,447,448,458,461,465,466,468,469,470,475,480,481,491,497,498,504,507,509,510,512,515,517,521,522,525,527,532,542,546,553,554,559,560,561,562,563,566,568,574,577,579,581,582,585,586,587,589,591,596,597,598,601,602,604,607,610,611,613,615,618,624,631,638,639,642,646,647
OZ75,385,387,394,396,401,406,413,416,424,428,430,445,447,458,464,465,467,469,470,475,491,496,497,508,509,511,514,515,517,522,523,525,527,528,540,542,549,558,562,564,575,577,579,586,589,591,597,602,604,608,616,618,622,624,631,634,635,643
OZ76,387,393,403,424,428,432,433,444,445,446,447,458,461,464,469,475,491,496,497,498,507,508,510,512,517,521,524,536,538,542,549,552,553,558,559,561,563,566,569,575,581,582,585,586,591,592,596,601,602,604,605,607,608,610,611,613,616,623,624,626,631,634,635,637,638,639,646,647
OZ77,398,401,415,416,436,444,445,446,447,448,458,464,465,470,479,497,504,508,509,510,511,514,520,522,525,527,533,536,539,540,549,550,554,558,559,561,566,569,573,575,576,577,579,581,589,599,601,602,604,605,607,608,612,613,616,618,622,624,626,631,635,637,639,643
OZ78,363,393,394,395,400,401,403,404,411,415,416,419,424,433,436,445,446,448,456,458,461,464,465,467,470,481,490,491,496,500,503,504,506,507,508,509,510,514,515,516,519,521,524,525,527,528,532,539,540,542,548,550,554,558,561,564,566,568,581,583,585,587,591,592,595,596,597,607,610,611,612,613,615,617,618,625,627,630,631,634,635,639,645,646
OZ79,394,396,406,413,424,430,444,458,461,464,466,467,468,469,480,491,496,497,508,510,517,522,523,528,536,542,549,552,557,558,561,563,566,569,577,591,597,601,602,604,605,607,611,613,623,626,631,634,635,637,639,642
OZ80,393,396,403,406,432,433,445,447,466,468,480,507,512,521,523,524,553,557,575,582,585,592,596,608,610,616,624,642,646,647
OZ81,396,406,416,465,470,498,509,511,523,524,527,553,566,578,601,608,613,616,618,622,623,642,643,644
OZ82,401,424,445,446,447,458,464,469,491,496,497,508,515,517,540,542,549,553,558,559,561,562,564,566,573,575,581,589,591,601,602,604,613,623,624,631,634,635,642,644
OZ83,415,424,436,446,448,458,461,464,466,468,480,491,496,497,498,504,508,510,514,522,524,525,542,549,552,554,557,558,561,563,564,566,573,577,578,579,581,591,602,612,613,615,631,634,635,638,639,642,643,647
OZ84,395,400,403,411,433,446,447,458,464,466,467,468,469,480,481,496,508,517,520,522,528,532,552,553,557,558,559,561,562,564,568,575,576,577,578,579,581,587,589,592,601,604,607,611,617,624,631,635,638,644
OZ85,411,424,432,436,444,445,456,464,481,491,504,510,512,514,515,520,521,525,532,539,542,548,550,552,553,554,558,559,562,563,564,566,568,569,576,582,587,589,591,607,608,612,613,615,623,626,630,631,634,637,638,639,643,647
OZ86,403,413,424,430,432,433,444,445,456,461,466,467,468,480,491,496,498,500,508,510,520,521,522,524,525,528,539,542,548,550,552,553,557,559,566,569,573,574,575,576,577,591,592,595,604,607,608,611,613,615,623,626,627,630,631,634,635,637,639,643,645,647
OZ87,413,416,424,430,446,447,461,464,465,470,491,500,509,511,512,520,525,527,536,542,552,558,561,562,563,573,574,576,579,581,582,591,595,601,605,607,615,616,617,618,622,624,627,634,638,642,645,647
OZ88,416,424,436,446,456,461,465,467,469,470,491,496,504,508,509,510,511,512,514,517,520,521,522,527,528,536,539,542,548,550,552,554,559,561,564,574,576,577,579,581,582,591,605,607,611,612,616,618,622,630,631,634,635,638,639,642,644,647
OZ89,446,456,461,467,496,508,510,512,521,522,525,528,536,539,548,550,552,553,559,562,564,573,574,577,581,582,605,607,611,617,630,631,635,639
OZ90,498,524,525,561,578,579
OZ91,436,447,458,461,464,469,497,504,514,517,520,525,536,549,553,554,558,559,563,574,575,576,601,602,605,607,612,613,615,617,624,638,642,643,644,647
OZ92,461,512,521,552,553,563,582,607
OZ93,444,458,464,466,468,469,480,497,511,512,515,517,520,521,525,536,549,553,557,558,559,569,573,576,579,582,602,605,608,615,617,622,626,631,637,642,643,647
OZ94,424,447,458,491,497,511,515,525,536,542,549,553,559,562,564,566,574,575,579,591,601,602,604,605,613,615,622,623,624,631,634,638,642,644
OZ95,447,458,464,467,497,511,515,520,522,528,549,553,558,561,562,564,574,575,576,577,579,601,602,604,607,611,613,617,622,624,642,643,644,647
OZ96,464,467,515,522,528,558,561,564,574,577,604,607,611,613
OZ97,467,522,528,561,577,607,611,613
OZ98,466,468,480,515,525,536,552,553,559,560,562,564,573,575,579,604,605,615,644,647
OZ99,515,536,559,564,573,604,605,615
OZ100,402,456,469,496,508,510,511,512,517,521,536,539,546,548,550,552,553,561,563,564,573,574,579,581,582,598,605,607,612,617,622,630,631,635,638,639
OZ101,456,469,511,517,525,539,548,550,553,557,560,561,562,563,573,574,607,617,622,630,631,638,644,647
OZ102,458,497,520,553,560,562,576,579,617,642,644,647
OZ103,469,511,517,549,557,560,575,602,622,643
OZ104,510,512,521,536,549,552,559,561,562,564,575,582,602,605,615,638,639,643,644,647
OZ105,553,560,561,562,573,574,579,631,638,642,644,647
OZ106,549,560,573,574,575,579,602,613,631,638,642,643
OZ107,512,521,525,552,561,573,574,582,631,638,642,644
OZ108,525,561,573,574,631,638
OZ109,560,573,574,579,613,631,638,647
