X0,0,8,23,30,37,94,98,109
X1,1,2,67,70,80,83,86,89
X2,1,24,73,75,81,89,97,101
X3,3,32,36,45,49,55,64,108
X4,4,34,52,80,83,91,103,111
X5,5,9,24,40,85,90,101,110
X6,6,46,53,59,61,77,78,105
X7,7,13,17,18,44,65,74,76
X8,0,12,41,95,96,102,109,114
X9,9,12,32,36,72,110,114,117
X10,10,20,27,33,56,68,70,86
X11,11,19,26,81,87,88,97,113
X12,13,17,73,75,77,92,105,112
X13,14,15,28,71,99,100,115,116
X14,11,15,21,26,28,64,106,108
X15,16,43,45,49,59,60,63,78
X16,7,22,40,44,51,85,93,119
X17,19,41,52,58,62,96,111,113
X18,20,27,31,54,57,66,69,107
X19,21,23,30,54,66,92,106,112
X20,16,18,35,43,48,58,62,76
X21,5,8,38,82,84,90,94,118
X22,2,38,60,63,67,99,116,118
X23,25,29,42,50,79,87,88,104
X24,31,35,48,79,82,84,104,107
X25,3,34,51,55,57,69,93,103
X26,4,6,37,39,46,47,91,98
X27,22,25,29,39,47,71,100,119
X28,42,50,53,56,61,68,72,117
OX0,41,52,54,56,58,59,60,62,63,64,66,67,68,72,77,78,79,81,82,84,90,91,92,96,97,104,105,108,109,111,112,115,117,119
OX1,30,46,47,91,94,109
OX2,17,43,45,49,59,70,73,75,78,80,81,83,85,86,90,97,99,110,116,118
OX3,37,43,52,56,57,64,65,68,69,70,71,74,76,79,81,86,87,88,90,92,95,96,97,98,99,100,102,104,108,109,111,112,116,118
OX4,39,40,44,45,47,49,51,53,54,57,58,59,60,61,62,63,66,67,69,71,72,77,78,80,81,82,83,84,87,88,90,92,93,95,97,100,102,105,110,112,115,117
OX5,26,29,43,44,45,46,49,55,56,57,58,62,64,65,67,68,69,72,73,74,75,76,79,80,81,83,85,92,96,97,98,104,106,108,112,115,117,118
OX6,27,40,43,45,46,49,50,51,54,56,58,59,60,62,63,64,66,68,70,73,75,76,77,78,79,80,81,82,83,84,85,86,90,91,93,95,96,97,98,99,102,103,104,105,108,109,116,118
OX7,45,48,49,54,56,60,63,64,66,67,68,70,72,73,75,79,80,81,82,83,84,85,86,89,91,97,99,101,104,108,109,110,113,115,116,117,118,119
OX8,28,29,36,40,44,46,49,56,59,68,71,72,77,78,79,87,88,91,98,100,104,105,117,119
OX9,46,50,54,57,59,60,63,65,66,67,69,70,71,72,74,77,78,79,82,84,86,87,88,90,91,94,95,98,99,100,102,104,105,107,115,116,117,119
OX10,40,44,47,50,51,54,56,57,60,63,65,66,67,68,69,70,74,82,84,86,90,94,95,99,102,107,115,116
OX11,36,50,51,54,57,60,61,63,65,66,67,69,70,71,72,74,79,82,84,86,87,88,90,94,95,99,100,102,104,107,115,116,117,119
OX12,43,47,48,50,55,56,58,62,64,66,68,70,73,75,76,80,81,83,85,86,89,91,95,96,97,99,101,102,107,108,113,116
OX13,48,54,55,56,57,60,63,64,65,67,69,71,73,74,75,80,81,82,83,84,85,87,88,89,91,95,97,100,101,102,107,108,109,113,114,115,118,119
OX14,44,47,50,54,55,56,57,60,63,64,65,66,68,73,74,75,80,81,82,83,84,85,93,94,95,97,102,103,107,108,110,119
OX15,47,57,58,61,62,64,65,66,67,70,71,73,74,75,76,77,78,85,86,87,88,92,93,94,96,99,100,101,103,105,108,109,112,115,116,119
OX16,49,50,54,55,59,61,63,68,73,75,77,78,82,84,85,92,94,101,105,112,114,118
OX17,50,54,57,58,60,61,62,63,65,66,68,69,70,71,73,74,75,76,77,78,82,84,85,86,87,88,90,92,96,99,100,101,105,109,110,112,114,116
OX18,55,56,57,59,62,65,67,71,72,74,77,78,80,81,83,87,88,89,91,92,93,94,96,97,100,103,105,107,112,113,114,115,117,119
OX19,57,59,64,65,66,68,70,71,72,73,74,75,77,78,79,85,86,87,88,90,92,93,95,99,100,101,102,103,104,105,107,108,112,114,116,117
OX20,54,63,82,84,90,94,108,118
OX21,56,58,62,67,71,74,87,88,90,94,95,96,100,102,107,109,114,115
OX22,60,64,66,67,91,94,109,115,118,119
OX23,33,58,59,62,65,66,67,68,69,72,73,75,77,78,79,85,91,92,93,96,101,103,104,105,107,112,117,119
OX24,58,59,62,66,67,69,71,72,73,74,75,77,78,85,87,88,92,93,94,95,96,100,101,102,103,105,109,112,115,117
OX25,59,65,68,70,71,72,73,74,75,77,78,79,85,87,88,90,91,92,93,94,95,100,101,102,103,104,105,107,109,112,114,115,117,119
OX26,29,61,66,68,69,70,71,73,75,76,77,78,79,85,87,88,90,92,96,101,104,105,107,109,110,112,114,115
OX27,65,70,73,75,76,77,78,85,90,92,93,95,101,102,103,105,112,114,115,117
OX28,64,66,67,70,75,80,81,83,85,86,90,91,94,97,99,106,108,109,110,115,116,119
OX29,66,68,69,71,73,74,75,76,79,85,87,88,90,91,92,93,98,100,101,103,104,105,107,112,114,119
OX30,62,77,78,79,94,95,96,98,102,107,114,117
OX31,70,71,74,79,83,87,88,89,90,94,96,100,107,111,113,115
OX32,67,71,73,74,79,87,88,89,90,94,96,97,100,101,107,111,113,115
OX33,63,73,75,76,84,85,90,92,94,96,97,98,101,105,106,108,109,110,111,112
OX34,68,73,75,81,83,85,90,93,97,101,103,104,113,114
OX35,71,73,74,79,87,88,89,91,94,96,97,100,101,107,109,111,113,119
OX36,73,75,81,83,85,89,93,97,101,103
OX37,74,75,79,81,85,88,89,90,94,96,100,107,109,110
OX38,76,92,96,97,105,111
OX39,75,83,85,93,98,103,111,112
OX40,81,89,90,98,109,112
OX41,77,78,83,93,95,96,98,103,109,110,111,117
OX42,83,93,103,109,110,111
OX43,91,97,106,108,111,115,116,119
Z0,0,4,37,41,52
Z1,1,2,5,24,38
Z2,1,19,83,97,111
Z3,3,21,64,66,69
Z4,0,5,8,9,12
Z5,4,22,39,93,103
Z6,6,23,77,98,112
Z7,7,65,71,115,119
Z8,8,23,31,54,82
Z9,3,9,36,40,51
Z10,2,10,14,86,99
Z11,11,73,92,97,106
Z12,12,33,56,95,117
Z13,7,13,24,75,85
Z14,14,22,44,74,100
Z15,15,45,60,64,99
Z16,16,35,38,63,84
Z17,17,40,44,73,101
Z18,18,41,62,65,102
Z19,19,48,62,79,88
Z20,20,42,56,79,107
Z21,21,26,75,81,112
Z22,6,25,39,42,53
Z23,10,68,72,102,114
Z24,11,15,25,71,87
Z25,26,28,29,88,100
Z26,27,69,70,83,103
Z27,28,49,63,108,116
Z28,29,46,47,50,61
Z29,30,66,84,94,107
Z30,27,31,50,68,104
Z31,32,45,61,78,117
Z32,33,67,70,115,116
Z33,34,47,51,91,119
Z34,35,58,87,104,113
Z35,36,49,53,59,72
Z36,30,37,46,92,105
Z37,16,17,18,77,78
Z38,13,43,59,76,105
Z39,43,48,60,82,118
Z40,32,55,85,93,110
Z41,52,80,81,89,113
Z42,54,55,57,106,108
Z43,58,74,76,95,96
Z44,67,89,90,101,118
Z45,90,94,109,110,114
Z46,91,96,98,109,111
OZ0,40,44,48,59,60,73,76,82,101,105,118
OZ1,46,47,49,50,61,63,73,88,92,97,100,106,108,116
OZ2,47,51,57,69,70,80,83,86,96,98,103,109,111,119
OZ3,49,55,60,61,63,64,78,85,93,99,108,110,116,117
OZ4,71,87,88,100
OZ5,39,53,55,56,60,61,64,66,69,70,73,77,78,79,83,84,85,88,92,93,94,97,98,99,100,103,106,110,112,117
OZ6,68,70,72,89,94,101,102,109,110,115,116,118
OZ7,53,59,60,61,63,64,72,78,99,108,116,117
OZ8,41,55,56,57,64,66,73,75,83,85,86,92,93,94,95,97,101,103,106,109,112,113,114,115,116,117,118
OZ9,44,51,59,61,62,63,64,76,77,79,80,81,83,84,88,92,101,103,105,108,110,111,112,117,118
OZ10,51,57,69,70,80,83,86,93
OZ11,22,48,50,56,59,60,62,63,64,66,69,70,72,75,77,78,80,83,84,88,89,92,94,96,99,103,105,108,109,111,113,116,117,119
OZ12,55,56,57,59,62,64,65,66,73,75,76,77,78,83,85,86,92,93,94,95,97,101,102,103,105,106,109,112,113,114,115,116,117,118
OZ13,57,59,61,62,63,64,65,69,70,76,77,79,81,84,86,87,92,93,100,101,103,105,108,110,111,112,115,117,118,119
OZ14,48,56,60,61,62,70,78,80,81,82,87,88,93,94,95,100,101,102,103,109,110,113,114,116,119
OZ15,50,56,60,61,63,64,69,70,75,77,79,81,83,87,88,92,95,96,99,102,103,107,108,112,113,114,116,117
OZ16,59,61,72,75,77,78,81,87,88,92,95,96,102,112,113,114
OZ17,56,60,61,62,70,74,76,78,80,81,82,88,93,94,96,100,101,102,103,104,109,110,114,116,119
OZ18,60,63,64,99,108,116
OZ19,61,75,77,81,87,88,92,95,96,102,112,113,114,117
OZ20,64,66,70,72,73,80,83,85,86,87,92,95,97,100,104,107,108,110,114,115,117,119
OZ21,62,74,76,79,80,81,82,83,84,85,87,88,92,93,95,96,99,101,103,104,111,112,113,116
OZ22,65,69,74,79,82,84,85,87,92,94,99,100,103,107,109,110,111,112,113,114,118,119
OZ23,63,66,72,73,75,78,79,81,82,83,85,89,93,94,97,99,101,102,103,104,105,107,109,112,115,117
OZ24,69,72,77,79,80,81,82,84,85,88,89,92,93,94,95,96,99,105,107,109,110,111,112,114,115,117,118
OZ25,70,72,79,81,82,83,84,85,86,89,92,94,95,99,100,102,104,109,110,111,112,113,114,117,118,119
OZ26,66,73,79,80,81,87,89,94,97,102,107,109,111,112,113,115,116,118
OZ27,79,80,81,82,83,84,85,87,88,92,93,99,101,103,104,111,112,113,116
OZ28,82,84
OZ29,73,75,81,92,97,99,112,116
OZ30,72,95,102,117
OZ31,77,92,93,94,96,99,100,103,105,109,111,112,118,119
OZ32,81,84,87,94,101,104,109,110,114
OZ33,83,85,89,93,94,101,102,103,109,115,116,118
OZ34,80,87,88,89,93,94,100,101,103,109,110,114,116,118,119
OZ35,84,88,92,93,94,99,100,102,103,104,109,111,112,113,115,116,119
OZ36,85,87,88,93,95,96,99,102,103,110,111,114,116
OZ37,87,88
OZ38,93,97,100,101,102,103,110,111,113,114,115,119
OZ39,92,94,95,96,97,99,101,109,110,112,113,114,115,118
OZ40,95,102
OZ41,94,96,97,99,101,102,109,110,113,114,115,118
OZ42,96,97,99,101,110,113,114,116
OZ43,99,116
