X0,0,33,42,122,203,211,249,259
X1,1,58,70,108,167,171,209,224
X2,2,94,126,134,181,189,215,327
X3,3,6,115,132,168,180,221,338
X4,4,32,44,110,124,128,186,234
X5,5,8,27,53,82,146,204,267
X6,6,100,109,129,158,170,310,355
X7,7,94,106,113,145,171,178,329
X8,8,15,59,120,201,220,254,286
X9,9,67,110,118,159,228,305,342
X10,10,41,62,108,216,272,335,348
X11,11,12,51,55,70,206,239,349
X12,12,42,71,194,207,217,238,284
X13,13,52,56,61,125,193,213,258
X14,14,46,114,118,182,187,276,294
X15,5,83,92,111,201,281,325,358
X16,16,87,98,148,149,253,331,332
X17,17,63,101,151,193,211,222,225
X18,18,22,29,89,121,140,202,246
X19,19,30,57,116,123,181,236,298
X20,20,41,140,154,161,200,262,291
X21,21,143,153,160,255,269,293,297
X22,22,35,60,79,175,192,242,333
X23,23,39,195,220,257,260,298,335
X24,24,33,38,185,288,297,299,305
X25,25,66,68,141,187,263,265,278
X26,26,46,69,86,132,183,214,337
X27,27,28,47,80,144,153,177,277
X28,16,28,48,138,173,191,241,247
X29,29,176,199,245,258,269,285,333
X30,18,20,30,243,283,300,339,352
X31,31,43,75,124,127,156,237,323
X32,4,9,49,76,104,169,192,336
X33,34,72,75,125,188,285,293,321
X34,35,198,202,214,216,279,291,315
X35,36,39,93,167,251,290,334,348
X36,37,69,139,170,174,221,301,314
X37,32,38,90,97,228,273,296,332
X38,40,97,137,148,172,206,247,252
X39,1,10,11,50,54,56,205,212
X40,2,19,102,131,145,300,308,356
X41,43,72,103,152,172,241,256,303
X42,44,73,90,98,130,168,219,240
X43,45,117,189,227,278,280,354,355
X44,26,48,64,142,233,277,279,294
X45,47,111,146,160,268,288,306,312
X46,14,86,115,232,287,316,322,334
X47,49,67,79,99,163,307,313,359
X48,13,50,62,81,100,200,218,326
X49,7,51,112,207,224,275,307,345
X50,52,81,92,96,225,302,310,351
X51,54,59,166,196,210,239,282,324
X52,37,55,119,183,194,197,252,343
X53,15,53,57,150,195,208,313,344
X54,58,65,128,151,169,290,330,341
X55,60,104,119,157,165,198,281,337
X56,61,149,199,212,219,223,242,248
X57,17,88,122,126,185,273,280,317
X58,64,78,102,144,164,255,282,347
X59,65,222,259,266,270,318,336,352
X60,66,244,261,262,264,274,283,318
X61,68,136,182,235,299,306,320,342
X62,71,82,91,203,304,316,346,357
X63,21,34,77,164,261,271,323,324
X64,73,123,127,155,186,257,295,328
X65,74,105,154,162,244,265,284,345
X66,0,24,143,176,197,238,301,340
X67,31,191,233,256,260,272,295,315
X68,78,106,112,114,142,159,308,359
X69,80,105,161,217,226,267,326,346
X70,3,83,109,130,268,302,309,328
X71,84,93,133,232,250,292,331,357
X72,74,85,103,107,179,230,235,263
X73,87,113,133,173,215,229,231,311
X74,89,135,155,236,243,309,312,320
X75,91,99,150,175,204,248,250,253
X76,23,25,36,45,120,190,276,322
X77,85,95,121,135,136,184,231,292
X78,84,95,96,101,147,179,251,330
X79,40,190,196,227,254,296,317,349
X80,63,88,116,134,188,208,213,353
X81,107,162,163,275,303,321,344,353
X82,117,141,158,174,237,264,271,319
X83,129,138,177,218,226,229,327,354
X84,131,166,205,223,240,338,347,350
X85,137,147,152,165,230,343,351,358
X86,139,156,209,234,289,319,329,341
X87,178,184,245,246,289,311,314,340
X88,180,249,270,287,304,339,350,356
OX0,75,103,105,111,124,125,127,144,146,152,153,156,160,161,166,172,177,191,196,210,217,226,233,237,239,241,260,267,268,272,277,282,288,295,303,306,312,315,323,324,326,346
OX1,39,56,67,69,79,90,98,102,105,106,108,111,112,113,115,116,119,120,121,123,128,130,132,135,136,138,142,146,151,153,154,155,157,158,160,164,165,166,167,168,173,174,175,176,177,183,186,189,190,195,196,199,200,210,216,217,219,220,222,226,227,228,232,233,234,235,236,237,239,240,241,242,244,245,246,247,251,255,256,257,258,259,261,263,265,266,267,268,269,270,271,272,274,277,279,280,281,285,287,288,294,295,298,299,300,305,308,309,316,319,324,326,330,335,339,341,346,347,348,354,355,359
OX2,56,67,81,92,98,103,104,105,116,118,120,121,122,123,125,126,127,133,134,135,147,154,155,158,159,163,167,168,174,182,184,185,187,188,189,190,192,193,195,208,211,213,219,220,227,230,231,232,234,237,240,250,259,260,261,262,266,270,271,274,275,276,283,284,295,296,298,299,302,303,305,306,310,317,319,320,321,322,328,331,332,334,335,341,344,345,348,351,352,354,355,357
OX3,67,69,70,81,92,98,102,103,104,106,108,111,112,115,116,120,121,122,125,126,128,132,133,134,135,138,146,147,151,153,154,158,160,161,163,164,168,169,171,173,174,177,183,184,185,186,188,189,190,191,192,193,195,196,205,208,209,210,211,213,214,217,219,220,222,223,224,226,227,230,231,233,234,237,239,241,247,250,255,257,260,261,262,267,268,271,274,275,279,283,284,287,288,290,296,298,299,302,303,305,308,310,312,316,317,318,319,320,321,324,326,330,331,332,335,336,337,338,344,345,346,348,350,351,354,355,357,359
OX4,53,62,70,79,82,88,90,92,98,102,103,106,108,111,112,115,116,118,120,125,128,130,132,133,134,141,142,148,149,152,153,155,156,159,160,163,164,165,166,167,170,174,175,176,177,184,188,190,192,194,197,198,199,200,204,208,209,210,213,215,216,217,221,225,226,227,228,229,232,233,234,236,239,241,242,245,246,247,252,253,254,255,256,258,260,261,264,268,269,272,273,274,275,276,277,278,279,284,285,287,288,289,290,292,294,295,299,300,301,302,303,308,309,310,311,314,316,317,318,319,321,322,324,326,329,330,331,337,339,341,342,344,345,346,347,348,349,352,358,359
OX5,62,88,90,100,102,103,104,106,110,112,118,119,121,125,127,128,134,135,136,138,146,152,153,154,155,157,158,159,160,161,163,164,166,168,173,174,182,184,187,188,190,191,194,197,198,201,208,210,213,214,217,218,225,227,228,229,231,232,233,234,235,239,241,244,247,249,251,252,254,255,257,263,265,267,270,273,275,276,279,284,288,292,295,301,303,304,306,308,309,312,314,316,317,321,322,324,325,326,327,330,332,334,338,339,344,345,346,347,349,350,354,355,356,359
OX6,33,82,86,99,104,105,111,113,114,115,116,119,120,121,123,127,135,136,142,143,144,146,154,155,159,163,164,165,171,175,176,177,186,188,192,196,199,200,205,214,216,217,223,224,226,228,232,233,235,236,237,239,240,242,244,245,246,251,255,258,263,264,265,266,267,268,271,276,278,281,282,286,287,288,289,290,297,299,300,305,307,309,313,315,316,318,319,321,322,325,326,329,337,338,339,341,346,347,348,350,352,359
OX7,82,88,90,92,94,98,103,104,106,110,111,112,113,115,118,119,120,121,123,125,126,128,130,132,133,135,136,145,148,149,150,152,153,154,157,159,160,161,163,164,170,174,177,182,184,186,187,188,189,190,194,195,197,201,202,204,205,210,213,217,220,221,223,225,226,227,228,229,232,233,234,235,236,239,240,241,244,247,251,252,253,255,256,260,263,265,268,273,275,276,277,279,281,284,286,287,288,291,292,294,295,298,300,301,302,303,306,310,311,312,313,314,316,317,321,322,324,326,327,330,331,334,335,338,345,346,348,349,350,356,358,359
OX8,70,79,98,100,102,104,105,108,109,111,113,116,118,121,122,123,126,132,134,135,144,145,146,153,154,155,156,157,158,159,160,164,165,166,171,173,174,175,176,181,182,184,187,189,192,194,197,198,199,200,202,206,207,209,212,214,215,217,218,221,223,224,229,232,233,234,236,239,240,241,242,247,252,255,256,258,260,262,267,268,269,272,275,276,277,281,282,283,285,287,288,291,294,295,300,301,306,307,308,309,310,311,315,316,319,320,322,326,334,338,339,340,341,343,345,346,349,350,352,354,355,359
OX9,69,79,81,92,98,99,102,103,104,106,112,115,116,120,121,122,125,126,127,128,132,133,134,138,140,143,144,145,147,151,153,155,156,157,158,160,163,166,167,168,169,173,174,176,179,183,184,185,186,189,190,192,193,195,199,202,205,208,210,211,213,214,219,220,222,223,227,231,234,235,236,241,243,244,245,246,247,250,256,257,258,262,263,265,266,272,277,279,282,283,286,287,290,295,296,297,298,299,302,305,306,307,308,309,310,312,313,315,316,317,318,319,321,324,325,330,331,332,333,335,336,337,338,348,350,351,353,354,355,357
OX10,59,79,81,94,98,99,103,104,109,110,111,113,115,116,119,120,121,125,126,127,128,130,134,136,138,140,141,142,143,145,147,148,149,150,151,153,155,156,157,158,160,163,166,169,170,171,176,179,182,185,187,189,190,192,193,194,197,198,199,204,206,207,210,211,212,213,215,216,219,222,223,224,227,229,236,239,241,243,247,249,250,251,252,253,254,256,257,258,261,264,266,267,268,270,272,274,275,277,278,281,282,289,291,295,296,297,298,300,301,304,305,310,312,316,317,319,320,321,324,328,329,330,333,334,335,336,337,339,340,342,343,344,345,349,351,353,354,355,357,358
OX11,86,88,104,105,114,115,116,118,120,122,123,126,133,135,136,140,141,145,147,151,154,155,158,163,166,167,174,176,179,185,189,190,193,195,199,202,205,211,220,222,223,225,227,230,236,237,240,243,245,246,250,251,257,258,260,261,262,269,271,273,274,275,283,284,285,287,290,292,294,298,299,303,306,309,312,316,317,318,319,321,331,333,335,338,342,344,345,347,348,350,353,354,355,357
OX12,79,88,98,100,104,108,109,115,119,120,121,122,123,126,127,133,135,136,138,148,151,154,157,161,165,166,167,170,174,175,176,177,182,185,186,187,189,190,191,192,193,195,198,199,200,202,211,212,218,220,222,223,225,226,227,229,232,235,236,237,240,242,244,245,246,250,251,256,258,261,263,265,269,271,272,273,274,276,277,279,281,285,290,291,292,294,298,299,300,306,309,310,312,315,317,318,319,322,327,328,331,334,335,337,338,339,342,347,348,350,352,357
OX13,81,92,94,99,100,103,105,108,109,111,113,115,118,119,120,122,123,125,126,127,128,135,138,140,143,145,146,147,149,151,154,156,159,163,164,165,167,168,169,170,173,174,175,179,181,182,184,185,186,187,190,193,195,198,200,205,208,210,211,212,213,217,218,219,220,222,227,232,233,234,235,240,242,243,244,250,255,257,260,263,265,266,267,268,269,276,279,281,285,286,288,290,291,294,296,297,298,299,300,302,305,307,311,312,313,317,318,319,320,321,322,324,325,326,330,331,332,333,334,335,336,337,339,346,348,351,352,353,357,359
OX14,98,99,108,111,113,116,118,119,120,121,128,136,140,142,143,144,145,146,149,150,155,156,158,159,164,165,167,168,169,174,175,177,179,182,187,188,189,190,195,196,199,200,202,205,212,214,216,217,220,226,227,230,233,234,239,243,248,251,255,260,266,267,268,269,273,275,276,280,281,282,284,285,286,288,290,294,295,296,297,298,299,300,303,305,307,312,313,315,318,319,320,322,325,326,328,332,333,334,335,336,337,338,339,344,345,346,347,348,350,352,353,354,355,359
OX15,90,99,100,102,105,109,113,116,121,122,126,130,132,134,140,143,153,155,158,160,161,165,167,168,173,174,175,177,179,181,182,184,187,188,189,191,194,196,197,198,200,206,207,212,214,215,218,219,221,222,223,226,228,229,230,232,235,237,241,242,243,244,245,246,247,252,257,259,261,262,263,265,269,270,271,274,276,281,283,284,285,286,287,290,291,294,295,297,300,301,303,305,308,310,311,313,316,318,319,322,325,328,330,333,334,338,339,340,342,343,344,349,350,353,354,355
OX16,88,94,105,113,116,120,122,123,126,127,134,135,136,140,143,144,145,148,149,151,153,154,155,156,158,163,164,167,173,174,176,179,181,182,185,187,188,190,191,193,195,196,199,202,205,210,211,220,222,223,225,227,229,230,231,232,233,236,239,240,243,245,246,250,251,256,257,258,262,269,272,273,274,275,276,282,283,284,290,292,293,295,298,299,303,306,309,311,312,315,317,318,319,322,327,331,333,334,335,338,342,344,345,347,348,350,353,354,355,357
OX17,94,99,100,105,109,111,115,116,118,119,120,121,123,128,133,134,136,138,140,142,145,146,150,153,159,163,165,167,168,169,170,173,174,175,181,182,186,187,190,195,198,199,200,205,210,217,218,220,223,227,231,234,235,237,240,243,244,248,251,255,257,260,261,263,265,266,267,268,269,271,273,276,277,280,281,286,288,290,291,293,296,297,298,299,300,305,307,310,311,312,313,318,319,320,322,325,326,332,333,334,335,336,337,339,346,348,352,359
OX18,106,108,110,135,140,142,154,176,191,199,236,243,245,256,258,260,269,272,277,279,285,294,295,309,312,315,320,333
OX19,103,105,108,111,123,124,125,127,135,140,144,145,146,152,153,154,155,160,161,172,176,177,191,196,199,202,205,210,217,223,226,233,236,237,239,240,241,243,245,246,258,260,267,268,269,272,277,282,285,288,295,303,306,309,315,320,323,324,326,333,338,346,347,350
OX20,99,108,109,111,113,115,116,118,119,120,121,128,136,138,140,142,143,144,145,146,149,150,156,158,159,164,165,167,168,169,170,174,175,179,182,186,187,188,189,190,195,196,199,200,202,205,212,214,216,217,218,220,227,229,230,233,234,239,243,248,251,255,257,260,266,267,268,269,273,275,276,280,281,282,284,285,286,288,290,294,296,297,298,299,300,303,305,307,310,312,313,315,318,319,320,322,325,326,327,332,333,334,335,336,337,338,339,344,345,346,347,348,350,352,353,359
OX21,92,100,102,111,112,113,114,116,118,121,124,126,127,128,130,133,135,136,138,142,143,144,145,149,151,154,155,156,157,158,160,161,163,164,167,168,171,172,177,186,189,190,192,193,195,198,199,201,202,204,206,207,210,211,213,215,216,217,220,224,226,227,228,231,232,234,236,241,242,245,248,250,253,256,259,262,264,266,268,270,271,272,274,276,277,278,280,281,282,283,284,285,286,289,293,294,297,298,300,302,305,307,310,311,312,313,314,320,323,326,327,329,334,335,337,338,340,341,342,343,346,347,350,352,356,357,358,359
OX22,111,127,140,143,144,146,154,156,160,161,163,164,166,176,177,179,188,191,196,199,210,217,226,230,233,235,237,239,244,245,255,256,258,260,261,263,265,267,268,271,272,275,277,282,284,288,295,297,303,306,312,315,326,333,344,345,346,353
OX23,105,153,161,176,199,200,217,226,245,255,258,262,267,285,291,293,297,326,333,346
OX24,102,108,109,112,114,116,118,121,124,126,128,132,135,136,138,140,142,143,144,145,148,151,155,157,160,161,162,163,164,167,171,172,173,176,177,186,188,189,190,192,193,195,198,202,206,207,210,211,213,216,217,220,221,224,226,227,228,229,232,234,236,241,242,248,249,250,255,256,258,259,262,264,266,267,271,272,274,276,277,278,280,282,283,284,285,286,287,289,293,294,298,300,304,305,307,309,310,312,313,314,320,321,323,325,326,327,328,329,331,332,333,334,335,337,339,340,341,342,343,346,347,352,357,359
OX25,100,104,119,120,121,122,126,127,133,134,136,140,145,148,151,157,161,162,165,167,174,175,182,185,187,188,189,190,192,193,195,198,200,205,208,211,212,213,220,222,225,227,232,235,237,242,243,244,250,251,257,260,261,263,265,271,273,274,275,276,281,290,291,292,298,299,300,303,306,317,318,319,320,321,322,331,333,334,335,337,339,342,344,348,352,354,355,357
OX26,109,112,114,116,118,121,124,126,127,128,132,135,136,138,140,142,145,148,151,155,156,157,160,162,164,166,167,171,172,173,177,179,186,189,190,192,193,195,196,198,199,200,202,206,207,211,213,216,220,221,224,227,228,229,230,232,234,235,236,237,239,241,242,244,245,248,249,250,256,259,261,263,264,265,266,272,274,275,276,277,278,280,283,285,286,287,289,291,293,294,297,298,300,303,304,305,307,309,310,312,313,314,320,321,323,325,327,328,329,331,332,334,335,337,339,340,341,342,343,344,345,347,352,353,357,359
OX27,104,108,119,120,121,122,123,125,126,127,133,134,136,140,143,145,147,151,152,156,157,158,162,163,164,166,167,174,175,176,179,182,185,187,189,190,192,193,195,199,202,205,208,211,213,214,216,217,220,222,223,225,226,227,230,232,233,240,242,243,245,250,251,255,257,258,260,262,267,273,274,276,277,281,284,290,291,292,294,297,298,299,300,306,315,317,318,319,320,321,322,324,326,331,334,335,337,338,339,342,345,346,347,348,350,352,353,354,355,357
OX28,110,113,135,140,142,145,154,155,156,169,171,176,186,191,199,202,222,224,236,243,245,246,256,258,259,260,266,269,270,272,277,279,285,289,290,294,295,309,312,315,318,319,320,329,330,333,336,352
OX29,112,114,116,119,121,122,124,125,128,134,135,136,138,143,144,147,151,152,154,157,159,160,161,162,163,165,166,168,172,174,181,182,184,187,188,190,192,193,194,195,196,197,198,199,202,211,213,214,215,216,217,218,220,227,228,233,234,236,242,246,247,248,249,250,252,255,257,259,260,262,264,266,267,271,274,275,277,278,280,282,283,284,286,297,298,300,301,304,305,308,309,311,312,313,314,315,316,320,321,322,323,324,325,326,327,331,332,335,339,341,342,345,346,349,352,354,355,357
OX30,113,115,118,119,122,123,126,127,132,134,138,140,144,145,147,148,154,155,156,159,166,167,169,170,173,174,176,181,182,184,186,187,189,194,197,199,205,206,207,214,215,221,223,232,234,239,240,241,246,247,252,256,257,258,260,272,275,276,277,279,282,285,287,293,297,301,307,308,311,315,316,319,322,327,328,333,334,337,338,340,341,343,345,349,350,359
OX31,114,115,116,121,124,125,126,127,128,136,138,140,145,148,151,152,156,157,159,160,162,164,165,167,171,172,174,179,182,183,186,187,189,190,191,192,193,195,198,199,200,202,206,207,210,211,213,214,216,218,220,222,224,226,227,228,230,235,237,242,243,244,245,247,248,249,250,256,257,261,263,264,265,269,270,272,274,275,277,278,280,283,285,286,289,290,291,295,298,300,301,303,304,305,307,308,310,313,316,318,321,322,323,324,325,329,330,331,332,335,336,339,340,342,343,344,345,353,354,357
OX32,108,115,118,119,122,123,126,127,132,134,135,138,142,144,147,148,156,159,166,167,169,170,171,173,174,181,182,184,186,187,189,191,194,197,202,205,206,207,214,215,221,223,232,234,236,239,240,241,243,245,247,252,257,269,275,276,282,287,293,294,295,297,301,307,308,309,311,312,316,319,320,322,327,328,334,337,338,340,341,343,345,349,350,359
OX33,115,116,121,123,126,128,133,134,136,138,140,142,144,145,147,149,151,153,155,157,159,160,161,162,163,164,167,169,173,174,176,181,182,183,184,187,190,192,193,195,196,198,205,206,211,213,214,216,217,218,220,223,224,227,228,229,231,233,239,240,242,243,245,247,248,249,250,255,257,258,259,260,261,262,264,266,267,269,274,275,277,278,280,282,283,284,286,289,293,297,298,300,301,304,305,310,313,314,315,316,319,322,325,326,327,329,331,332,333,335,338,339,342,343,345,346,347,350,352,354,357,359
OX34,123,124,125,135,142,143,145,152,153,155,156,164,166,172,173,188,191,202,205,223,236,240,241,243,246,255,260,261,269,271,272,277,279,285,294,295,297,303,309,312,315,320,321,323,324,338,347,350
OX35,140,141,143,154,161,163,174,179,200,217,226,230,235,244,262,263,265,267,275,284,291,303,321,326,344,345,346,353
OX36,116,120,121,122,128,138,142,144,149,153,154,155,156,157,158,159,160,163,164,166,168,173,176,181,184,185,188,189,191,194,196,197,200,202,206,208,217,218,222,225,228,229,231,232,233,234,235,237,239,244,245,247,248,249,251,252,255,256,258,259,260,262,263,264,265,266,267,269,271,272,273,276,278,280,282,283,284,286,290,292,293,294,295,297,299,301,303,304,305,306,313,314,315,316,317,318,319,320,321,325,326,327,332,334,341,344,345,346,348,359
OX37,118,119,122,124,126,127,132,134,143,145,147,148,153,155,156,159,164,165,166,167,168,171,172,174,181,182,184,186,187,188,189,194,196,197,206,207,210,214,215,218,221,224,226,229,232,245,246,247,252,255,257,260,261,271,272,275,276,277,279,285,287,289,293,301,303,307,308,310,311,315,316,321,322,323,328,329,334,337,340,343,345,347,349,354,355,359
OX38,120,127,128,133,135,136,142,143,144,147,148,149,150,151,158,161,163,164,166,167,169,173,174,179,181,182,186,187,188,190,193,195,196,200,210,213,217,220,224,226,227,229,230,231,233,236,239,243,251,255,257,258,260,267,269,274,275,276,277,279,280,282,283,284,285,289,290,291,294,297,298,299,303,306,309,311,312,318,322,326,327,334,335,341,342,344,345,346,348,353,354,355
OX39,121,126,128,133,134,136,138,142,144,147,149,151,153,154,155,156,157,159,160,163,164,166,167,168,173,174,176,179,181,182,184,187,190,191,193,194,195,196,197,200,202,206,211,213,217,218,220,222,227,228,229,231,233,234,239,245,247,248,249,250,251,252,255,256,257,258,261,264,267,269,270,272,274,278,280,282,284,286,293,294,295,297,298,301,303,304,305,313,314,315,316,318,321,322,325,326,327,330,331,332,334,335,336,342,344,345,346,348,352,353,354,355,357,359
OX40,119,122,125,132,133,135,138,143,144,145,147,148,150,151,159,160,162,166,167,174,175,182,184,185,187,189,191,192,193,195,197,198,199,200,202,205,208,212,213,214,220,225,228,229,235,236,237,238,239,242,244,247,248,249,251,252,254,255,256,258,260,263,264,265,270,271,273,274,278,281,282,283,286,287,292,294,295,296,297,298,300,301,304,305,308,309,310,311,312,313,318,320,324,325,327,328,329,330,332,335,336,338,339,340,342,344,348,349,351,358
OX41,124,126,130,132,134,136,141,142,144,146,147,149,152,155,156,157,158,159,161,164,166,167,168,170,171,172,173,175,181,182,184,186,187,190,191,194,195,196,197,198,200,201,205,206,211,214,216,219,220,221,222,223,225,228,229,230,235,236,239,241,242,243,244,247,250,251,252,255,257,258,261,263,265,271,272,274,275,281,282,285,286,287,288,291,293,295,297,298,301,303,305,306,311,313,314,316,318,319,320,322,323,327,328,329,330,331,332,333,334,335,336,338,339,342,348,350,351,352,354,355,356,357,358,359
OX42,125,126,127,132,135,136,138,141,142,144,147,148,149,150,151,152,155,156,160,162,164,165,173,175,176,184,185,186,187,188,189,190,192,193,195,202,208,210,213,215,216,220,221,222,225,227,228,230,231,233,234,235,236,239,242,244,245,246,248,249,251,255,259,261,262,263,264,265,266,272,273,274,277,278,279,281,282,283,286,287,290,292,294,298,300,304,305,308,309,310,312,313,317,320,321,324,325,327,328,329,332,333,335,339,341,342,343,344,347,348,349,352
OX43,122,128,130,132,133,135,138,141,142,148,151,153,158,159,160,162,164,165,166,167,169,170,173,174,182,185,186,193,194,196,197,198,203,204,207,211,212,213,214,215,217,218,219,221,223,229,231,232,233,234,236,237,242,243,245,247,248,249,252,253,259,261,262,266,267,271,274,279,281,284,285,286,287,288,291,293,294,299,305,307,308,309,310,311,312,313,314,316,320,322,325,326,331,332,333,334,340,347,349,355
OX44,126,128,134,135,141,143,144,146,149,150,152,153,155,158,159,163,167,171,174,175,179,183,186,192,198,199,201,202,203,204,205,207,208,210,212,214,215,222,224,230,235,239,242,243,244,245,246,247,250,253,255,259,262,263,265,266,269,270,273,274,277,280,282,283,286,289,291,293,297,299,300,304,305,306,307,308,309,311,312,313,314,316,317,319,321,322,327,328,329,332,334,338,340,341,343,345,346,347,349,350,351,352,353,354,355,356,357,358
OX45,127,132,134,138,141,145,146,147,150,152,155,156,160,161,163,164,168,170,183,187,188,194,195,197,198,199,200,201,202,203,204,205,206,207,211,212,213,214,215,216,221,222,224,225,227,229,230,233,235,236,237,243,244,245,252,253,257,258,260,264,266,269,271,272,275,277,279,280,281,285,287,289,290,291,297,299,300,301,304,305,306,307,308,318,320,321,325,330,331,332,333,336,338,339,340,345,346,350,351,352,358,359
OX46,128,132,134,135,136,138,141,142,143,146,147,148,151,152,153,158,159,160,162,163,167,171,173,176,179,183,184,185,186,187,189,190,191,193,195,198,199,201,203,204,205,207,212,213,214,216,220,221,222,224,225,227,228,231,234,237,247,248,249,250,251,253,255,256,259,260,264,266,271,278,279,280,281,285,287,289,291,292,293,294,295,298,299,306,307,309,310,311,312,314,315,316,318,319,321,322,325,330,333,334,335,336,338,339,340,341,342,344,345,346,348,350,351,352,353,354,355,356,357,358
OX47,134,136,145,146,148,149,150,151,152,153,157,160,164,165,166,168,169,170,175,181,183,190,192,193,194,195,196,197,198,201,203,204,205,206,208,210,211,212,213,214,215,217,220,222,224,226,228,229,230,231,233,234,235,236,237,241,242,244,248,249,251,252,253,256,257,260,261,263,265,267,269,270,271,273,275,277,279,280,283,284,285,289,290,292,298,299,300,301,306,308,310,311,314,317,319,320,325,326,328,329,331,333,335,338,341,342,343,344,345,347,348,349,350,351,352,356,358,359
OX48,130,132,142,143,145,147,148,151,153,155,157,158,159,162,163,165,166,167,171,173,176,181,182,183,186,189,192,193,195,196,199,203,204,207,208,210,212,216,219,221,222,223,224,225,230,231,234,235,237,243,244,246,247,248,249,250,251,253,255,259,261,262,263,265,271,273,277,279,280,281,283,285,287,288,289,290,292,293,297,299,305,307,310,311,314,315,316,317,319,321,322,332,333,339,340,341,343,344,345,346,347,348,349,352,354,355,356,357
OX49,133,136,138,141,143,146,147,150,151,152,157,158,160,164,166,168,169,171,175,183,184,187,189,190,192,193,194,195,196,197,198,201,203,204,205,206,207,208,210,211,212,213,214,215,217,218,220,222,227,228,229,230,233,234,235,236,242,244,245,246,248,249,251,252,253,257,260,261,263,264,265,267,269,270,273,277,278,279,283,284,285,290,292,298,299,300,301,303,306,307,308,311,317,320,325,326,328,329,331,333,335,338,340,341,342,343,344,347,348,349,350,351,352,356,358,359
OX50,135,145,155,167,171,176,190,199,200,202,236,243,245,246,258,262,269,276,277,285,291,294,309,312,320,333
OX51,132,136,147,148,149,151,152,153,156,157,161,163,166,169,175,181,185,186,191,192,193,199,200,202,207,208,210,216,217,220,221,222,225,226,228,230,231,234,241,242,243,245,248,249,254,256,257,258,259,261,264,267,272,273,278,281,283,284,287,291,292,295,296,297,298,304,305,307,310,311,314,319,321,326,329,332,334,335,339,340,342,344,346,347,351,352,356,358
OX52,136,142,143,144,146,148,150,155,156,157,160,162,165,166,168,169,173,175,176,179,181,184,185,186,192,195,196,201,202,203,204,206,207,208,211,215,216,217,218,220,222,227,231,234,235,236,239,242,244,246,249,251,253,254,255,256,267,269,270,272,275,277,278,280,282,283,284,285,290,291,292,297,298,299,300,301,306,307,308,310,319,320,325,326,327,329,331,332,333,335,340,341,342,343,348,352,353,354,356,359
OX53,138,141,145,146,153,156,157,158,159,160,161,165,167,169,171,174,175,176,181,183,186,189,190,192,195,200,201,203,204,207,208,210,216,217,222,226,227,228,230,236,237,242,245,246,247,248,250,253,254,255,256,257,258,259,260,261,267,269,270,271,272,280,283,284,291,293,294,297,299,304,305,306,307,311,314,316,320,321,322,325,326,329,333,334,340,344,352,354,355,357
OX54,141,142,144,153,155,158,161,162,164,166,169,170,173,176,183,185,186,187,191,194,196,199,200,210,217,218,222,224,227,229,233,239,241,244,245,247,251,255,257,258,259,261,262,263,264,266,267,270,277,279,280,282,284,289,291,294,295,297,310,318,321,326,327,328,330,333,334,336,345,346,348,352
OX55,151,176,183,193,194,196,197,227,228,252,273,278,280,296,310,332,343,354
OX56,142,143,147,148,152,156,158,161,163,169,173,176,179,183,190,191,194,196,199,200,206,217,224,226,235,237,241,244,245,247,254,255,258,260,262,263,264,265,267,271,272,275,277,278,279,280,284,285,289,291,293,294,295,296,297,310,315,317,321,326,333,341,344,345,346,349,351,353,354,358
OX57,149,156,157,161,163,165,166,167,168,169,170,171,176,182,185,186,189,191,192,194,197,198,199,200,205,207,208,210,212,217,220,221,222,225,226,232,238,242,243,245,247,248,249,252,256,257,258,259,261,264,267,272,276,279,280,283,284,294,295,296,297,298,304,305,307,308,310,311,315,316,317,319,321,322,326,335,338,339,342,344,346,347,349,352,354,355,356,359
OX58,143,144,146,147,148,155,157,159,160,161,162,163,164,166,169,170,174,175,176,179,181,183,185,187,189,191,192,195,196,200,201,202,203,204,206,207,208,216,217,218,222,227,228,229,233,235,236,239,242,245,247,248,250,251,253,254,255,256,257,258,259,262,265,267,269,270,275,276,277,278,280,282,283,284,285,290,295,297,299,304,305,306,307,311,314,315,316,320,321,322,325,326,327,329,333,340,343,348,352,353,355,357
OX59,145,146,152,160,163,165,166,168,176,177,181,182,183,186,189,190,191,197,198,199,200,205,216,218,219,221,222,223,225,226,227,229,230,232,235,236,237,242,243,245,246,251,252,254,257,258,259,263,264,266,268,269,270,271,279,285,287,288,291,295,296,301,302,306,308,309,314,315,316,317,318,319,320,322,325,327,328,330,336,338,341,343,347,348,349,350,351,352,354,355,358,359
OX60,144,146,147,148,155,156,158,160,162,164,165,167,168,171,174,177,179,181,182,183,185,187,189,190,191,197,198,205,206,210,216,219,223,225,227,230,232,233,234,236,237,239,242,243,252,255,260,261,262,263,265,268,269,271,272,275,276,277,279,280,282,285,287,288,294,295,297,302,306,308,309,310,316,320,322,325,329,333,334,338,343,344,347,350,353,354,355,359
OX61,146,147,150,152,153,156,157,158,160,161,165,166,167,169,171,176,183,189,194,197,200,201,203,205,206,207,208,210,212,213,216,217,218,220,221,227,230,231,232,234,235,236,237,241,248,250,251,252,258,261,263,266,267,269,271,272,276,278,283,284,285,291,292,294,296,298,299,301,303,306,307,317,318,320,321,325,326,329,330,331,335,338,340,341,342,343,344,346,347,348,349,350,351,354,357,358
OX62,150,156,161,165,168,169,175,177,179,181,182,183,185,189,190,192,194,196,197,198,199,201,203,204,206,212,214,215,216,217,218,219,221,223,224,227,232,238,244,248,249,250,251,252,253,254,257,260,265,267,268,270,272,275,284,287,288,289,290,291,294,296,297,299,302,304,305,309,311,314,317,319,321,326,327,332,333,334,336,339,340,341,344,345,346,348,349,350,353,354,356,357
OX63,147,153,159,162,165,166,167,168,171,176,177,179,182,183,185,186,189,195,200,201,203,205,206,212,213,215,219,220,223,227,228,230,231,234,235,237,238,241,242,247,248,249,250,254,256,257,258,260,263,264,268,270,271,275,287,288,292,294,296,297,298,299,301,302,309,310,316,317,319,321,322,327,328,331,332,333,335,338,339,340,342,343,344,346,347,349,353,355,356,357
OX64,148,152,153,155,158,159,163,165,166,167,168,170,171,176,177,182,185,189,190,194,195,196,200,201,202,203,205,212,213,215,219,220,221,222,223,227,228,230,231,238,241,242,248,249,250,257,258,259,260,266,268,278,280,287,288,290,292,294,297,298,299,302,309,314,316,318,322,327,328,329,330,331,332,333,335,336,338,339,340,341,342,346,347,351,352,354,355,356,357,358
OX65,152,155,159,160,166,167,168,169,170,171,175,177,179,182,183,184,186,191,192,194,195,197,198,199,201,203,204,205,208,218,219,223,224,225,226,228,229,230,232,234,243,244,245,248,250,251,252,253,257,261,262,264,265,268,269,274,275,277,280,283,285,286,287,288,291,295,296,299,302,303,304,305,308,309,313,317,318,325,327,330,333,334,336,338,345,346,347,348,349,350,351,353,357,358
OX66,153,156,157,159,161,162,166,167,168,169,171,174,175,176,177,182,183,184,187,190,192,194,195,196,198,199,200,201,202,203,204,205,208,210,217,218,219,221,223,224,225,227,228,229,232,243,245,247,248,250,253,254,255,257,258,260,261,264,266,267,268,272,279,280,283,284,285,287,288,289,290,293,294,297,299,301,302,304,305,308,309,314,315,318,319,326,327,329,330,333,336,338,341,345,347,350,357,359
OX67,155,156,157,158,159,162,163,166,167,168,170,171,174,175,177,179,182,183,184,186,187,190,192,194,195,196,198,201,203,204,205,208,210,218,219,222,223,225,226,228,229,230,232,234,235,237,243,244,247,248,250,253,254,257,259,260,261,262,263,265,268,270,271,272,275,278,279,283,287,288,289,291,294,299,302,303,304,305,308,309,310,315,321,327,338,344,346,347,350,352,353,354,357,359
OX68,156,158,160,162,163,166,169,174,183,187,191,194,196,197,198,199,222,224,230,235,237,245,251,252,259,260,263,264,269,270,271,272,274,277,279,285,286,289,294,295,313,315,318,321,325,330,333,334,336,344,345,348,352,359
OX69,157,158,160,161,163,166,167,171,174,176,177,185,187,191,192,198,199,201,203,205,206,210,211,212,214,216,217,218,219,221,223,227,229,230,234,235,237,238,244,245,249,251,254,257,263,264,265,266,267,268,269,270,271,274,276,277,279,284,285,286,287,288,290,291,294,295,296,297,299,302,303,304,305,309,313,314,315,317,319,321,325,326,327,329,333,334,336,338,339,340,344,346,347,348,349,354,356,359
OX70,161,162,165,166,167,169,170,171,174,176,177,179,183,184,185,187,191,192,194,197,201,202,203,205,207,211,217,218,219,223,229,238,244,245,249,251,252,254,256,257,265,267,268,270,275,276,277,278,280,284,287,288,289,290,294,295,296,297,299,301,302,303,304,305,307,309,310,311,314,317,326,327,334,336,338,339,346,347,348,349,353,356
OX71,160,166,168,169,170,174,176,179,182,187,194,196,198,199,200,214,221,222,224,227,232,245,251,256,258,259,262,269,270,274,275,277,278,280,285,286,287,291,301,303,308,313,314,316,318,322,325,330,333,336,341,343,345,348,352,353,354,355
OX72,158,163,167,170,171,174,176,177,184,186,187,189,190,201,203,205,206,208,211,212,213,214,219,220,221,222,223,225,234,242,243,244,254,257,259,260,261,264,265,268,270,276,278,283,288,298,299,301,302,303,309,310,314,327,328,329,333,334,335,336,338,341,342,347,350,352
OX73,165,168,170,174,176,179,182,183,184,187,197,198,200,202,207,214,221,222,224,232,245,251,252,256,258,259,262,266,270,275,277,279,287,289,301,303,307,308,310,311,315,316,318,322,330,336,340,341,345,348,352,353,355,359
OX74,159,163,166,170,174,175,176,187,190,194,195,199,204,207,208,211,214,217,222,224,225,226,228,229,230,235,238,243,244,248,249,250,253,255,259,261,262,264,267,276,277,278,280,283,287,291,294,296,301,307,310,311,314,316,317,319,322,326,329,333,334,336,339,344,345,346,349,350,352,355,356,357
OX75,170,183,194,226,229,247,343,354
OX76,166,167,171,176,183,190,194,196,197,200,205,223,227,252,258,262,276,277,278,280,291,294,310,338,343,347,350,354
OX77,164,167,168,171,174,175,177,179,181,182,185,186,187,192,195,196,198,201,202,203,204,205,206,212,213,215,216,219,220,221,222,225,226,230,232,233,237,243,246,248,249,250,253,254,255,257,260,262,263,264,265,268,270,271,274,275,276,277,280,284,286,288,291,294,296,297,298,300,302,306,308,309,313,315,317,318,320,327,328,332,334,335,338,347,349,350,352,353,356,357
OX78,169,174,176,177,183,184,185,187,192,194,197,198,201,202,203,207,208,211,213,219,221,222,227,234,235,237,244,245,249,251,252,254,259,261,263,265,266,268,271,274,277,279,280,283,286,287,288,289,297,302,304,305,306,307,309,310,311,313,314,315,319,320,327,328,329,330,334,339,340,341,342,343,348,350,352,354,356,359
OX79,162,168,176,179,181,182,186,189,191,192,194,199,200,202,206,208,212,213,216,217,218,219,221,222,225,226,227,230,232,235,236,237,238,245,246,254,257,258,261,262,263,267,269,271,274,275,280,284,285,286,287,295,299,300,301,302,306,308,309,310,312,313,316,318,319,322,326,328,333,334,339,340,342,343,346,352,353,354,355,358
OX80,167,171,175,177,179,183,190,191,192,194,195,200,201,202,203,204,205,206,207,211,212,215,217,218,224,236,238,242,243,244,246,247,250,251,253,257,258,259,262,265,267,268,269,270,274,275,276,283,284,285,286,287,288,289,290,294,295,300,304,306,307,308,312,313,318,321,326,327,332,334,336,338,339,341,344,345,347,348,350,353,354,358
OX81,168,174,175,177,179,181,182,183,186,187,195,199,200,201,203,204,211,213,215,217,220,221,222,225,226,227,229,230,231,232,236,237,238,241,245,246,247,248,249,250,253,257,258,260,263,264,265,267,268,269,270,271,275,280,283,287,288,289,293,294,297,298,299,300,303,305,310,312,314,316,320,322,326,327,328,332,335,336,340,341,343,344,350,352,353,355,356,358
OX82,183,194,247,278,280,310,343,354
OX83,177,184,186,190,191,194,196,199,201,202,203,207,208,214,215,218,221,222,223,224,225,226,227,228,229,230,234,235,236,245,246,248,249,255,257,261,262,264,265,268,269,270,274,276,278,280,284,285,286,288,294,295,296,300,304,305,306,307,308,310,312,313,314,316,317,318,319,321,322,327,329,332,334,336,340,341,342,343,345,346,349,350,352,354,355,356,357,358
OX84,174,179,181,184,186,187,189,190,192,196,197,199,206,207,212,214,216,219,221,222,224,225,227,229,230,234,236,246,247,251,252,254,269,275,283,285,289,290,296,300,301,302,307,309,310,311,312,317,320,329,333,334,339,340,343,345,346,348,349,352,353,358
OX85,163,175,176,181,184,185,189,190,192,194,195,196,199,202,204,206,208,211,212,216,217,219,221,222,226,227,228,229,234,236,238,245,248,249,250,253,256,259,261,262,264,266,267,269,274,276,277,279,280,283,284,285,286,287,294,296,297,302,303,305,309,312,313,314,315,316,317,320,321,322,326,329,333,334,339,340,341,342,344,346,349,350,352,354,355,356,357,359
OX86,175,176,181,186,191,192,194,195,197,198,204,206,208,211,212,213,214,216,217,218,219,220,221,222,223,225,227,228,229,230,234,235,236,237,238,245,246,247,250,251,252,253,254,260,261,263,267,269,271,274,276,277,279,280,284,285,286,290,295,298,299,300,301,302,303,304,306,309,310,311,312,313,315,316,318,319,321,322,326,328,329,334,335,339,340,342,343,344,348,352,355,357,358,359
OX87,176,184,185,186,189,190,194,196,197,200,202,220,221,225,226,227,234,246,247,249,252,254,256,257,258,259,260,262,266,278,279,280,283,291,294,296,297,298,299,300,304,305,306,308,310,315,316,317,318,320,322,329,335,341,343,346,349,350,355,356,358,359
OX88,190,191,196,198,206,208,212,213,215,216,217,218,221,223,228,229,231,234,235,237,238,241,245,251,255,257,261,263,267,271,274,276,280,283,284,285,286,287,290,293,294,295,296,297,299,301,303,304,306,308,310,311,313,315,317,318,319,320,321,326,328,329,332,340,342,343,344,346,348,349
OX89,184,185,186,189,197,200,202,206,208,211,212,214,216,217,220,221,225,229,234,235,238,246,247,248,249,252,254,256,257,258,259,260,261,264,266,267,274,277,278,284,286,291,294,297,298,300,303,305,308,310,313,314,315,321,326,329,333,335,340,341,342,343,344,350,354,356,357,358
OX90,185,189,199,200,201,202,207,208,211,214,215,220,221,222,223,224,226,227,228,231,234,235,237,241,245,248,251,254,256,257,258,259,260,261,262,263,265,266,270,271,274,276,277,278,279,280,283,284,285,286,290,293,298,299,301,306,307,310,313,315,320,321,328,329,332,335,336,340,342,343,345,348,352,354,357,359
OX91,191,194,197,198,199,213,215,218,226,228,231,237,241,245,247,248,251,252,255,257,263,276,277,285,290,291,293,294,295,297,304,310,315,316,322,328,332,333,334,343,346,348,354,355
OX92,181,199,200,201,202,206,208,211,212,214,216,217,220,221,222,226,227,229,231,234,235,237,238,241,248,251,254,255,256,257,258,259,260,261,262,263,266,267,270,271,274,280,283,284,285,286,287,289,290,293,294,297,298,299,301,303,304,306,308,310,311,313,315,319,320,321,326,328,329,334,335,336,340,341,342,343,344,346,348,352,354,357
OX93,179,199,201,208,216,217,219,221,222,225,226,229,230,231,234,236,237,238,241,242,243,245,246,248,249,254,263,267,269,270,275,277,278,279,283,289,293,297,299,300,302,303,305,306,308,309,310,312,314,319,326,328,329,334,336,340,341,343,344,350,352,353,356,359
OX94,194,198,202,214,279,287,291,308,310,315,316,322,334,343,355,359
OX95,197,199,200,211,215,226,228,231,241,245,247,252,255,258,262,276,277,285,291,293,294,297,332,333,354,357
OX96,186,189,192,198,200,206,207,208,211,212,214,217,220,221,222,223,224,227,229,234,235,238,242,248,254,255,256,257,258,259,260,264,265,266,267,270,271,277,291,294,298,301,303,305,307,314,318,326,329,334,335,342,344,345,352,354,357,358
OX97,192,198,200,202,207,211,214,216,222,224,225,226,229,235,242,243,244,246,258,261,264,265,274,277,279,280,286,299,300,306,307,313,314,315,318,320,339,340,342,345,346,352,357,359
OX98,189,199,201,202,206,208,212,214,215,216,217,220,221,222,226,227,228,231,234,235,237,238,241,245,248,251,254,255,256,257,259,260,261,263,266,267,270,271,274,276,277,280,283,284,285,286,287,290,291,293,297,298,299,301,303,304,306,308,310,313,315,320,321,326,328,329,332,334,335,336,340,342,343,344,346,348,352,354
OX99,198,199,202,207,214,222,223,224,225,235,243,244,246,259,261,262,264,265,274,277,278,284,286,287,291,299,300,304,306,307,308,310,311,313,314,315,318,320,334,336,339,340,342,343,345,352
OX100,182,195,200,202,211,215,216,219,221,222,227,228,229,230,234,235,236,242,243,244,250,255,256,258,264,266,269,270,271,276,278,280,285,289,292,294,301,302,305,309,310,312,314,315,318,319,320,321,329,332,334,336,341,342,343,352,354,357
OX101,200,201,206,207,208,211,212,217,219,221,223,224,225,227,230,231,234,235,236,237,238,241,242,245,246,248,251,254,258,259,263,264,265,266,267,269,270,271,283,289,293,297,300,301,302,303,305,307,309,310,311,312,314,318,319,320,326,328,329,334,339,341,342,343,344,345,346,348,354,357
OX102,201,208,215,216,219,222,226,228,230,235,236,237,242,243,244,248,251,254,255,263,266,269,270,276,277,278,279,280,285,287,289,294,302,304,305,308,309,310,312,318,320,321,328,332,336,341,342,343,346,348,352,359
OX103,208,214,216,219,222,223,225,226,231,235,236,241,242,246,248,254,269,278,280,283,293,297,300,302,305,309,312,320,336,339,342,346,352,358
OX104,202,207,214,216,217,219,221,223,224,225,227,230,231,234,235,236,238,241,242,245,246,256,259,262,264,265,266,267,269,270,271,279,283,287,289,291,293,297,300,301,302,304,305,307,308,309,310,311,312,314,315,318,319,320,326,329,339,341,342,343,344,345,354,359
OX105,199,215,216,219,223,226,228,230,235,236,237,242,243,244,245,251,255,257,259,263,269,276,277,278,279,280,285,287,290,294,302,304,305,308,309,310,312,320,321,328,332,342,343,346,348,359
OX106,206,207,212,215,219,222,224,225,226,228,230,236,237,242,245,246,251,255,257,260,261,262,263,264,265,269,274,276,277,279,280,284,285,286,290,299,300,302,303,305,306,307,309,311,312,313,314,318,321,328,332,334,336,339,340,345,346,348,352,359
OX107,207,214,215,223,224,226,227,228,231,235,241,244,246,249,255,265,271,274,276,278,279,283,285,286,287,289,291,293,294,297,299,300,301,304,306,307,313,318,320,321,332,334,340,341,342,345,346,354,356,359
OX108,215,216,217,219,225,227,228,229,230,236,238,242,244,245,249,255,259,260,266,267,269,270,271,274,276,277,278,285,286,291,299,301,302,305,306,308,309,310,311,312,313,321,326,332,334,339,340,343,344,346,354,356
OX109,216,217,219,222,223,225,226,229,230,231,236,237,238,241,242,244,246,251,257,260,261,262,263,264,267,269,274,278,286,287,290,293,294,297,299,300,302,304,305,306,308,309,310,312,313,314,318,326,328,336,339,340,343,344,348,352
OX110,217,221,222,225,226,234,235,237,238,245,246,249,251,257,259,260,263,267,270,274,278,279,283,284,286,287,289,290,291,294,299,300,304,306,310,311,313,314,319,320,326,328,329,334,336,340,341,342,343,344,346,348,350,352,356,359
OX111,223,225,226,229,230,231,235,236,237,241,244,245,251,257,259,261,263,266,269,278,280,283,284,289,290,293,297,305,311,312,318,320,328,334,341,342,348,350
OX112,222,225,227,229,237,246,249,251,257,259,261,263,270,271,278,280,285,287,289,290,300,301,304,314,318,321,328,334,336,341,346,348,350,352,354,356
OX113,221,227,229,234,243,246,271,278,280,283,284,300,301,310,314,318,319,329,339,343,346,354
OX114,214,225,243,246,262,264,266,279,283,284,287,291,300,304,308,310,318,334,339,343,350,359
OX115,226,227,229,237,246,249,251,257,261,262,263,264,271,279,285,289,290,291,300,301,308,314,321,328,334,341,348,354,356,359
OX116,196,229,237,246,249,251,257,261,262,263,264,270,271,276,277,285,287,289,290,291,294,296,300,301,304,314,321,328,334,341,346,348,350,356
OX117,227,229,244,246,249,261,270,271,278,280,284,287,300,301,304,310,314,343,346,350,354,356
OX118,237,251,257,263,274,279,286,290,291,313,328,334,348,359
OX119,274,279,286,291,313,359
OX120,229,245,262,264,270,279,287,289,291,304,308,311,341,346,350,359
OX121,244,285,289,318,321,341
OX122,225,262,264,266,270,279,284,287,291,308,310,318,343,359
OX123,230,231,236,241,255,262,264,269,277,284,291,293,297,306,312,318
OX124,235,261,262,264,277,283,285,289,291,306,320,321,341,342
OX125,243,261,262,264,270,279,283,285,287,289,291,304,308,321,339,341,350,359
OX126,245,246,261,285,300,311,314,321
OX127,231,236,241,255,269,293,297,312
Z0,0,176,193,211,258
Z1,1,56,58,151,193
Z2,2,122,126,249,356
Z3,3,83,132,281,337
Z4,4,44,192,219,242
Z5,5,60,175,204,281
Z6,6,45,115,322,355
Z7,7,178,207,238,340
Z8,8,82,120,316,322
Z9,9,46,104,118,337
Z10,10,35,212,216,242
Z11,11,12,50,217,326
Z12,12,42,122,317,349
Z13,13,134,213,218,327
Z14,14,114,287,308,356
Z15,15,49,76,286,313
Z16,16,27,28,204,253
Z17,17,225,280,310,355
Z18,18,145,178,246,300
Z19,19,73,123,131,240
Z20,20,161,304,339,346
Z21,21,143,174,271,301
Z22,22,121,175,250,292
Z23,23,45,181,189,298
Z24,24,38,97,197,252
Z25,25,36,179,251,263
Z26,26,48,183,247,252
Z27,16,73,98,191,295
Z28,28,72,153,241,293
Z29,29,89,160,269,312
Z30,30,63,116,222,352
Z31,31,64,164,233,323
Z32,32,43,97,124,172
Z33,33,82,146,203,288
Z34,34,54,56,125,324
Z35,10,54,59,220,335
Z36,36,70,167,190,349
Z37,37,170,310,343,351
Z38,24,136,184,299,340
Z39,39,128,186,257,290
Z40,40,137,201,254,358
Z41,41,108,154,224,345
Z42,42,244,259,284,318
Z43,17,32,128,151,273
Z44,4,76,77,124,323
Z45,23,233,260,276,294
Z46,9,33,259,305,336
Z47,47,182,277,294,306
Z48,26,64,132,338,347
Z49,49,58,169,224,307
Z50,11,148,149,206,212
Z51,51,78,112,239,282
Z52,52,72,125,152,351
Z53,53,57,146,236,312
Z54,35,79,142,279,359
Z55,55,119,157,210,239
Z56,1,131,145,171,205
Z57,19,57,308,313,359
Z58,15,88,208,254,317
Z59,8,27,59,144,282
Z60,5,81,92,267,326
Z61,61,150,208,213,248
Z62,62,138,191,218,272
Z63,63,101,107,179,353
Z64,31,108,156,209,272
Z65,65,264,318,319,341
Z66,66,68,243,283,320
Z67,67,107,163,235,342
Z68,68,185,278,280,299
Z69,69,202,214,246,314
Z70,37,55,70,139,209
Z71,71,91,99,207,307
Z72,52,61,130,219,302
Z73,53,105,162,267,344
Z74,74,85,121,140,154
Z75,75,116,123,127,188
Z76,44,139,168,221,234
Z77,21,77,111,160,325
Z78,78,159,255,297,305
Z79,79,163,285,321,333
Z80,80,161,277,279,291
Z81,62,81,96,251,348
Z82,46,69,141,174,187
Z83,83,201,220,257,328
Z84,84,137,147,148,331
Z85,85,103,173,231,241
Z86,86,214,216,334,348
Z87,87,149,199,245,311
Z88,34,162,244,261,321
Z89,89,155,202,295,315
Z90,90,166,196,240,296
Z91,91,223,248,304,350
Z92,92,222,225,266,325
Z93,93,113,133,167,171
Z94,7,94,134,275,353
Z95,95,184,289,330,341
Z96,60,119,176,197,333
Z97,43,103,141,237,263
Z98,98,115,168,232,331
Z99,71,86,183,194,316
Z100,100,158,200,262,264
Z101,20,30,41,298,335
Z102,2,102,144,177,327
Z103,74,194,230,284,343
Z104,88,185,188,293,297
Z105,105,226,265,278,354
Z106,106,110,159,234,329
Z107,67,99,228,253,332
Z108,48,106,113,142,173
Z109,109,127,158,237,328
Z110,110,155,186,320,342
Z111,111,230,235,306,358
Z112,112,114,187,265,345
Z113,39,93,150,195,250
Z114,51,172,206,275,303
Z115,6,50,100,205,338
Z116,75,156,245,285,289
Z117,117,196,227,271,324
Z118,118,190,228,276,296
Z119,25,66,120,274,286
Z120,104,147,165,169,330
Z121,18,22,192,336,352
Z122,102,164,261,283,300
Z123,84,101,203,211,357
Z124,38,90,130,268,288
Z125,87,126,215,273,332
Z126,47,109,129,177,268
Z127,129,170,229,311,314
Z128,3,180,243,309,339
Z129,133,226,229,346,357
Z130,13,29,140,200,258
Z131,135,181,215,231,236
Z132,14,136,182,232,292
Z133,40,138,227,247,354
Z134,94,117,189,319,329
Z135,95,96,135,302,309
Z136,152,165,198,256,315
Z137,157,198,262,274,291
Z138,166,210,266,270,350
Z139,0,180,221,249,301
Z140,195,256,260,303,344
Z141,199,223,255,269,347
Z142,65,270,287,290,334
OZ0,141,147,159,165,169,172,174,180,182,184,190,202,206,214,221,228,232,239,246,249,255,259,265,275,276,282,287,292,296,297,299,301,303,308,314,330,336,337,340,345,356
OZ1,128,138,139,167,170,175,180,181,184,186,190,191,193,197,198,204,209,210,211,215,218,221,222,225,231,233,236,239,249,251,257,258,260,262,266,267,272,274,276,281,289,290,291,294,301,302,309,310,325,326,330,333,341,343,348,349,351
OZ2,138,139,146,159,162,167,170,172,175,179,181,182,187,188,190,191,193,197,198,203,204,206,208,209,210,211,215,218,222,225,226,231,232,236,243,254,255,258,262,263,266,272,275,280,281,282,283,286,287,288,289,291,292,293,302,303,305,308,309,310,316,317,320,322,325,326,330,333,340,341,343,344,345,348,349,351,354,356
OZ3,130,131,139,144,146,147,148,153,154,155,159,161,162,164,165,168,171,173,175,177,178,179,182,184,185,186,190,193,194,196,197,200,203,205,210,212,214,215,219,221,223,224,225,226,228,231,232,233,234,235,237,238,239,240,241,242,243,244,245,249,250,251,252,257,258,260,261,266,267,268,270,271,274,275,277,279,282,287,290,291,294,295,297,301,303,306,307,308,310,311,312,313,314,315,316,317,318,320,322,323,325,326,327,330,332,337,340,343,344,345,347,349,350,352,354,355,358
OZ4,146,162,185,188,208,220,226,236,254,265,267,278,293,297,298,312,317,344,354
OZ5,139,142,144,148,159,163,164,167,170,172,175,177,179,181,182,185,187,190,193,197,198,203,204,209,210,211,216,217,220,222,223,225,231,232,242,243,244,245,249,258,259,261,262,263,265,266,267,269,273,275,278,279,280,281,282,284,285,286,287,288,289,291,292,297,298,300,302,303,305,308,309,310,311,312,316,317,318,320,321,322,325,327,330,332,340,341,343,345,347,348,351,359
OZ6,131,144,145,148,151,159,164,169,171,172,177,178,180,182,183,184,187,189,193,194,196,205,212,213,214,215,216,217,218,221,224,227,228,232,238,239,244,245,248,253,261,265,269,271,273,282,283,284,287,292,297,299,300,301,303,304,308,311,316,317,318,319,324,326,329,334,336,345,347,348,349,350,353
OZ7,145,147,149,150,151,154,155,159,161,162,164,167,168,169,173,175,177,178,182,184,185,186,188,196,197,198,200,202,206,207,209,210,213,214,215,216,221,225,231,232,233,234,235,237,238,239,240,242,245,246,247,249,250,253,254,256,257,258,259,260,263,265,266,268,270,271,275,277,279,280,283,286,287,288,290,291,294,295,299,301,302,303,304,305,306,307,308,310,311,312,313,316,318,321,323,324,325,326,327,330,334,336,337,340,343,345,347,348,351,352,355,358
OZ8,144,149,151,164,167,169,177,178,179,183,185,189,190,193,194,196,203,213,214,215,216,217,218,220,224,227,228,236,238,243,244,245,248,249,251,253,255,261,263,269,271,273,274,275,278,280,284,286,288,298,299,300,304,305,311,312,317,318,319,320,322,324,326,329,334,336,340,347,348,350,353,356
OZ9,125,142,148,149,150,153,156,160,161,163,165,168,169,170,172,174,175,178,179,181,184,186,188,189,192,203,204,206,207,209,211,215,216,217,218,220,221,222,224,227,230,231,233,234,235,239,240,243,245,248,252,254,256,257,258,260,262,263,267,268,270,273,275,276,277,278,281,283,290,293,294,296,297,298,299,301,306,307,309,312,313,315,316,317,319,320,321,322,323,324,326,327,329,330,340,341,343,348,350,353,355,358,359
OZ10,148,153,154,155,156,161,162,165,167,168,169,171,172,173,177,182,184,187,193,196,198,201,202,208,210,213,214,215,216,220,223,225,226,229,232,233,239,240,241,243,244,245,246,248,250,260,265,266,268,269,270,272,275,279,280,281,283,287,288,290,292,293,296,297,299,300,301,302,304,305,307,308,309,310,311,314,315,317,320,321,323,324,327,328,329,332,336,337,338,340,342,344,349,350,351,352,355,357,359
OZ11,149,153,162,164,165,170,175,177,180,183,193,197,202,204,210,211,214,215,217,221,222,223,225,239,241,245,246,247,252,255,256,258,259,262,266,267,269,273,274,281,282,283,284,291,293,300,301,310,311,314,315,317,318,321,324,325,327,332,333,343,347,349,356
OZ12,142,151,154,155,156,159,161,163,164,168,170,171,173,175,178,179,183,185,189,190,193,197,198,201,204,208,211,218,222,223,224,226,227,228,229,233,238,239,240,242,244,247,249,250,251,252,253,256,258,260,262,263,267,268,270,271,272,273,275,278,283,284,285,286,288,290,291,296,299,301,302,303,305,307,309,316,318,319,321,322,323,324,325,326,327,328,332,335,337,338,340,342,343,344,345,347,349,351,352,353,355,357
OZ13,147,165,169,180,182,184,190,214,216,221,228,232,249,259,276,292,296,299,301,305,330,334,336,337,340,348
OZ14,153,154,155,156,159,161,162,163,167,168,171,173,177,179,182,184,185,188,190,191,193,196,198,202,206,207,208,210,211,213,215,217,218,220,226,227,229,232,233,235,236,240,241,243,244,245,246,247,250,253,254,255,259,260,266,268,269,270,276,279,281,282,283,290,292,297,298,299,300,301,302,303,305,309,311,312,314,315,317,320,321,323,324,326,327,328,329,330,331,334,335,338,340,344,345,348,349,351,352,353,354,356,358,359
OZ15,151,159,167,168,170,172,175,181,182,183,186,187,190,193,194,196,197,198,203,204,206,209,211,214,215,216,217,221,222,231,232,233,234,240,251,255,257,258,260,262,265,267,270,273,274,275,276,280,281,282,287,288,289,290,291,292,294,296,297,298,299,302,303,305,308,309,312,316,325,330,333,334,335,340,341,343,345,349,350,351,355,356
OZ16,159,162,172,180,182,183,184,185,187,188,194,203,206,208,214,216,217,220,221,226,232,236,239,249,254,255,275,278,282,287,288,292,293,298,299,301,303,305,308,312,316,317,334,340,344,345,348,354,356
OZ17,154,155,156,161,163,164,165,167,168,170,171,173,175,178,179,187,189,190,191,194,197,198,203,204,206,213,215,216,218,222,225,226,229,233,235,238,240,243,245,250,252,253,256,258,259,260,262,265,267,268,269,270,271,274,276,279,282,287,288,290,291,297,301,302,303,309,310,311,313,316,319,320,323,324,325,326,328,330,331,333,335,338,340,343,344,349,351,352,353,354,358
OZ18,150,158,162,163,165,170,172,175,178,181,182,183,184,186,188,190,191,194,197,198,200,201,203,205,207,208,209,212,213,215,217,218,219,220,221,222,223,224,225,226,228,234,235,238,239,240,243,245,247,248,249,251,253,254,255,257,258,263,265,268,269,271,272,275,276,280,281,283,286,287,288,291,292,293,297,298,302,303,307,308,310,311,313,317,318,320,324,325,329,330,332,333,334,335,337,338,341,342,343,344,347,349,350,351,353,355,356,357,358,359
OZ19,158,163,165,170,172,175,182,185,186,189,190,191,192,196,197,198,200,201,203,205,208,209,212,213,214,216,217,219,221,222,224,225,227,231,234,235,236,239,240,242,243,244,245,247,248,249,255,257,258,263,269,272,276,278,280,281,283,284,286,287,289,291,292,298,302,303,304,305,307,308,309,310,311,313,316,319,320,325,326,327,333,336,337,338,340,342,343,347,349,351,354,355,356,357,358,359
OZ20,163,165,168,170,172,175,180,182,184,185,186,190,191,196,197,198,204,205,208,209,212,213,214,215,216,217,220,221,223,224,227,228,232,233,234,235,236,239,240,244,245,247,249,251,255,258,259,260,262,263,266,267,269,270,272,278,280,281,283,284,286,288,290,291,292,294,298,303,307,308,309,310,311,312,313,316,318,320,322,327,328,330,331,332,333,334,335,337,338,339,340,342,343,347,348,349,350,351,354,356,357,358,359
OZ21,162,164,168,169,178,179,180,183,185,186,189,193,194,201,202,203,209,210,213,216,218,221,223,224,225,226,227,228,233,234,236,238,240,246,248,251,253,259,260,261,263,265,266,270,271,273,274,275,276,281,286,288,290,294,296,298,299,300,304,305,308,309,310,312,313,314,319,320,322,324,326,327,328,329,332,334,336,337,338,339,340,344,347,348,353,354,355,359
OZ22,156,172,173,180,184,185,188,197,208,217,220,221,226,231,241,245,249,251,252,254,259,261,265,278,284,285,293,297,301,317,318,321,323,330,335,341,344,348,354
OZ23,165,168,170,172,181,184,185,186,191,196,197,198,203,205,207,208,209,212,213,220,222,224,225,227,228,231,233,234,235,236,239,240,244,245,247,248,253,255,258,259,260,262,263,269,270,272,276,278,280,283,284,285,286,289,290,291,294,296,299,301,302,303,304,308,310,311,313,316,318,320,321,322,325,327,328,331,338,339,341,342,343,347,348,349,351,354,356,357,358,359
OZ24,161,164,169,172,174,175,177,179,180,181,182,185,187,188,191,194,197,198,202,203,204,205,206,211,212,216,218,220,223,225,226,227,230,231,232,235,236,237,243,245,246,247,249,251,252,254,255,256,257,259,261,263,265,267,269,272,273,277,278,279,280,281,282,283,284,285,289,291,292,293,297,299,300,302,305,310,311,314,315,317,321,323,324,326,327,328,331,332,333,334,336,338,339,340,341,342,343,347,349,351,353,355,356,357,358
OZ25,155,164,168,169,170,172,175,179,180,181,183,184,188,189,194,197,198,203,204,206,207,208,209,211,213,214,215,216,218,222,223,224,227,228,231,233,239,240,243,248,249,253,254,255,257,258,259,260,261,262,263,267,270,271,273,276,278,281,286,288,289,290,291,293,294,296,298,299,300,301,302,303,304,308,309,312,313,317,319,322,324,325,326,327,330,332,333,334,335,336,341,342,343,351,353,355,359
OZ26,171,172,175,180,181,183,187,189,192,196,197,204,205,207,208,209,212,214,215,217,218,221,227,228,229,236,239,241,244,245,247,248,249,250,256,259,267,268,271,272,275,278,279,282,283,285,287,288,289,294,296,300,301,303,305,307,309,313,319,321,324,326,327,329,334,336,345,346,347,348,349,353,354,356,357
OZ27,164,169,170,177,178,179,181,182,183,186,188,192,193,194,201,202,204,208,209,210,213,216,218,219,220,221,224,225,227,229,232,234,238,240,242,243,246,251,253,254,261,263,266,267,268,270,271,273,274,275,277,278,281,286,290,293,294,296,297,298,299,300,306,308,310,311,313,317,319,320,324,326,327,328,329,331,334,337,338,340,347,348,350,353,359
OZ28,167,168,172,178,179,180,185,190,192,201,202,203,206,207,209,214,219,221,236,238,242,246,251,255,257,259,263,274,275,278,280,281,283,286,288,297,298,299,303,309,312,314,316,320,322,328,329,336,337,338,339,340,347,349
OZ29,160,169,172,173,175,177,179,183,187,191,194,197,198,201,202,203,204,205,206,207,208,211,212,215,216,218,222,223,227,230,231,232,235,237,238,244,245,246,249,251,255,256,259,261,263,266,267,269,271,272,273,277,280,282,284,285,286,289,292,293,294,299,301,305,306,307,308,310,311,314,315,323,324,326,327,331,332,333,334,336,337,340,341,342,343,344,349,351,353,354,355,356,357,358,359
OZ30,168,175,177,180,182,184,189,192,193,197,198,201,202,203,210,211,214,215,219,220,221,222,223,225,228,229,231,232,233,242,246,248,249,251,257,258,259,260,262,266,268,274,276,277,282,288,289,291,301,302,304,305,306,309,310,311,312,322,325,328,330,331,332,333,335,336,337,338,341,343,347,348,350,351,355
OZ31,169,170,178,179,180,181,186,187,188,190,192,194,196,198,201,202,204,205,206,207,208,209,211,212,213,214,216,217,218,219,220,222,224,226,228,234,236,238,240,241,244,245,246,247,249,251,253,254,255,258,260,262,263,267,270,272,279,282,285,286,287,289,290,291,293,294,299,300,302,303,305,307,308,314,320,321,322,325,326,327,328,329,332,333,337,338,339,340,343,344,345,349,350,351,353,354,355,359
OZ32,170,172,175,181,182,183,187,193,194,197,198,202,203,204,206,210,211,214,215,217,222,225,231,232,239,246,251,258,262,265,266,267,274,275,281,288,289,291,292,298,299,302,303,309,310,312,314,316,325,330,333,335,340,341,343,345,348,351
OZ33,172,175,181,182,184,185,188,189,190,194,196,197,202,203,204,205,207,208,212,214,216,220,221,222,225,226,227,228,233,239,241,242,244,245,246,247,249,254,255,265,266,267,271,272,273,276,278,279,281,282,283,285,287,288,289,292,293,296,298,299,300,302,305,307,308,309,312,314,316,319,321,324,325,331,332,337,338,340,344,349,354,359
OZ34,175,179,181,187,189,190,192,194,196,197,201,202,204,205,206,207,208,212,223,226,227,232,233,235,236,241,242,243,244,245,246,247,248,251,253,254,255,257,266,267,271,272,273,275,276,278,279,280,283,287,289,296,297,300,301,302,303,304,305,307,308,310,314,316,319,324,325,328,331,333,334,335,336,339,342,344,345,347,349,350,353,354,355,359
OZ35,177,180,183,184,185,187,188,193,196,198,201,203,205,206,207,208,210,211,212,216,217,222,223,225,226,227,228,229,241,242,244,245,247,248,253,254,255,257,258,260,262,266,268,271,272,273,274,275,276,277,278,279,282,283,285,287,288,289,291,292,293,299,300,301,302,303,304,305,306,307,308,309,310,311,312,314,319,321,322,324,325,328,331,333,337,338,340,343,344,345,349,350,351,354,355,359
OZ36,180,198,201,210,220,243,257,262,274,281,282,291,309,328,338,339,347
OZ37,178,181,182,183,184,185,187,188,197,198,202,205,206,210,211,212,218,220,221,222,226,238,241,245,246,247,248,249,250,254,255,256,262,268,272,273,274,276,278,279,282,283,284,285,287,289,291,292,293,294,298,299,300,307,308,309,312,314,316,318,321,322,326,327,329,331,332,334,337,338,345,348,349,353,354,357,359
OZ38,179,181,182,183,184,185,188,190,192,194,198,201,203,204,210,215,217,220,221,228,231,232,235,243,249,250,251,257,262,266,267,274,276,280,282,285,288,291,293,296,297,298,299,301,302,310,312,316,321,325,328,333,335,336,337,338,339,340,342,347,348,353,355
OZ39,183,184,185,187,188,189,190,192,196,197,198,201,202,205,206,207,208,210,212,214,215,216,217,222,225,226,227,228,231,232,233,239,241,242,243,244,245,246,247,251,254,255,257,262,271,272,273,274,275,276,278,279,280,281,283,285,287,291,293,296,300,301,303,305,307,308,309,310,314,317,319,321,324,328,330,331,332,335,336,339,341,344,345,347,348,354,355,359
OZ40,173,181,182,184,187,188,191,194,197,200,201,203,206,208,215,222,225,226,232,237,241,247,254,257,259,261,262,266,270,275,278,284,287,288,290,292,295,298,299,302,303,309,312,316,319,321,323,325,326,334,340,341,344,345,349,354
OZ41,181,185,187,189,190,191,192,196,197,200,202,205,206,207,212,214,216,217,227,228,232,233,236,237,241,242,243,245,246,252,255,261,262,265,266,270,271,272,273,275,276,279,280,281,283,285,289,290,293,295,296,300,301,302,303,305,307,308,310,314,317,318,323,324,325,326,328,331,332,334,336,337,339,341,345,347,349,355,359
OZ42,182,186,187,189,192,193,198,200,201,203,204,206,208,209,210,211,213,216,219,221,222,224,225,228,231,232,234,235,237,240,241,247,248,249,256,257,259,260,261,262,263,265,267,269,271,273,274,275,276,278,279,280,281,286,292,293,294,295,296,300,301,304,307,309,311,313,315,316,318,320,321,322,323,324,325,326,327,328,331,332,333,334,336,338,339,340,342,345,348,349,351,354,356,357,358
OZ43,184,186,188,191,193,196,197,202,205,207,209,211,212,213,215,216,219,223,224,227,232,233,234,235,236,240,242,244,245,246,247,249,250,252,253,254,255,256,260,262,263,269,270,272,276,278,282,283,284,285,286,288,289,290,291,292,293,294,296,297,298,299,301,303,305,309,310,311,312,314,315,316,318,320,321,322,325,327,328,332,333,334,339,341,342,350,351,354,355,357,358
OZ44,185,192,193,194,196,201,203,205,206,207,208,212,216,217,218,220,221,225,227,229,230,232,233,235,236,241,244,245,247,248,249,250,255,256,257,258,260,261,271,272,273,279,280,282,283,284,285,287,288,289,293,298,300,306,307,308,309,311,314,317,318,319,326,328,331,332,333,336,338,343,344,349,351,353,357,358,359
OZ45,186,188,191,197,198,202,204,205,207,208,209,212,215,216,217,222,223,224,225,227,232,234,235,239,242,245,246,247,248,249,250,251,252,253,254,255,259,260,263,267,268,269,272,273,274,278,281,282,283,285,286,288,290,293,297,299,301,302,305,309,310,311,314,315,317,320,321,327,328,330,332,333,334,335,339,342,344,348,349,351,354,355,358
OZ46,188,191,194,198,200,203,208,210,214,216,220,226,236,237,239,247,252,254,259,261,265,268,270,274,278,284,287,290,291,295,298,312,316,319,321,323,326,328,337,341,344,348,349,354
OZ47,191,192,200,201,205,206,207,210,211,212,213,214,217,218,219,220,221,222,226,227,229,230,232,235,236,237,240,241,244,245,252,255,257,258,259,260,262,265,271,272,276,278,279,280,281,282,283,285,288,289,290,294,295,296,297,298,300,302,303,306,307,309,311,313,314,317,318,321,322,323,325,331,332,333,336,337,338,341,343,344,348,349,350,351,353,354,356,358
OZ48,189,194,196,197,201,202,205,206,207,208,212,218,220,227,229,231,232,241,243,244,245,246,247,248,249,253,255,256,257,259,265,266,268,271,272,276,278,279,280,283,285,287,288,289,292,294,297,300,301,302,307,309,310,313,314,317,319,321,322,324,325,326,327,328,331,334,339,346,347,348,349,353,354,355,356,357
OZ49,187,190,198,201,203,208,210,223,236,239,248,249,253,254,257,262,265,268,274,275,276,281,291,296,298,304,308,312,313,328,332,345,349,350,353,356,359
OZ50,190,198,200,202,204,206,207,209,211,214,215,219,220,223,224,225,226,227,229,231,233,235,236,237,238,239,240,241,242,243,246,247,248,249,251,255,260,261,262,263,266,267,268,269,270,273,274,275,278,279,280,282,286,289,292,293,297,298,299,303,307,309,311,312,313,316,318,319,321,322,323,325,326,327,330,331,332,333,335,337,340,341,344,346,348,351,352,354,358
OZ51,192,193,196,204,208,210,211,213,215,218,219,221,223,226,228,229,236,239,240,242,248,251,254,259,266,267,268,270,274,282,283,286,289,296,298,299,301,304,305,308,309,312,313,320,326,327,330,335,336,338,339,340,341,346,347,348,349,356,359
OZ52,193,196,200,203,204,208,210,213,215,217,218,219,222,226,229,230,233,235,236,237,239,240,244,248,250,253,256,259,262,267,272,276,280,284,287,290,294,295,296,298,302,303,306,310,312,316,317,319,322,323,324,325,327,328,332,334,335,341,344,346,349,350,355,357,358
OZ53,174,194,197,201,202,203,204,209,210,213,214,218,219,221,224,226,227,231,232,233,235,236,237,239,240,242,243,246,250,251,255,257,258,259,260,263,265,267,268,270,271,274,275,276,280,281,283,284,286,289,292,294,296,297,298,299,302,306,309,311,317,319,320,322,323,325,326,328,330,331,332,333,335,337,338,340,341,346,347,348,349,350,351,353,358
OZ54,194,200,202,209,215,216,217,218,220,221,222,223,224,225,226,228,231,232,233,235,236,239,243,246,248,249,250,255,259,260,261,262,263,265,266,268,270,272,274,276,280,283,286,287,290,292,293,294,295,298,299,302,304,305,306,308,309,313,314,316,317,320,321,322,324,325,327,328,331,332,335,338,341,343,344,345,347,348,349,350,354,356,358,359
OZ55,197,198,200,202,204,206,208,209,210,211,214,215,218,220,221,222,223,224,228,229,232,233,235,241,246,247,248,251,254,255,259,260,261,263,265,266,267,268,270,272,274,276,287,288,289,290,291,293,294,295,302,303,304,305,306,309,310,312,314,321,322,324,325,327,328,330,331,332,334,337,338,340,343,344,345,346,347,348,349,350,353,354,355,358
OZ56,200,201,204,205,207,208,212,216,222,225,226,229,230,231,232,233,235,236,237,239,244,245,248,255,256,257,260,261,262,265,267,270,271,273,274,275,278,279,284,285,286,288,289,290,292,293,295,298,299,300,303,306,307,308,310,317,320,323,324,326,331,332,334,335,339,341,344,345,346,347,349,353,355,357,358,359
OZ57,202,203,206,208,209,210,211,213,216,217,218,219,221,224,225,227,229,232,233,235,237,240,241,242,243,246,247,249,251,254,255,258,259,260,263,265,270,274,275,276,283,284,286,289,294,296,297,299,301,302,303,306,308,309,310,311,312,313,316,319,320,322,323,324,325,326,330,331,332,333,334,335,338,340,341,347,349,350,351,355,356,358,359
OZ58,201,204,207,208,211,213,214,215,216,218,219,220,221,222,223,226,230,231,232,233,235,236,237,238,240,244,249,250,256,257,258,261,262,265,267,269,270,272,273,274,278,279,281,283,287,290,291,292,293,295,296,298,301,303,307,313,317,318,319,320,321,323,325,326,327,335,337,338,341,346,348,350,352,354,357,358
OZ59,203,204,205,212,213,214,217,219,223,226,236,237,238,239,240,244,245,248,250,251,253,255,258,259,260,262,267,269,270,271,273,274,275,280,281,282,285,290,291,295,296,298,300,306,308,309,312,313,318,320,321,323,325,328,330,331,337,340,344,345,346,349,350,352,353,354,359
OZ60,205,206,207,208,210,212,215,217,221,223,226,227,228,230,231,232,233,235,237,238,239,242,244,245,248,250,251,252,255,256,262,265,266,268,272,274,275,278,279,280,282,283,284,287,289,290,291,292,295,297,303,304,305,307,308,310,312,314,316,317,319,320,323,324,325,327,328,330,331,332,333,334,338,340,343,344,345,348,350,351,352,353,355,356,358,359
OZ61,206,207,208,210,211,213,214,215,217,219,220,225,227,228,230,231,232,233,235,236,239,240,242,244,249,251,252,256,258,260,265,266,269,270,271,272,273,274,278,279,280,281,282,285,286,287,288,292,296,297,298,299,300,301,303,304,305,306,307,313,314,316,319,320,321,324,327,330,331,332,333,334,335,337,339,340,341,343,346,347,351,354,356,357,358
OZ62,198,207,208,210,213,214,216,219,220,221,222,225,226,230,231,232,235,237,238,239,240,244,245,248,253,254,255,258,261,265,268,270,272,276,278,279,280,283,287,290,292,293,294,295,296,301,307,308,310,311,312,316,317,318,319,320,321,322,323,325,328,332,335,337,338,341,344,346,347,348,349,350,352,354,355,356,358,359
OZ63,204,217,223,233,244,248,249,250,253,256,259,267,276,284,294,303,304,308,313,316,318,322,331,344,350,356,359
OZ64,196,207,208,210,211,213,214,215,216,217,218,220,225,229,230,231,232,233,235,236,237,238,239,245,250,251,253,255,256,258,259,261,262,265,268,272,278,279,281,282,284,286,287,288,289,290,291,292,293,295,298,299,302,303,307,309,311,313,319,321,323,326,327,328,330,331,337,339,340,349,352,354,358
OZ65,207,210,211,213,214,217,219,221,222,228,230,232,233,235,240,241,242,244,247,249,250,252,253,256,257,258,260,265,269,270,271,272,278,279,280,281,283,285,287,289,296,297,300,304,305,306,307,308,309,312,314,316,317,319,321,324,325,328,331,333,334,337,338,343,346,348,353,357,359
OZ66,208,209,214,216,220,222,223,224,225,226,228,229,231,232,233,236,238,239,243,248,249,250,251,254,255,259,260,261,265,266,268,271,273,275,276,278,280,281,282,284,288,289,292,293,294,298,302,304,305,316,318,319,321,322,325,330,334,335,337,339,340,341,344,346,349,350,353,357
OZ67,209,210,211,214,215,217,218,221,222,223,224,235,239,242,243,244,255,256,257,259,260,261,262,263,266,268,269,273,274,276,278,279,281,282,283,284,287,288,290,291,293,294,295,297,300,301,302,303,307,308,310,311,315,316,317,318,320,321,322,324,325,326,327,331,332,333,334,337,338,339,340,341,349,355,357,359
OZ68,210,214,221,222,223,225,235,236,238,242,249,251,254,256,257,259,260,262,263,266,268,276,278,279,280,281,282,284,285,286,287,290,291,293,294,295,297,298,299,300,301,302,303,304,307,312,313,315,316,317,318,322,325,330,333,334,335,337,338,339,344,345,347,348,350,356
OZ69,211,213,214,215,217,218,219,220,222,228,229,233,235,237,239,240,242,244,245,250,251,253,255,256,257,258,259,261,263,268,269,270,271,272,275,276,278,281,284,286,289,293,294,296,297,300,303,304,305,306,307,308,315,316,321,322,323,324,325,326,327,328,330,331,333,337,341,347,348,349,352,353,354,359
OZ70,215,217,218,221,223,226,229,232,239,241,242,245,247,249,252,254,255,256,257,259,262,265,266,271,274,275,278,284,286,290,291,293,301,302,304,306,307,308,310,312,315,316,319,320,321,324,325,326,327,328,333,335,338,340,341,343,346,347,348,349,350,355,356,357,358,359
OZ71,217,220,221,228,229,230,232,233,237,239,241,247,249,250,251,252,253,254,255,256,259,260,261,263,265,268,269,273,275,279,280,282,283,284,285,287,293,297,304,305,307,309,311,312,313,314,315,316,319,323,330,331,334,338,341,343,344,346,349,350,352,354,357
OZ72,214,220,222,225,226,228,229,230,232,233,238,239,241,244,247,249,250,251,252,253,254,255,256,259,260,263,265,268,269,271,273,274,275,279,280,281,284,285,287,295,299,300,304,305,310,311,312,316,319,320,321,324,325,328,330,331,334,337,339,340,341,343,345,346,347,349,350,355,356,357
OZ73,213,219,220,221,222,225,226,228,229,233,235,236,239,240,242,243,244,250,253,254,256,257,258,263,268,270,272,273,275,276,278,282,288,294,295,296,298,303,304,305,306,308,309,310,311,312,313,314,316,317,318,322,332,333,335,338,344,345,346,347,349,350,352,353,355,356,357,359
OZ74,222,223,225,229,230,232,233,239,241,243,247,248,249,250,251,252,254,257,259,261,262,263,268,269,271,272,273,274,275,276,278,280,282,285,286,289,290,291,294,295,297,303,304,305,307,309,310,311,312,313,315,318,319,320,321,322,330,331,332,335,342,343,344,347,349,352,354,355,357
OZ75,230,232,235,236,237,239,241,243,245,247,252,260,268,272,273,275,276,279,283,285,287,288,289,294,295,298,301,303,305,307,313,314,315,317,318,319,321,322,323,324,328,331,332,334,339,340,342,343,344,348,349,352
OZ76,220,221,251,261,268,274,282,286,288,289,299,300,301,309,320,324,330,335,338,339,340,341,347,348,356
OZ77,216,221,223,226,231,232,233,235,238,248,253,254,255,260,262,263,269,271,273,274,275,278,279,282,283,284,285,286,287,288,289,291,292,295,300,301,304,305,309,311,312,315,317,318,319,321,324,328,332,335,338,339,342,345,346,352,354,356
OZ78,219,221,226,228,235,236,238,239,240,248,249,253,254,259,263,265,268,270,272,274,282,284,286,293,295,297,298,299,300,301,302,304,308,309,310,312,313,318,320,321,328,332,335,338,342,344,346,347,349,350,352,354,355,359
OZ79,223,226,228,229,233,237,242,243,244,245,250,251,253,255,257,260,261,262,265,269,270,271,272,278,279,282,283,285,287,290,291,293,295,297,299,300,301,302,309,310,311,314,323,324,330,332,333,334,340,342,346,348,350,352,355,356,357
OZ80,226,229,231,233,235,237,242,245,248,253,254,255,260,262,263,266,268,273,275,278,279,282,283,286,287,289,291,292,293,299,300,301,302,305,307,308,310,312,314,317,319,320,321,323,324,332,333,334,335,339,340,342,346,348,352,355,357,359
OZ81,221,228,232,235,236,237,241,242,244,245,247,248,249,251,252,253,254,255,259,260,263,270,273,275,276,278,279,282,286,287,288,293,294,298,300,302,303,305,306,308,309,310,313,314,315,317,318,319,321,322,323,324,325,330,331,333,334,338,341,343,344,345,350,352,355,358,359
OZ82,218,229,231,232,233,235,238,239,241,243,244,245,247,249,250,252,253,254,259,263,266,269,272,274,275,278,279,282,284,286,287,288,292,293,295,299,302,303,306,307,310,313,315,316,320,321,325,326,328,331,334,339,340,343,344,346,347,348,349,350,355,358
OZ83,229,231,232,235,237,238,241,242,244,247,248,251,252,253,254,256,263,265,271,275,276,279,280,283,284,285,286,287,288,289,292,293,294,297,301,304,306,308,313,314,315,317,322,323,325,330,331,333,334,339,341,343,344,345,354,356,357,358,359
OZ84,231,233,235,243,244,251,254,255,256,257,263,265,266,268,269,270,271,272,273,275,276,282,283,285,286,289,290,292,294,295,300,303,304,307,309,311,312,313,316,317,319,320,321,322,324,330,331,332,335,339,344,356
OZ85,232,235,238,239,241,245,247,249,250,251,252,253,255,259,260,262,263,268,270,272,273,274,275,278,280,282,283,284,285,290,291,293,295,296,300,301,303,312,314,315,316,318,320,325,328,330,331,335,339,343,345,349,352,356,357,358
OZ86,228,233,235,237,238,242,243,244,248,249,250,254,255,257,259,260,261,262,263,265,266,268,271,279,280,282,284,285,286,287,288,289,290,291,297,299,301,302,305,307,309,310,313,314,317,318,321,323,324,328,331,332,333,334,341,344,345,352,355
OZ87,239,243,244,265,266,270,274,275,278,280,282,293,297,299,300,307,308,317,320,321,347,349,350,359
OZ88,238,245,249,250,251,253,256,259,260,266,268,270,271,274,282,284,285,288,299,300,303,307,308,309,318,319,320,321,324,330,331,335,339,340,341,345,347,348,350,359
OZ89,250,253,331
OZ90,227,243,244,249,255,259,262,270,271,273,274,276,279,282,283,287,290,291,294,297,305,307,308,310,316,317,319,320,322,324,325,331,332,334,341,342,345,351,355,356,357,358,359
OZ91,235,236,237,245,255,256,260,262,263,266,268,271,274,275,276,278,279,280,283,285,287,288,289,290,291,293,294,296,298,303,305,306,307,308,309,312,316,317,318,320,322,323,331,332,334,339,341,342,347,350,356,357,359
OZ92,236,245,256,260,266,268,270,271,274,275,282,283,285,289,293,297,298,299,303,307,308,309,312,319,320,324,339,347,350,356,359
OZ93,243,251,256,257,260,261,266,268,270,274,275,282,288,290,299,300,303,307,308,320,324,328,330,347,350,359
OZ94,245,251,256,257,260,266,270,271,274,275,282,283,285,289,290,293,297,299,303,307,308,309,319,320,324,328,330,339,347,350,356,359
OZ95,233,237,249,254,255,257,259,260,262,265,266,268,270,271,272,274,275,278,279,280,286,287,288,291,295,297,300,301,302,308,313,314,317,323,325,334,340,344,345,347,348,350,351,352,358,359
OZ96,237,254,255,257,262,270,272,275,276,279,282,286,287,288,290,291,294,295,296,297,299,302,305,306,307,309,313,316,318,319,320,322,323,324,325,331,332,334,335,341,342,344,351,357,358
OZ97,244,249,259,261,265,270,278,282,293,297,302,305,308,309,310,313,320,321,324,342,344,347,350,355,356,359
OZ98,241,242,247,248,252,253,257,260,262,266,273,274,280,283,285,291,293,297,300,303,305,306,308,309,310,312,313,315,318,328,332,333,342,343,344,351,355,359
OZ99,273,296,317
OZ100,242,248,249,253,256,257,259,260,266,269,280,296,297,303,305,308,309,310,313,317,320,325,328,332,333,342,344,351,355,356,358,359
OZ101,249,254,255,256,257,259,261,262,266,268,272,274,276,279,280,282,283,286,287,288,291,294,297,300,303,308,310,313,317,322,324,325,328,335,344,351,355,358,359
OZ102,257,260,262,266,269,270,271,272,276,279,280,282,285,287,288,290,291,294,296,297,299,300,301,304,305,306,308,309,310,313,314,317,318,319,320,321,322,324,325,328,331,332,340,341,342,344,347,348,350,351,352,355,357,358,359
OZ103,251,254,255,256,260,266,268,269,270,271,274,280,282,285,286,299,300,301,303,305,306,309,310,314,317,318,319,320,321,324,325,330,335,340,341,342,348,351,352,355,356,358
OZ104,254,255,256,260,266,268,269,270,271,274,280,282,285,286,290,299,300,301,303,305,306,309,310,314,317,318,319,320,321,324,325,335,340,341,342,348,351,352,355,356,358
OZ105,256,260,261,262,266,270,272,274,282,283,291,300,303,308,313,315,324,335,344,347,350,359
OZ106,260,262,265,268,269,271,278,282,285,290,291,297,299,300,301,302,306,307,310,313,314,315,318,319,321,324,335,340,341,344,345,347,348,350,352,355,356
OZ107,261,262,266,270,274,275,276,279,282,283,287,291,294,300,307,313,322,324,344,347,350,356
OZ108,255,266,270,297,302,305,309,320,325,342,347,350,351,358
OZ109,271,274,275,280,282,288,290,296,299,300,301,306,307,310,313,314,316,317,318,319,324,325,331,332,334,340,341,344,347,350,351,352,355,356,357,358
OZ110,262,266,268,270,272,274,288,291,304,305,309,315,316,320,334,342,348
OZ111,265,272,276,278,279,280,287,294,296,307,308,315,316,317,322,331,332,334,345,348,356,357,359
OZ112,266,269,270,272,275,276,279,285,287,294,297,302,304,305,307,308,309,315,316,320,321,322,325,334,342,348,351,356,358,359
OZ113,270,274,275,280,283,296,299,300,301,304,305,307,310,313,314,317,325,331,332,339,340,342,344,351,352,355,356,357,358
OZ114,269,272,275,276,279,280,285,294,296,297,302,304,305,307,308,309,310,315,317,320,321,322,331,332,334,342,348,355,356,357,359
OZ115,268,288,305,309,320,342
OZ116,287,304,316
OZ117,272,275,276,279,280,283,288,293,294,296,297,301,302,304,306,307,308,309,310,314,315,317,318,320,321,322,331,332,334,340,348,352,355,356,357,359
OZ118,274,275,288,293,297,299,301,302,305,306,307,308,309,314,318,320,321,325,339,340,342,351,352,356,358,359
OZ119,280,283,288,293,296,297,300,302,304,306,308,309,310,313,317,318,320,321,331,332,339,344,352,355,357,359
OZ120,288,305,306,342
OZ121,306,312,320
OZ122,299,305,342
OZ123,275,276,279,283,293,294,295,297,301,304,305,307,308,309,314,315,316,318,320,321,322,328,340,342,352,356,359
OZ124,300,301,314,339,340,356
OZ125,283,318,352
OZ126,301,314,340
OZ127,276,279,293,294,295,297,304,305,308,309,313,315,316,320,321,322,328,342,344,356,359
