X0,0,30,130,151,170,185
X1,1,47,62,86,116,167
X2,2,21,99,101,136,154
X3,3,15,54,174,187,189
X4,4,49,63,82,139,157
X5,5,53,70,104,176,177
X6,6,57,72,105,169,172
X7,7,51,62,81,127,138
X8,8,49,61,115,137,161
X9,9,31,55,61,80,100
X10,10,14,39,48,60,147
X11,11,32,46,57,109,111
X12,12,33,43,53,108,110
X13,13,40,59,126,146,160
X14,14,21,29,44,69,149
X15,15,41,66,115,147,167
X16,16,32,56,80,114,132
X17,17,56,91,116,123,144
X18,18,29,82,121,128,175
X19,19,34,95,119,141,146
X20,20,46,92,119,124,138
X21,0,10,143,163,165,183
X22,8,22,129,140,172,175
X23,23,41,110,148,155,158
X24,24,88,114,154,185,190
X25,25,89,120,130,136,176
X26,26,117,123,134,159,181
X27,17,27,81,120,131,178
X28,28,34,129,152,171,186
X29,18,52,84,94,122,145
X30,16,30,60,96,118,137
X31,31,78,109,127,180,183
X32,11,22,66,76,144,164
X33,19,33,52,83,107,142
X34,13,28,159,164,166,184
X35,35,54,64,83,99,134
X36,36,37,70,103,158,161
X37,37,45,79,84,95,133
X38,38,44,77,91,96,135
X39,3,39,102,128,142,169
X40,40,87,98,131,132,177
X41,23,42,86,107,156,186
X42,7,42,75,102,106,163
X43,43,85,90,118,125,139
X44,38,73,75,85,97,191
X45,27,45,78,112,126,148
X46,20,65,121,153,171,173
X47,1,5,135,152,179,188
X48,4,74,98,103,166,190
X49,50,58,63,88,94,168
X50,51,64,89,93,141,162
X51,12,25,68,73,145,165
X52,35,69,108,157,179,184
X53,55,87,113,173,188,191
X54,9,36,65,122,143,182
X55,6,50,133,151,180,187
X56,58,59,71,105,125,181
X57,67,68,93,113,160,168
X58,24,67,111,149,150,153
X59,71,97,100,112,140,156
X60,26,72,77,106,150,162
X61,74,76,79,92,101,189
X62,90,117,155,170,174,178
OX0,53,60,62,64,70,73,75,81,85,86,89,91,93,96,97,102,104,106,116,127,138,141,147,152,162,163,167,176,177,179,188,191
OX1,48,59,60,63,64,65,66,69,73,75,76,77,78,81,82,85,89,91,92,93,94,96,99,101,102,104,111,112,114,117,119,121,123,125,129,133,134,135,136,141,144,147,150,151,153,156,159,163,164,168,169,171,173,175,182,183,185,187,190,191
OX2,62,65,69,75,76,77,78,80,81,82,84,86,87,89,92,93,94,95,99,100,102,105,107,109,110,113,115,117,122,123,124,129,140,144,145,146,147,148,150,155,156,158,159,163,164,167,169,173,174,175,180,181,183,186,187,188,189,191
OX3,61,70,79,84,95,100,103,112,133,143,145,146,148,158,160,161,168,182
OX4,59,65,66,75,80,82,84,87,88,89,93,94,95,98,101,104,106,109,113,115,116,117,119,120,121,123,124,129,130,134,135,136,138,143,144,146,147,148,151,156,157,158,159,162,164,165,166,167,168,169,171,173,175,177,180,182,187,189,190,191
OX5,65,70,89,104,113,120,122,130,136,165,173,177,188,191
OX6,60,91,96,116,147,167
OX7,73,85,116,125,135,137,139,147,167,191
OX8,70,87,126,131,132,143,145,146,160,168,177,182
OX9,63,69,76,78,81,84,87,89,92,95,98,99,101,112,115,126,131,132,133,137,139,148,157,158,166,177,189,190
OX10,76,84,92,95,124,133,138,141,146,189
OX11,75,77,80,89,97,101,104,109,111,113,114,116,118,120,123,124,125,126,130,131,132,135,136,138,139,141,143,144,146,149,151,153,154,165,170,178,180,182,185,191
OX12,79,87,94,103,126,131,132,133,146,160,168,177
OX13,81,84,88,89,93,94,95,104,118,123,127,136,137,143,144,145,146,147,149,150,151,154,167,170,178,182,183,190
OX14,64,80,84,89,94,95,97,100,105,109,111,112,113,114,116,117,118,120,125,126,130,131,132,134,135,139,140,144,145,151,153,156,159,165,170,178,180,181,185,191
OX15,80,89,97,100,101,104,105,109,111,112,113,114,116,117,118,120,124,125,126,130,131,132,134,135,136,138,139,140,141,143,144,146,149,150,151,153,154,156,159,162,165,170,178,180,181,182,185,191
OX16,66,78,88,93,94,100,101,105,117,118,121,122,124,127,129,133,134,137,138,140,141,145,147,151,159,162,164,167,170,178,181,183,189,190
OX17,77,78,82,87,88,89,93,94,97,100,101,104,105,106,107,110,115,116,117,118,120,124,125,126,127,129,130,131,132,133,135,136,138,139,140,141,143,146,147,148,150,151,152,155,156,157,158,159,160,164,165,167,168,169,170,174,175,178,181,182,183,184,186,187,188,190
OX18,84,87,89,93,94,95,97,100,104,105,112,116,117,119,120,121,122,123,125,126,130,131,132,134,135,136,137,139,140,141,143,145,147,156,159,162,165,167,171,181,182,188
OX19,69,78,93,99,100,104,105,107,110,111,113,114,116,119,121,122,127,134,135,136,140,141,143,144,151,152,153,155,157,159,162,171,174,181,182,183,184,185,186,191
OX20,87,89,93,101,104,116,119,120,121,122,123,124,126,131,132,135,136,138,143,144,146,149,150,154,171,178,182,188
OX21,78,100,101,105,111,113,114,116,117,118,121,122,124,127,129,134,135,137,138,140,141,145,147,149,150,151,153,154,159,160,162,164,167,168,170,178,181,183,185,191
OX22,97,100,105,112,125,137,139,140,144,147,156,159,167,181
OX23,88,93,100,101,105,111,112,113,114,115,116,117,121,122,124,129,130,134,135,138,140,141,147,148,153,158,159,162,164,165,167,178,181,185,190,191
OX24,93,100,105,112,115,117,121,122,123,129,134,140,144,145,147,148,158,159,160,162,164,167,168,181
OX25,82,94,102,107,110,111,113,114,116,117,118,119,121,122,123,129,130,133,135,137,141,147,151,152,153,155,157,160,163,164,165,167,168,169,170,171,174,175,183,184,185,186,187,191
OX26,89,98,100,104,105,107,110,112,115,116,117,118,120,130,135,136,137,140,143,144,148,152,155,158,159,165,166,170,174,177,178,181,182,184,186,188
OX27,101,117,124,130,134,138,141,145,149,150,154,160,162,165,168,178
OX28,94,102,111,113,114,116,123,130,133,135,144,145,151,153,163,165,169,178,183,185,187,191
OX29,100,105,112,115,140,144,147,148,158,159,167,181
OX30,98,107,110,116,117,118,121,122,123,129,130,135,137,147,152,155,164,165,166,167,170,174,177,184,186,188
OX31,121,122,123,129,130,164,165,178
OX32,118,123,137,144,147,167,170,178
OX33,119,123,129,130,141,145,160,164,165,168,171,178
Z0,0,151,180,183
Z1,1,91,116,135
Z2,2,104,136,176
Z3,3,54,83,142
Z4,4,157,166,184
Z5,5,53,108,179
Z6,6,57,109,180
Z7,7,42,62,86
Z8,8,61,100,140
Z9,9,36,61,161
Z10,10,39,102,163
Z11,11,22,57,172
Z12,12,25,53,176
Z13,13,40,98,166
Z14,14,29,39,128
Z15,15,66,76,189
Z16,16,56,91,96
Z17,17,56,131,132
Z18,18,52,128,142
Z19,19,52,84,95
Z20,20,46,111,153
Z21,21,35,69,99
Z22,22,28,129,164
Z23,23,33,107,110
Z24,24,32,111,114
Z25,12,43,73,85
Z26,26,72,105,181
Z27,27,40,126,131
Z28,28,152,179,184
Z29,14,44,60,96
Z30,30,90,118,170
Z31,31,78,100,112
Z32,31,32,80,109
Z33,33,35,83,108
Z34,20,34,119,171
Z35,21,24,149,154
Z36,9,55,65,173
Z37,37,45,148,158
Z38,38,135,188,191
Z39,29,69,82,157
Z40,27,78,81,127
Z41,15,41,155,174
Z42,42,75,97,156
Z43,43,90,110,155
Z44,10,48,143,182
Z45,45,95,126,146
Z46,11,46,76,92
Z47,47,48,147,167
Z48,47,62,124,138
Z49,8,49,82,175
Z50,50,84,94,133
Z51,51,81,89,120
Z52,18,65,121,122
Z53,0,25,130,165
Z54,54,117,134,174
Z55,55,80,87,132
Z56,17,117,123,178
Z57,3,6,169,187
Z58,58,59,160,168
Z59,13,59,159,181
Z60,60,115,137,147
Z61,36,70,104,182
Z62,7,127,163,183
Z63,4,63,88,190
Z64,64,89,99,136
Z65,19,34,107,186
Z66,66,116,144,167
Z67,67,113,153,173
Z68,68,94,145,168
Z69,44,77,149,150
Z70,70,98,103,177
Z71,71,105,140,172
Z72,72,102,106,169
Z73,5,87,177,188
Z74,74,101,154,190
Z75,38,75,77,106
Z76,41,115,158,161
Z77,58,63,125,139
Z78,79,133,187,189
Z79,23,112,148,156
Z80,49,118,137,139
Z81,50,88,151,185
Z82,68,73,113,191
Z83,1,86,152,186
Z84,71,85,97,125
Z85,26,64,134,162
Z86,16,30,114,185
Z87,2,92,101,124
Z88,93,141,146,160
Z89,51,119,138,141
Z90,67,93,150,162
Z91,120,130,170,178
Z92,121,129,171,175
Z93,122,143,145,165
Z94,123,144,159,164
OZ0,82,83,99,102,104,107,108,110,112,128,136,143,148,156,157,163,176,182
OZ1,77,97,102,106,107,108,110,112,124,127,135,138,142,143,148,152,179,182,183,186,188,191
OZ2,91,96,97,102,104,106,107,109,111,115,116,124,125,127,136,137,138,139,142,150,154,156,157,159,166,167,176,179,181,188,190,191
OZ3,96,102,107,108,110,112,114,115,116,117,131,132,135,137,142,144,148,151,156,159,163,164,167,178,179,180,183,185
OZ4,88,98,99,104,108,110,112,114,117,118,126,128,132,134,136,137,139,143,152,156,157,158,160,161,166,168,169,172,174,175,176,179,180,182,183,184,186,187
OZ5,83,107,108,110,117,134,152,155,179,186
OZ6,99,102,104,107,108,110,112,117,128,134,136,142,143,148,151,156,163,166,169,172,174,175,176,182,184,185,187,190
OZ7,105,106,107,108,110,117,119,124,141,142,143,152,155,162,163,169,179,181,182,186
OZ8,94,102,107,108,110,114,115,116,119,124,128,132,136,142,143,144,145,146,151,152,154,158,160,161,163,164,165,166,167,168,169,172,175,176,177,179,180,182,183,185,186,190
OZ9,107,115,116,125,129,139,142,144,151,155,157,158,159,161,164,166,167,169,172,174,181,184,185,186,187,190
OZ10,112,128,148,151,152,155,156,166,169,172,174,175,179,184,185,186,187,190
OZ11,98,103,104,109,111,115,116,124,127,129,130,131,138,140,144,153,156,161,164,167,170,173,176,178,179,184,186,188
OZ12,97,106,114,118,119,124,129,131,132,137,139,140,141,143,151,152,155,157,158,161,162,163,166,170,174,178,182,184,187,188,190,191
OZ13,102,104,106,109,111,115,116,124,127,129,136,138,144,150,151,152,154,155,158,161,164,167,169,172,174,176,179,184,185,187
OZ14,101,108,110,125,139,154,155,157,159,166,174,181,189,190
OZ15,108,110,124,125,127,138,139,143,151,155,157,159,166,174,181,182,183,185,187,190
OZ16,115,116,118,124,127,128,129,137,138,139,140,143,144,156,157,164,167,169,172,175,182,183,184,186
OZ17,103,118,137,139,157,161,166,184
OZ18,106,109,111,114,130,131,132,136,150,154,163,170,178,183
OZ19,104,114,130,131,132,143,151,170,176,178,180,182,183,185
OZ20,124,127,128,138,143,169,172,175,182,183
OZ21,109,111,114,118,119,125,126,127,128,130,131,132,136,137,138,146,148,152,153,154,158,159,161,169,170,171,172,175,178,179,181,184
OZ22,114,118,119,126,127,128,130,131,132,136,137,138,139,146,148,151,152,154,157,158,161,166,169,170,171,172,173,175,178,180,184,185,188,190
OZ23,118,119,127,129,130,136,137,138,139,140,141,150,153,154,155,156,157,158,161,162,173,174,179,180,185,186,187,188
OZ24,125,130,131,139,157,159,170,176,177,178,181,184
OZ25,119,127,128,130,131,138,141,150,151,153,162,166,169,170,172,173,175,176,177,178,179,180,184,185,188,190
OZ26,128,169,172,175
OZ27,117,126,141,146,148,150,152,153,155,159,162,171,179,184
OZ28,130,131,170,176,177,178
OZ29,129,131,136,140,154,156,170,176,177,178,185,186
OZ30,126,141,146,148,150,151,152,153,155,162,166,171,174,179,184,185,187,190
OZ31,151,170,174,187
OZ32,152,171,173,188
OZ33,131,136,154,170,176,177,178,185
