X0,0,30,81,155,168,186
X1,1,52,69,95,101,108
X2,2,21,82,88,159,167
X3,3,15,18,58,92,163
X4,4,54,75,136,174,185
X5,5,51,57,115,121,191
X6,6,55,74,85,99,144
X7,7,49,64,116,119,140
X8,8,54,68,107,113,164
X9,9,31,33,58,80,169
X10,10,14,43,53,67,87
X11,11,32,48,57,118,123
X12,12,42,78,83,94,163
X13,13,34,64,65,129,130
X14,14,21,24,72,105,141
X15,15,46,71,87,101,107
X16,16,30,67,97,152,164
X17,17,50,90,105,120,128
X18,18,20,56,70,91,170
X19,19,55,92,112,139,173
X20,3,43,50,99,110,151
X21,2,25,52,53,73,115
X22,8,22,51,61,149,159
X23,23,81,95,142,157,189
X24,24,36,45,96,100,139
X25,0,10,102,161,183,187
X26,26,69,90,96,124,181
X27,27,41,59,125,171,191
X28,28,45,85,111,122,177
X29,29,44,93,104,165,184
X30,16,29,89,122,138,189
X31,31,118,119,160,174,187
X32,11,22,71,83,162,178
X33,12,33,84,140,142,172
X34,34,36,79,106,143,178
X35,28,35,77,165,166,183
X36,13,37,40,132,158,179
X37,19,37,61,91,106,127
X38,38,60,126,134,175,190
X39,39,121,130,138,154,190
X40,40,49,98,103,135,156
X41,41,42,72,93,152,173
X42,20,73,111,132,153,181
X43,35,65,133,134,145,147
X44,23,46,76,116,170,177
X45,4,47,102,114,151,180
X46,48,94,97,109,136,146
X47,7,56,104,149,154,185
X48,17,62,103,108,131,162
X49,1,5,126,156,160,168
X50,32,62,110,117,169,179
X51,47,88,117,127,137,150
X52,6,66,129,146,172,176
X53,59,80,124,145,158,188
X54,38,68,89,100,167,182
X55,63,123,141,147,150,171
X56,66,75,112,133,137,184
X57,60,63,109,128,148,186
X58,26,39,78,79,125,157
X59,74,76,86,113,114,135
X60,77,82,98,153,175,180
X61,84,120,144,155,166,188
X62,86,131,143,148,176,182
OX0,56,58,70,72,75,78,83,88,89,93,94,100,102,107,109,113,114,115,117,118,119,120,123,124,125,126,127,128,134,136,137,140,141,142,144,145,147,148,149,151,152,155,158,159,160,163,164,166,167,169,172,173,175,180,182,185,186,187,190,191
OX1,58,62,67,70,71,76,81,87,89,92,93,97,98,99,101,102,103,104,107,110,122,135,138,151,152,155,156,163,164,165,168,183,184,186,187,189
OX2,44,53,65,67,72,75,79,82,85,87,88,89,90,96,102,104,106,107,108,109,111,112,113,114,116,119,120,122,123,126,129,130,131,135,136,137,139,140,143,145,148,150,151,153,154,156,161,162,164,165,166,171,174,177,178,182,183,184,186,190
OX3,61,73,76,81,87,91,95,101,107,111,116,132,142,153,157,162,177,178,181,189
OX4,65,75,76,82,83,89,92,94,97,98,99,109,111,112,113,114,122,123,126,129,131,135,136,137,141,143,144,145,148,150,153,163,165,166,171,172,177,180,182,183,184,190
OX5,62,67,73,75,76,78,79,85,90,91,93,95,96,100,102,103,106,108,109,110,111,113,114,115,117,118,122,123,124,125,126,127,128,130,132,134,135,136,137,138,139,145,147,148,149,151,152,153,154,157,158,159,160,162,164,165,166,167,168,169,174,175,177,178,181,182,183,184,185,186,190,191
OX6,71,72,73,76,82,87,88,93,98,101,107,108,120,124,128,131,135,141,152,156,162,163,173,181
OX7,42,53,73,78,81,88,89,91,92,95,98,99,100,101,103,108,111,112,114,115,116,119,121,127,128,129,131,132,133,134,135,140,141,143,147,149,153,155,157,159,161,167,171,175,177,179,180,181,183,184,185,189,190,191
OX8,53,73,76,78,82,88,101,102,103,107,109,114,117,119,121,123,125,126,128,131,135,136,140,141,142,144,145,146,151,156,158,161,162,164,166,171,172,174,179,181,183,186
OX9,72,75,81,82,83,91,93,94,95,97,98,102,107,108,111,113,114,116,117,120,124,127,131,132,135,137,141,142,146,148,149,150,151,152,153,156,157,162,163,164,173,174,177,180,182,185,186,189
OX10,67,73,75,76,81,83,88,91,93,94,95,97,102,111,113,114,116,117,127,128,132,137,142,146,148,149,150,151,152,153,157,163,164,173,174,177,180,181,182,185,186,189
OX11,73,75,76,79,81,83,87,90,91,92,94,96,99,101,102,103,109,111,113,116,119,123,124,126,127,130,131,132,136,137,138,140,141,144,145,148,149,150,151,153,154,155,156,158,162,163,164,166,168,171,172,177,179,181,182,185,186,187,189,190
OX12,76,87,98,101,107,108,135,156
OX13,75,78,79,81,82,83,87,88,90,91,94,96,98,101,107,108,111,113,116,117,121,124,125,127,128,130,132,135,137,138,142,146,148,149,150,153,154,155,156,163,165,168,173,174,177,182,183,184,185,187,189,190
OX14,81,83,85,88,89,94,95,97,103,106,109,116,117,120,122,123,124,126,128,131,135,136,139,141,142,145,146,156,157,158,163,165,166,171,173,178,179,180,183,184,189,190
OX15,78,82,88,89,91,111,112,117,119,120,121,122,124,125,127,128,129,131,132,133,140,142,143,149,150,153,177,184,185,190
OX16,83,87,92,94,98,99,101,108,114,136,146,156,163,164
OX17,79,82,87,88,89,90,91,92,95,96,97,99,101,102,111,112,117,119,122,124,127,129,130,132,133,138,140,142,143,149,150,151,153,154,155,157,162,164,165,168,173,177,183,185,186,187
OX18,82,85,87,88,89,91,98,101,102,106,108,109,111,112,114,117,120,122,123,124,126,127,129,132,133,134,136,139,141,143,144,146,147,149,151,153,156,164,171,172,174,175,177,178,184,185,186,190
OX19,85,88,92,99,103,106,114,117,120,124,128,131,134,139,145,147,150,156,158,165,166,173,175,178,179,180,183,184
OX20,92,98,99,103,112,114,127,156,173,179
OX21,87,97,101,103,108,109,117,123,164,179
OX22,89,100,102,103,109,112,114,115,116,119,121,123,127,134,135,140,141,147,150,151,155,156,159,165,167,171,174,175,179,183,184,186,190,191
OX23,88,95,97,98,102,103,112,114,116,120,124,127,135,136,141,142,144,145,146,151,156,157,158,165,166,168,171,172,179,180,183,184,186,187
OX24,108,112,117,127,128,131,134,141,147,150,155,156,162,165,171,175,183,184
OX25,102,109,112,114,116,117,119,123,127,135,140,151,155,165,174,183,184,186
OX26,95,97,103,109,117,119,120,123,124,128,129,131,133,134,136,140,142,143,144,145,146,147,156,157,158,165,166,168,172,174,175,179,183,187
OX27,91,97,98,109,112,116,117,119,123,127,128,129,131,132,133,134,135,136,140,143,144,145,146,147,149,155,158,166,172,175,184,185
OX28,112,117,120,124,127,141,145,150,155,158,165,171,183,184
OX29,103,117,134,141,147,150,156,171,175,179
OX30,107,113,129,131,133,136,143,144,146,148,164,165,166,172,182,183
OX31,128,129,131,133,143,155,165,183
OX32,97,109,120,123,124,136,141,144,145,146,150,155,158,166,171,172
OX33,109,120,123,124,141,145,150,158,171,186
Z0,0,160,168,187
Z1,1,103,108,156
Z2,2,73,82,153
Z3,3,58,110,169
Z4,4,102,174,187
Z5,5,57,118,160
Z6,6,74,86,176
Z7,7,64,130,154
Z8,8,68,159,167
Z9,9,18,58,70
Z10,10,43,102,151
Z11,11,48,83,94
Z12,12,94,146,172
Z13,13,40,49,64
Z14,14,67,72,152
Z15,15,71,83,163
Z16,16,29,93,152
Z17,17,128,131,148
Z18,9,27,59,80
Z19,19,112,127,137
Z20,20,37,91,132
Z21,21,24,100,167
Z22,11,22,51,57
Z23,23,122,177,189
Z24,24,90,96,105
Z25,10,25,53,161
Z26,26,69,95,157
Z27,15,18,46,170
Z28,28,85,144,166
Z29,29,104,138,154
Z30,30,97,109,186
Z31,31,33,119,140
Z32,32,117,123,150
Z33,33,80,84,188
Z34,34,39,79,130
Z35,35,133,165,184
Z36,26,36,79,96
Z37,20,111,170,177
Z38,38,60,148,182
Z39,34,129,143,176
Z40,13,65,145,158
Z41,41,72,141,171
Z42,42,92,163,173
Z43,14,43,50,105
Z44,44,56,70,104
Z45,45,55,85,139
Z46,46,76,107,113
Z47,47,82,88,180
Z48,48,63,109,123
Z49,40,62,103,179
Z50,17,50,62,110
Z51,22,61,106,178
Z52,52,53,87,101
Z53,52,69,73,181
Z54,8,54,149,185
Z55,3,55,92,99
Z56,44,161,165,183
Z57,2,51,115,159
Z58,45,89,100,122
Z59,59,145,147,171
Z60,38,89,138,190
Z61,5,121,126,190
Z62,49,76,116,135
Z63,60,63,134,147
Z64,7,119,174,185
Z65,65,66,129,133
Z66,66,75,136,146
Z67,67,87,107,164
Z68,68,86,113,182
Z69,19,36,106,139
Z70,56,61,91,149
Z71,71,101,108,162
Z72,41,42,78,125
Z73,6,84,144,172
Z74,4,47,75,137
Z75,28,77,111,153
Z76,12,78,142,157
Z77,39,121,125,191
Z78,31,32,118,169
Z79,1,81,95,168
Z80,74,99,114,151
Z81,35,77,134,175
Z82,54,97,136,164
Z83,21,88,141,150
Z84,90,120,124,188
Z85,37,117,127,179
Z86,93,112,173,184
Z87,16,30,81,189
Z88,98,126,156,175
Z89,98,114,135,180
Z90,23,116,140,142
Z91,120,128,155,186
Z92,124,132,158,181
Z93,131,143,162,178
Z94,0,155,166,183
OZ0,97,99,113,125,126,135,136,142,144,145,147,149,151,156,157,159,164,167,171,172,175,176,180,182,185,188
OZ1,82,92,94,100,101,103,104,105,106,107,108,112,121,127,128,129,130,132,137,138,139,141,142,143,146,152,153,154,156,158,163,164,165,166,167,168,171,172,173,176,186,188,189,191
OZ2,99,109,112,113,125,126,135,136,142,144,145,147,149,151,152,156,157,159,160,164,165,167,168,171,172,173,175,176,180,182,183,184,185,186,187,188
OZ3,73,92,94,101,102,103,105,107,108,110,115,117,118,119,121,123,125,128,132,138,140,141,146,150,151,152,156,157,158,163,164,166,168,171,172,173,183,186,188,189
OZ4,76,92,94,101,107,108,110,119,121,122,129,130,132,133,135,136,137,138,140,143,145,148,150,151,152,153,154,156,162,163,164,166,168,171,172,173,177,178,179,180,183,185,186,187,188,191
OZ5,83,89,94,102,104,105,106,109,117,118,121,123,125,127,128,129,130,132,133,134,136,137,141,145,146,147,148,150,153,154,157,160,165,166,168,174,178,179,180,182,186,187,188,189,190,191
OZ6,92,94,96,101,102,103,104,105,106,107,108,110,112,117,118,123,125,127,128,129,130,132,137,139,141,142,143,146,150,151,152,154,156,157,158,163,164,165,166,168,171,172,173,176,181,186,187,188
OZ7,89,100,105,106,110,111,112,117,118,121,122,123,125,127,128,132,133,134,136,138,139,141,143,146,151,157,158,160,166,168,174,175,176,180,183,186,187,188,189,191
OZ8,101,102,103,107,108,110,112,117,118,123,150,151,152,156,160,164,165,173,183,184
OZ9,96,100,104,105,106,110,111,112,113,117,122,126,127,128,129,130,132,133,135,136,137,138,141,143,145,146,148,149,150,151,152,153,154,156,158,159,164,167,173,180,181,184,185,190
OZ10,100,102,111,113,118,119,122,123,125,126,133,135,136,138,139,140,142,145,146,148,149,152,153,156,157,159,160,164,165,166,167,168,171,173,176,180,184,185,186,187,188,190
OZ11,102,104,106,110,111,112,113,117,119,121,122,125,127,132,135,138,140,142,143,148,151,152,156,157,158,164,166,168,173,174,183,184,185,186,188,191
OZ12,104,106,110,118,119,123,127,132,137,140,143,145,147,151,153,166,172,174,176,179,180,183,184,185,187,188
OZ13,103,105,109,111,112,113,117,118,122,123,125,128,132,135,141,143,146,148,149,150,152,157,159,160,162,164,165,167,168,171,173,174,176,178,179,182,183,184,185,186,187,189
OZ14,106,110,118,123,127,132,137,138,142,143,145,147,151,153,154,165,166,172,174,176,179,180,184,185,188,189
OZ15,110,111,112,113,122,135,137,142,145,147,148,150,151,152,153,156,158,164,168,172,173,176,179,180,186,189
OZ16,105,111,121,122,128,132,138,141,158,160,166,168,171,183,186,187,188,191
OZ17,111,112,113,117,118,122,123,125,129,130,133,134,135,136,138,142,145,146,147,148,150,152,153,156,157,158,164,168,171,172,173,174,175,176,179,186
OZ18,109,118,121,123,125,126,132,142,145,146,147,148,149,153,154,157,158,159,160,167,172,175,182,191
OZ19,112,113,117,118,123,129,130,132,134,135,145,148,150,152,153,154,156,164,165,166,168,173,174,175,176,179,184,185,186,188
OZ20,118,119,121,123,125,126,134,138,140,147,148,157,168,172,176,186,189,191
OZ21,121,125,129,130,137,142,145,147,150,157,165,166,172,184,188,191
OZ22,119,126,129,130,137,140,145,147,150,160,165,166,172,184,188,190
OZ23,132,134,145,153,158,175
OZ24,117,125,126,129,130,133,136,138,145,146,150,154,157,158,160,165,171,179,183,184,185,187,189,190
OZ25,129,130,137,138,142,145,147,150,165,166,172,184,188,189
OZ26,138,142,149,154,159,167,172,176,182,189
OZ27,126,154,160,174,185,190
OZ28,134,137,147,148,149,150,154,159,160,165,167,168,182,183,184,186,187,190
OZ29,136,146,149,159,167,176,182,185
OZ30,125,133,137,142,145,148,150,157,160,166,168,171,172,176,183,186,187,188
OZ31,148,149,159,160,167,168,174,182,185,186
OZ32,133,145,165,166,184,188
OZ33,137,145,147,150,165,166,184,188
