X0,0,26,115,139,141,144
X1,1,5,53,70,159,189
X2,2,18,44,48,117,188
X3,3,13,49,53,134,178
X4,4,25,79,120,163,175
X5,5,80,84,121,129,152
X6,6,34,44,72,126,166
X7,7,19,21,115,116,170
X8,8,27,48,64,93,156
X9,9,16,50,70,171,176
X10,10,28,123,136,168,185
X11,11,20,37,123,131,153
X12,12,21,43,56,81,89
X13,13,111,122,132,173,182
X14,14,81,86,133,179,180
X15,15,69,90,140,170,173
X16,16,40,96,112,134,140
X17,17,39,41,114,146,162
X18,11,12,18,29,109,190
X19,19,55,107,108,145,156
X20,20,73,77,83,117,125
X21,7,31,59,118,143,181
X22,22,23,58,82,87,152
X23,23,27,40,160,163,190
X24,24,52,62,78,149,177
X25,25,45,64,88,167,182
X26,26,41,50,61,97,157
X27,22,28,38,51,77,133
X28,10,60,82,122,142,172
X29,2,43,76,128,135,177
X30,29,30,58,111,116,165
X31,31,33,52,69,100,110
X32,32,73,79,98,112,148
X33,33,71,72,76,147,189
X34,34,54,105,106,124,185
X35,3,35,36,74,78,129
X36,14,36,68,100,104,183
X37,37,101,148,161,176,183
X38,8,66,67,85,95,130
X39,39,46,95,98,104,181
X40,0,9,113,145,167,169
X41,38,56,94,121,139,149
X42,42,63,80,85,141,164
X43,6,35,93,132,154,174
X44,15,45,62,92,105,184
X45,46,91,135,150,155,175
X46,47,137,138,161,179,191
X47,30,114,124,131,137,154
X48,49,51,68,99,130,160
X49,24,57,67,91,174,191
X50,1,42,65,75,119,168
X51,55,118,119,155,158,188
X52,57,113,136,164,180,184
X53,59,60,103,106,147,178
X54,61,74,101,151,166,187
X55,4,83,92,94,126,157
X56,63,99,103,125,158,186
X57,65,71,108,127,153,187
X58,66,84,107,146,151,165
X59,75,88,138,150,171,172
X60,86,96,109,110,127,169
X61,87,97,102,120,128,159
X62,47,89,102,142,143,162
OX0,43,51,54,56,60,64,67,70,71,73,74,77,79,81,84,85,90,91,93,96,97,102,103,104,106,107,108,109,113,114,115,119,123,127,130,131,134,135,137,138,139,140,141,142,145,150,156,157,158,160,163,165,166,167,169,171,175,178,179,183,186,188,189,191
OX1,50,51,54,64,67,69,72,73,76,78,80,81,83,85,91,94,97,100,103,104,105,108,109,110,112,115,119,120,125,126,130,133,134,136,138,139,145,149,150,153,158,160,163,168,170,172,173,174,175,176,177,179,182,183,187,191
OX2,51,54,56,70,72,73,74,76,77,78,81,82,83,84,85,88,93,96,100,102,104,105,109,110,111,121,123,124,126,127,128,130,134,135,136,137,141,150,152,154,155,159,160,161,162,164,166,169,171,173,174,177,180,181,182,183,186,191
OX3,64,67,69,71,72,73,76,79,84,85,93,94,95,96,97,99,101,103,104,106,108,111,114,115,119,120,121,122,124,125,127,135,136,138,139,145,146,148,149,151,152,153,154,155,158,159,162,163,168,169,170,172,176,177,178,180,181,185,189,191
OX4,54,56,69,71,72,73,74,76,77,78,80,83,84,93,97,100,103,105,107,110,111,114,115,118,120,121,122,123,125,126,127,131,132,133,135,136,138,145,152,153,156,159,161,162,165,166,168,170,172,174,177,178,179,181,187,188,189,191
OX5,56,69,74,77,78,80,85,88,90,91,92,93,95,96,99,100,101,104,105,107,108,110,113,118,119,120,123,131,133,136,139,140,146,148,149,151,155,156,157,158,161,164,165,166,167,169,170,173,174,175,176,179,182,187,188,191
OX6,69,71,73,78,80,82,83,85,88,90,91,93,95,96,99,100,101,102,103,104,105,106,108,110,113,119,120,122,125,126,128,131,135,137,138,139,140,148,155,157,158,162,164,167,168,169,170,172,173,174,175,176,178,181,182,185,187,189
OX7,70,72,76,80,85,88,94,97,99,103,108,119,125,127,138,141,149,150,153,157,158,164,168,171,172,177,186,187
OX8,71,73,78,81,83,88,90,91,93,95,97,99,100,101,103,105,106,107,109,110,111,113,114,115,118,121,122,124,125,126,127,130,133,135,138,139,140,145,148,152,154,156,157,159,162,164,165,167,168,172,173,174,175,176,178,179,180,181,182,183,185,187,188,189
OX9,73,74,80,82,83,85,91,92,94,95,96,97,102,106,111,114,120,121,126,127,128,130,131,132,136,137,139,140,141,146,151,152,153,159,164,166,169,173,180,182,185,186,187,191
OX10,74,107,108,118,119,127,146,151,153,155,156,158,165,166,187,188
OX11,60,78,80,81,85,88,90,91,92,93,94,95,97,100,101,102,105,107,108,109,110,111,113,114,115,118,119,121,122,124,128,130,133,137,140,142,145,148,152,153,154,155,156,157,158,159,161,164,165,167,168,172,173,174,175,176,180,182,183,185,188,191
OX12,77,78,80,81,82,85,88,90,91,92,93,94,95,97,99,100,101,102,104,105,107,108,109,110,111,113,114,115,118,119,121,123,124,128,133,136,137,140,145,148,152,153,154,155,156,157,158,159,161,164,165,167,173,174,175,176,179,182,188,191
OX13,80,82,84,91,95,96,99,102,106,108,111,114,118,119,125,128,130,131,132,135,136,137,140,141,146,151,155,158,164,169,173,180,182,185,186,191
OX14,72,76,79,83,84,85,92,104,107,108,112,118,119,126,127,130,146,148,149,151,153,155,156,158,165,177,187,188
OX15,78,81,82,84,85,91,93,95,97,99,100,103,104,108,109,110,111,114,119,120,121,124,125,127,131,133,135,136,138,140,141,142,146,151,152,154,155,158,159,161,162,164,173,174,181,182,183,186
OX16,82,84,85,88,90,91,92,94,95,96,97,99,101,102,103,104,105,108,111,113,114,115,119,121,125,127,128,132,137,140,141,145,146,148,151,152,153,157,158,159,161,167,169,173,175,176,179,182,186,191
OX17,81,84,85,97,99,101,102,106,107,109,120,121,125,128,131,133,136,137,138,141,142,146,148,151,152,153,155,156,159,162,164,165,176,179,181,183,185,186,188,191
OX18,79,83,84,85,88,90,91,95,97,99,104,105,106,108,112,113,114,115,118,119,120,121,125,126,131,136,138,141,145,146,148,151,152,158,159,161,162,167,168,172,175,179,180,181,185,186
OX19,67,84,85,88,93,95,113,114,124,130,131,132,135,138,146,151,154,155,161,162,164,167,168,172,175,179,181,191
OX20,88,91,95,97,99,106,107,113,114,120,121,125,130,131,136,138,141,152,155,156,159,161,162,165,167,168,172,175,179,180,181,185,186,188
OX21,91,95,96,97,99,106,108,118,119,120,121,124,125,130,132,135,136,140,141,152,154,155,158,159,164,169,173,180,182,185,186,191
OX22,90,92,94,97,105,108,115,118,119,120,121,135,139,145,152,155,158,159
OX23,99,101,102,103,104,107,108,114,119,120,125,127,128,130,135,137,139,141,142,148,150,153,156,157,158,161,164,165,168,172,175,176,179,186,188,191
OX24,84,85,101,102,104,108,114,118,119,120,127,128,130,135,137,139,141,142,146,148,150,151,153,155,157,158,161,164,168,172,175,176,179,191
OX25,97,102,120,121,128,141,142,152,159,164,168,172
OX26,96,101,103,106,107,114,118,120,124,127,132,135,138,139,140,141,148,153,154,156,157,162,164,165,168,169,172,173,176,179,181,182,183,185,188,191
OX27,102,103,106,107,114,118,120,128,131,135,136,138,139,141,142,150,156,157,161,162,164,165,175,179,180,181,185,188
OX28,101,103,106,108,119,120,127,131,135,137,138,139,141,148,153,155,157,158,162,164,168,172,176,179,181,183,185,191
OX29,107,114,120,135,137,138,139,141,156,157,161,164,165,168,172,179,188,191
OX30,103,106,118,120,131,136,137,139,141,150,157,162,164,175,180,181,185,191
OX31,120,136,139,141,150,157,164,175,180,191
OX32,135,137,150,155,161,162,175,179,181,191
OX33,136,138,168,172,180,191
Z0,0,113,141,164
Z1,1,70,75,171
Z2,2,135,155,188
Z3,3,5,53,129
Z4,4,97,120,157
Z5,5,87,152,159
Z6,6,35,74,166
Z7,7,21,89,143
Z8,8,66,107,156
Z9,9,88,167,171
Z10,10,75,168,172
Z11,11,109,127,153
Z12,12,21,29,116
Z13,13,134,140,173
Z14,14,161,179,183
Z15,15,45,173,182
Z16,16,112,148,176
Z17,17,26,41,144
Z18,18,27,48,190
Z19,0,19,115,145
Z20,20,28,77,123
Z21,7,31,69,170
Z22,22,38,121,152
Z23,22,23,51,160
Z24,24,35,78,174
Z25,25,88,150,175
Z26,26,94,139,157
Z27,25,27,64,163
Z28,11,18,20,117
Z29,12,81,86,109
Z30,30,111,132,154
Z31,23,29,58,190
Z32,32,73,125,186
Z33,33,52,76,177
Z34,34,92,105,126
Z35,6,34,124,154
Z36,36,52,78,100
Z37,37,131,137,161
Z38,38,56,81,133
Z39,39,143,162,181
Z40,40,49,134,160
Z41,41,61,146,151
Z42,42,136,164,168
Z43,43,89,102,128
Z44,44,83,117,126
Z45,45,113,167,184
Z46,46,67,91,95
Z47,47,114,137,162
Z48,48,55,156,188
Z49,40,79,112,163
Z50,50,61,101,176
Z51,51,77,99,125
Z52,3,36,49,68
Z53,53,147,178,189
Z54,15,54,90,105
Z55,55,65,108,119
Z56,31,33,59,147
Z57,57,179,180,191
Z58,58,82,111,122
Z59,59,103,118,158
Z60,10,60,106,185
Z61,50,70,97,159
Z62,62,92,94,149
Z63,63,85,99,130
Z64,64,93,132,182
Z65,1,65,71,189
Z66,66,80,84,85
Z67,8,67,93,174
Z68,68,95,104,130
Z69,69,96,110,140
Z70,28,133,136,180
Z71,71,72,166,187
Z72,2,44,72,76
Z73,4,73,79,83
Z74,74,84,129,151
Z75,13,60,122,178
Z76,43,56,149,177
Z77,24,57,62,184
Z78,46,118,155,181
Z79,82,87,102,142
Z80,17,32,39,98
Z81,42,63,119,158
Z82,14,86,100,110
Z83,9,16,96,169
Z84,90,115,144,170
Z85,91,138,150,191
Z86,98,104,148,183
Z87,37,101,153,187
Z88,54,103,106,186
Z89,19,107,116,165
Z90,108,127,145,169
Z91,30,114,146,165
Z92,47,138,142,172
Z93,120,128,135,175
Z94,123,124,131,185
OZ0,77,81,89,100,102,110,117,124,127,128,131,133,135,136,153,155,161,179,180,183,185,188
OZ1,79,83,96,97,104,112,113,125,128,131,135,137,141,143,144,146,151,153,157,161,162,164,169,175,181,183,186,187
OZ2,81,87,89,93,95,96,97,99,100,102,104,109,110,115,116,117,118,119,121,125,126,130,131,134,136,137,138,139,141,143,144,145,146,147,150,152,153,156,157,158,159,162,163,164,165,166,168,169,174,175,178,179,186,187,188,189,190,191
OZ3,87,92,93,95,96,99,113,116,118,119,121,126,130,134,136,138,139,141,145,147,150,151,152,155,156,158,159,164,165,166,167,168,169,170,173,174,178,181,182,184,189,191
OZ4,92,97,99,100,104,110,113,115,124,127,128,135,136,137,143,144,146,151,157,160,162,163,167,170,173,175,179,180,181,182,184,185,186,187
OZ5,99,102,105,109,113,115,117,118,124,125,127,128,131,135,143,144,153,155,158,160,167,170,173,182,184,186,188,190
OZ6,83,93,96,100,104,109,110,112,113,115,119,122,125,126,127,128,131,132,134,136,137,139,140,141,143,144,145,146,147,148,149,151,153,155,156,159,162,163,164,166,168,170,171,172,175,176,177,178,179,180,181,186,189,190
OZ7,113,132,167,174,179,180,182,191
OZ8,93,95,97,104,105,109,112,119,122,124,126,127,130,134,135,136,139,141,145,147,148,149,154,155,156,157,159,160,161,164,166,167,168,171,172,176,177,178,179,180,182,183,184,187,189,190
OZ9,94,96,97,132,134,139,141,147,157,159,164,167,169,174,178,179,180,182,189,191
OZ10,95,104,105,106,109,115,124,130,132,134,136,140,141,154,160,161,164,167,169,170,178,179,180,182,183,184,185,190
OZ11,104,112,115,117,125,128,131,132,134,137,139,141,143,144,146,147,148,149,150,151,153,155,159,161,162,164,170,171,173,174,176,177,178,179,180,181,183,186,187,188,189,191
OZ12,96,102,105,106,115,117,118,125,128,134,135,141,143,155,158,164,167,169,170,173,178,182,184,188
OZ13,97,100,106,109,110,115,117,125,126,131,132,135,136,137,139,141,144,147,149,150,153,155,157,159,163,164,166,170,171,173,174,175,176,177,183,185,186,187,188,189,190,191
OZ14,100,110,124,127,131,136,153,161,179,180,183,185
OZ15,105,106,109,112,115,127,131,132,134,141,148,150,153,154,163,164,170,171,173,175,176,178,184,190
OZ16,112,115,117,125,128,132,134,139,141,144,147,148,149,150,155,159,164,170,171,173,174,176,177,178,179,180,186,188,189,191
OZ17,102,109,116,117,124,125,127,131,134,135,136,137,138,139,140,144,146,147,149,150,153,154,155,159,162,163,165,170,174,175,177,178,179,180,185,186,188,189,190,191
OZ18,109,115,117,125,128,132,134,139,140,141,144,147,149,155,159,163,164,167,169,170,174,175,177,178,179,180,182,186,188,189,190,191
OZ19,106,115,117,118,125,127,131,132,134,136,140,141,142,143,150,153,154,155,158,164,167,169,170,172,178,182,185,188
OZ20,119,122,124,128,131,134,137,138,139,140,141,142,146,147,149,150,151,153,154,155,159,162,164,168,173,174,177,178,179,180,185,187,189,191
OZ21,115,117,118,124,125,132,136,141,142,143,150,154,155,158,164,170,172,173,185,188
OZ22,117,118,124,125,136,142,143,150,154,155,158,172,174,179,180,185,188,191
OZ23,116,124,128,131,134,136,139,140,144,147,149,150,151,153,155,158,159,161,165,170,171,176,177,178,179,180,185,186,187,189
OZ24,124,128,131,132,134,136,137,138,139,140,142,144,146,147,149,150,151,153,154,155,158,159,161,162,171,172,173,176,177,178,179,180,185,186,187,189
OZ25,122,127,135,137,138,139,142,144,146,149,151,154,155,158,161,162,167,169,171,174,176,177,182,186,187,191
OZ26,118,127,128,131,134,139,140,142,143,144,147,149,153,154,158,159,161,167,169,171,172,173,174,176,177,178,182,186,189,191
OZ27,128,131,132,134,138,139,140,142,144,146,147,149,150,151,153,154,155,158,159,161,162,171,172,173,176,177,178,186,187,189
OZ28,127,131,132,135,137,139,141,149,150,153,161,164,167,169,171,174,176,177,179,180,182,191
OZ29,135,137,139,141,149,150,154,161,164,171,174,176,177,179,180,191
OZ30,131,137,138,142,146,151,153,162,172,187
OZ31,137,141,144,150,154,155,158,161,164,171,174,176,179,180,186,191
OZ32,138,141,144,150,155,158,164,179,180,186
OZ33,141,144,150,155,158,161,164,171,176,179,180,186
