X0,0,35,51,111,125,186
X1,1,75,78,81,118,148
X2,2,20,30,145,151,175
X3,3,6,55,76,178,188
X4,4,90,139,148,161,181
X5,5,14,64,76,91,105
X6,6,107,122,144,146,154
X7,7,10,80,123,143,145
X8,8,32,53,107,150,168
X9,9,69,82,84,126,188
X10,7,45,69,117,180,182
X11,11,39,104,117,119,189
X12,12,48,91,127,141,144
X13,13,97,98,119,124,143
X14,14,24,49,94,163,179
X15,15,30,31,62,150,173
X16,16,33,46,133,159,180
X17,17,22,96,100,142,153
X18,18,19,31,99,149,184
X19,18,43,79,101,103,174
X20,2,75,88,113,116,187
X21,21,29,42,51,86,156
X22,17,44,78,111,114,191
X23,23,36,136,138,163,177
X24,0,24,63,132,157,167
X25,25,70,100,121,124,141
X26,26,53,58,87,118,190
X27,27,74,108,131,162,166
X28,28,40,73,105,115,172
X29,29,65,104,106,129,130
X30,15,77,110,112,152,171
X31,8,22,81,109,134,151
X32,16,37,95,113,120,156
X33,34,49,72,93,158,178
X34,5,41,54,71,177,189
X35,36,50,52,57,86,174
X36,37,50,59,61,92,152
X37,38,109,126,137,160,183
X38,39,47,64,70,84,167
X39,40,55,60,77,168,183
X40,3,41,56,83,110,182
X41,11,21,23,132,133,185
X42,43,67,68,87,114,169
X43,12,32,73,96,149,169
X44,45,95,129,137,171,175
X45,46,80,89,161,166,187
X46,47,125,130,153,160,172
X47,48,71,97,99,147,155
X48,28,35,52,68,94,176
X49,27,33,56,92,136,158
X50,9,34,128,157,159,181
X51,26,60,61,72,85,176
X52,54,57,65,112,115,184
X53,58,59,74,79,116,173
X54,13,19,20,106,142,170
X55,25,63,90,102,140,191
X56,66,89,98,140,165,185
X57,67,102,127,135,164,179
X58,10,62,83,108,122,147
X59,1,38,85,120,128,186
X60,4,82,121,123,134,146
X61,93,135,139,154,162,190
X62,101,131,138,155,164,165
OX0,59,60,61,69,72,74,77,78,79,80,83,87,88,95,107,108,110,112,113,117,120,122,123,126,128,129,134,143,147,148,152,160,168,176,180,182,183,186,187,190
OX1,55,57,60,61,69,71,77,78,79,86,87,88,89,107,112,117,122,123,126,128,129,131,133,134,136,143,147,148,156,158,159,160,161,162,168,174,176,177,183,186,189,190
OX2,69,81,84,109,121,123,134,137,146,160,183,188
OX3,74,80,81,83,84,89,95,108,109,117,121,123,129,131,134,146,160,161,162,171,175,180,182,183,187,188
OX4,52,56,57,60,64,70,71,73,78,79,80,84,85,86,87,88,94,95,97,98,99,102,103,105,106,107,108,111,112,113,114,115,116,117,118,119,120,121,124,125,126,127,128,129,131,134,135,137,138,142,144,147,148,149,150,151,152,154,155,156,165,167,168,169,170,172,173,176,177,178,179,180,183,184,187,189
OX5,78,79,87,88
OX6,57,64,65,70,71,72,73,77,80,81,83,85,89,95,97,98,99,102,103,106,108,109,110,111,112,113,114,116,118,119,120,122,124,125,127,133,134,135,136,138,142,143,144,146,149,150,151,152,154,155,158,159,161,162,165,167,169,170,172,173,174,177,178,179,180,182,183,186,187,188,189,190
OX7,56,60,65,77,83,84,86,89,90,91,94,100,102,105,110,115,117,120,121,123,124,129,131,133,134,136,140,141,143,144,146,147,148,154,156,159,160,161,162,163,168,174,178,179,182,183,184,188,190,191
OX8,60,65,72,77,79,80,81,85,86,87,89,90,91,92,94,95,100,102,105,107,109,110,113,115,116,118,121,122,123,124,126,128,129,131,133,134,136,137,140,141,143,147,156,159,161,162,163,168,174,179,180,184,186,187,190,191
OX9,64,65,70,71,77,85,86,90,92,94,98,100,103,105,106,110,111,113,114,115,116,118,119,123,125,131,134,135,138,140,142,143,144,145,146,147,148,151,156,158,163,165,167,170,171,175,186,187,188,191
OX10,77,84,85,86,90,91,92,94,97,100,102,103,105,110,111,113,114,115,116,117,118,123,129,134,140,141,142,143,145,146,148,151,153,156,158,160,163,171,172,175,179,186,187,188,189,191
OX11,61,70,71,73,80,81,83,84,86,89,91,92,95,97,98,99,100,106,108,109,117,122,124,125,127,129,134,140,143,144,145,146,149,150,152,153,155,156,160,165,167,169,170,171,173,174,175,176,180,182,183,184,185,186,188,191
OX12,71,91,97,102,131,135,138,141,144,147,165,179
OX13,65,70,97,98,106,119,121,125,129,141,143,153,160,167,170,172
OX14,72,79,81,86,87,90,91,94,100,102,103,105,107,109,111,112,114,115,120,122,123,124,126,128,129,134,137,140,141,144,153,154,156,158,163,172,178,179,183,191
OX15,70,85,86,89,97,98,106,107,111,114,118,119,121,122,123,125,131,141,145,147,156,161,162,167,170,174,184,186,187,190
OX16,81,83,84,86,92,103,108,109,113,116,117,120,121,123,129,133,134,136,146,152,156,158,159,160,171,173,175,182,183,188
OX17,73,79,80,84,85,87,90,91,94,95,99,105,107,112,113,115,116,117,118,119,120,123,124,127,129,133,135,136,138,141,142,146,149,150,151,155,159,160,161,162,163,169,172,180,185,186,187,188,189,190
OX18,80,83,84,85,90,91,92,94,95,97,102,105,107,108,111,112,114,115,117,118,119,120,122,126,128,131,137,141,146,147,152,153,158,160,161,162,163,165,171,172,173,175,179,180,182,185,186,187,188,190
OX19,79,83,84,85,86,87,92,98,100,106,107,108,113,116,117,118,121,122,126,128,129,131,133,136,137,140,142,143,145,146,147,151,152,156,158,159,161,162,165,170,171,173,174,175,182,184,185,186,187,188,190,191
OX20,85,86,89,97,100,103,111,113,114,116,118,119,124,129,134,140,143,145,148,153,156,160,165,171,172,175,185,186,187,191
OX21,83,89,92,98,103,106,107,108,113,116,119,122,123,126,128,129,131,133,134,136,137,143,147,148,152,158,159,161,162,170,171,173,174,175,182,184,189,190
OX22,89,97,100,119,124,140,143,165,185,191
OX23,86,97,100,103,107,113,116,119,120,122,123,124,126,128,129,131,134,137,140,147,148,156,161,162,165,171,175,185,190,191
OX24,84,90,91,94,97,100,102,105,112,115,117,123,126,128,129,133,136,137,140,141,142,143,146,151,159,163,179,188,189,191
OX25,97,100,107,119,122,123,124,131,140,145,147,161,162,165,185,187,190,191
OX26,123,124,134,142,145,148,151,187
OX27,91,99,102,122,131,135,138,141,144,149,150,155,165,179
OX28,90,94,99,100,105,112,115,121,122,124,126,128,129,131,133,134,135,136,137,138,140,144,145,148,149,150,155,159,163,165,187,191
OX29,134,145,148,187
OX30,121,143,144,147
OX31,94,99,100,105,107,112,115,126,128,129,131,133,136,137,138,140,142,145,149,150,151,155,159,161,162,163,165,187,190,191
OX32,99,100,107,131,138,140,142,145,149,150,151,155,161,162,165,187,190,191
OX33,100,140,142,145,151,161,187,191
Z0,0,47,125,167
Z1,1,38,81,109
Z2,2,80,145,187
Z3,3,55,77,110
Z4,4,9,82,181
Z5,5,54,105,115
Z6,6,93,154,178
Z7,7,46,80,180
Z8,8,109,168,183
Z9,9,38,126,128
Z10,7,10,83,182
Z11,11,21,29,104
Z12,12,67,127,169
Z13,13,66,98,170
Z14,14,28,94,105
Z15,15,30,171,175
Z16,16,45,95,180
Z17,17,25,100,191
Z18,18,99,101,155
Z19,19,65,106,184
Z20,19,20,30,31
Z21,11,98,119,185
Z22,8,22,32,96
Z23,23,138,165,185
Z24,24,63,102,179
Z25,17,111,125,153
Z26,26,53,60,168
Z27,27,56,83,108
Z28,14,91,127,179
Z29,29,42,106,170
Z30,15,59,152,173
Z31,31,32,149,150
Z32,27,33,46,166
Z33,34,93,139,181
Z34,35,85,176,186
Z35,36,54,57,177
Z36,37,59,113,116
Z37,4,81,134,148
Z38,39,47,104,130
Z39,40,77,112,115
Z40,41,117,182,189
Z41,42,86,103,174
Z42,43,67,101,164
Z43,44,66,140,191
Z44,45,69,126,137
Z45,23,33,133,136
Z46,0,21,51,132
Z47,12,48,99,149
Z48,24,34,49,157
Z49,37,50,86,156
Z50,51,120,156,186
Z51,36,52,94,163
Z52,53,107,154,190
Z53,50,52,61,176
Z54,55,60,72,178
Z55,10,97,143,147
Z56,18,57,174,184
Z57,58,74,162,190
Z58,20,22,142,151
Z59,1,26,85,118
Z60,61,72,92,158
Z61,62,107,122,150
Z62,25,63,70,167
Z63,64,70,91,141
Z64,65,112,129,171
Z65,13,100,124,142
Z66,48,122,144,147
Z67,28,68,73,169
Z68,16,120,128,159
Z69,64,76,84,188
Z70,71,97,119,189
Z71,73,96,153,172
Z72,43,58,79,87
Z73,75,148,161,187
Z74,49,136,158,163
Z75,40,160,172,183
Z76,78,87,114,118
Z77,79,88,103,116
Z78,2,95,113,175
Z79,6,82,146,188
Z80,3,5,41,76
Z81,35,68,111,114
Z82,62,74,108,173
Z83,89,131,165,166
Z84,90,102,135,139
Z85,56,92,110,152
Z86,71,138,155,177
Z87,39,69,84,117
Z88,89,90,140,161
Z89,121,141,144,146
Z90,123,134,145,151
Z91,121,123,124,143
Z92,129,130,137,160
Z93,131,135,162,164
Z94,132,133,157,159
OZ0,86,91,96,99,100,101,104,105,106,107,108,111,116,118,119,120,134,138,140,141,142,143,145,146,147,148,149,150,151,153,156,161,162,163,164,165,172,173,174,179,186,187,190,191
OZ1,72,91,93,94,95,100,104,105,107,109,111,117,118,120,130,134,137,139,140,141,146,148,153,159,160,161,162,164,165,166,168,172,176,179,180,181,183,186,190,191
OZ2,93,95,96,100,104,106,107,111,113,115,116,117,118,127,128,133,134,136,138,139,140,141,142,146,148,149,150,151,153,158,161,162,164,166,172,173,175,180,181,184,185,186,190,191
OZ3,91,105,110,112,115,117,127,163,177,179,182,189
OZ4,32,95,96,100,104,106,111,116,117,120,122,125,128,134,140,141,142,144,146,147,150,151,153,154,155,159,162,165,166,173,175,180,187,191
OZ5,95,110,112,115,116,119,120,122,128,138,143,145,147,150,154,155,159,160,162,166,168,172,173,175,177,180,182,183,187,189
OZ6,100,104,106,109,110,112,113,114,117,119,120,122,126,127,128,133,136,139,140,141,142,143,145,147,149,151,154,155,158,159,161,164,169,177,178,182,184,185,187,188,189,191
OZ7,96,99,101,103,104,107,108,110,112,115,116,117,118,119,130,134,138,139,142,143,145,146,147,148,149,150,151,166,170,172,173,177,182,187,189,190
OZ8,104,106,107,110,111,113,114,115,117,118,119,120,122,134,137,138,139,142,143,145,146,147,148,149,151,153,154,155,162,166,168,169,171,172,177,182,183,184,186,187,189,190
OZ9,81,83,99,101,103,106,108,111,112,114,115,117,118,119,122,125,126,130,134,136,138,139,143,145,146,147,149,158,160,161,166,169,170,171,172,175,178,182,188,190
OZ10,107,109,112,115,118,125,126,128,133,134,136,137,138,139,146,148,158,159,165,168,171,172,178,183,185,186,188,190
OZ11,101,103,106,108,109,110,116,117,125,126,127,128,130,133,134,136,137,139,144,146,147,150,155,158,159,161,162,164,165,168,170,171,173,177,178,182,183,185,186,187,188,189
OZ12,106,109,110,111,113,114,115,116,117,120,125,128,130,133,138,142,149,150,151,153,159,165,168,169,171,172,173,175,177,182,183,184,185,189
OZ13,109,111,113,114,115,120,122,125,126,127,128,133,134,136,138,139,144,146,147,149,154,155,158,159,161,164,165,169,172,178,184,185,187,188
OZ14,83,108,110,111,113,114,115,118,120,122,127,137,144,147,148,149,155,160,161,162,164,169,171,172,184,186,187,190
OZ15,99,111,112,113,114,115,116,120,122,125,127,128,133,137,144,147,149,150,159,164,165,168,169,171,172,173,183,185
OZ16,88,110,116,119,122,126,133,134,136,137,139,142,143,145,146,147,150,151,153,155,158,160,161,162,165,166,168,170,171,173,177,178,180,182,183,185,188,189
OZ17,111,112,113,114,117,119,120,122,133,143,145,147,149,154,155,162,165,166,169,171,175,180,184,185,186,187
OZ18,110,112,113,115,116,120,122,127,128,144,147,150,155,159,160,164,168,172,173,180,182,183
OZ19,108,113,117,119,120,125,133,137,143,145,147,155,160,165,166,175,180,185,186,187
OZ20,113,117,119,120,125,127,133,137,143,144,145,154,160,162,164,165,166,175,180,185,186,187
OZ21,117,125,126,128,136,158,159,160,177,178,180,186,188,189
OZ22,112,115,125,126,128,133,136,137,138,158,159,165,171,172,178,185,186,188
OZ23,116,119,122,125,126,128,133,136,137,143,145,147,150,154,155,158,159,160,162,165,166,168,173,175,177,178,183,185,186,187,188,189
OZ24,114,115,118,119,122,135,137,138,140,143,145,147,148,149,154,155,160,161,162,164,165,166,169,172,175,177,184,189,190,191
OZ25,125,126,128,135,136,139,158,160,163,178,179,181,186,188
OZ26,122,127,133,135,139,144,147,155,159,165,181,185
OZ27,133,135,138,139,159,163,165,179,181,185
OZ28,118,119,126,127,135,136,137,143,144,145,148,154,158,161,162,166,175,177,178,188,189,190
OZ29,138,163,164,179
OZ30,139,161,162,166
OZ31,127,135,144,154
OZ32,119,134,135,143,145,146,151,154,163,177,179,189
OZ33,126,134,135,136,137,146,151,154,158,163,175,178,179,188
