X0,0,32,159,175,178,218
X1,1,17,126,149,165,219
X2,2,84,107,139,162,180
X3,3,25,27,98,189,203
X4,4,31,60,83,198,215
X5,5,18,26,69,94,96
X6,6,52,103,114,214,236
X7,7,15,21,58,198,227
X8,8,46,56,66,106,137
X9,9,50,72,91,180,226
X10,10,45,46,49,144,148
X11,11,48,49,73,131,154
X12,12,30,71,117,143,234
X13,13,103,104,119,184,201
X14,14,22,110,146,158,174
X15,3,7,95,132,207,235
X16,5,16,93,100,136,238
X17,17,93,101,134,188,223
X18,16,31,162,173,176,182
X19,19,34,40,148,152,167
X20,12,20,102,120,171,206
X21,21,98,101,195,208,213
X22,22,73,126,204,211,237
X23,23,74,152,159,196,229
X24,24,41,142,156,178,192
X25,15,38,54,121,129,141
X26,26,57,79,90,171,217
X27,27,63,92,197,201,228
X28,28,41,64,200,210,229
X29,29,108,130,179,220,227
X30,30,36,42,147,153,174
X31,4,115,136,172,191,214
X32,32,61,63,111,158,221
X33,14,33,59,79,117,199
X34,19,83,89,95,202,216
X35,20,35,44,53,91,147
X36,36,43,61,128,161,164
X37,37,86,108,193,231,234
X38,38,125,128,205,220,233
X39,39,47,141,149,154,224
X40,40,68,143,187,209,210
X41,28,29,71,99,190,213
X42,2,35,77,81,116,170
X43,11,43,129,145,167,207
X44,44,67,92,123,132,161
X45,45,51,59,86,124,163
X46,8,139,151,166,222,225
X47,47,74,118,133,144,172
X48,48,85,109,122,163,235
X49,10,37,55,68,166,173
X50,50,153,155,193,222,233
X51,51,106,114,177,183,217
X52,52,76,87,90,194,238
X53,53,75,150,160,195,228
X54,54,64,112,157,208,219
X55,42,145,157,170,187,237
X56,34,56,80,140,164,218
X57,57,66,82,110,175,230
X58,58,72,85,176,223,231
X59,18,25,33,109,188,211
X60,60,107,121,127,138,168
X61,0,65,70,97,197,212
X62,13,39,62,125,186,221
X63,24,77,97,112,150,168
X64,65,69,115,189,196,202
X65,9,67,104,122,177,232
X66,70,82,94,116,204,239
X67,23,99,111,169,199,203
X68,75,78,87,119,134,226
X69,76,120,142,160,185,190
X70,1,62,78,113,146,155
X71,80,102,123,135,183,216
X72,81,89,96,182,206,209
X73,84,88,131,137,232,239
X74,6,105,135,179,185,215
X75,88,138,184,191,212,224
X76,105,127,140,156,205,225
X77,113,151,181,192,194,230
X78,124,130,133,169,186,236
OX0,63,69,71,72,73,77,82,89,90,92,94,96,97,102,107,111,114,115,117,122,123,126,127,131,132,134,135,137,138,139,140,142,143,146,150,151,156,158,159,162,164,170,171,174,175,177,178,179,181,182,186,189,190,191,192,193,195,196,197,201,202,209,211,214,215,218,220,222,224,225,228,230,234,236,237,238
OX1,68,72,85,91,100,108,118,131,137,138,139,151,153,155,165,173,180,181,184,191,200,212,224,225,226,231,232,233,234,239
OX2,66,79,96,116,171,204,217,239
OX3,71,72,73,77,89,90,92,93,96,99,101,102,107,111,114,116,117,118,122,123,125,127,131,132,133,135,137,138,139,140,141,142,143,144,147,150,152,153,154,156,159,161,162,165,169,170,171,172,174,177,179,182,186,188,190,191,194,195,196,199,201,203,204,205,209,211,212,214,215,219,221,223,225,228,229,234,236,237,238,239
OX4,72,77,82,85,89,91,92,95,96,98,99,101,107,110,111,115,116,121,125,128,129,131,132,137,138,139,141,142,143,147,150,151,156,157,159,161,162,164,168,175,176,180,181,182,184,186,191,193,194,195,196,197,198,199,200,202,203,204,206,207,209,210,213,218,219,222,223,224,227,229,230,231,232,233,234,235
OX5,69,82,89,91,92,94,96,97,107,111,112,115,121,125,128,129,131,132,137,138,139,141,147,158,159,161,162,164,170,175,178,180,182,184,186,189,191,196,197,202,204,206,207,209,218,224,232,235
OX6,82,92,93,97,98,101,112,115,118,121,126,128,129,132,133,134,144,146,147,151,153,154,158,159,161,164,165,169,170,172,175,178,181,188,192,193,194,199,201,203,204,207,212,218,219,221,222,223,224,228,230,233,235,239
OX7,73,83,93,99,100,107,111,115,121,127,131,133,136,138,144,152,154,159,162,168,169,173,176,182,188,191,196,198,199,203,211,214,215,229
OX8,79,85,90,91,92,95,97,98,101,102,104,106,108,110,112,114,122,123,127,130,132,134,135,140,143,147,151,152,157,158,159,161,168,171,176,178,180,181,183,193,198,199,200,202,203,205,206,210,214,215,217,219,220,222,223,225,228,230,231,232,233,234,236,238
OX9,77,89,90,91,96,98,104,107,108,114,116,127,130,131,134,135,137,138,139,140,142,150,153,155,156,162,170,180,182,191,193,194,195,197,205,206,209,212,213,214,215,220,222,224,225,226,227,232,233,236,238,239
OX10,85,89,90,92,93,95,96,97,98,99,104,107,108,110,111,112,114,116,118,122,125,126,127,130,132,133,135,137,139,140,141,143,144,146,147,153,154,157,158,161,162,165,168,169,172,176,178,182,184,186,188,192,194,196,198,200,201,202,204,205,206,209,210,214,215,220,221,224,225,228,229,231,234,236,238,239
OX11,83,91,92,93,95,99,100,101,104,107,108,109,111,114,125,128,129,130,131,132,134,135,140,141,143,147,151,157,159,161,162,163,164,170,172,173,180,181,182,186,188,193,196,199,200,202,203,204,205,207,210,211,218,219,220,222,223,224,225,229,231,232,233,234,235,236
OX12,93,126,146,151,155,181,188,192,194,223,226,230
OX13,89,91,96,99,101,107,111,112,116,118,121,131,133,134,137,138,139,144,152,153,154,155,159,162,165,169,170,172,180,182,184,191,193,196,199,203,206,209,212,219,222,226,229,232,233,239
OX14,90,101,104,108,111,114,118,133,136,138,142,144,154,165,169,179,184,185,186,191,194,195,197,199,201,203,212,213,219,220,221,224,227,228,236,238
OX15,92,97,98,99,104,108,110,114,115,125,128,129,132,133,134,141,142,144,147,152,153,154,155,158,161,164,169,178,179,184,185,193,194,195,196,197,199,201,203,207,212,213,218,220,221,222,224,226,227,229,230,233,235,236
OX16,97,98,101,104,108,110,111,114,115,118,142,158,159,164,165,172,178,179,184,185,194,195,197,201,205,212,213,218,219,221,227,230,233,236
OX17,98,104,111,114,130,184,186,197,199,203,228,236
OX18,91,99,101,111,112,118,121,131,133,134,138,144,152,153,154,155,159,165,169,170,172,180,184,191,193,196,199,203,204,212,219,222,226,229,232,233
OX19,95,96,100,102,104,107,110,111,112,115,116,117,123,125,127,131,133,136,138,141,144,151,154,155,158,162,168,169,170,171,173,174,176,177,181,182,184,186,191,192,194,196,198,201,202,204,214,215,216,221,223,226,230,237
OX20,99,104,111,114,127,133,135,136,138,140,144,152,154,156,159,169,172,179,184,185,191,196,199,203,205,212,214,215,224,225,229,236
OX21,115,125,127,130,135,136,138,140,141,156,172,179,185,191,205,214,215,225
OX22,112,127,137,139,168,170,204,239
OX23,96,116,131,135,138,140,186,191,201,204,205,206,212,216,220,221,224,233
OX24,101,108,111,118,133,135,136,138,140,144,154,165,169,191,195,197,199,203,205,212,213,214,215,219,224,227,228,233
OX25,102,104,108,109,117,121,123,125,126,127,137,139,141,146,151,163,168,171,174,177,181,184,186,192,194,201,204,206,211,221,222,230,231,233,237,239
OX26,104,114,130,133,138,144,154,169,184,186,191,212,224,236
OX27,100,107,108,111,117,118,121,130,131,134,135,137,139,140,143,151,155,156,157,162,165,168,170,171,173,174,179,181,182,185,193,195,197,199,200,201,203,205,206,210,213,216,220,221,224,226,227,228,233,234,237,239
OX28,108,110,125,127,130,134,138,141,151,155,156,158,179,181,185,191,192,194,195,197,199,203,212,213,225,226,227,228,230,233
OX29,125,138,141,186,191,201,212,221
OX30,110,111,118,127,130,133,135,136,138,140,144,154,156,158,165,169,179,185,186,191,192,194,200,201,205,212,214,215,221,224,225,230
OX31,109,111,117,118,126,127,130,131,133,134,135,140,144,146,152,154,155,156,163,164,165,169,171,172,174,179,185,186,192,194,195,196,197,199,200,201,203,204,206,211,213,216,218,221,222,225,226,227,228,230,231,237
OX32,121,127,138,168,186,191,201,212,220,221,225,233
OX33,118,127,130,134,135,136,140,151,155,156,165,179,181,185,186,195,197,200,201,205,214,215,221,225,226,228
OX34,127,130,134,135,136,137,139,140,143,152,155,156,157,164,170,172,179,185,186,193,195,196,197,201,204,210,214,215,218,221,222,226,228,233,234,239
OX35,133,134,138,144,154,155,169,186,191,195,197,212,220,222,224,226,228,233
OX36,134,155,186,195,197,201,220,221,222,226,228,233
OX37,131,138,143,157,170,186,191,193,201,204,210,212,220,221,224,234
OX38,130,135,136,137,139,140,142,143,151,152,157,164,170,172,179,181,185,192,193,196,204,210,214,215,218,220,222,225,234,239
OX39,117,135,137,139,140,171,174,204,205,206,216,225,237,239
OX40,137,139,143,157,170,193,204,210,225,233,234,239
OX41,135,136,140,152,164,172,196,214,215,218
Z0,0,24,97,178
Z1,1,39,62,149
Z2,2,35,91,180
Z3,3,27,92,132
Z4,4,6,214,215
Z5,5,26,90,238
Z6,6,130,179,236
Z7,7,15,129,207
Z8,8,10,46,166
Z9,9,72,85,122
Z10,10,37,45,86
Z11,11,49,148,167
Z12,12,79,117,171
Z13,13,63,201,221
Z14,14,111,158,199
Z15,15,21,54,208
Z16,16,55,100,173
Z17,17,126,188,211
Z18,18,25,69,189
Z19,19,152,196,202
Z20,20,44,102,123
Z21,21,29,213,227
Z22,22,42,174,237
Z23,23,28,99,229
Z24,24,127,156,168
Z25,5,18,93,188
Z26,26,96,171,206
Z27,27,98,195,228
Z28,23,74,133,169
Z29,29,179,185,190
Z30,30,153,193,234
Z31,31,60,107,162
Z32,32,61,164,218
Z33,33,59,109,163
Z34,34,152,159,218
Z35,35,53,77,150
Z36,36,42,43,145
Z37,37,68,143,234
Z38,38,43,128,129
Z39,38,39,125,141
Z40,40,145,167,187
Z41,41,159,178,229
Z42,36,44,147,161
Z43,20,53,120,160
Z44,8,84,137,139
Z45,34,46,56,148
Z46,47,49,144,154
Z47,48,73,109,211
Z48,47,118,149,165
Z49,50,91,147,153
Z50,51,59,79,217
Z51,52,136,214,238
Z52,1,22,126,146
Z53,54,112,121,168
Z54,55,151,166,181
Z55,56,80,106,183
Z56,57,90,194,230
Z57,58,108,227,231
Z58,51,114,124,236
Z59,4,60,138,191
Z60,61,63,92,161
Z61,13,62,78,119
Z62,32,110,158,175
Z63,64,157,187,210
Z64,65,115,191,212
Z65,57,66,106,217
Z66,67,123,177,183
Z67,68,173,182,209
Z68,25,33,199,203
Z69,0,70,82,175
Z70,28,71,143,210
Z71,72,134,223,226
Z72,73,131,204,239
Z73,74,115,172,196
Z74,75,101,134,195
Z75,76,142,192,194
Z76,77,112,157,170
Z77,2,81,162,182
Z78,12,71,120,190
Z79,80,105,135,140
Z80,81,94,96,116
Z81,66,82,137,239
Z82,7,83,95,198
Z83,45,124,133,144
Z84,85,86,163,231
Z85,52,87,103,119
Z86,88,104,184,232
Z87,89,102,206,216
Z88,3,95,189,202
Z89,16,93,176,223
Z90,65,69,70,94
Z91,83,135,215,216
Z92,97,150,197,228
Z93,98,99,203,213
Z94,100,118,136,172
Z95,17,101,208,219
Z96,19,40,89,209
Z97,103,104,114,177
Z98,88,131,154,224
Z99,105,142,156,185
Z100,9,84,180,232
Z101,107,127,139,225
Z102,108,193,220,233
Z103,50,78,155,226
Z104,110,113,146,230
Z105,111,169,186,221
Z106,113,151,155,222
Z107,75,76,87,160
Z108,116,170,204,237
Z109,14,30,117,174
Z110,121,138,141,224
Z111,67,122,132,235
Z112,125,130,186,220
Z113,31,58,176,198
Z114,128,140,164,205
Z115,11,48,207,235
Z116,41,181,192,200
Z117,184,197,201,212
Z118,205,222,225,233
OZ0,43,99,112,115,119,120,126,129,131,132,134,135,136,138,141,142,143,144,148,153,154,158,160,161,167,168,171,172,174,177,179,185,186,188,189,192,193,194,195,196,197,198,201,202,203,207,210,211,212,213,214,215,216,217,219,221,227,229,232,234,236,238
OZ1,90,124,131,133,135,136,140,142,149,151,152,154,156,163,165,166,167,172,173,176,178,183,185,188,192,200,204,207,211,217,218,223,229,235,238,239
OZ2,86,124,133,143,144,145,148,167,187,234
OZ3,112,115,129,130,132,135,139,141,150,156,161,162,164,176,178,185,190,193,197,202,207,208,212,213,214,216,218,220,224,225,228,231,233,236
OZ4,91,99,119,126,129,130,135,140,141,143,145,147,149,151,158,165,174,175,179,185,186,189,190,193,195,198,200,201,202,203,208,210,215,216,218,219,220,221,225,226,227,228,230,233,234,237
OZ5,99,115,120,123,124,132,143,144,148,152,163,165,169,172,179,185,193,200,202,206,208,209,213,216,219,220,229,233,234,235
OZ6,118,131,135,143,144,145,148,149,153,154,158,167,169,174,179,185,186,189,190,193,198,200,202,203,204,208,210,213,215,216,219,221,227,234,237,239
OZ7,120,123,124,130,132,133,138,139,143,144,148,150,152,156,160,162,163,165,168,176,181,185,190,191,192,196,198,202,206,208,209,213,214,215,216,219,225,227,231,234,235,236
OZ8,119,126,131,133,134,135,136,140,144,148,152,154,156,160,177,178,181,183,185,188,194,195,197,200,201,208,211,212,214,218,219,224,229,232,236,238
OZ9,115,123,130,131,132,135,136,138,139,140,142,144,148,149,150,151,153,154,158,162,166,167,168,169,171,172,173,174,175,183,186,188,189,190,192,193,194,196,197,198,202,203,204,206,207,208,209,210,211,212,213,214,215,216,217,218,219,221,223,225,227,228,229,230,231,236,238,239
OZ10,124,133,143,144,145,148,152,153,158,163,165,169,174,179,185,186,188,189,190,196,200,203,207,208,210,211,213,219,220,221,223,231,233,234,235,237
OZ11,123,132,140,142,143,145,153,156,158,165,169,171,174,178,179,181,183,186,187,189,190,192,193,196,198,203,206,207,208,209,210,213,215,217,218,219,221,227,229,234
OZ12,129,130,131,132,134,135,136,141,144,148,149,151,152,153,154,156,158,161,162,164,169,172,174,175,177,180,182,183,185,186,187,188,189,190,191,192,194,196,203,207,208,209,211,213,214,218,219,220,221,224,225,226,230,232,233,236,237,238
OZ13,130,131,136,138,139,142,143,144,145,148,149,150,151,154,156,160,162,166,167,168,172,173,185,187,188,190,191,194,198,204,208,211,213,214,215,219,223,225,227,231,234,236,238,239
OZ14,134,145,152,153,158,162,165,167,169,174,179,180,182,185,186,188,189,190,196,200,203,208,209,210,211,213,219,220,221,226,233,237
OZ15,131,132,136,143,144,145,148,149,151,152,153,154,158,161,164,166,169,172,173,174,175,176,179,181,185,186,189,190,194,196,200,203,204,207,208,210,213,218,219,220,221,230,231,233,234,237,238,239
OZ16,126,132,135,142,145,146,155,158,160,161,164,165,169,175,179,185,186,187,188,189,190,192,193,195,198,200,202,203,207,210,211,213,215,216,218,221,223,227,230,231
OZ17,135,153,158,165,169,174,179,185,186,187,188,189,190,193,198,200,202,203,208,210,211,213,215,216,219,221,223,227,231,237
OZ18,140,142,145,152,153,156,158,165,167,169,171,174,178,179,181,183,186,188,189,190,192,193,198,202,203,206,208,209,210,211,213,215,216,217,218,219,221,223,227,229,231,237
OZ19,132,152,153,158,161,164,167,169,174,178,181,186,187,188,189,192,193,196,200,203,207,210,211,218,221,223,231,237
OZ20,133,160,165,169,172,189,190,191,196,197,200,203,208,212,213,219,228,229
OZ21,136,145,146,151,152,153,155,165,166,167,173,174,175,176,178,188,191,192,194,195,197,200,208,211,212,219,223,228,229,230,237,238
OZ22,145,152,153,158,165,167,169,174,176,179,182,185,186,188,189,190,196,200,203,208,209,210,211,213,219,220,221,223,233,237
OZ23,142,146,153,155,160,165,174,175,176,178,181,182,187,188,195,208,209,211,219,223,230,237
OZ24,143,153,158,165,169,171,174,176,179,182,183,185,186,189,190,200,202,203,206,208,210,213,216,217,219,220,221,231,233,234
OZ25,144,146,148,151,152,153,155,160,165,166,169,172,173,174,179,181,182,185,187,188,189,193,195,196,203,208,209,211,214,219,220,223,231,233,236,237
OZ26,146,155,158,160,165,169,171,176,179,182,183,185,186,187,188,189,195,200,202,203,206,208,210,211,216,217,219,220,221,223,233,237
OZ27,153,158,165,169,171,174,179,183,185,186,189,190,200,202,203,206,208,209,210,213,216,217,219,220,221,233
OZ28,151,160,175,176,178,181,182,190,192,193,195,200,209,210,213,222,230,231
OZ29,139,162,165,166,171,173,176,177,179,182,185,187,190,193,200,204,206,208,210,213,217,219,220,231,232,233,237,239
OZ30,138,150,156,166,168,171,173,177,181,182,187,192,197,200,204,206,210,212,217,225,228,232,237,239
OZ31,176,182,187,188,209,211,223,237
OZ32,160,165,166,173,175,178,179,182,185,192,195,200,208,209,210,219,220,222,230,233
OZ33,156,166,171,173,177,181,182,187,192,200,204,206,210,217,225,232,237,239
OZ34,149,165,166,173,175,178,179,182,185,190,192,195,197,200,209,210,212,213,220,222,224,228,230,233
OZ35,165,171,175,178,183,185,187,188,190,192,193,196,198,200,202,206,208,209,211,213,215,216,217,219,220,223,227,229,230,231,233,237
OZ36,175,178,192,230
OZ37,171,177,187,204,206,209,217,232,237,239
OZ38,166,169,173,179,182,185,189,190,191,195,196,197,203,209,210,212,213,214,220,222,228,229,233,236
OZ39,169,177,183,185,188,189,190,191,193,195,197,198,202,203,204,211,212,213,214,215,216,220,223,227,228,231,232,233,236,239
OZ40,179,198,215,227
OZ41,177,183,187,196,202,204,210,216,229,232,237,239
