X0,0,99,116,215,220,319
X1,1,100,114,213,221,320
X2,2,101,115,214,219,318
X3,3,102,110,209,223,322
X4,4,103,108,207,224,323
X5,5,104,109,208,222,321
X6,6,105,113,212,217,316
X7,7,106,111,210,218,317
X8,8,107,112,211,216,315
X9,9,72,121,184,233,296
X10,10,73,122,185,231,294
X11,11,74,120,183,232,295
X12,12,75,124,187,227,290
X13,13,76,125,188,225,288
X14,14,77,123,186,226,289
X15,15,78,118,181,230,293
X16,16,79,119,182,228,291
X17,17,80,117,180,229,292
X18,18,81,130,193,242,305
X19,19,82,131,194,240,303
X20,20,83,129,192,241,304
X21,21,84,133,196,236,299
X22,22,85,134,197,234,297
X23,23,86,132,195,235,298
X24,24,87,127,190,239,302
X25,25,88,128,191,237,300
X26,26,89,126,189,238,301
X27,27,54,140,167,250,277
X28,28,55,138,165,251,278
X29,29,56,139,166,249,276
X30,30,57,143,170,244,271
X31,31,58,141,168,245,272
X32,32,59,142,169,243,270
X33,33,60,137,164,247,274
X34,34,61,135,162,248,275
X35,35,62,136,163,246,273
X36,36,63,149,175,259,287
X37,37,65,147,174,260,286
X38,38,64,148,176,258,285
X39,39,66,152,178,253,281
X40,40,68,150,177,254,280
X41,41,67,151,179,252,279
X42,42,69,146,172,256,284
X43,43,71,144,171,257,283
X44,44,70,145,173,255,282
X45,45,90,157,202,269,314
X46,46,91,158,203,267,312
X47,47,92,156,201,268,313
X48,48,93,160,205,263,308
X49,49,94,161,206,261,306
X50,50,95,159,204,262,307
X51,51,96,154,199,266,311
X52,52,97,155,200,264,309
X53,53,98,153,198,265,310
X54,324,423,440,539,544,643
X55,325,424,438,537,545,644
X56,326,425,439,538,543,642
X57,327,426,434,533,547,646
X58,328,427,432,531,548,647
X59,329,428,433,532,546,645
X60,330,429,437,536,541,640
X61,331,430,435,534,542,641
X62,332,431,436,535,540,639
X63,333,396,445,508,557,620
X64,334,397,446,509,555,618
X65,335,398,444,507,556,619
X66,336,399,448,511,551,614
X67,337,400,449,512,549,612
X68,338,401,447,510,550,613
X69,339,402,442,505,554,617
X70,340,403,443,506,552,615
X71,341,404,441,504,553,616
X72,342,405,454,517,566,629
X73,343,406,455,518,564,627
X74,344,407,453,516,565,628
X75,345,408,457,520,560,623
X76,346,409,458,521,558,621
X77,347,410,456,519,559,622
X78,348,411,451,514,563,626
X79,349,412,452,515,561,624
X80,350,413,450,513,562,625
X81,351,378,464,491,574,601
X82,352,379,462,489,575,602
X83,353,380,463,490,573,600
X84,354,381,467,494,568,595
X85,355,382,465,492,569,596
X86,356,383,466,493,567,594
X87,357,384,461,488,571,598
X88,358,385,459,486,572,599
X89,359,386,460,487,570,597
X90,360,387,473,499,583,611
X91,361,389,471,498,584,610
X92,362,388,472,500,582,609
X93,363,390,476,502,577,605
X94,364,392,474,501,578,604
X95,365,391,475,503,576,603
X96,366,393,470,496,580,608
X97,367,395,468,495,581,607
X98,368,394,469,497,579,606
X99,369,414,481,526,593,638
X100,370,415,482,527,591,636
X101,371,416,480,525,592,637
X102,372,417,484,529,587,632
X103,373,418,485,530,585,630
X104,374,419,483,528,586,631
X105,375,420,478,523,590,635
X106,376,421,479,524,588,633
X107,377,422,477,522,589,634
X108,648,747,764,863,868,967
X109,649,748,762,861,869,968
X110,650,749,763,862,867,966
X111,651,750,758,857,871,970
X112,652,751,756,855,872,971
X113,653,752,757,856,870,969
X114,654,753,761,860,865,964
X115,655,754,759,858,866,965
X116,656,755,760,859,864,963
X117,657,720,769,832,881,944
X118,658,721,770,833,879,942
X119,659,722,768,831,880,943
X120,660,723,772,835,875,938
X121,661,724,773,836,873,936
X122,662,725,771,834,874,937
X123,663,726,766,829,878,941
X124,664,727,767,830,876,939
X125,665,728,765,828,877,940
X126,666,729,778,841,890,953
X127,667,730,779,842,888,951
X128,668,731,777,840,889,952
X129,669,732,781,844,884,947
X130,670,733,782,845,882,945
X131,671,734,780,843,883,946
X132,672,735,775,838,887,950
X133,673,736,776,839,885,948
X134,674,737,774,837,886,949
X135,675,702,788,815,898,925
X136,676,703,786,813,899,926
X137,677,704,787,814,897,924
X138,678,705,791,818,892,919
X139,679,706,789,816,893,920
X140,680,707,790,817,891,918
X141,681,708,785,812,895,922
X142,682,709,783,810,896,923
X143,683,710,784,811,894,921
X144,684,711,797,823,907,935
X145,685,713,795,822,908,934
X146,686,712,796,824,906,933
X147,687,714,800,826,901,929
X148,688,716,798,825,902,928
X149,689,715,799,827,900,927
X150,690,717,794,820,904,932
X151,691,719,792,819,905,931
X152,692,718,793,821,903,930
X153,693,738,805,850,917,962
X154,694,739,806,851,915,960
X155,695,740,804,849,916,961
X156,696,741,808,853,911,956
X157,697,742,809,854,909,954
X158,698,743,807,852,910,955
X159,699,744,802,847,914,959
X160,700,745,803,848,912,957
X161,701,746,801,846,913,958
X162,972,1071,1088,1187,1192,1291
X163,973,1072,1086,1185,1193,1292
X164,974,1073,1087,1186,1191,1290
X165,975,1074,1082,1181,1195,1294
X166,976,1075,1080,1179,1196,1295
X167,977,1076,1081,1180,1194,1293
X168,978,1077,1085,1184,1189,1288
X169,979,1078,1083,1182,1190,1289
X170,980,1079,1084,1183,1188,1287
X171,981,1044,1093,1156,1205,1268
X172,982,1045,1094,1157,1203,1266
X173,983,1046,1092,1155,1204,1267
X174,984,1047,1096,1159,1199,1262
X175,985,1048,1097,1160,1197,1260
X176,986,1049,1095,1158,1198,1261
X177,987,1050,1090,1153,1202,1265
X178,988,1051,1091,1154,1200,1263
X179,989,1052,1089,1152,1201,1264
X180,990,1053,1102,1165,1214,1277
X181,991,1054,1103,1166,1212,1275
X182,992,1055,1101,1164,1213,1276
X183,993,1056,1105,1168,1208,1271
X184,994,1057,1106,1169,1206,1269
X185,995,1058,1104,1167,1207,1270
X186,996,1059,1099,1162,1211,1274
X187,997,1060,1100,1163,1209,1272
X188,998,1061,1098,1161,1210,1273
X189,999,1026,1112,1139,1222,1249
X190,1000,1027,1110,1137,1223,1250
X191,1001,1028,1111,1138,1221,1248
X192,1002,1029,1115,1142,1216,1243
X193,1003,1030,1113,1140,1217,1244
X194,1004,1031,1114,1141,1215,1242
X195,1005,1032,1109,1136,1219,1246
X196,1006,1033,1107,1134,1220,1247
X197,1007,1034,1108,1135,1218,1245
X198,1008,1035,1121,1147,1231,1259
X199,1009,1037,1119,1146,1232,1258
X200,1010,1036,1120,1148,1230,1257
X201,1011,1038,1124,1150,1225,1253
X202,1012,1040,1122,1149,1226,1252
X203,1013,1039,1123,1151,1224,1251
X204,1014,1041,1118,1144,1228,1256
X205,1015,1043,1116,1143,1229,1255
X206,1016,1042,1117,1145,1227,1254
X207,1017,1062,1129,1174,1241,1286
X208,1018,1063,1130,1175,1239,1284
X209,1019,1064,1128,1173,1240,1285
X210,1020,1065,1132,1177,1235,1280
X211,1021,1066,1133,1178,1233,1278
X212,1022,1067,1131,1176,1234,1279
X213,1023,1068,1126,1171,1238,1283
X214,1024,1069,1127,1172,1236,1281
X215,1025,1070,1125,1170,1237,1282
X216,1296,1395,1412,1511,1516,1615
X217,1297,1396,1410,1509,1517,1616
X218,1298,1397,1411,1510,1515,1614
X219,1299,1398,1406,1505,1519,1618
X220,1300,1399,1404,1503,1520,1619
X221,1301,1400,1405,1504,1518,1617
X222,1302,1401,1409,1508,1513,1612
X223,1303,1402,1407,1506,1514,1613
X224,1304,1403,1408,1507,1512,1611
X225,1305,1368,1417,1480,1529,1592
X226,1306,1369,1418,1481,1527,1590
X227,1307,1370,1416,1479,1528,1591
X228,1308,1371,1420,1483,1523,1586
X229,1309,1372,1421,1484,1521,1584
X230,1310,1373,1419,1482,1522,1585
X231,1311,1374,1414,1477,1526,1589
X232,1312,1375,1415,1478,1524,1587
X233,1313,1376,1413,1476,1525,1588
X234,1314,1377,1426,1489,1538,1601
X235,1315,1378,1427,1490,1536,1599
X236,1316,1379,1425,1488,1537,1600
X237,1317,1380,1429,1492,1532,1595
X238,1318,1381,1430,1493,1530,1593
X239,1319,1382,1428,1491,1531,1594
X240,1320,1383,1423,1486,1535,1598
X241,1321,1384,1424,1487,1533,1596
X242,1322,1385,1422,1485,1534,1597
X243,1323,1350,1436,1463,1546,1573
X244,1324,1351,1434,1461,1547,1574
X245,1325,1352,1435,1462,1545,1572
X246,1326,1353,1439,1466,1540,1567
X247,1327,1354,1437,1464,1541,1568
X248,1328,1355,1438,1465,1539,1566
X249,1329,1356,1433,1460,1543,1570
X250,1330,1357,1431,1458,1544,1571
X251,1331,1358,1432,1459,1542,1569
X252,1332,1359,1445,1471,1555,1583
X253,1333,1361,1443,1470,1556,1582
X254,1334,1360,1444,1472,1554,1581
X255,1335,1362,1448,1474,1549,1577
X256,1336,1364,1446,1473,1550,1576
X257,1337,1363,1447,1475,1548,1575
X258,1338,1365,1442,1468,1552,1580
X259,1339,1367,1440,1467,1553,1579
X260,1340,1366,1441,1469,1551,1578
X261,1341,1386,1453,1498,1565,1610
X262,1342,1387,1454,1499,1563,1608
X263,1343,1388,1452,1497,1564,1609
X264,1344,1389,1456,1501,1559,1604
X265,1345,1390,1457,1502,1557,1602
X266,1346,1391,1455,1500,1558,1603
X267,1347,1392,1450,1495,1562,1607
X268,1348,1393,1451,1496,1560,1605
X269,1349,1394,1449,1494,1561,1606
X270,1620,1719,1736,1835,1840,1939
X271,1621,1720,1734,1833,1841,1940
X272,1622,1721,1735,1834,1839,1938
X273,1623,1722,1730,1829,1843,1942
X274,1624,1723,1728,1827,1844,1943
X275,1625,1724,1729,1828,1842,1941
X276,1626,1725,1733,1832,1837,1936
X277,1627,1726,1731,1830,1838,1937
X278,1628,1727,1732,1831,1836,1935
X279,1629,1692,1741,1804,1853,1916
X280,1630,1693,1742,1805,1851,1914
X281,1631,1694,1740,1803,1852,1915
X282,1632,1695,1744,1807,1847,1910
X283,1633,1696,1745,1808,1845,1908
X284,1634,1697,1743,1806,1846,1909
X285,1635,1698,1738,1801,1850,1913
X286,1636,1699,1739,1802,1848,1911
X287,1637,1700,1737,1800,1849,1912
X288,1638,1701,1750,1813,1862,1925
X289,1639,1702,1751,1814,1860,1923
X290,1640,1703,1749,1812,1861,1924
X291,1641,1704,1753,1816,1856,1919
X292,1642,1705,1754,1817,1854,1917
X293,1643,1706,1752,1815,1855,1918
X294,1644,1707,1747,1810,1859,1922
X295,1645,1708,1748,1811,1857,1920
X296,1646,1709,1746,1809,1858,1921
X297,1647,1674,1760,1787,1870,1897
X298,1648,1675,1758,1785,1871,1898
X299,1649,1676,1759,1786,1869,1896
X300,1650,1677,1763,1790,1864,1891
X301,1651,1678,1761,1788,1865,1892
X302,1652,1679,1762,1789,1863,1890
X303,1653,1680,1757,1784,1867,1894
X304,1654,1681,1755,1782,1868,1895
X305,1655,1682,1756,1783,1866,1893
X306,1656,1683,1769,1795,1879,1907
X307,1657,1685,1767,1794,1880,1906
X308,1658,1684,1768,1796,1878,1905
X309,1659,1686,1772,1798,1873,1901
X310,1660,1688,1770,1797,1874,1900
X311,1661,1687,1771,1799,1872,1899
X312,1662,1689,1766,1792,1876,1904
X313,1663,1691,1764,1791,1877,1903
X314,1664,1690,1765,1793,1875,1902
X315,1665,1710,1777,1822,1889,1934
X316,1666,1711,1778,1823,1887,1932
X317,1667,1712,1776,1821,1888,1933
X318,1668,1713,1780,1825,1883,1928
X319,1669,1714,1781,1826,1881,1926
X320,1670,1715,1779,1824,1882,1927
X321,1671,1716,1774,1819,1886,1931
X322,1672,1717,1775,1820,1884,1929
X323,1673,1718,1773,1818,1885,1930
X324,1944,2043,2060,2159,2164,2263
X325,1945,2044,2058,2157,2165,2264
X326,1946,2045,2059,2158,2163,2262
X327,1947,2046,2054,2153,2167,2266
X328,1948,2047,2052,2151,2168,2267
X329,1949,2048,2053,2152,2166,2265
X330,1950,2049,2057,2156,2161,2260
X331,1951,2050,2055,2154,2162,2261
X332,1952,2051,2056,2155,2160,2259
X333,1953,2016,2065,2128,2177,2240
X334,1954,2017,2066,2129,2175,2238
X335,1955,2018,2064,2127,2176,2239
X336,1956,2019,2068,2131,2171,2234
X337,1957,2020,2069,2132,2169,2232
X338,1958,2021,2067,2130,2170,2233
X339,1959,2022,2062,2125,2174,2237
X340,1960,2023,2063,2126,2172,2235
X341,1961,2024,2061,2124,2173,2236
X342,1962,2025,2074,2137,2186,2249
X343,1963,2026,2075,2138,2184,2247
X344,1964,2027,2073,2136,2185,2248
X345,1965,2028,2077,2140,2180,2243
X346,1966,2029,2078,2141,2178,2241
X347,1967,2030,2076,2139,2179,2242
X348,1968,2031,2071,2134,2183,2246
X349,1969,2032,2072,2135,2181,2244
X350,1970,2033,2070,2133,2182,2245
X351,1971,1998,2084,2111,2194,2221
X352,1972,1999,2082,2109,2195,2222
X353,1973,2000,2083,2110,2193,2220
X354,1974,2001,2087,2114,2188,2215
X355,1975,2002,2085,2112,2189,2216
X356,1976,2003,2086,2113,2187,2214
X357,1977,2004,2081,2108,2191,2218
X358,1978,2005,2079,2106,2192,2219
X359,1979,2006,2080,2107,2190,2217
X360,1980,2007,2093,2119,2203,2231
X361,1981,2009,2091,2118,2204,2230
X362,1982,2008,2092,2120,2202,2229
X363,1983,2010,2096,2122,2197,2225
X364,1984,2012,2094,2121,2198,2224
X365,1985,2011,2095,2123,2196,2223
X366,1986,2013,2090,2116,2200,2228
X367,1987,2015,2088,2115,2201,2227
X368,1988,2014,2089,2117,2199,2226
X369,1989,2034,2101,2146,2213,2258
X370,1990,2035,2102,2147,2211,2256
X371,1991,2036,2100,2145,2212,2257
X372,1992,2037,2104,2149,2207,2252
X373,1993,2038,2105,2150,2205,2250
X374,1994,2039,2103,2148,2206,2251
X375,1995,2040,2098,2143,2210,2255
X376,1996,2041,2099,2144,2208,2253
X377,1997,2042,2097,2142,2209,2254
X378,2268,2367,2384,2483,2488,2587
X379,2269,2368,2382,2481,2489,2588
X380,2270,2369,2383,2482,2487,2586
X381,2271,2370,2378,2477,2491,2590
X382,2272,2371,2376,2475,2492,2591
X383,2273,2372,2377,2476,2490,2589
X384,2274,2373,2381,2480,2485,2584
X385,2275,2374,2379,2478,2486,2585
X386,2276,2375,2380,2479,2484,2583
X387,2277,2340,2389,2452,2501,2564
X388,2278,2341,2390,2453,2499,2562
X389,2279,2342,2388,2451,2500,2563
X390,2280,2343,2392,2455,2495,2558
X391,2281,2344,2393,2456,2493,2556
X392,2282,2345,2391,2454,2494,2557
X393,2283,2346,2386,2449,2498,2561
X394,2284,2347,2387,2450,2496,2559
X395,2285,2348,2385,2448,2497,2560
X396,2286,2349,2398,2461,2510,2573
X397,2287,2350,2399,2462,2508,2571
X398,2288,2351,2397,2460,2509,2572
X399,2289,2352,2401,2464,2504,2567
X400,2290,2353,2402,2465,2502,2565
X401,2291,2354,2400,2463,2503,2566
X402,2292,2355,2395,2458,2507,2570
X403,2293,2356,2396,2459,2505,2568
X404,2294,2357,2394,2457,2506,2569
X405,2295,2322,2408,2435,2518,2545
X406,2296,2323,2406,2433,2519,2546
X407,2297,2324,2407,2434,2517,2544
X408,2298,2325,2411,2438,2512,2539
X409,2299,2326,2409,2436,2513,2540
X410,2300,2327,2410,2437,2511,2538
X411,2301,2328,2405,2432,2515,2542
X412,2302,2329,2403,2430,2516,2543
X413,2303,2330,2404,2431,2514,2541
X414,2304,2331,2417,2443,2527,2555
X415,2305,2333,2415,2442,2528,2554
X416,2306,2332,2416,2444,2526,2553
X417,2307,2334,2420,2446,2521,2549
X418,2308,2336,2418,2445,2522,2548
X419,2309,2335,2419,2447,2520,2547
X420,2310,2337,2414,2440,2524,2552
X421,2311,2339,2412,2439,2525,2551
X422,2312,2338,2413,2441,2523,2550
X423,2313,2358,2425,2470,2537,2582
X424,2314,2359,2426,2471,2535,2580
X425,2315,2360,2424,2469,2536,2581
X426,2316,2361,2428,2473,2531,2576
X427,2317,2362,2429,2474,2529,2574
X428,2318,2363,2427,2472,2530,2575
X429,2319,2364,2422,2467,2534,2579
X430,2320,2365,2423,2468,2532,2577
X431,2321,2366,2421,2466,2533,2578
OX0,140,167,250,277
OX1,138,165,251,278
OX2,139,166,249,276
OX3,143,170,244,271
OX4,141,168,245,272
OX5,142,169,243,270
OX6,137,164,247,274
OX7,135,162,248,275
OX8,136,163,246,273
OX9,149,175,259,287
OX10,148,176,258,285
OX11,147,174,260,286
OX12,152,178,253,281
OX13,151,179,252,279
OX14,150,177,254,280
OX15,146,172,256,284
OX16,145,173,255,282
OX17,144,171,257,283
OX18,121,184,233,296
OX19,122,185,231,294
OX20,120,183,232,295
OX21,124,187,227,290
OX22,125,188,225,288
OX23,123,186,226,289
OX24,118,181,230,293
OX25,119,182,228,291
OX26,117,180,229,292
OX27,130,193,242,305
OX28,131,194,240,303
OX29,129,192,241,304
OX30,133,196,236,299
OX31,134,197,234,297
OX32,132,195,235,298
OX33,127,190,239,302
OX34,128,191,237,300
OX35,126,189,238,301
OX36,157,202,269,314
OX37,158,203,267,312
OX38,156,201,268,313
OX39,160,205,263,308
OX40,161,206,261,306
OX41,159,204,262,307
OX42,154,199,266,311
OX43,155,200,264,309
OX44,153,198,265,310
OX45,116,215,220,319
OX46,114,213,221,320
OX47,115,214,219,318
OX48,110,209,223,322
OX49,108,207,224,323
OX50,109,208,222,321
OX51,113,212,217,316
OX52,111,210,218,317
OX53,112,211,216,315
OX54,248,275
OX55,246,273
OX56,247,274
OX57,251,278
OX58,249,276
OX59,250,277
OX60,245,272
OX61,243,270
OX62,244,271
OX63,257,283
OX64,256,284
OX65,255,282
OX66,260,286
OX67,259,287
OX68,258,285
OX69,254,280
OX70,253,281
OX71,252,279
OX72,229,292
OX73,230,293
OX74,228,291
OX75,232,295
OX76,233,296
OX77,231,294
OX78,226,289
OX79,227,290
OX80,225,288
OX81,238,301
OX82,239,302
OX83,237,300
OX84,241,304
OX85,242,305
OX86,240,303
OX87,235,298
OX88,236,299
OX89,234,297
OX90,265,310
OX91,266,311
OX92,264,309
OX93,268,313
OX94,269,314
OX95,267,312
OX96,262,307
OX97,263,308
OX98,261,306
OX99,224,323
OX100,222,321
OX101,223,322
OX102,218,317
OX103,216,315
OX104,217,316
OX105,221,320
OX106,219,318
OX107,220,319
OX108,464,491,574,601
OX109,462,489,575,602
OX110,463,490,573,600
OX111,467,494,568,595
OX112,465,492,569,596
OX113,466,493,567,594
OX114,461,488,571,598
OX115,459,486,572,599
OX116,460,487,570,597
OX117,473,499,583,611
OX118,472,500,582,609
OX119,471,498,584,610
OX120,476,502,577,605
OX121,475,503,576,603
OX122,474,501,578,604
OX123,470,496,580,608
OX124,469,497,579,606
OX125,468,495,581,607
OX126,445,508,557,620
OX127,446,509,555,618
OX128,444,507,556,619
OX129,448,511,551,614
OX130,449,512,549,612
OX131,447,510,550,613
OX132,442,505,554,617
OX133,443,506,552,615
OX134,441,504,553,616
OX135,454,517,566,629
OX136,455,518,564,627
OX137,453,516,565,628
OX138,457,520,560,623
OX139,458,521,558,621
OX140,456,519,559,622
OX141,451,514,563,626
OX142,452,515,561,624
OX143,450,513,562,625
OX144,481,526,593,638
OX145,482,527,591,636
OX146,480,525,592,637
OX147,484,529,587,632
OX148,485,530,585,630
OX149,483,528,586,631
OX150,478,523,590,635
OX151,479,524,588,633
OX152,477,522,589,634
OX153,440,539,544,643
OX154,438,537,545,644
OX155,439,538,543,642
OX156,434,533,547,646
OX157,432,531,548,647
OX158,433,532,546,645
OX159,437,536,541,640
OX160,435,534,542,641
OX161,436,535,540,639
OX162,572,599
OX163,570,597
OX164,571,598
OX165,575,602
OX166,573,600
OX167,574,601
OX168,569,596
OX169,567,594
OX170,568,595
OX171,581,607
OX172,580,608
OX173,579,606
OX174,584,610
OX175,583,611
OX176,582,609
OX177,578,604
OX178,577,605
OX179,576,603
OX180,553,616
OX181,554,617
OX182,552,615
OX183,556,619
OX184,557,620
OX185,555,618
OX186,550,613
OX187,551,614
OX188,549,612
OX189,562,625
OX190,563,626
OX191,561,624
OX192,565,628
OX193,566,629
OX194,564,627
OX195,559,622
OX196,560,623
OX197,558,621
OX198,589,634
OX199,590,635
OX200,588,633
OX201,592,637
OX202,593,638
OX203,591,636
OX204,586,631
OX205,587,632
OX206,585,630
OX207,548,647
OX208,546,645
OX209,547,646
OX210,542,641
OX211,540,639
OX212,541,640
OX213,545,644
OX214,543,642
OX215,544,643
OX216,788,815,898,925
OX217,786,813,899,926
OX218,787,814,897,924
OX219,791,818,892,919
OX220,789,816,893,920
OX221,790,817,891,918
OX222,785,812,895,922
OX223,783,810,896,923
OX224,784,811,894,921
OX225,797,823,907,935
OX226,796,824,906,933
OX227,795,822,908,934
OX228,800,826,901,929
OX229,799,827,900,927
OX230,798,825,902,928
OX231,794,820,904,932
OX232,793,821,903,930
OX233,792,819,905,931
OX234,769,832,881,944
OX235,770,833,879,942
OX236,768,831,880,943
OX237,772,835,875,938
OX238,773,836,873,936
OX239,771,834,874,937
OX240,766,829,878,941
OX241,767,830,876,939
OX242,765,828,877,940
OX243,778,841,890,953
OX244,779,842,888,951
OX245,777,840,889,952
OX246,781,844,884,947
OX247,782,845,882,945
OX248,780,843,883,946
OX249,775,838,887,950
OX250,776,839,885,948
OX251,774,837,886,949
OX252,805,850,917,962
OX253,806,851,915,960
OX254,804,849,916,961
OX255,808,853,911,956
OX256,809,854,909,954
OX257,807,852,910,955
OX258,802,847,914,959
OX259,803,848,912,957
OX260,801,846,913,958
OX261,764,863,868,967
OX262,762,861,869,968
OX263,763,862,867,966
OX264,758,857,871,970
OX265,756,855,872,971
OX266,757,856,870,969
OX267,761,860,865,964
OX268,759,858,866,965
OX269,760,859,864,963
OX270,896,923
OX271,894,921
OX272,895,922
OX273,899,926
OX274,897,924
OX275,898,925
OX276,893,920
OX277,891,918
OX278,892,919
OX279,905,931
OX280,904,932
OX281,903,930
OX282,908,934
OX283,907,935
OX284,906,933
OX285,902,928
OX286,901,929
OX287,900,927
OX288,877,940
OX289,878,941
OX290,876,939
OX291,880,943
OX292,881,944
OX293,879,942
OX294,874,937
OX295,875,938
OX296,873,936
OX297,886,949
OX298,887,950
OX299,885,948
OX300,889,952
OX301,890,953
OX302,888,951
OX303,883,946
OX304,884,947
OX305,882,945
OX306,913,958
OX307,914,959
OX308,912,957
OX309,916,961
OX310,917,962
OX311,915,960
OX312,910,955
OX313,911,956
OX314,909,954
OX315,872,971
OX316,870,969
OX317,871,970
OX318,866,965
OX319,864,963
OX320,865,964
OX321,869,968
OX322,867,966
OX323,868,967
OX324,1112,1139,1222,1249
OX325,1110,1137,1223,1250
OX326,1111,1138,1221,1248
OX327,1115,1142,1216,1243
OX328,1113,1140,1217,1244
OX329,1114,1141,1215,1242
OX330,1109,1136,1219,1246
OX331,1107,1134,1220,1247
OX332,1108,1135,1218,1245
OX333,1121,1147,1231,1259
OX334,1120,1148,1230,1257
OX335,1119,1146,1232,1258
OX336,1124,1150,1225,1253
OX337,1123,1151,1224,1251
OX338,1122,1149,1226,1252
OX339,1118,1144,1228,1256
OX340,1117,1145,1227,1254
OX341,1116,1143,1229,1255
OX342,1093,1156,1205,1268
OX343,1094,1157,1203,1266
OX344,1092,1155,1204,1267
OX345,1096,1159,1199,1262
OX346,1097,1160,1197,1260
OX347,1095,1158,1198,1261
OX348,1090,1153,1202,1265
OX349,1091,1154,1200,1263
OX350,1089,1152,1201,1264
OX351,1102,1165,1214,1277
OX352,1103,1166,1212,1275
OX353,1101,1164,1213,1276
OX354,1105,1168,1208,1271
OX355,1106,1169,1206,1269
OX356,1104,1167,1207,1270
OX357,1099,1162,1211,1274
OX358,1100,1163,1209,1272
OX359,1098,1161,1210,1273
OX360,1129,1174,1241,1286
OX361,1130,1175,1239,1284
OX362,1128,1173,1240,1285
OX363,1132,1177,1235,1280
OX364,1133,1178,1233,1278
OX365,1131,1176,1234,1279
OX366,1126,1171,1238,1283
OX367,1127,1172,1236,1281
OX368,1125,1170,1237,1282
OX369,1088,1187,1192,1291
OX370,1086,1185,1193,1292
OX371,1087,1186,1191,1290
OX372,1082,1181,1195,1294
OX373,1080,1179,1196,1295
OX374,1081,1180,1194,1293
OX375,1085,1184,1189,1288
OX376,1083,1182,1190,1289
OX377,1084,1183,1188,1287
OX378,1220,1247
OX379,1218,1245
OX380,1219,1246
OX381,1223,1250
OX382,1221,1248
OX383,1222,1249
OX384,1217,1244
OX385,1215,1242
OX386,1216,1243
OX387,1229,1255
OX388,1228,1256
OX389,1227,1254
OX390,1232,1258
OX391,1231,1259
OX392,1230,1257
OX393,1226,1252
OX394,1225,1253
OX395,1224,1251
OX396,1201,1264
OX397,1202,1265
OX398,1200,1263
OX399,1204,1267
OX400,1205,1268
OX401,1203,1266
OX402,1198,1261
OX403,1199,1262
OX404,1197,1260
OX405,1210,1273
OX406,1211,1274
OX407,1209,1272
OX408,1213,1276
OX409,1214,1277
OX410,1212,1275
OX411,1207,1270
OX412,1208,1271
OX413,1206,1269
OX414,1237,1282
OX415,1238,1283
OX416,1236,1281
OX417,1240,1285
OX418,1241,1286
OX419,1239,1284
OX420,1234,1279
OX421,1235,1280
OX422,1233,1278
OX423,1196,1295
OX424,1194,1293
OX425,1195,1294
OX426,1190,1289
OX427,1188,1287
OX428,1189,1288
OX429,1193,1292
OX430,1191,1290
OX431,1192,1291
OX432,522,1395,1412,1511,1516,1615
OX433,525,1396,1410,1509,1517,1616
OX434,528,1397,1411,1510,1515,1614
OX435,524,1398,1406,1505,1519,1618
OX436,527,1399,1404,1503,1520,1619
OX437,530,1400,1405,1504,1518,1617
OX438,523,1401,1409,1508,1513,1612
OX439,526,1402,1407,1506,1514,1613
OX440,529,1403,1408,1507,1512,1611
OX441,489,1368,1417,1480,1529,1592
OX442,492,1369,1418,1481,1527,1590
OX443,486,1370,1416,1479,1528,1591
OX444,490,1371,1420,1483,1523,1586
OX445,493,1372,1421,1484,1521,1584
OX446,487,1373,1419,1482,1522,1585
OX447,491,1374,1414,1477,1526,1589
OX448,494,1375,1415,1478,1524,1587
OX449,488,1376,1413,1476,1525,1588
OX450,503,1377,1426,1489,1538,1601
OX451,497,1378,1427,1490,1536,1599
OX452,500,1379,1425,1488,1537,1600
OX453,501,1380,1429,1492,1532,1595
OX454,495,1381,1430,1493,1530,1593
OX455,498,1382,1428,1491,1531,1594
OX456,502,1383,1423,1486,1535,1598
OX457,496,1384,1424,1487,1533,1596
OX458,499,1385,1422,1485,1534,1597
OX459,504,1350,1436,1463,1546,1573
OX460,507,1351,1434,1461,1547,1574
OX461,510,1352,1435,1462,1545,1572
OX462,505,1353,1439,1466,1540,1567
OX463,508,1354,1437,1464,1541,1568
OX464,511,1355,1438,1465,1539,1566
OX465,506,1356,1433,1460,1543,1570
OX466,509,1357,1431,1458,1544,1571
OX467,512,1358,1432,1459,1542,1569
OX468,521,1359,1445,1471,1555,1583
OX469,518,1361,1443,1470,1556,1582
OX470,515,1360,1444,1472,1554,1581
OX471,519,1362,1448,1474,1549,1577
OX472,516,1364,1446,1473,1550,1576
OX473,513,1363,1447,1475,1548,1575
OX474,520,1365,1442,1468,1552,1580
OX475,517,1367,1440,1467,1553,1579
OX476,514,1366,1441,1469,1551,1578
OX477,537,1386,1453,1498,1565,1610
OX478,534,1387,1454,1499,1563,1608
OX479,531,1388,1452,1497,1564,1609
OX480,538,1389,1456,1501,1559,1604
OX481,535,1390,1457,1502,1557,1602
OX482,532,1391,1455,1500,1558,1603
OX483,539,1392,1450,1495,1562,1607
OX484,536,1393,1451,1496,1560,1605
OX485,533,1394,1449,1494,1561,1606
OX486,1436,1463,1546,1573
OX487,1434,1461,1547,1574
OX488,1435,1462,1545,1572
OX489,1439,1466,1540,1567
OX490,1437,1464,1541,1568
OX491,1438,1465,1539,1566
OX492,1433,1460,1543,1570
OX493,1431,1458,1544,1571
OX494,1432,1459,1542,1569
OX495,1445,1471,1555,1583
OX496,1444,1472,1554,1581
OX497,1443,1470,1556,1582
OX498,1448,1474,1549,1577
OX499,1447,1475,1548,1575
OX500,1446,1473,1550,1576
OX501,1442,1468,1552,1580
OX502,1441,1469,1551,1578
OX503,1440,1467,1553,1579
OX504,1417,1480,1529,1592
OX505,1418,1481,1527,1590
OX506,1416,1479,1528,1591
OX507,1420,1483,1523,1586
OX508,1421,1484,1521,1584
OX509,1419,1482,1522,1585
OX510,1414,1477,1526,1589
OX511,1415,1478,1524,1587
OX512,1413,1476,1525,1588
OX513,1426,1489,1538,1601
OX514,1427,1490,1536,1599
OX515,1425,1488,1537,1600
OX516,1429,1492,1532,1595
OX517,1430,1493,1530,1593
OX518,1428,1491,1531,1594
OX519,1423,1486,1535,1598
OX520,1424,1487,1533,1596
OX521,1422,1485,1534,1597
OX522,1453,1498,1565,1610
OX523,1454,1499,1563,1608
OX524,1452,1497,1564,1609
OX525,1456,1501,1559,1604
OX526,1457,1502,1557,1602
OX527,1455,1500,1558,1603
OX528,1450,1495,1562,1607
OX529,1451,1496,1560,1605
OX530,1449,1494,1561,1606
OX531,1412,1511,1516,1615
OX532,1410,1509,1517,1616
OX533,1411,1510,1515,1614
OX534,1406,1505,1519,1618
OX535,1404,1503,1520,1619
OX536,1405,1504,1518,1617
OX537,1409,1508,1513,1612
OX538,1407,1506,1514,1613
OX539,1408,1507,1512,1611
OX540,415,1503,1520,1619
OX541,418,1504,1518,1617
OX542,421,1505,1519,1618
OX543,414,1506,1514,1613
OX544,417,1507,1512,1611
OX545,420,1508,1513,1612
OX546,416,1509,1517,1616
OX547,419,1510,1515,1614
OX548,422,1511,1516,1615
OX549,384,1476,1525,1588
OX550,378,1477,1526,1589
OX551,381,1478,1524,1587
OX552,385,1479,1528,1591
OX553,379,1480,1529,1592
OX554,382,1481,1527,1590
OX555,386,1482,1522,1585
OX556,380,1483,1523,1586
OX557,383,1484,1521,1584
OX558,387,1485,1534,1597
OX559,390,1486,1535,1598
OX560,393,1487,1533,1596
OX561,388,1488,1537,1600
OX562,391,1489,1538,1601
OX563,394,1490,1536,1599
OX564,389,1491,1531,1594
OX565,392,1492,1532,1595
OX566,395,1493,1530,1593
OX567,397,1458,1544,1571
OX568,400,1459,1542,1569
OX569,403,1460,1543,1570
OX570,398,1461,1547,1574
OX571,401,1462,1545,1572
OX572,404,1463,1546,1573
OX573,396,1464,1541,1568
OX574,399,1465,1539,1566
OX575,402,1466,1540,1567
OX576,405,1467,1553,1579
OX577,411,1469,1551,1578
OX578,408,1468,1552,1580
OX579,406,1470,1556,1582
OX580,412,1472,1554,1581
OX581,409,1471,1555,1583
OX582,407,1473,1550,1576
OX583,413,1475,1548,1575
OX584,410,1474,1549,1577
OX585,426,1494,1561,1606
OX586,423,1495,1562,1607
OX587,429,1496,1560,1605
OX588,427,1497,1564,1609
OX589,424,1498,1565,1610
OX590,430,1499,1563,1608
OX591,428,1500,1558,1603
OX592,425,1501,1559,1604
OX593,431,1502,1557,1602
OX594,1544,1571
OX595,1542,1569
OX596,1543,1570
OX597,1547,1574
OX598,1545,1572
OX599,1546,1573
OX600,1541,1568
OX601,1539,1566
OX602,1540,1567
OX603,1553,1579
OX604,1552,1580
OX605,1551,1578
OX606,1556,1582
OX607,1555,1583
OX608,1554,1581
OX609,1550,1576
OX610,1549,1577
OX611,1548,1575
OX612,1525,1588
OX613,1526,1589
OX614,1524,1587
OX615,1528,1591
OX616,1529,1592
OX617,1527,1590
OX618,1522,1585
OX619,1523,1586
OX620,1521,1584
OX621,1534,1597
OX622,1535,1598
OX623,1533,1596
OX624,1537,1600
OX625,1538,1601
OX626,1536,1599
OX627,1531,1594
OX628,1532,1595
OX629,1530,1593
OX630,1561,1606
OX631,1562,1607
OX632,1560,1605
OX633,1564,1609
OX634,1565,1610
OX635,1563,1608
OX636,1558,1603
OX637,1559,1604
OX638,1557,1602
OX639,1520,1619
OX640,1518,1617
OX641,1519,1618
OX642,1514,1613
OX643,1512,1611
OX644,1513,1612
OX645,1517,1616
OX646,1515,1614
OX647,1516,1615
OX648,632,1611
OX649,635,1612
OX650,638,1613
OX651,631,1614
OX652,634,1615
OX653,637,1616
OX654,630,1617
OX655,633,1618
OX656,636,1619
OX657,594,1584
OX658,597,1585
OX659,600,1586
OX660,595,1587
OX661,598,1588
OX662,601,1589
OX663,596,1590
OX664,599,1591
OX665,602,1592
OX666,607,1593
OX667,610,1594
OX668,604,1595
OX669,608,1596
OX670,611,1597
OX671,605,1598
OX672,606,1599
OX673,609,1600
OX674,603,1601
OX675,614,1566
OX676,617,1567
OX677,620,1568
OX678,612,1569
OX679,615,1570
OX680,618,1571
OX681,613,1572
OX682,616,1573
OX683,619,1574
OX684,625,1575
OX685,622,1577
OX686,628,1576
OX687,626,1578
OX688,623,1580
OX689,629,1579
OX690,624,1581
OX691,621,1583
OX692,627,1582
OX693,639,1602
OX694,645,1603
OX695,642,1604
OX696,640,1605
OX697,646,1606
OX698,643,1607
OX699,641,1608
OX700,647,1609
OX701,644,1610
OX702,199,1719,1736,1835,1840,1939
OX703,202,1720,1734,1833,1841,1940
OX704,205,1721,1735,1834,1839,1938
OX705,198,1722,1730,1829,1843,1942
OX706,201,1723,1728,1827,1844,1943
OX707,204,1724,1729,1828,1842,1941
OX708,200,1725,1733,1832,1837,1936
OX709,203,1726,1731,1830,1838,1937
OX710,206,1727,1732,1831,1836,1935
OX711,168,1692,1741,1804,1853,1916
OX712,162,1693,1742,1805,1851,1914
OX713,165,1694,1740,1803,1852,1915
OX714,169,1695,1744,1807,1847,1910
OX715,163,1696,1745,1808,1845,1908
OX716,166,1697,1743,1806,1846,1909
OX717,170,1698,1738,1801,1850,1913
OX718,164,1699,1739,1802,1848,1911
OX719,167,1700,1737,1800,1849,1912
OX720,171,1701,1750,1813,1862,1925
OX721,174,1702,1751,1814,1860,1923
OX722,177,1703,1749,1812,1861,1924
OX723,172,1704,1753,1816,1856,1919
OX724,175,1705,1754,1817,1854,1917
OX725,178,1706,1752,1815,1855,1918
OX726,173,1707,1747,1810,1859,1922
OX727,176,1708,1748,1811,1857,1920
OX728,179,1709,1746,1809,1858,1921
OX729,181,1674,1760,1787,1870,1897
OX730,184,1675,1758,1785,1871,1898
OX731,187,1676,1759,1786,1869,1896
OX732,182,1677,1763,1790,1864,1891
OX733,185,1678,1761,1788,1865,1892
OX734,188,1679,1762,1789,1863,1890
OX735,180,1680,1757,1784,1867,1894
OX736,183,1681,1755,1782,1868,1895
OX737,186,1682,1756,1783,1866,1893
OX738,189,1683,1769,1795,1879,1907
OX739,195,1685,1767,1794,1880,1906
OX740,192,1684,1768,1796,1878,1905
OX741,190,1686,1772,1798,1873,1901
OX742,196,1688,1770,1797,1874,1900
OX743,193,1687,1771,1799,1872,1899
OX744,191,1689,1766,1792,1876,1904
OX745,197,1691,1764,1791,1877,1903
OX746,194,1690,1765,1793,1875,1902
OX747,210,1710,1777,1822,1889,1934
OX748,207,1711,1778,1823,1887,1932
OX749,213,1712,1776,1821,1888,1933
OX750,211,1713,1780,1825,1883,1928
OX751,208,1714,1781,1826,1881,1926
OX752,214,1715,1779,1824,1882,1927
OX753,212,1716,1774,1819,1886,1931
OX754,209,1717,1775,1820,1884,1929
OX755,215,1718,1773,1818,1885,1930
OX756,1760,1787,1870,1897
OX757,1758,1785,1871,1898
OX758,1759,1786,1869,1896
OX759,1763,1790,1864,1891
OX760,1761,1788,1865,1892
OX761,1762,1789,1863,1890
OX762,1757,1784,1867,1894
OX763,1755,1782,1868,1895
OX764,1756,1783,1866,1893
OX765,1769,1795,1879,1907
OX766,1768,1796,1878,1905
OX767,1767,1794,1880,1906
OX768,1772,1798,1873,1901
OX769,1771,1799,1872,1899
OX770,1770,1797,1874,1900
OX771,1766,1792,1876,1904
OX772,1765,1793,1875,1902
OX773,1764,1791,1877,1903
OX774,1741,1804,1853,1916
OX775,1742,1805,1851,1914
OX776,1740,1803,1852,1915
OX777,1744,1807,1847,1910
OX778,1745,1808,1845,1908
OX779,1743,1806,1846,1909
OX780,1738,1801,1850,1913
OX781,1739,1802,1848,1911
OX782,1737,1800,1849,1912
OX783,1750,1813,1862,1925
OX784,1751,1814,1860,1923
OX785,1749,1812,1861,1924
OX786,1753,1816,1856,1919
OX787,1754,1817,1854,1917
OX788,1752,1815,1855,1918
OX789,1747,1810,1859,1922
OX790,1748,1811,1857,1920
OX791,1746,1809,1858,1921
OX792,1777,1822,1889,1934
OX793,1778,1823,1887,1932
OX794,1776,1821,1888,1933
OX795,1780,1825,1883,1928
OX796,1781,1826,1881,1926
OX797,1779,1824,1882,1927
OX798,1774,1819,1886,1931
OX799,1775,1820,1884,1929
OX800,1773,1818,1885,1930
OX801,1736,1835,1840,1939
OX802,1734,1833,1841,1940
OX803,1735,1834,1839,1938
OX804,1730,1829,1843,1942
OX805,1728,1827,1844,1943
OX806,1729,1828,1842,1941
OX807,1733,1832,1837,1936
OX808,1731,1830,1838,1937
OX809,1732,1831,1836,1935
OX810,92,1827,1844,1943
OX811,95,1828,1842,1941
OX812,98,1829,1843,1942
OX813,91,1830,1838,1937
OX814,94,1831,1836,1935
OX815,97,1832,1837,1936
OX816,90,1833,1841,1940
OX817,93,1834,1839,1938
OX818,96,1835,1840,1939
OX819,54,1800,1849,1912
OX820,57,1801,1850,1913
OX821,60,1802,1848,1911
OX822,55,1803,1852,1915
OX823,58,1804,1853,1916
OX824,61,1805,1851,1914
OX825,56,1806,1846,1909
OX826,59,1807,1847,1910
OX827,62,1808,1845,1908
OX828,67,1809,1858,1921
OX829,70,1810,1859,1922
OX830,64,1811,1857,1920
OX831,68,1812,1861,1924
OX832,71,1813,1862,1925
OX833,65,1814,1860,1923
OX834,66,1815,1855,1918
OX835,69,1816,1856,1919
OX836,63,1817,1854,1917
OX837,74,1782,1868,1895
OX838,77,1783,1866,1893
OX839,80,1784,1867,1894
OX840,72,1785,1871,1898
OX841,75,1786,1869,1896
OX842,78,1787,1870,1897
OX843,73,1788,1865,1892
OX844,76,1789,1863,1890
OX845,79,1790,1864,1891
OX846,85,1791,1877,1903
OX847,82,1793,1875,1902
OX848,88,1792,1876,1904
OX849,86,1794,1880,1906
OX850,83,1796,1878,1905
OX851,89,1795,1879,1907
OX852,84,1797,1874,1900
OX853,81,1799,1872,1899
OX854,87,1798,1873,1901
OX855,99,1818,1885,1930
OX856,105,1819,1886,1931
OX857,102,1820,1884,1929
OX858,100,1821,1888,1933
OX859,106,1822,1889,1934
OX860,103,1823,1887,1932
OX861,101,1824,1882,1927
OX862,107,1825,1883,1928
OX863,104,1826,1881,1926
OX864,1868,1895
OX865,1866,1893
OX866,1867,1894
OX867,1871,1898
OX868,1869,1896
OX869,1870,1897
OX870,1865,1892
OX871,1863,1890
OX872,1864,1891
OX873,1877,1903
OX874,1876,1904
OX875,1875,1902
OX876,1880,1906
OX877,1879,1907
OX878,1878,1905
OX879,1874,1900
OX880,1873,1901
OX881,1872,1899
OX882,1849,1912
OX883,1850,1913
OX884,1848,1911
OX885,1852,1915
OX886,1853,1916
OX887,1851,1914
OX888,1846,1909
OX889,1847,1910
OX890,1845,1908
OX891,1858,1921
OX892,1859,1922
OX893,1857,1920
OX894,1861,1924
OX895,1862,1925
OX896,1860,1923
OX897,1855,1918
OX898,1856,1919
OX899,1854,1917
OX900,1885,1930
OX901,1886,1931
OX902,1884,1929
OX903,1888,1933
OX904,1889,1934
OX905,1887,1932
OX906,1882,1927
OX907,1883,1928
OX908,1881,1926
OX909,1844,1943
OX910,1842,1941
OX911,1843,1942
OX912,1838,1937
OX913,1836,1935
OX914,1837,1936
OX915,1841,1940
OX916,1839,1938
OX917,1840,1939
OX918,306,1935
OX919,309,1936
OX920,312,1937
OX921,308,1938
OX922,311,1939
OX923,314,1940
OX924,307,1941
OX925,310,1942
OX926,313,1943
OX927,273,1908
OX928,276,1909
OX929,270,1910
OX930,274,1911
OX931,277,1912
OX932,271,1913
OX933,275,1914
OX934,278,1915
OX935,272,1916
OX936,287,1917
OX937,281,1918
OX938,284,1919
OX939,285,1920
OX940,279,1921
OX941,282,1922
OX942,286,1923
OX943,280,1924
OX944,283,1925
OX945,288,1890
OX946,291,1891
OX947,294,1892
OX948,289,1893
OX949,292,1894
OX950,295,1895
OX951,290,1896
OX952,293,1897
OX953,296,1898
OX954,305,1899
OX955,302,1901
OX956,299,1900
OX957,303,1902
OX958,300,1904
OX959,297,1903
OX960,304,1905
OX961,301,1907
OX962,298,1906
OX963,321,1926
OX964,318,1927
OX965,315,1928
OX966,322,1929
OX967,319,1930
OX968,316,1931
OX969,323,1932
OX970,320,1933
OX971,317,1934
OX972,943,2043,2060,2159,2164,2263
OX973,937,2044,2058,2157,2165,2264
OX974,940,2045,2059,2158,2163,2262
OX975,942,2046,2054,2153,2167,2266
OX976,936,2047,2052,2151,2168,2267
OX977,939,2048,2053,2152,2166,2265
OX978,944,2049,2057,2156,2161,2260
OX979,938,2050,2055,2154,2162,2261
OX980,941,2051,2056,2155,2160,2259
OX981,964,2016,2065,2128,2177,2240
OX982,970,2017,2066,2129,2175,2238
OX983,967,2018,2064,2127,2176,2239
OX984,965,2019,2068,2131,2171,2234
OX985,971,2020,2069,2132,2169,2232
OX986,968,2021,2067,2130,2170,2233
OX987,963,2022,2062,2125,2174,2237
OX988,969,2023,2063,2126,2172,2235
OX989,966,2024,2061,2124,2173,2236
OX990,928,2025,2074,2137,2186,2249
OX991,931,2026,2075,2138,2184,2247
OX992,934,2027,2073,2136,2185,2248
OX993,929,2028,2077,2140,2180,2243
OX994,932,2029,2078,2141,2178,2241
OX995,935,2030,2076,2139,2179,2242
OX996,927,2031,2071,2134,2183,2246
OX997,930,2032,2072,2135,2181,2244
OX998,933,2033,2070,2133,2182,2245
OX999,961,1998,2084,2111,2194,2221
OX1000,955,1999,2082,2109,2195,2222
OX1001,958,2000,2083,2110,2193,2220
OX1002,962,2001,2087,2114,2188,2215
OX1003,956,2002,2085,2112,2189,2216
OX1004,959,2003,2086,2113,2187,2214
OX1005,960,2004,2081,2108,2191,2218
OX1006,954,2005,2079,2106,2192,2219
OX1007,957,2006,2080,2107,2190,2217
OX1008,946,2007,2093,2119,2203,2231
OX1009,952,2009,2091,2118,2204,2230
OX1010,949,2008,2092,2120,2202,2229
OX1011,947,2010,2096,2122,2197,2225
OX1012,953,2012,2094,2121,2198,2224
OX1013,950,2011,2095,2123,2196,2223
OX1014,945,2013,2090,2116,2200,2228
OX1015,951,2015,2088,2115,2201,2227
OX1016,948,2014,2089,2117,2199,2226
OX1017,919,2034,2101,2146,2213,2258
OX1018,922,2035,2102,2147,2211,2256
OX1019,925,2036,2100,2145,2212,2257
OX1020,920,2037,2104,2149,2207,2252
OX1021,923,2038,2105,2150,2205,2250
OX1022,926,2039,2103,2148,2206,2251
OX1023,918,2040,2098,2143,2210,2255
OX1024,921,2041,2099,2144,2208,2253
OX1025,924,2042,2097,2142,2209,2254
OX1026,2084,2111,2194,2221
OX1027,2082,2109,2195,2222
OX1028,2083,2110,2193,2220
OX1029,2087,2114,2188,2215
OX1030,2085,2112,2189,2216
OX1031,2086,2113,2187,2214
OX1032,2081,2108,2191,2218
OX1033,2079,2106,2192,2219
OX1034,2080,2107,2190,2217
OX1035,2093,2119,2203,2231
OX1036,2092,2120,2202,2229
OX1037,2091,2118,2204,2230
OX1038,2096,2122,2197,2225
OX1039,2095,2123,2196,2223
OX1040,2094,2121,2198,2224
OX1041,2090,2116,2200,2228
OX1042,2089,2117,2199,2226
OX1043,2088,2115,2201,2227
OX1044,2065,2128,2177,2240
OX1045,2066,2129,2175,2238
OX1046,2064,2127,2176,2239
OX1047,2068,2131,2171,2234
OX1048,2069,2132,2169,2232
OX1049,2067,2130,2170,2233
OX1050,2062,2125,2174,2237
OX1051,2063,2126,2172,2235
OX1052,2061,2124,2173,2236
OX1053,2074,2137,2186,2249
OX1054,2075,2138,2184,2247
OX1055,2073,2136,2185,2248
OX1056,2077,2140,2180,2243
OX1057,2078,2141,2178,2241
OX1058,2076,2139,2179,2242
OX1059,2071,2134,2183,2246
OX1060,2072,2135,2181,2244
OX1061,2070,2133,2182,2245
OX1062,2101,2146,2213,2258
OX1063,2102,2147,2211,2256
OX1064,2100,2145,2212,2257
OX1065,2104,2149,2207,2252
OX1066,2105,2150,2205,2250
OX1067,2103,2148,2206,2251
OX1068,2098,2143,2210,2255
OX1069,2099,2144,2208,2253
OX1070,2097,2142,2209,2254
OX1071,2060,2159,2164,2263
OX1072,2058,2157,2165,2264
OX1073,2059,2158,2163,2262
OX1074,2054,2153,2167,2266
OX1075,2052,2151,2168,2267
OX1076,2053,2152,2166,2265
OX1077,2057,2156,2161,2260
OX1078,2055,2154,2162,2261
OX1079,2056,2155,2160,2259
OX1080,836,2151,2168,2267
OX1081,830,2152,2166,2265
OX1082,833,2153,2167,2266
OX1083,835,2154,2162,2261
OX1084,829,2155,2160,2259
OX1085,832,2156,2161,2260
OX1086,834,2157,2165,2264
OX1087,828,2158,2163,2262
OX1088,831,2159,2164,2263
OX1089,862,2124,2173,2236
OX1090,859,2125,2174,2237
OX1091,856,2126,2172,2235
OX1092,863,2127,2176,2239
OX1093,860,2128,2177,2240
OX1094,857,2129,2175,2238
OX1095,861,2130,2170,2233
OX1096,858,2131,2171,2234
OX1097,855,2132,2169,2232
OX1098,824,2133,2182,2245
OX1099,827,2134,2183,2246
OX1100,821,2135,2181,2244
OX1101,822,2136,2185,2248
OX1102,825,2137,2186,2249
OX1103,819,2138,2184,2247
OX1104,823,2139,2179,2242
OX1105,826,2140,2180,2243
OX1106,820,2141,2178,2241
OX1107,854,2106,2192,2219
OX1108,848,2107,2190,2217
OX1109,851,2108,2191,2218
OX1110,852,2109,2195,2222
OX1111,846,2110,2193,2220
OX1112,849,2111,2194,2221
OX1113,853,2112,2189,2216
OX1114,847,2113,2187,2214
OX1115,850,2114,2188,2215
OX1116,842,2115,2201,2227
OX1117,839,2117,2199,2226
OX1118,845,2116,2200,2228
OX1119,840,2118,2204,2230
OX1120,837,2120,2202,2229
OX1121,843,2119,2203,2231
OX1122,841,2121,2198,2224
OX1123,838,2123,2196,2223
OX1124,844,2122,2197,2225
OX1125,814,2142,2209,2254
OX1126,817,2143,2210,2255
OX1127,811,2144,2208,2253
OX1128,815,2145,2212,2257
OX1129,818,2146,2213,2258
OX1130,812,2147,2211,2256
OX1131,813,2148,2206,2251
OX1132,816,2149,2207,2252
OX1133,810,2150,2205,2250
OX1134,2192,2219
OX1135,2190,2217
OX1136,2191,2218
OX1137,2195,2222
OX1138,2193,2220
OX1139,2194,2221
OX1140,2189,2216
OX1141,2187,2214
OX1142,2188,2215
OX1143,2201,2227
OX1144,2200,2228
OX1145,2199,2226
OX1146,2204,2230
OX1147,2203,2231
OX1148,2202,2229
OX1149,2198,2224
OX1150,2197,2225
OX1151,2196,2223
OX1152,2173,2236
OX1153,2174,2237
OX1154,2172,2235
OX1155,2176,2239
OX1156,2177,2240
OX1157,2175,2238
OX1158,2170,2233
OX1159,2171,2234
OX1160,2169,2232
OX1161,2182,2245
OX1162,2183,2246
OX1163,2181,2244
OX1164,2185,2248
OX1165,2186,2249
OX1166,2184,2247
OX1167,2179,2242
OX1168,2180,2243
OX1169,2178,2241
OX1170,2209,2254
OX1171,2210,2255
OX1172,2208,2253
OX1173,2212,2257
OX1174,2213,2258
OX1175,2211,2256
OX1176,2206,2251
OX1177,2207,2252
OX1178,2205,2250
OX1179,2168,2267
OX1180,2166,2265
OX1181,2167,2266
OX1182,2162,2261
OX1183,2160,2259
OX1184,2161,2260
OX1185,2165,2264
OX1186,2163,2262
OX1187,2164,2263
OX1188,726,2259
OX1189,720,2260
OX1190,723,2261
OX1191,728,2262
OX1192,722,2263
OX1193,725,2264
OX1194,727,2265
OX1195,721,2266
OX1196,724,2267
OX1197,751,2232
OX1198,748,2233
OX1199,754,2234
OX1200,752,2235
OX1201,749,2236
OX1202,755,2237
OX1203,750,2238
OX1204,747,2239
OX1205,753,2240
OX1206,717,2241
OX1207,711,2242
OX1208,714,2243
OX1209,718,2244
OX1210,712,2245
OX1211,715,2246
OX1212,719,2247
OX1213,713,2248
OX1214,716,2249
OX1215,744,2214
OX1216,738,2215
OX1217,741,2216
OX1218,745,2217
OX1219,739,2218
OX1220,742,2219
OX1221,746,2220
OX1222,740,2221
OX1223,743,2222
OX1224,735,2223
OX1225,732,2225
OX1226,729,2224
OX1227,736,2226
OX1228,733,2228
OX1229,730,2227
OX1230,737,2229
OX1231,734,2231
OX1232,731,2230
OX1233,709,2250
OX1234,703,2251
OX1235,706,2252
OX1236,710,2253
OX1237,704,2254
OX1238,707,2255
OX1239,708,2256
OX1240,702,2257
OX1241,705,2258
OX1242,1047,2367,2384,2483,2488,2587
OX1243,1050,2368,2382,2481,2489,2588
OX1244,1044,2369,2383,2482,2487,2586
OX1245,1049,2370,2378,2477,2491,2590
OX1246,1052,2371,2376,2475,2492,2591
OX1247,1046,2372,2377,2476,2490,2589
OX1248,1048,2373,2381,2480,2485,2584
OX1249,1051,2374,2379,2478,2486,2585
OX1250,1045,2375,2380,2479,2484,2583
OX1251,1073,2340,2389,2452,2501,2564
OX1252,1079,2341,2390,2453,2499,2562
OX1253,1076,2342,2388,2451,2500,2563
OX1254,1071,2343,2392,2455,2495,2558
OX1255,1077,2344,2393,2456,2493,2556
OX1256,1074,2345,2391,2454,2494,2557
OX1257,1072,2346,2386,2449,2498,2561
OX1258,1078,2347,2387,2450,2496,2559
OX1259,1075,2348,2385,2448,2497,2560
OX1260,1042,2349,2398,2461,2510,2573
OX1261,1036,2350,2399,2462,2508,2571
OX1262,1039,2351,2397,2460,2509,2572
OX1263,1043,2352,2401,2464,2504,2567
OX1264,1037,2353,2402,2465,2502,2565
OX1265,1040,2354,2400,2463,2503,2566
OX1266,1041,2355,2395,2458,2507,2570
OX1267,1035,2356,2396,2459,2505,2568
OX1268,1038,2357,2394,2457,2506,2569
OX1269,1065,2322,2408,2435,2518,2545
OX1270,1068,2323,2406,2433,2519,2546
OX1271,1062,2324,2407,2434,2517,2544
OX1272,1066,2325,2411,2438,2512,2539
OX1273,1069,2326,2409,2436,2513,2540
OX1274,1063,2327,2410,2437,2511,2538
OX1275,1067,2328,2405,2432,2515,2542
OX1276,1070,2329,2403,2430,2516,2543
OX1277,1064,2330,2404,2431,2514,2541
OX1278,1060,2331,2417,2443,2527,2555
OX1279,1057,2333,2415,2442,2528,2554
OX1280,1054,2332,2416,2444,2526,2553
OX1281,1061,2334,2420,2446,2521,2549
OX1282,1058,2336,2418,2445,2522,2548
OX1283,1055,2335,2419,2447,2520,2547
OX1284,1059,2337,2414,2440,2524,2552
OX1285,1056,2339,2412,2439,2525,2551
OX1286,1053,2338,2413,2441,2523,2550
OX1287,1028,2358,2425,2470,2537,2582
OX1288,1031,2359,2426,2471,2535,2580
OX1289,1034,2360,2424,2469,2536,2581
OX1290,1026,2361,2428,2473,2531,2576
OX1291,1029,2362,2429,2474,2529,2574
OX1292,1032,2363,2427,2472,2530,2575
OX1293,1027,2364,2422,2467,2534,2579
OX1294,1030,2365,2423,2468,2532,2577
OX1295,1033,2366,2421,2466,2533,2578
OX1296,2408,2435,2518,2545
OX1297,2406,2433,2519,2546
OX1298,2407,2434,2517,2544
OX1299,2411,2438,2512,2539
OX1300,2409,2436,2513,2540
OX1301,2410,2437,2511,2538
OX1302,2405,2432,2515,2542
OX1303,2403,2430,2516,2543
OX1304,2404,2431,2514,2541
OX1305,2417,2443,2527,2555
OX1306,2416,2444,2526,2553
OX1307,2415,2442,2528,2554
OX1308,2420,2446,2521,2549
OX1309,2419,2447,2520,2547
OX1310,2418,2445,2522,2548
OX1311,2414,2440,2524,2552
OX1312,2413,2441,2523,2550
OX1313,2412,2439,2525,2551
OX1314,2389,2452,2501,2564
OX1315,2390,2453,2499,2562
OX1316,2388,2451,2500,2563
OX1317,2392,2455,2495,2558
OX1318,2393,2456,2493,2556
OX1319,2391,2454,2494,2557
OX1320,2386,2449,2498,2561
OX1321,2387,2450,2496,2559
OX1322,2385,2448,2497,2560
OX1323,2398,2461,2510,2573
OX1324,2399,2462,2508,2571
OX1325,2397,2460,2509,2572
OX1326,2401,2464,2504,2567
OX1327,2402,2465,2502,2565
OX1328,2400,2463,2503,2566
OX1329,2395,2458,2507,2570
OX1330,2396,2459,2505,2568
OX1331,2394,2457,2506,2569
OX1332,2425,2470,2537,2582
OX1333,2426,2471,2535,2580
OX1334,2424,2469,2536,2581
OX1335,2428,2473,2531,2576
OX1336,2429,2474,2529,2574
OX1337,2427,2472,2530,2575
OX1338,2422,2467,2534,2579
OX1339,2423,2468,2532,2577
OX1340,2421,2466,2533,2578
OX1341,2384,2483,2488,2587
OX1342,2382,2481,2489,2588
OX1343,2383,2482,2487,2586
OX1344,2378,2477,2491,2590
OX1345,2376,2475,2492,2591
OX1346,2377,2476,2490,2589
OX1347,2381,2480,2485,2584
OX1348,2379,2478,2486,2585
OX1349,2380,2479,2484,2583
OX1350,1264,2475,2492,2591
OX1351,1267,2476,2490,2589
OX1352,1261,2477,2491,2590
OX1353,1263,2478,2486,2585
OX1354,1266,2479,2484,2583
OX1355,1260,2480,2485,2584
OX1356,1265,2481,2489,2588
OX1357,1268,2482,2487,2586
OX1358,1262,2483,2488,2587
OX1359,1295,2448,2497,2560
OX1360,1292,2449,2498,2561
OX1361,1289,2450,2496,2559
OX1362,1293,2451,2500,2563
OX1363,1290,2452,2501,2564
OX1364,1287,2453,2499,2562
OX1365,1294,2454,2494,2557
OX1366,1291,2455,2495,2558
OX1367,1288,2456,2493,2556
OX1368,1253,2457,2506,2569
OX1369,1256,2458,2507,2570
OX1370,1259,2459,2505,2568
OX1371,1251,2460,2509,2572
OX1372,1254,2461,2510,2573
OX1373,1257,2462,2508,2571
OX1374,1252,2463,2503,2566
OX1375,1255,2464,2504,2567
OX1376,1258,2465,2502,2565
OX1377,1282,2430,2516,2543
OX1378,1285,2431,2514,2541
OX1379,1279,2432,2515,2542
OX1380,1283,2433,2519,2546
OX1381,1286,2434,2517,2544
OX1382,1280,2435,2518,2545
OX1383,1281,2436,2513,2540
OX1384,1284,2437,2511,2538
OX1385,1278,2438,2512,2539
OX1386,1271,2439,2525,2551
OX1387,1277,2441,2523,2550
OX1388,1274,2440,2524,2552
OX1389,1269,2442,2528,2554
OX1390,1275,2444,2526,2553
OX1391,1272,2443,2527,2555
OX1392,1270,2445,2522,2548
OX1393,1276,2447,2520,2547
OX1394,1273,2446,2521,2549
OX1395,1247,2466,2533,2578
OX1396,1250,2467,2534,2579
OX1397,1244,2468,2532,2577
OX1398,1245,2469,2536,2581
OX1399,1248,2470,2537,2582
OX1400,1242,2471,2535,2580
OX1401,1246,2472,2530,2575
OX1402,1249,2473,2531,2576
OX1403,1243,2474,2529,2574
OX1404,2516,2543
OX1405,2514,2541
OX1406,2515,2542
OX1407,2519,2546
OX1408,2517,2544
OX1409,2518,2545
OX1410,2513,2540
OX1411,2511,2538
OX1412,2512,2539
OX1413,2525,2551
OX1414,2524,2552
OX1415,2523,2550
OX1416,2528,2554
OX1417,2527,2555
OX1418,2526,2553
OX1419,2522,2548
OX1420,2521,2549
OX1421,2520,2547
OX1422,2497,2560
OX1423,2498,2561
OX1424,2496,2559
OX1425,2500,2563
OX1426,2501,2564
OX1427,2499,2562
OX1428,2494,2557
OX1429,2495,2558
OX1430,2493,2556
OX1431,2506,2569
OX1432,2507,2570
OX1433,2505,2568
OX1434,2509,2572
OX1435,2510,2573
OX1436,2508,2571
OX1437,2503,2566
OX1438,2504,2567
OX1439,2502,2565
OX1440,2533,2578
OX1441,2534,2579
OX1442,2532,2577
OX1443,2536,2581
OX1444,2537,2582
OX1445,2535,2580
OX1446,2530,2575
OX1447,2531,2576
OX1448,2529,2574
OX1449,2492,2591
OX1450,2490,2589
OX1451,2491,2590
OX1452,2486,2585
OX1453,2484,2583
OX1454,2485,2584
OX1455,2489,2588
OX1456,2487,2586
OX1457,2488,2587
OX1458,1157,2583
OX1459,1160,2584
OX1460,1154,2585
OX1461,1156,2586
OX1462,1159,2587
OX1463,1153,2588
OX1464,1155,2589
OX1465,1158,2590
OX1466,1152,2591
OX1467,1184,2556
OX1468,1181,2557
OX1469,1187,2558
OX1470,1182,2559
OX1471,1179,2560
OX1472,1185,2561
OX1473,1183,2562
OX1474,1180,2563
OX1475,1186,2564
OX1476,1146,2565
OX1477,1149,2566
OX1478,1143,2567
OX1479,1147,2568
OX1480,1150,2569
OX1481,1144,2570
OX1482,1148,2571
OX1483,1151,2572
OX1484,1145,2573
OX1485,1175,2538
OX1486,1178,2539
OX1487,1172,2540
OX1488,1173,2541
OX1489,1176,2542
OX1490,1170,2543
OX1491,1174,2544
OX1492,1177,2545
OX1493,1171,2546
OX1494,1164,2547
OX1495,1161,2549
OX1496,1167,2548
OX1497,1165,2550
OX1498,1162,2552
OX1499,1168,2551
OX1500,1166,2553
OX1501,1163,2555
OX1502,1169,2554
OX1503,1142,2574
OX1504,1136,2575
OX1505,1139,2576
OX1506,1140,2577
OX1507,1134,2578
OX1508,1137,2579
OX1509,1141,2580
OX1510,1135,2581
OX1511,1138,2582
Z0,0,99,1773,1818
Z1,1,100,1776,1821
Z2,2,101,1779,1824
Z3,3,102,1775,1820
Z4,4,103,1778,1823
Z5,5,104,1781,1826
Z6,6,105,1774,1819
Z7,7,106,1777,1822
Z8,8,107,1780,1825
Z9,9,72,1758,1785
Z10,10,73,1761,1788
Z11,11,74,1755,1782
Z12,12,75,1759,1786
Z13,13,76,1762,1789
Z14,14,77,1756,1783
Z15,15,78,1760,1787
Z16,16,79,1763,1790
Z17,17,80,1757,1784
Z18,18,81,1771,1799
Z19,19,82,1765,1793
Z20,20,83,1768,1796
Z21,21,84,1770,1797
Z22,22,85,1764,1791
Z23,23,86,1767,1794
Z24,24,87,1772,1798
Z25,25,88,1766,1792
Z26,26,89,1769,1795
Z27,27,54,1737,1800
Z28,28,55,1740,1803
Z29,29,56,1743,1806
Z30,30,57,1738,1801
Z31,31,58,1741,1804
Z32,32,59,1744,1807
Z33,33,60,1739,1802
Z34,34,61,1742,1805
Z35,35,62,1745,1808
Z36,36,63,1754,1817
Z37,37,65,1751,1814
Z38,38,64,1748,1811
Z39,39,66,1752,1815
Z40,40,68,1749,1812
Z41,41,67,1746,1809
Z42,42,69,1753,1816
Z43,43,71,1750,1813
Z44,44,70,1747,1810
Z45,45,90,1734,1833
Z46,46,91,1731,1830
Z47,47,92,1728,1827
Z48,48,93,1735,1834
Z49,49,94,1732,1831
Z50,50,95,1729,1828
Z51,51,96,1736,1835
Z52,52,97,1733,1832
Z53,53,98,1730,1829
Z54,108,207,1666,1711
Z55,109,208,1669,1714
Z56,110,209,1672,1717
Z57,111,210,1665,1710
Z58,112,211,1668,1713
Z59,113,212,1671,1716
Z60,114,213,1667,1712
Z61,115,214,1670,1715
Z62,116,215,1673,1718
Z63,117,180,1653,1680
Z64,118,181,1647,1674
Z65,119,182,1650,1677
Z66,120,183,1654,1681
Z67,121,184,1648,1675
Z68,122,185,1651,1678
Z69,123,186,1655,1682
Z70,124,187,1649,1676
Z71,125,188,1652,1679
Z72,126,189,1656,1683
Z73,127,190,1659,1686
Z74,128,191,1662,1689
Z75,129,192,1658,1684
Z76,130,193,1661,1687
Z77,131,194,1664,1690
Z78,132,195,1657,1685
Z79,133,196,1660,1688
Z80,134,197,1663,1691
Z81,135,162,1630,1693
Z82,136,163,1633,1696
Z83,137,164,1636,1699
Z84,138,165,1631,1694
Z85,139,166,1634,1697
Z86,140,167,1637,1700
Z87,141,168,1629,1692
Z88,142,169,1632,1695
Z89,143,170,1635,1698
Z90,144,171,1638,1701
Z91,145,173,1644,1707
Z92,146,172,1641,1704
Z93,147,174,1639,1702
Z94,148,176,1645,1708
Z95,149,175,1642,1705
Z96,150,177,1640,1703
Z97,151,179,1646,1709
Z98,152,178,1643,1706
Z99,153,198,1623,1722
Z100,154,199,1620,1719
Z101,155,200,1626,1725
Z102,156,201,1624,1723
Z103,157,202,1621,1720
Z104,158,203,1627,1726
Z105,159,204,1625,1724
Z106,160,205,1622,1721
Z107,161,206,1628,1727
Z108,216,315,1883,1928
Z109,217,316,1886,1931
Z110,218,317,1889,1934
Z111,219,318,1882,1927
Z112,220,319,1885,1930
Z113,221,320,1888,1933
Z114,222,321,1881,1926
Z115,223,322,1884,1929
Z116,224,323,1887,1932
Z117,225,288,1863,1890
Z118,226,289,1866,1893
Z119,227,290,1869,1896
Z120,228,291,1864,1891
Z121,229,292,1867,1894
Z122,230,293,1870,1897
Z123,231,294,1865,1892
Z124,232,295,1868,1895
Z125,233,296,1871,1898
Z126,234,297,1877,1903
Z127,235,298,1880,1906
Z128,236,299,1874,1900
Z129,237,300,1876,1904
Z130,238,301,1879,1907
Z131,239,302,1873,1901
Z132,240,303,1875,1902
Z133,241,304,1878,1905
Z134,242,305,1872,1899
Z135,243,270,1847,1910
Z136,244,271,1850,1913
Z137,245,272,1853,1916
Z138,246,273,1845,1908
Z139,247,274,1848,1911
Z140,248,275,1851,1914
Z141,249,276,1846,1909
Z142,250,277,1849,1912
Z143,251,278,1852,1915
Z144,252,279,1858,1921
Z145,253,281,1855,1918
Z146,254,280,1861,1924
Z147,255,282,1859,1922
Z148,256,284,1856,1919
Z149,257,283,1862,1925
Z150,258,285,1857,1920
Z151,259,287,1854,1917
Z152,260,286,1860,1923
Z153,261,306,1836,1935
Z154,262,307,1842,1941
Z155,263,308,1839,1938
Z156,264,309,1837,1936
Z157,265,310,1843,1942
Z158,266,311,1840,1939
Z159,267,312,1838,1937
Z160,268,313,1844,1943
Z161,269,314,1841,1940
Z162,324,423,1450,1495
Z163,325,424,1453,1498
Z164,326,425,1456,1501
Z165,327,426,1449,1494
Z166,328,427,1452,1497
Z167,329,428,1455,1500
Z168,330,429,1451,1496
Z169,331,430,1454,1499
Z170,332,431,1457,1502
Z171,333,396,1437,1464
Z172,334,397,1431,1458
Z173,335,398,1434,1461
Z174,336,399,1438,1465
Z175,337,400,1432,1459
Z176,338,401,1435,1462
Z177,339,402,1439,1466
Z178,340,403,1433,1460
Z179,341,404,1436,1463
Z180,342,405,1440,1467
Z181,343,406,1443,1470
Z182,344,407,1446,1473
Z183,345,408,1442,1468
Z184,346,409,1445,1471
Z185,347,410,1448,1474
Z186,348,411,1441,1469
Z187,349,412,1444,1472
Z188,350,413,1447,1475
Z189,351,378,1414,1477
Z190,352,379,1417,1480
Z191,353,380,1420,1483
Z192,354,381,1415,1478
Z193,355,382,1418,1481
Z194,356,383,1421,1484
Z195,357,384,1413,1476
Z196,358,385,1416,1479
Z197,359,386,1419,1482
Z198,360,387,1422,1485
Z199,361,389,1428,1491
Z200,362,388,1425,1488
Z201,363,390,1423,1486
Z202,364,392,1429,1492
Z203,365,391,1426,1489
Z204,366,393,1424,1487
Z205,367,395,1430,1493
Z206,368,394,1427,1490
Z207,369,414,1407,1506
Z208,370,415,1404,1503
Z209,371,416,1410,1509
Z210,372,417,1408,1507
Z211,373,418,1405,1504
Z212,374,419,1411,1510
Z213,375,420,1409,1508
Z214,376,421,1406,1505
Z215,377,422,1412,1511
Z216,432,531,1343,1388
Z217,433,532,1346,1391
Z218,434,533,1349,1394
Z219,435,534,1342,1387
Z220,436,535,1345,1390
Z221,437,536,1348,1393
Z222,438,537,1341,1386
Z223,439,538,1344,1389
Z224,440,539,1347,1392
Z225,441,504,1323,1350
Z226,442,505,1326,1353
Z227,443,506,1329,1356
Z228,444,507,1324,1351
Z229,445,508,1327,1354
Z230,446,509,1330,1357
Z231,447,510,1325,1352
Z232,448,511,1328,1355
Z233,449,512,1331,1358
Z234,450,513,1337,1363
Z235,451,514,1340,1366
Z236,452,515,1334,1360
Z237,453,516,1336,1364
Z238,454,517,1339,1367
Z239,455,518,1333,1361
Z240,456,519,1335,1362
Z241,457,520,1338,1365
Z242,458,521,1332,1359
Z243,459,486,1307,1370
Z244,460,487,1310,1373
Z245,461,488,1313,1376
Z246,462,489,1305,1368
Z247,463,490,1308,1371
Z248,464,491,1311,1374
Z249,465,492,1306,1369
Z250,466,493,1309,1372
Z251,467,494,1312,1375
Z252,468,495,1318,1381
Z253,469,497,1315,1378
Z254,470,496,1321,1384
Z255,471,498,1319,1382
Z256,472,500,1316,1379
Z257,473,499,1322,1385
Z258,474,501,1317,1380
Z259,475,503,1314,1377
Z260,476,502,1320,1383
Z261,477,522,1296,1395
Z262,478,523,1302,1401
Z263,479,524,1299,1398
Z264,480,525,1297,1396
Z265,481,526,1303,1402
Z266,482,527,1300,1399
Z267,483,528,1298,1397
Z268,484,529,1304,1403
Z269,485,530,1301,1400
Z270,540,639,1557,1602
Z271,541,640,1560,1605
Z272,542,641,1563,1608
Z273,543,642,1559,1604
Z274,544,643,1562,1607
Z275,545,644,1565,1610
Z276,546,645,1558,1603
Z277,547,646,1561,1606
Z278,548,647,1564,1609
Z279,549,612,1542,1569
Z280,550,613,1545,1572
Z281,551,614,1539,1566
Z282,552,615,1543,1570
Z283,553,616,1546,1573
Z284,554,617,1540,1567
Z285,555,618,1544,1571
Z286,556,619,1547,1574
Z287,557,620,1541,1568
Z288,558,621,1555,1583
Z289,559,622,1549,1577
Z290,560,623,1552,1580
Z291,561,624,1554,1581
Z292,562,625,1548,1575
Z293,563,626,1551,1578
Z294,564,627,1556,1582
Z295,565,628,1550,1576
Z296,566,629,1553,1579
Z297,567,594,1521,1584
Z298,568,595,1524,1587
Z299,569,596,1527,1590
Z300,570,597,1522,1585
Z301,571,598,1525,1588
Z302,572,599,1528,1591
Z303,573,600,1523,1586
Z304,574,601,1526,1589
Z305,575,602,1529,1592
Z306,576,603,1538,1601
Z307,577,605,1535,1598
Z308,578,604,1532,1595
Z309,579,606,1536,1599
Z310,580,608,1533,1596
Z311,581,607,1530,1593
Z312,582,609,1537,1600
Z313,583,611,1534,1597
Z314,584,610,1531,1594
Z315,585,630,1518,1617
Z316,586,631,1515,1614
Z317,587,632,1512,1611
Z318,588,633,1519,1618
Z319,589,634,1516,1615
Z320,590,635,1513,1612
Z321,591,636,1520,1619
Z322,592,637,1517,1616
Z323,593,638,1514,1613
Z324,648,747,2176,2239
Z325,649,748,2170,2233
Z326,650,749,2173,2236
Z327,651,750,2175,2238
Z328,652,751,2169,2232
Z329,653,752,2172,2235
Z330,654,753,2177,2240
Z331,655,754,2171,2234
Z332,656,755,2174,2237
Z333,657,720,2161,2260
Z334,658,721,2167,2266
Z335,659,722,2164,2263
Z336,660,723,2162,2261
Z337,661,724,2168,2267
Z338,662,725,2165,2264
Z339,663,726,2160,2259
Z340,664,727,2166,2265
Z341,665,728,2163,2262
Z342,666,729,2198,2224
Z343,667,730,2201,2227
Z344,668,731,2204,2230
Z345,669,732,2197,2225
Z346,670,733,2200,2228
Z347,671,734,2203,2231
Z348,672,735,2196,2223
Z349,673,736,2199,2226
Z350,674,737,2202,2229
Z351,675,702,2212,2257
Z352,676,703,2206,2251
Z353,677,704,2209,2254
Z354,678,705,2213,2258
Z355,679,706,2207,2252
Z356,680,707,2210,2255
Z357,681,708,2211,2256
Z358,682,709,2205,2250
Z359,683,710,2208,2253
Z360,684,711,2179,2242
Z361,685,713,2185,2248
Z362,686,712,2182,2245
Z363,687,714,2180,2243
Z364,688,716,2186,2249
Z365,689,715,2183,2246
Z366,690,717,2178,2241
Z367,691,719,2184,2247
Z368,692,718,2181,2244
Z369,693,738,2188,2215
Z370,694,739,2191,2218
Z371,695,740,2194,2221
Z372,696,741,2189,2216
Z373,697,742,2192,2219
Z374,698,743,2195,2222
Z375,699,744,2187,2214
Z376,700,745,2190,2217
Z377,701,746,2193,2220
Z378,756,855,2069,2132
Z379,757,856,2063,2126
Z380,758,857,2066,2129
Z381,759,858,2068,2131
Z382,760,859,2062,2125
Z383,761,860,2065,2128
Z384,762,861,2067,2130
Z385,763,862,2061,2124
Z386,764,863,2064,2127
Z387,765,828,2059,2158
Z388,766,829,2056,2155
Z389,767,830,2053,2152
Z390,768,831,2060,2159
Z391,769,832,2057,2156
Z392,770,833,2054,2153
Z393,771,834,2058,2157
Z394,772,835,2055,2154
Z395,773,836,2052,2151
Z396,774,837,2092,2120
Z397,775,838,2095,2123
Z398,776,839,2089,2117
Z399,777,840,2091,2118
Z400,778,841,2094,2121
Z401,779,842,2088,2115
Z402,780,843,2093,2119
Z403,781,844,2096,2122
Z404,782,845,2090,2116
Z405,783,810,2105,2150
Z406,784,811,2099,2144
Z407,785,812,2102,2147
Z408,786,813,2103,2148
Z409,787,814,2097,2142
Z410,788,815,2100,2145
Z411,789,816,2104,2149
Z412,790,817,2098,2143
Z413,791,818,2101,2146
Z414,792,819,2075,2138
Z415,793,821,2072,2135
Z416,794,820,2078,2141
Z417,795,822,2073,2136
Z418,796,824,2070,2133
Z419,797,823,2076,2139
Z420,798,825,2074,2137
Z421,799,827,2071,2134
Z422,800,826,2077,2140
Z423,801,846,2083,2110
Z424,802,847,2086,2113
Z425,803,848,2080,2107
Z426,804,849,2084,2111
Z427,805,850,2087,2114
Z428,806,851,2081,2108
Z429,807,852,2082,2109
Z430,808,853,2085,2112
Z431,809,854,2079,2106
Z432,864,963,1959,2022
Z433,865,964,1953,2016
Z434,866,965,1956,2019
Z435,867,966,1961,2024
Z436,868,967,1955,2018
Z437,869,968,1958,2021
Z438,870,969,1960,2023
Z439,871,970,1954,2017
Z440,872,971,1957,2020
Z441,873,936,1948,2047
Z442,874,937,1945,2044
Z443,875,938,1951,2050
Z444,876,939,1949,2048
Z445,877,940,1946,2045
Z446,878,941,1952,2051
Z447,879,942,1947,2046
Z448,880,943,1944,2043
Z449,881,944,1950,2049
Z450,882,945,1986,2013
Z451,883,946,1980,2007
Z452,884,947,1983,2010
Z453,885,948,1988,2014
Z454,886,949,1982,2008
Z455,887,950,1985,2011
Z456,888,951,1987,2015
Z457,889,952,1981,2009
Z458,890,953,1984,2012
Z459,891,918,1995,2040
Z460,892,919,1989,2034
Z461,893,920,1992,2037
Z462,894,921,1996,2041
Z463,895,922,1990,2035
Z464,896,923,1993,2038
Z465,897,924,1997,2042
Z466,898,925,1991,2036
Z467,899,926,1994,2039
Z468,900,927,1968,2031
Z469,901,929,1965,2028
Z470,902,928,1962,2025
Z471,903,930,1969,2032
Z472,904,932,1966,2029
Z473,905,931,1963,2026
Z474,906,933,1970,2033
Z475,907,935,1967,2030
Z476,908,934,1964,2027
Z477,909,954,1978,2005
Z478,910,955,1972,1999
Z479,911,956,1975,2002
Z480,912,957,1979,2006
Z481,913,958,1973,2000
Z482,914,959,1976,2003
Z483,915,960,1977,2004
Z484,916,961,1971,1998
Z485,917,962,1974,2001
Z486,972,1071,2280,2343
Z487,973,1072,2283,2346
Z488,974,1073,2277,2340
Z489,975,1074,2282,2345
Z490,976,1075,2285,2348
Z491,977,1076,2279,2342
Z492,978,1077,2281,2344
Z493,979,1078,2284,2347
Z494,980,1079,2278,2341
Z495,981,1044,2270,2369
Z496,982,1045,2276,2375
Z497,983,1046,2273,2372
Z498,984,1047,2268,2367
Z499,985,1048,2274,2373
Z500,986,1049,2271,2370
Z501,987,1050,2269,2368
Z502,988,1051,2275,2374
Z503,989,1052,2272,2371
Z504,990,1053,2312,2338
Z505,991,1054,2306,2332
Z506,992,1055,2309,2335
Z507,993,1056,2311,2339
Z508,994,1057,2305,2333
Z509,995,1058,2308,2336
Z510,996,1059,2310,2337
Z511,997,1060,2304,2331
Z512,998,1061,2307,2334
Z513,999,1026,2316,2361
Z514,1000,1027,2319,2364
Z515,1001,1028,2313,2358
Z516,1002,1029,2317,2362
Z517,1003,1030,2320,2365
Z518,1004,1031,2314,2359
Z519,1005,1032,2318,2363
Z520,1006,1033,2321,2366
Z521,1007,1034,2315,2360
Z522,1008,1035,2293,2356
Z523,1009,1037,2290,2353
Z524,1010,1036,2287,2350
Z525,1011,1038,2294,2357
Z526,1012,1040,2291,2354
Z527,1013,1039,2288,2351
Z528,1014,1041,2292,2355
Z529,1015,1043,2289,2352
Z530,1016,1042,2286,2349
Z531,1017,1062,2297,2324
Z532,1018,1063,2300,2327
Z533,1019,1064,2303,2330
Z534,1020,1065,2295,2322
Z535,1021,1066,2298,2325
Z536,1022,1067,2301,2328
Z537,1023,1068,2296,2323
Z538,1024,1069,2299,2326
Z539,1025,1070,2302,2329
Z540,1080,1179,2497,2560
Z541,1081,1180,2500,2563
Z542,1082,1181,2494,2557
Z543,1083,1182,2496,2559
Z544,1084,1183,2499,2562
Z545,1085,1184,2493,2556
Z546,1086,1185,2498,2561
Z547,1087,1186,2501,2564
Z548,1088,1187,2495,2558
Z549,1089,1152,2492,2591
Z550,1090,1153,2489,2588
Z551,1091,1154,2486,2585
Z552,1092,1155,2490,2589
Z553,1093,1156,2487,2586
Z554,1094,1157,2484,2583
Z555,1095,1158,2491,2590
Z556,1096,1159,2488,2587
Z557,1097,1160,2485,2584
Z558,1098,1161,2521,2549
Z559,1099,1162,2524,2552
Z560,1100,1163,2527,2555
Z561,1101,1164,2520,2547
Z562,1102,1165,2523,2550
Z563,1103,1166,2526,2553
Z564,1104,1167,2522,2548
Z565,1105,1168,2525,2551
Z566,1106,1169,2528,2554
Z567,1107,1134,2533,2578
Z568,1108,1135,2536,2581
Z569,1109,1136,2530,2575
Z570,1110,1137,2534,2579
Z571,1111,1138,2537,2582
Z572,1112,1139,2531,2576
Z573,1113,1140,2532,2577
Z574,1114,1141,2535,2580
Z575,1115,1142,2529,2574
Z576,1116,1143,2504,2567
Z577,1117,1145,2510,2573
Z578,1118,1144,2507,2570
Z579,1119,1146,2502,2565
Z580,1120,1148,2508,2571
Z581,1121,1147,2505,2568
Z582,1122,1149,2503,2566
Z583,1123,1151,2509,2572
Z584,1124,1150,2506,2569
Z585,1125,1170,2516,2543
Z586,1126,1171,2519,2546
Z587,1127,1172,2513,2540
Z588,1128,1173,2514,2541
Z589,1129,1174,2517,2544
Z590,1130,1175,2511,2538
Z591,1131,1176,2515,2542
Z592,1132,1177,2518,2545
Z593,1133,1178,2512,2539
Z594,1188,1287,2390,2453
Z595,1189,1288,2393,2456
Z596,1190,1289,2387,2450
Z597,1191,1290,2389,2452
Z598,1192,1291,2392,2455
Z599,1193,1292,2386,2449
Z600,1194,1293,2388,2451
Z601,1195,1294,2391,2454
Z602,1196,1295,2385,2448
Z603,1197,1260,2381,2480
Z604,1198,1261,2378,2477
Z605,1199,1262,2384,2483
Z606,1200,1263,2379,2478
Z607,1201,1264,2376,2475
Z608,1202,1265,2382,2481
Z609,1203,1266,2380,2479
Z610,1204,1267,2377,2476
Z611,1205,1268,2383,2482
Z612,1206,1269,2415,2442
Z613,1207,1270,2418,2445
Z614,1208,1271,2412,2439
Z615,1209,1272,2417,2443
Z616,1210,1273,2420,2446
Z617,1211,1274,2414,2440
Z618,1212,1275,2416,2444
Z619,1213,1276,2419,2447
Z620,1214,1277,2413,2441
Z621,1215,1242,2426,2471
Z622,1216,1243,2429,2474
Z623,1217,1244,2423,2468
Z624,1218,1245,2424,2469
Z625,1219,1246,2427,2472
Z626,1220,1247,2421,2466
Z627,1221,1248,2425,2470
Z628,1222,1249,2428,2473
Z629,1223,1250,2422,2467
Z630,1224,1251,2397,2460
Z631,1225,1253,2394,2457
Z632,1226,1252,2400,2463
Z633,1227,1254,2398,2461
Z634,1228,1256,2395,2458
Z635,1229,1255,2401,2464
Z636,1230,1257,2399,2462
Z637,1231,1259,2396,2459
Z638,1232,1258,2402,2465
Z639,1233,1278,2411,2438
Z640,1234,1279,2405,2432
Z641,1235,1280,2408,2435
Z642,1236,1281,2409,2436
Z643,1237,1282,2403,2430
Z644,1238,1283,2406,2433
Z645,1239,1284,2410,2437
Z646,1240,1285,2404,2431
Z647,1241,1286,2407,2434
OZ0,1737,1800
OZ1,1740,1803
OZ2,1743,1806
OZ3,1738,1801
OZ4,1741,1804
OZ5,1744,1807
OZ6,1739,1802
OZ7,1742,1805
OZ8,1745,1808
OZ9,1754,1817
OZ10,1748,1811
OZ11,1751,1814
OZ12,1752,1815
OZ13,1746,1809
OZ14,1749,1812
OZ15,1753,1816
OZ16,1747,1810
OZ17,1750,1813
OZ18,1758,1785
OZ19,1761,1788
OZ20,1755,1782
OZ21,1759,1786
OZ22,1762,1789
OZ23,1756,1783
OZ24,1760,1787
OZ25,1763,1790
OZ26,1757,1784
OZ27,1771,1799
OZ28,1765,1793
OZ29,1768,1796
OZ30,1770,1797
OZ31,1764,1791
OZ32,1767,1794
OZ33,1772,1798
OZ34,1766,1792
OZ35,1769,1795
OZ36,1734,1833
OZ37,1731,1830
OZ38,1728,1827
OZ39,1735,1834
OZ40,1732,1831
OZ41,1729,1828
OZ42,1736,1835
OZ43,1733,1832
OZ44,1730,1829
OZ45,1773,1818
OZ46,1776,1821
OZ47,1779,1824
OZ48,1775,1820
OZ49,1778,1823
OZ50,1781,1826
OZ51,1774,1819
OZ52,1777,1822
OZ53,1780,1825
OZ54,103,207,1666,1711
OZ55,104,208,1669,1714
OZ56,102,209,1672,1717
OZ57,106,210,1665,1710
OZ58,107,211,1668,1713
OZ59,105,212,1671,1716
OZ60,100,213,1667,1712
OZ61,101,214,1670,1715
OZ62,99,215,1673,1718
OZ63,80,180,1653,1680
OZ64,78,181,1647,1674
OZ65,79,182,1650,1677
OZ66,74,183,1654,1681
OZ67,72,184,1648,1675
OZ68,73,185,1651,1678
OZ69,77,186,1655,1682
OZ70,75,187,1649,1676
OZ71,76,188,1652,1679
OZ72,89,189,1656,1683
OZ73,87,190,1659,1686
OZ74,88,191,1662,1689
OZ75,83,192,1658,1684
OZ76,81,193,1661,1687
OZ77,82,194,1664,1690
OZ78,86,195,1657,1685
OZ79,84,196,1660,1688
OZ80,85,197,1663,1691
OZ81,61,162,1630,1693
OZ82,62,163,1633,1696
OZ83,60,164,1636,1699
OZ84,55,165,1631,1694
OZ85,56,166,1634,1697
OZ86,54,167,1637,1700
OZ87,58,168,1629,1692
OZ88,59,169,1632,1695
OZ89,57,170,1635,1698
OZ90,71,171,1638,1701
OZ91,70,173,1644,1707
OZ92,69,172,1641,1704
OZ93,65,174,1639,1702
OZ94,64,176,1645,1708
OZ95,63,175,1642,1705
OZ96,68,177,1640,1703
OZ97,67,179,1646,1709
OZ98,66,178,1643,1706
OZ99,98,198,1623,1722
OZ100,96,199,1620,1719
OZ101,97,200,1626,1725
OZ102,92,201,1624,1723
OZ103,90,202,1621,1720
OZ104,91,203,1627,1726
OZ105,95,204,1625,1724
OZ106,93,205,1622,1721
OZ107,94,206,1628,1727
OZ108,1630,1693
OZ109,1633,1696
OZ110,1636,1699
OZ111,1631,1694
OZ112,1634,1697
OZ113,1637,1700
OZ114,1629,1692
OZ115,1632,1695
OZ116,1635,1698
OZ117,1638,1701
OZ118,1641,1704
OZ119,1644,1707
OZ120,1639,1702
OZ121,1642,1705
OZ122,1645,1708
OZ123,1640,1703
OZ124,1643,1706
OZ125,1646,1709
OZ126,1653,1680
OZ127,1647,1674
OZ128,1650,1677
OZ129,1654,1681
OZ130,1648,1675
OZ131,1651,1678
OZ132,1655,1682
OZ133,1649,1676
OZ134,1652,1679
OZ135,1656,1683
OZ136,1659,1686
OZ137,1662,1689
OZ138,1658,1684
OZ139,1661,1687
OZ140,1664,1690
OZ141,1657,1685
OZ142,1660,1688
OZ143,1663,1691
OZ144,1623,1722
OZ145,1620,1719
OZ146,1626,1725
OZ147,1624,1723
OZ148,1621,1720
OZ149,1627,1726
OZ150,1625,1724
OZ151,1622,1721
OZ152,1628,1727
OZ153,1666,1711
OZ154,1669,1714
OZ155,1672,1717
OZ156,1665,1710
OZ157,1668,1713
OZ158,1671,1716
OZ159,1667,1712
OZ160,1670,1715
OZ161,1673,1718
OZ162,211,315,1883,1928
OZ163,212,316,1886,1931
OZ164,210,317,1889,1934
OZ165,214,318,1882,1927
OZ166,215,319,1885,1930
OZ167,213,320,1888,1933
OZ168,208,321,1881,1926
OZ169,209,322,1884,1929
OZ170,207,323,1887,1932
OZ171,188,288,1863,1890
OZ172,186,289,1866,1893
OZ173,187,290,1869,1896
OZ174,182,291,1864,1891
OZ175,180,292,1867,1894
OZ176,181,293,1870,1897
OZ177,185,294,1865,1892
OZ178,183,295,1868,1895
OZ179,184,296,1871,1898
OZ180,197,297,1877,1903
OZ181,195,298,1880,1906
OZ182,196,299,1874,1900
OZ183,191,300,1876,1904
OZ184,189,301,1879,1907
OZ185,190,302,1873,1901
OZ186,194,303,1875,1902
OZ187,192,304,1878,1905
OZ188,193,305,1872,1899
OZ189,169,270,1847,1910
OZ190,170,271,1850,1913
OZ191,168,272,1853,1916
OZ192,163,273,1845,1908
OZ193,164,274,1848,1911
OZ194,162,275,1851,1914
OZ195,166,276,1846,1909
OZ196,167,277,1849,1912
OZ197,165,278,1852,1915
OZ198,179,279,1858,1921
OZ199,178,281,1855,1918
OZ200,177,280,1861,1924
OZ201,173,282,1859,1922
OZ202,172,284,1856,1919
OZ203,171,283,1862,1925
OZ204,176,285,1857,1920
OZ205,175,287,1854,1917
OZ206,174,286,1860,1923
OZ207,206,306,1836,1935
OZ208,204,307,1842,1941
OZ209,205,308,1839,1938
OZ210,200,309,1837,1936
OZ211,198,310,1843,1942
OZ212,199,311,1840,1939
OZ213,203,312,1838,1937
OZ214,201,313,1844,1943
OZ215,202,314,1841,1940
OZ216,1847,1910
OZ217,1850,1913
OZ218,1853,1916
OZ219,1845,1908
OZ220,1848,1911
OZ221,1851,1914
OZ222,1846,1909
OZ223,1849,1912
OZ224,1852,1915
OZ225,1858,1921
OZ226,1861,1924
OZ227,1855,1918
OZ228,1859,1922
OZ229,1862,1925
OZ230,1856,1919
OZ231,1857,1920
OZ232,1860,1923
OZ233,1854,1917
OZ234,1863,1890
OZ235,1866,1893
OZ236,1869,1896
OZ237,1864,1891
OZ238,1867,1894
OZ239,1870,1897
OZ240,1865,1892
OZ241,1868,1895
OZ242,1871,1898
OZ243,1877,1903
OZ244,1880,1906
OZ245,1874,1900
OZ246,1876,1904
OZ247,1879,1907
OZ248,1873,1901
OZ249,1875,1902
OZ250,1878,1905
OZ251,1872,1899
OZ252,1836,1935
OZ253,1842,1941
OZ254,1839,1938
OZ255,1837,1936
OZ256,1843,1942
OZ257,1840,1939
OZ258,1838,1937
OZ259,1844,1943
OZ260,1841,1940
OZ261,1883,1928
OZ262,1886,1931
OZ263,1889,1934
OZ264,1882,1927
OZ265,1885,1930
OZ266,1888,1933
OZ267,1881,1926
OZ268,1884,1929
OZ269,1887,1932
OZ270,1414,1477
OZ271,1417,1480
OZ272,1420,1483
OZ273,1415,1478
OZ274,1418,1481
OZ275,1421,1484
OZ276,1413,1476
OZ277,1416,1479
OZ278,1419,1482
OZ279,1422,1485
OZ280,1425,1488
OZ281,1428,1491
OZ282,1423,1486
OZ283,1426,1489
OZ284,1429,1492
OZ285,1424,1487
OZ286,1427,1490
OZ287,1430,1493
OZ288,1437,1464
OZ289,1431,1458
OZ290,1434,1461
OZ291,1438,1465
OZ292,1432,1459
OZ293,1435,1462
OZ294,1439,1466
OZ295,1433,1460
OZ296,1436,1463
OZ297,1440,1467
OZ298,1443,1470
OZ299,1446,1473
OZ300,1442,1468
OZ301,1445,1471
OZ302,1448,1474
OZ303,1441,1469
OZ304,1444,1472
OZ305,1447,1475
OZ306,1407,1506
OZ307,1404,1503
OZ308,1410,1509
OZ309,1408,1507
OZ310,1405,1504
OZ311,1411,1510
OZ312,1409,1508
OZ313,1406,1505
OZ314,1412,1511
OZ315,1450,1495
OZ316,1453,1498
OZ317,1456,1501
OZ318,1449,1494
OZ319,1452,1497
OZ320,1455,1500
OZ321,1451,1496
OZ322,1454,1499
OZ323,1457,1502
OZ324,427,531,1343,1388
OZ325,428,532,1346,1391
OZ326,426,533,1349,1394
OZ327,430,534,1342,1387
OZ328,431,535,1345,1390
OZ329,429,536,1348,1393
OZ330,424,537,1341,1386
OZ331,425,538,1344,1389
OZ332,423,539,1347,1392
OZ333,404,504,1323,1350
OZ334,402,505,1326,1353
OZ335,403,506,1329,1356
OZ336,398,507,1324,1351
OZ337,396,508,1327,1354
OZ338,397,509,1330,1357
OZ339,401,510,1325,1352
OZ340,399,511,1328,1355
OZ341,400,512,1331,1358
OZ342,413,513,1337,1363
OZ343,411,514,1340,1366
OZ344,412,515,1334,1360
OZ345,407,516,1336,1364
OZ346,405,517,1339,1367
OZ347,406,518,1333,1361
OZ348,410,519,1335,1362
OZ349,408,520,1338,1365
OZ350,409,521,1332,1359
OZ351,385,486,1307,1370
OZ352,386,487,1310,1373
OZ353,384,488,1313,1376
OZ354,379,489,1305,1368
OZ355,380,490,1308,1371
OZ356,378,491,1311,1374
OZ357,382,492,1306,1369
OZ358,383,493,1309,1372
OZ359,381,494,1312,1375
OZ360,395,495,1318,1381
OZ361,394,497,1315,1378
OZ362,393,496,1321,1384
OZ363,389,498,1319,1382
OZ364,388,500,1316,1379
OZ365,387,499,1322,1385
OZ366,392,501,1317,1380
OZ367,391,503,1314,1377
OZ368,390,502,1320,1383
OZ369,422,522,1296,1395
OZ370,420,523,1302,1401
OZ371,421,524,1299,1398
OZ372,416,525,1297,1396
OZ373,414,526,1303,1402
OZ374,415,527,1300,1399
OZ375,419,528,1298,1397
OZ376,417,529,1304,1403
OZ377,418,530,1301,1400
OZ378,1307,1370
OZ379,1310,1373
OZ380,1313,1376
OZ381,1305,1368
OZ382,1308,1371
OZ383,1311,1374
OZ384,1306,1369
OZ385,1309,1372
OZ386,1312,1375
OZ387,1318,1381
OZ388,1321,1384
OZ389,1315,1378
OZ390,1319,1382
OZ391,1322,1385
OZ392,1316,1379
OZ393,1317,1380
OZ394,1320,1383
OZ395,1314,1377
OZ396,1323,1350
OZ397,1326,1353
OZ398,1329,1356
OZ399,1324,1351
OZ400,1327,1354
OZ401,1330,1357
OZ402,1325,1352
OZ403,1328,1355
OZ404,1331,1358
OZ405,1337,1363
OZ406,1340,1366
OZ407,1334,1360
OZ408,1336,1364
OZ409,1339,1367
OZ410,1333,1361
OZ411,1335,1362
OZ412,1338,1365
OZ413,1332,1359
OZ414,1296,1395
OZ415,1302,1401
OZ416,1299,1398
OZ417,1297,1396
OZ418,1303,1402
OZ419,1300,1399
OZ420,1298,1397
OZ421,1304,1403
OZ422,1301,1400
OZ423,1343,1388
OZ424,1346,1391
OZ425,1349,1394
OZ426,1342,1387
OZ427,1345,1390
OZ428,1348,1393
OZ429,1341,1386
OZ430,1344,1389
OZ431,1347,1392
OZ432,535,639,1557,1602
OZ433,536,640,1560,1605
OZ434,534,641,1563,1608
OZ435,538,642,1559,1604
OZ436,539,643,1562,1607
OZ437,537,644,1565,1610
OZ438,532,645,1558,1603
OZ439,533,646,1561,1606
OZ440,531,647,1564,1609
OZ441,512,612,1542,1569
OZ442,510,613,1545,1572
OZ443,511,614,1539,1566
OZ444,506,615,1543,1570
OZ445,504,616,1546,1573
OZ446,505,617,1540,1567
OZ447,509,618,1544,1571
OZ448,507,619,1547,1574
OZ449,508,620,1541,1568
OZ450,521,621,1555,1583
OZ451,519,622,1549,1577
OZ452,520,623,1552,1580
OZ453,515,624,1554,1581
OZ454,513,625,1548,1575
OZ455,514,626,1551,1578
OZ456,518,627,1556,1582
OZ457,516,628,1550,1576
OZ458,517,629,1553,1579
OZ459,493,594,1521,1584
OZ460,494,595,1524,1587
OZ461,492,596,1527,1590
OZ462,487,597,1522,1585
OZ463,488,598,1525,1588
OZ464,486,599,1528,1591
OZ465,490,600,1523,1586
OZ466,491,601,1526,1589
OZ467,489,602,1529,1592
OZ468,503,603,1538,1601
OZ469,502,605,1535,1598
OZ470,501,604,1532,1595
OZ471,497,606,1536,1599
OZ472,496,608,1533,1596
OZ473,495,607,1530,1593
OZ474,500,609,1537,1600
OZ475,499,611,1534,1597
OZ476,498,610,1531,1594
OZ477,530,630,1518,1617
OZ478,528,631,1515,1614
OZ479,529,632,1512,1611
OZ480,524,633,1519,1618
OZ481,522,634,1516,1615
OZ482,523,635,1513,1612
OZ483,527,636,1520,1619
OZ484,525,637,1517,1616
OZ485,526,638,1514,1613
OZ486,1521,1584
OZ487,1524,1587
OZ488,1527,1590
OZ489,1522,1585
OZ490,1525,1588
OZ491,1528,1591
OZ492,1523,1586
OZ493,1526,1589
OZ494,1529,1592
OZ495,1538,1601
OZ496,1532,1595
OZ497,1535,1598
OZ498,1536,1599
OZ499,1530,1593
OZ500,1533,1596
OZ501,1537,1600
OZ502,1531,1594
OZ503,1534,1597
OZ504,1542,1569
OZ505,1545,1572
OZ506,1539,1566
OZ507,1543,1570
OZ508,1546,1573
OZ509,1540,1567
OZ510,1544,1571
OZ511,1547,1574
OZ512,1541,1568
OZ513,1555,1583
OZ514,1549,1577
OZ515,1552,1580
OZ516,1554,1581
OZ517,1548,1575
OZ518,1551,1578
OZ519,1556,1582
OZ520,1550,1576
OZ521,1553,1579
OZ522,1518,1617
OZ523,1515,1614
OZ524,1512,1611
OZ525,1519,1618
OZ526,1516,1615
OZ527,1513,1612
OZ528,1520,1619
OZ529,1517,1616
OZ530,1514,1613
OZ531,1557,1602
OZ532,1560,1605
OZ533,1563,1608
OZ534,1559,1604
OZ535,1562,1607
OZ536,1565,1610
OZ537,1558,1603
OZ538,1561,1606
OZ539,1564,1609
OZ540,2212,2257
OZ541,2206,2251
OZ542,2209,2254
OZ543,2213,2258
OZ544,2207,2252
OZ545,2210,2255
OZ546,2211,2256
OZ547,2205,2250
OZ548,2208,2253
OZ549,2179,2242
OZ550,2182,2245
OZ551,2185,2248
OZ552,2180,2243
OZ553,2183,2246
OZ554,2186,2249
OZ555,2178,2241
OZ556,2181,2244
OZ557,2184,2247
OZ558,2161,2260
OZ559,2167,2266
OZ560,2164,2263
OZ561,2162,2261
OZ562,2168,2267
OZ563,2165,2264
OZ564,2160,2259
OZ565,2166,2265
OZ566,2163,2262
OZ567,2198,2224
OZ568,2201,2227
OZ569,2204,2230
OZ570,2197,2225
OZ571,2200,2228
OZ572,2203,2231
OZ573,2196,2223
OZ574,2199,2226
OZ575,2202,2229
OZ576,2188,2215
OZ577,2191,2218
OZ578,2194,2221
OZ579,2189,2216
OZ580,2192,2219
OZ581,2195,2222
OZ582,2187,2214
OZ583,2190,2217
OZ584,2193,2220
OZ585,2176,2239
OZ586,2170,2233
OZ587,2173,2236
OZ588,2175,2238
OZ589,2169,2232
OZ590,2172,2235
OZ591,2177,2240
OZ592,2171,2234
OZ593,2174,2237
OZ594,751,855,2069,2132
OZ595,752,856,2063,2126
OZ596,750,857,2066,2129
OZ597,754,858,2068,2131
OZ598,755,859,2062,2125
OZ599,753,860,2065,2128
OZ600,748,861,2067,2130
OZ601,749,862,2061,2124
OZ602,747,863,2064,2127
OZ603,728,828,2059,2158
OZ604,726,829,2056,2155
OZ605,727,830,2053,2152
OZ606,722,831,2060,2159
OZ607,720,832,2057,2156
OZ608,721,833,2054,2153
OZ609,725,834,2058,2157
OZ610,723,835,2055,2154
OZ611,724,836,2052,2151
OZ612,737,837,2092,2120
OZ613,735,838,2095,2123
OZ614,736,839,2089,2117
OZ615,731,840,2091,2118
OZ616,729,841,2094,2121
OZ617,730,842,2088,2115
OZ618,734,843,2093,2119
OZ619,732,844,2096,2122
OZ620,733,845,2090,2116
OZ621,709,810,2105,2150
OZ622,710,811,2099,2144
OZ623,708,812,2102,2147
OZ624,703,813,2103,2148
OZ625,704,814,2097,2142
OZ626,702,815,2100,2145
OZ627,706,816,2104,2149
OZ628,707,817,2098,2143
OZ629,705,818,2101,2146
OZ630,719,819,2075,2138
OZ631,718,821,2072,2135
OZ632,717,820,2078,2141
OZ633,713,822,2073,2136
OZ634,712,824,2070,2133
OZ635,711,823,2076,2139
OZ636,716,825,2074,2137
OZ637,715,827,2071,2134
OZ638,714,826,2077,2140
OZ639,746,846,2083,2110
OZ640,744,847,2086,2113
OZ641,745,848,2080,2107
OZ642,740,849,2084,2111
OZ643,738,850,2087,2114
OZ644,739,851,2081,2108
OZ645,743,852,2082,2109
OZ646,741,853,2085,2112
OZ647,742,854,2079,2106
OZ648,2105,2150
OZ649,2099,2144
OZ650,2102,2147
OZ651,2103,2148
OZ652,2097,2142
OZ653,2100,2145
OZ654,2104,2149
OZ655,2098,2143
OZ656,2101,2146
OZ657,2075,2138
OZ658,2078,2141
OZ659,2072,2135
OZ660,2073,2136
OZ661,2076,2139
OZ662,2070,2133
OZ663,2074,2137
OZ664,2077,2140
OZ665,2071,2134
OZ666,2059,2158
OZ667,2056,2155
OZ668,2053,2152
OZ669,2060,2159
OZ670,2057,2156
OZ671,2054,2153
OZ672,2058,2157
OZ673,2055,2154
OZ674,2052,2151
OZ675,2092,2120
OZ676,2095,2123
OZ677,2089,2117
OZ678,2091,2118
OZ679,2094,2121
OZ680,2088,2115
OZ681,2093,2119
OZ682,2096,2122
OZ683,2090,2116
OZ684,2083,2110
OZ685,2086,2113
OZ686,2080,2107
OZ687,2084,2111
OZ688,2087,2114
OZ689,2081,2108
OZ690,2082,2109
OZ691,2085,2112
OZ692,2079,2106
OZ693,2069,2132
OZ694,2063,2126
OZ695,2066,2129
OZ696,2068,2131
OZ697,2062,2125
OZ698,2065,2128
OZ699,2067,2130
OZ700,2061,2124
OZ701,2064,2127
OZ702,859,963,1959,2022
OZ703,860,964,1953,2016
OZ704,858,965,1956,2019
OZ705,862,966,1961,2024
OZ706,863,967,1955,2018
OZ707,861,968,1958,2021
OZ708,856,969,1960,2023
OZ709,857,970,1954,2017
OZ710,855,971,1957,2020
OZ711,836,936,1948,2047
OZ712,834,937,1945,2044
OZ713,835,938,1951,2050
OZ714,830,939,1949,2048
OZ715,828,940,1946,2045
OZ716,829,941,1952,2051
OZ717,833,942,1947,2046
OZ718,831,943,1944,2043
OZ719,832,944,1950,2049
OZ720,845,945,1986,2013
OZ721,843,946,1980,2007
OZ722,844,947,1983,2010
OZ723,839,948,1988,2014
OZ724,837,949,1982,2008
OZ725,838,950,1985,2011
OZ726,842,951,1987,2015
OZ727,840,952,1981,2009
OZ728,841,953,1984,2012
OZ729,817,918,1995,2040
OZ730,818,919,1989,2034
OZ731,816,920,1992,2037
OZ732,811,921,1996,2041
OZ733,812,922,1990,2035
OZ734,810,923,1993,2038
OZ735,814,924,1997,2042
OZ736,815,925,1991,2036
OZ737,813,926,1994,2039
OZ738,827,927,1968,2031
OZ739,826,929,1965,2028
OZ740,825,928,1962,2025
OZ741,821,930,1969,2032
OZ742,820,932,1966,2029
OZ743,819,931,1963,2026
OZ744,824,933,1970,2033
OZ745,823,935,1967,2030
OZ746,822,934,1964,2027
OZ747,854,954,1978,2005
OZ748,852,955,1972,1999
OZ749,853,956,1975,2002
OZ750,848,957,1979,2006
OZ751,846,958,1973,2000
OZ752,847,959,1976,2003
OZ753,851,960,1977,2004
OZ754,849,961,1971,1998
OZ755,850,962,1974,2001
OZ756,1995,2040
OZ757,1989,2034
OZ758,1992,2037
OZ759,1996,2041
OZ760,1990,2035
OZ761,1993,2038
OZ762,1997,2042
OZ763,1991,2036
OZ764,1994,2039
OZ765,1968,2031
OZ766,1962,2025
OZ767,1965,2028
OZ768,1969,2032
OZ769,1963,2026
OZ770,1966,2029
OZ771,1970,2033
OZ772,1964,2027
OZ773,1967,2030
OZ774,1948,2047
OZ775,1945,2044
OZ776,1951,2050
OZ777,1949,2048
OZ778,1946,2045
OZ779,1952,2051
OZ780,1947,2046
OZ781,1944,2043
OZ782,1950,2049
OZ783,1986,2013
OZ784,1980,2007
OZ785,1983,2010
OZ786,1988,2014
OZ787,1982,2008
OZ788,1985,2011
OZ789,1987,2015
OZ790,1981,2009
OZ791,1984,2012
OZ792,1978,2005
OZ793,1972,1999
OZ794,1975,2002
OZ795,1979,2006
OZ796,1973,2000
OZ797,1976,2003
OZ798,1977,2004
OZ799,1971,1998
OZ800,1974,2001
OZ801,1959,2022
OZ802,1953,2016
OZ803,1956,2019
OZ804,1961,2024
OZ805,1955,2018
OZ806,1958,2021
OZ807,1960,2023
OZ808,1954,2017
OZ809,1957,2020
OZ810,2316,2361
OZ811,2319,2364
OZ812,2313,2358
OZ813,2317,2362
OZ814,2320,2365
OZ815,2314,2359
OZ816,2318,2363
OZ817,2321,2366
OZ818,2315,2360
OZ819,2293,2356
OZ820,2287,2350
OZ821,2290,2353
OZ822,2294,2357
OZ823,2288,2351
OZ824,2291,2354
OZ825,2292,2355
OZ826,2286,2349
OZ827,2289,2352
OZ828,2270,2369
OZ829,2276,2375
OZ830,2273,2372
OZ831,2268,2367
OZ832,2274,2373
OZ833,2271,2370
OZ834,2269,2368
OZ835,2275,2374
OZ836,2272,2371
OZ837,2312,2338
OZ838,2306,2332
OZ839,2309,2335
OZ840,2311,2339
OZ841,2305,2333
OZ842,2308,2336
OZ843,2310,2337
OZ844,2304,2331
OZ845,2307,2334
OZ846,2297,2324
OZ847,2300,2327
OZ848,2303,2330
OZ849,2295,2322
OZ850,2298,2325
OZ851,2301,2328
OZ852,2296,2323
OZ853,2299,2326
OZ854,2302,2329
OZ855,2280,2343
OZ856,2283,2346
OZ857,2277,2340
OZ858,2282,2345
OZ859,2285,2348
OZ860,2279,2342
OZ861,2281,2344
OZ862,2284,2347
OZ863,2278,2341
OZ864,1075,1179,2497,2560
OZ865,1076,1180,2500,2563
OZ866,1074,1181,2494,2557
OZ867,1078,1182,2496,2559
OZ868,1079,1183,2499,2562
OZ869,1077,1184,2493,2556
OZ870,1072,1185,2498,2561
OZ871,1073,1186,2501,2564
OZ872,1071,1187,2495,2558
OZ873,1052,1152,2492,2591
OZ874,1050,1153,2489,2588
OZ875,1051,1154,2486,2585
OZ876,1046,1155,2490,2589
OZ877,1044,1156,2487,2586
OZ878,1045,1157,2484,2583
OZ879,1049,1158,2491,2590
OZ880,1047,1159,2488,2587
OZ881,1048,1160,2485,2584
OZ882,1061,1161,2521,2549
OZ883,1059,1162,2524,2552
OZ884,1060,1163,2527,2555
OZ885,1055,1164,2520,2547
OZ886,1053,1165,2523,2550
OZ887,1054,1166,2526,2553
OZ888,1058,1167,2522,2548
OZ889,1056,1168,2525,2551
OZ890,1057,1169,2528,2554
OZ891,1033,1134,2533,2578
OZ892,1034,1135,2536,2581
OZ893,1032,1136,2530,2575
OZ894,1027,1137,2534,2579
OZ895,1028,1138,2537,2582
OZ896,1026,1139,2531,2576
OZ897,1030,1140,2532,2577
OZ898,1031,1141,2535,2580
OZ899,1029,1142,2529,2574
OZ900,1043,1143,2504,2567
OZ901,1042,1145,2510,2573
OZ902,1041,1144,2507,2570
OZ903,1037,1146,2502,2565
OZ904,1036,1148,2508,2571
OZ905,1035,1147,2505,2568
OZ906,1040,1149,2503,2566
OZ907,1039,1151,2509,2572
OZ908,1038,1150,2506,2569
OZ909,1070,1170,2516,2543
OZ910,1068,1171,2519,2546
OZ911,1069,1172,2513,2540
OZ912,1064,1173,2514,2541
OZ913,1062,1174,2517,2544
OZ914,1063,1175,2511,2538
OZ915,1067,1176,2515,2542
OZ916,1065,1177,2518,2545
OZ917,1066,1178,2512,2539
OZ918,2533,2578
OZ919,2536,2581
OZ920,2530,2575
OZ921,2534,2579
OZ922,2537,2582
OZ923,2531,2576
OZ924,2532,2577
OZ925,2535,2580
OZ926,2529,2574
OZ927,2504,2567
OZ928,2507,2570
OZ929,2510,2573
OZ930,2502,2565
OZ931,2505,2568
OZ932,2508,2571
OZ933,2503,2566
OZ934,2506,2569
OZ935,2509,2572
OZ936,2492,2591
OZ937,2489,2588
OZ938,2486,2585
OZ939,2490,2589
OZ940,2487,2586
OZ941,2484,2583
OZ942,2491,2590
OZ943,2488,2587
OZ944,2485,2584
OZ945,2521,2549
OZ946,2524,2552
OZ947,2527,2555
OZ948,2520,2547
OZ949,2523,2550
OZ950,2526,2553
OZ951,2522,2548
OZ952,2525,2551
OZ953,2528,2554
OZ954,2516,2543
OZ955,2519,2546
OZ956,2513,2540
OZ957,2514,2541
OZ958,2517,2544
OZ959,2511,2538
OZ960,2515,2542
OZ961,2518,2545
OZ962,2512,2539
OZ963,2497,2560
OZ964,2500,2563
OZ965,2494,2557
OZ966,2496,2559
OZ967,2499,2562
OZ968,2493,2556
OZ969,2498,2561
OZ970,2501,2564
OZ971,2495,2558
OZ972,1183,1287,2390,2453
OZ973,1184,1288,2393,2456
OZ974,1182,1289,2387,2450
OZ975,1186,1290,2389,2452
OZ976,1187,1291,2392,2455
OZ977,1185,1292,2386,2449
OZ978,1180,1293,2388,2451
OZ979,1181,1294,2391,2454
OZ980,1179,1295,2385,2448
OZ981,1160,1260,2381,2480
OZ982,1158,1261,2378,2477
OZ983,1159,1262,2384,2483
OZ984,1154,1263,2379,2478
OZ985,1152,1264,2376,2475
OZ986,1153,1265,2382,2481
OZ987,1157,1266,2380,2479
OZ988,1155,1267,2377,2476
OZ989,1156,1268,2383,2482
OZ990,1169,1269,2415,2442
OZ991,1167,1270,2418,2445
OZ992,1168,1271,2412,2439
OZ993,1163,1272,2417,2443
OZ994,1161,1273,2420,2446
OZ995,1162,1274,2414,2440
OZ996,1166,1275,2416,2444
OZ997,1164,1276,2419,2447
OZ998,1165,1277,2413,2441
OZ999,1141,1242,2426,2471
OZ1000,1142,1243,2429,2474
OZ1001,1140,1244,2423,2468
OZ1002,1135,1245,2424,2469
OZ1003,1136,1246,2427,2472
OZ1004,1134,1247,2421,2466
OZ1005,1138,1248,2425,2470
OZ1006,1139,1249,2428,2473
OZ1007,1137,1250,2422,2467
OZ1008,1151,1251,2397,2460
OZ1009,1150,1253,2394,2457
OZ1010,1149,1252,2400,2463
OZ1011,1145,1254,2398,2461
OZ1012,1144,1256,2395,2458
OZ1013,1143,1255,2401,2464
OZ1014,1148,1257,2399,2462
OZ1015,1147,1259,2396,2459
OZ1016,1146,1258,2402,2465
OZ1017,1178,1278,2411,2438
OZ1018,1176,1279,2405,2432
OZ1019,1177,1280,2408,2435
OZ1020,1172,1281,2409,2436
OZ1021,1170,1282,2403,2430
OZ1022,1171,1283,2406,2433
OZ1023,1175,1284,2410,2437
OZ1024,1173,1285,2404,2431
OZ1025,1174,1286,2407,2434
OZ1026,2426,2471
OZ1027,2429,2474
OZ1028,2423,2468
OZ1029,2424,2469
OZ1030,2427,2472
OZ1031,2421,2466
OZ1032,2425,2470
OZ1033,2428,2473
OZ1034,2422,2467
OZ1035,2397,2460
OZ1036,2400,2463
OZ1037,2394,2457
OZ1038,2398,2461
OZ1039,2401,2464
OZ1040,2395,2458
OZ1041,2399,2462
OZ1042,2402,2465
OZ1043,2396,2459
OZ1044,2381,2480
OZ1045,2378,2477
OZ1046,2384,2483
OZ1047,2379,2478
OZ1048,2376,2475
OZ1049,2382,2481
OZ1050,2380,2479
OZ1051,2377,2476
OZ1052,2383,2482
OZ1053,2415,2442
OZ1054,2418,2445
OZ1055,2412,2439
OZ1056,2417,2443
OZ1057,2420,2446
OZ1058,2414,2440
OZ1059,2416,2444
OZ1060,2419,2447
OZ1061,2413,2441
OZ1062,2411,2438
OZ1063,2405,2432
OZ1064,2408,2435
OZ1065,2409,2436
OZ1066,2403,2430
OZ1067,2406,2433
OZ1068,2410,2437
OZ1069,2404,2431
OZ1070,2407,2434
OZ1071,2390,2453
OZ1072,2393,2456
OZ1073,2387,2450
OZ1074,2389,2452
OZ1075,2392,2455
OZ1076,2386,2449
OZ1077,2388,2451
OZ1078,2391,2454
OZ1079,2385,2448
OZ1080,1399,1503
OZ1081,1400,1504
OZ1082,1398,1505
OZ1083,1402,1506
OZ1084,1403,1507
OZ1085,1401,1508
OZ1086,1396,1509
OZ1087,1397,1510
OZ1088,1395,1511
OZ1089,1376,1476
OZ1090,1374,1477
OZ1091,1375,1478
OZ1092,1370,1479
OZ1093,1368,1480
OZ1094,1369,1481
OZ1095,1373,1482
OZ1096,1371,1483
OZ1097,1372,1484
OZ1098,1385,1485
OZ1099,1383,1486
OZ1100,1384,1487
OZ1101,1379,1488
OZ1102,1377,1489
OZ1103,1378,1490
OZ1104,1382,1491
OZ1105,1380,1492
OZ1106,1381,1493
OZ1107,1357,1458
OZ1108,1358,1459
OZ1109,1356,1460
OZ1110,1351,1461
OZ1111,1352,1462
OZ1112,1350,1463
OZ1113,1354,1464
OZ1114,1355,1465
OZ1115,1353,1466
OZ1116,1367,1467
OZ1117,1366,1469
OZ1118,1365,1468
OZ1119,1361,1470
OZ1120,1360,1472
OZ1121,1359,1471
OZ1122,1364,1473
OZ1123,1363,1475
OZ1124,1362,1474
OZ1125,1394,1494
OZ1126,1392,1495
OZ1127,1393,1496
OZ1128,1388,1497
OZ1129,1386,1498
OZ1130,1387,1499
OZ1131,1391,1500
OZ1132,1389,1501
OZ1133,1390,1502
OZ1134,1507,1611
OZ1135,1508,1612
OZ1136,1506,1613
OZ1137,1510,1614
OZ1138,1511,1615
OZ1139,1509,1616
OZ1140,1504,1617
OZ1141,1505,1618
OZ1142,1503,1619
OZ1143,1484,1584
OZ1144,1482,1585
OZ1145,1483,1586
OZ1146,1478,1587
OZ1147,1476,1588
OZ1148,1477,1589
OZ1149,1481,1590
OZ1150,1479,1591
OZ1151,1480,1592
OZ1152,1493,1593
OZ1153,1491,1594
OZ1154,1492,1595
OZ1155,1487,1596
OZ1156,1485,1597
OZ1157,1486,1598
OZ1158,1490,1599
OZ1159,1488,1600
OZ1160,1489,1601
OZ1161,1465,1566
OZ1162,1466,1567
OZ1163,1464,1568
OZ1164,1459,1569
OZ1165,1460,1570
OZ1166,1458,1571
OZ1167,1462,1572
OZ1168,1463,1573
OZ1169,1461,1574
OZ1170,1475,1575
OZ1171,1474,1577
OZ1172,1473,1576
OZ1173,1469,1578
OZ1174,1468,1580
OZ1175,1467,1579
OZ1176,1472,1581
OZ1177,1471,1583
OZ1178,1470,1582
OZ1179,1502,1602
OZ1180,1500,1603
OZ1181,1501,1604
OZ1182,1496,1605
OZ1183,1494,1606
OZ1184,1495,1607
OZ1185,1499,1608
OZ1186,1497,1609
OZ1187,1498,1610
OZ1188,1723,1827
OZ1189,1724,1828
OZ1190,1722,1829
OZ1191,1726,1830
OZ1192,1727,1831
OZ1193,1725,1832
OZ1194,1720,1833
OZ1195,1721,1834
OZ1196,1719,1835
OZ1197,1700,1800
OZ1198,1698,1801
OZ1199,1699,1802
OZ1200,1694,1803
OZ1201,1692,1804
OZ1202,1693,1805
OZ1203,1697,1806
OZ1204,1695,1807
OZ1205,1696,1808
OZ1206,1709,1809
OZ1207,1707,1810
OZ1208,1708,1811
OZ1209,1703,1812
OZ1210,1701,1813
OZ1211,1702,1814
OZ1212,1706,1815
OZ1213,1704,1816
OZ1214,1705,1817
OZ1215,1681,1782
OZ1216,1682,1783
OZ1217,1680,1784
OZ1218,1675,1785
OZ1219,1676,1786
OZ1220,1674,1787
OZ1221,1678,1788
OZ1222,1679,1789
OZ1223,1677,1790
OZ1224,1691,1791
OZ1225,1690,1793
OZ1226,1689,1792
OZ1227,1685,1794
OZ1228,1684,1796
OZ1229,1683,1795
OZ1230,1688,1797
OZ1231,1687,1799
OZ1232,1686,1798
OZ1233,1718,1818
OZ1234,1716,1819
OZ1235,1717,1820
OZ1236,1712,1821
OZ1237,1710,1822
OZ1238,1711,1823
OZ1239,1715,1824
OZ1240,1713,1825
OZ1241,1714,1826
OZ1242,1831,1935
OZ1243,1832,1936
OZ1244,1830,1937
OZ1245,1834,1938
OZ1246,1835,1939
OZ1247,1833,1940
OZ1248,1828,1941
OZ1249,1829,1942
OZ1250,1827,1943
OZ1251,1808,1908
OZ1252,1806,1909
OZ1253,1807,1910
OZ1254,1802,1911
OZ1255,1800,1912
OZ1256,1801,1913
OZ1257,1805,1914
OZ1258,1803,1915
OZ1259,1804,1916
OZ1260,1817,1917
OZ1261,1815,1918
OZ1262,1816,1919
OZ1263,1811,1920
OZ1264,1809,1921
OZ1265,1810,1922
OZ1266,1814,1923
OZ1267,1812,1924
OZ1268,1813,1925
OZ1269,1789,1890
OZ1270,1790,1891
OZ1271,1788,1892
OZ1272,1783,1893
OZ1273,1784,1894
OZ1274,1782,1895
OZ1275,1786,1896
OZ1276,1787,1897
OZ1277,1785,1898
OZ1278,1799,1899
OZ1279,1798,1901
OZ1280,1797,1900
OZ1281,1793,1902
OZ1282,1792,1904
OZ1283,1791,1903
OZ1284,1796,1905
OZ1285,1795,1907
OZ1286,1794,1906
OZ1287,1826,1926
OZ1288,1824,1927
OZ1289,1825,1928
OZ1290,1820,1929
OZ1291,1818,1930
OZ1292,1819,1931
OZ1293,1823,1932
OZ1294,1821,1933
OZ1295,1822,1934
OZ1296,2047,2151
OZ1297,2048,2152
OZ1298,2046,2153
OZ1299,2050,2154
OZ1300,2051,2155
OZ1301,2049,2156
OZ1302,2044,2157
OZ1303,2045,2158
OZ1304,2043,2159
OZ1305,2024,2124
OZ1306,2022,2125
OZ1307,2023,2126
OZ1308,2018,2127
OZ1309,2016,2128
OZ1310,2017,2129
OZ1311,2021,2130
OZ1312,2019,2131
OZ1313,2020,2132
OZ1314,2033,2133
OZ1315,2031,2134
OZ1316,2032,2135
OZ1317,2027,2136
OZ1318,2025,2137
OZ1319,2026,2138
OZ1320,2030,2139
OZ1321,2028,2140
OZ1322,2029,2141
OZ1323,2005,2106
OZ1324,2006,2107
OZ1325,2004,2108
OZ1326,1999,2109
OZ1327,2000,2110
OZ1328,1998,2111
OZ1329,2002,2112
OZ1330,2003,2113
OZ1331,2001,2114
OZ1332,2015,2115
OZ1333,2014,2117
OZ1334,2013,2116
OZ1335,2009,2118
OZ1336,2008,2120
OZ1337,2007,2119
OZ1338,2012,2121
OZ1339,2011,2123
OZ1340,2010,2122
OZ1341,2042,2142
OZ1342,2040,2143
OZ1343,2041,2144
OZ1344,2036,2145
OZ1345,2034,2146
OZ1346,2035,2147
OZ1347,2039,2148
OZ1348,2037,2149
OZ1349,2038,2150
OZ1350,2155,2259
OZ1351,2156,2260
OZ1352,2154,2261
OZ1353,2158,2262
OZ1354,2159,2263
OZ1355,2157,2264
OZ1356,2152,2265
OZ1357,2153,2266
OZ1358,2151,2267
OZ1359,2132,2232
OZ1360,2130,2233
OZ1361,2131,2234
OZ1362,2126,2235
OZ1363,2124,2236
OZ1364,2125,2237
OZ1365,2129,2238
OZ1366,2127,2239
OZ1367,2128,2240
OZ1368,2141,2241
OZ1369,2139,2242
OZ1370,2140,2243
OZ1371,2135,2244
OZ1372,2133,2245
OZ1373,2134,2246
OZ1374,2138,2247
OZ1375,2136,2248
OZ1376,2137,2249
OZ1377,2113,2214
OZ1378,2114,2215
OZ1379,2112,2216
OZ1380,2107,2217
OZ1381,2108,2218
OZ1382,2106,2219
OZ1383,2110,2220
OZ1384,2111,2221
OZ1385,2109,2222
OZ1386,2123,2223
OZ1387,2122,2225
OZ1388,2121,2224
OZ1389,2117,2226
OZ1390,2116,2228
OZ1391,2115,2227
OZ1392,2120,2229
OZ1393,2119,2231
OZ1394,2118,2230
OZ1395,2150,2250
OZ1396,2148,2251
OZ1397,2149,2252
OZ1398,2144,2253
OZ1399,2142,2254
OZ1400,2143,2255
OZ1401,2147,2256
OZ1402,2145,2257
OZ1403,2146,2258
OZ1404,2371,2475
OZ1405,2372,2476
OZ1406,2370,2477
OZ1407,2374,2478
OZ1408,2375,2479
OZ1409,2373,2480
OZ1410,2368,2481
OZ1411,2369,2482
OZ1412,2367,2483
OZ1413,2348,2448
OZ1414,2346,2449
OZ1415,2347,2450
OZ1416,2342,2451
OZ1417,2340,2452
OZ1418,2341,2453
OZ1419,2345,2454
OZ1420,2343,2455
OZ1421,2344,2456
OZ1422,2357,2457
OZ1423,2355,2458
OZ1424,2356,2459
OZ1425,2351,2460
OZ1426,2349,2461
OZ1427,2350,2462
OZ1428,2354,2463
OZ1429,2352,2464
OZ1430,2353,2465
OZ1431,2329,2430
OZ1432,2330,2431
OZ1433,2328,2432
OZ1434,2323,2433
OZ1435,2324,2434
OZ1436,2322,2435
OZ1437,2326,2436
OZ1438,2327,2437
OZ1439,2325,2438
OZ1440,2339,2439
OZ1441,2338,2441
OZ1442,2337,2440
OZ1443,2333,2442
OZ1444,2332,2444
OZ1445,2331,2443
OZ1446,2336,2445
OZ1447,2335,2447
OZ1448,2334,2446
OZ1449,2366,2466
OZ1450,2364,2467
OZ1451,2365,2468
OZ1452,2360,2469
OZ1453,2358,2470
OZ1454,2359,2471
OZ1455,2363,2472
OZ1456,2361,2473
OZ1457,2362,2474
OZ1458,2479,2583
OZ1459,2480,2584
OZ1460,2478,2585
OZ1461,2482,2586
OZ1462,2483,2587
OZ1463,2481,2588
OZ1464,2476,2589
OZ1465,2477,2590
OZ1466,2475,2591
OZ1467,2456,2556
OZ1468,2454,2557
OZ1469,2455,2558
OZ1470,2450,2559
OZ1471,2448,2560
OZ1472,2449,2561
OZ1473,2453,2562
OZ1474,2451,2563
OZ1475,2452,2564
OZ1476,2465,2565
OZ1477,2463,2566
OZ1478,2464,2567
OZ1479,2459,2568
OZ1480,2457,2569
OZ1481,2458,2570
OZ1482,2462,2571
OZ1483,2460,2572
OZ1484,2461,2573
OZ1485,2437,2538
OZ1486,2438,2539
OZ1487,2436,2540
OZ1488,2431,2541
OZ1489,2432,2542
OZ1490,2430,2543
OZ1491,2434,2544
OZ1492,2435,2545
OZ1493,2433,2546
OZ1494,2447,2547
OZ1495,2446,2549
OZ1496,2445,2548
OZ1497,2441,2550
OZ1498,2440,2552
OZ1499,2439,2551
OZ1500,2444,2553
OZ1501,2443,2555
OZ1502,2442,2554
OZ1503,2474,2574
OZ1504,2472,2575
OZ1505,2473,2576
OZ1506,2468,2577
OZ1507,2466,2578
OZ1508,2467,2579
OZ1509,2471,2580
OZ1510,2469,2581
OZ1511,2470,2582
