X0,0,35,38,73,182,316
X1,1,12,49,100,172,311
X2,2,6,42,123,173,240
X3,3,64,94,102,236,320
X4,4,87,103,131,156,321
X5,5,6,104,171,286,298
X6,2,88,92,101,152,319
X7,7,43,44,59,85,185
X8,8,9,69,141,274,281
X9,8,74,135,186,300,318
X10,10,42,76,184,185,258
X11,11,20,71,204,259,267
X12,1,13,160,168,200,304
X13,12,72,199,227,261,275
X14,14,77,87,152,229,302
X15,15,47,188,189,222,225
X16,16,17,192,194,224,276
X17,17,24,40,132,160,315
X18,18,32,201,213,277,300
X19,19,109,119,212,215,264
X20,20,86,123,167,244,299
X21,21,46,80,164,273,306
X22,22,29,37,116,193,230
X23,23,112,142,165,268,306
X24,24,105,148,228,316,323
X25,25,157,232,237,272,282
X26,26,92,124,176,309,313
X27,26,27,63,234,278,284
X28,28,66,162,250,291,305
X29,29,33,197,263,279,299
X30,30,65,172,190,253,255
X31,31,62,67,146,147,206
X32,18,41,183,191,254,322
X33,33,40,201,210,220,246
X34,34,127,158,241,268,295
X35,35,91,121,174,269,315
X36,7,14,36,108,290,317
X37,15,37,106,181,191,314
X38,0,19,39,68,187,198
X39,16,39,79,143,190,288
X40,22,25,158,179,231,308
X41,34,41,114,128,157,178
X42,10,70,137,148,223,265
X43,31,36,125,220,238,298
X44,23,44,79,162,208,302
X45,45,78,98,163,179,281
X46,21,103,208,218,272,283
X47,47,81,105,136,237,260
X48,27,48,175,242,285,310
X49,49,124,226,242,288,305
X50,50,55,96,149,168,322
X51,51,56,188,234,275,317
X52,52,133,222,224,230,244
X53,53,58,107,139,176,216
X54,45,54,90,94,166,186
X55,55,56,100,203,260,303
X56,50,66,106,154,175,243
X57,57,206,243,245,289,321
X58,58,147,164,246,284,292
X59,59,60,90,181,207,247
X60,43,51,161,182,205,223
X61,61,86,99,180,303,318
X62,62,74,131,183,198,253
X63,63,68,80,225,249,276
X64,64,88,156,228,256,301
X65,65,91,113,127,261,293
X66,28,52,57,211,221,235
X67,67,126,216,221,251,294
X68,48,54,155,233,301,314
X69,69,132,136,229,238,308
X70,70,82,165,213,274,291
X71,71,73,128,239,252,293
X72,13,78,192,211,236,312
X73,11,77,84,141,144,309
X74,9,75,214,265,267,310
X75,75,155,177,252,273,307
X76,53,76,116,254,255,319
X77,46,60,89,93,184,304
X78,72,98,107,150,161,193
X79,81,119,202,209,219,251
X80,5,95,170,226,232,297
X81,83,111,194,210,248,287
X82,84,120,189,209,247,262
X83,61,85,117,143,166,248
X84,4,115,122,135,167,227
X85,3,129,169,241,278,290
X86,89,118,122,173,215,249
X87,30,110,202,214,258,280
X88,82,118,195,196,199,295
X89,93,125,177,266,297,311
X90,95,114,120,277,287,313
X91,96,178,204,240,271,312
X92,97,111,113,245,262,280
X93,99,112,126,133,151,307
X94,101,151,171,233,257,269
X95,102,139,159,219,296,323
X96,97,104,130,153,154,174
X97,108,235,239,266,270,320
X98,109,134,140,195,257,294
X99,110,129,231,264,279,285
X100,83,137,145,196,256,289
X101,115,130,150,170,218,296
X102,117,134,138,145,203,282
X103,32,38,212,250,263,270
X104,138,197,217,259,283,292
X105,142,149,153,159,169,180
X106,146,163,187,205,271,286
OX0,80,103,122,124,125,137,148,164,165,173,177,184,185,190,195,196,199,208,213,215,218,223,226,242,249,253,255,258,265,266,272,273,274,283,288,291,295,297,305,306
OX1,90,106,107,118,133,137,148,149,150,154,160,162,163,165,166,172,175,178,179,181,182,186,188,190,192,193,195,196,200,203,204,205,206,207,213,221,222,224,227,230,234,235,240,244,245,247,250,253,255,258,260,261,265,271,274,281,289,290,295,303,305,320,321,322
OX2,98,100,105,106,107,113,129,133,136,140,144,148,149,150,154,161,162,168,172,174,175,178,190,193,199,200,202,203,204,206,207,211,214,217,221,222,224,227,228,230,231,235,237,240,244,245,250,253,255,258,261,264,269,271,275,279,280,285,289,291,303,305,312,315,316,321,322,323
OX3,94,105,106,113,114,118,120,123,124,129,130,131,132,133,135,139,141,145,149,151,153,155,159,162,165,169,170,173,174,175,177,183,184,185,186,190,191,194,195,199,200,203,206,210,211,213,214,219,221,222,223,224,229,230,232,233,235,236,237,238,240,241,242,244,248,250,252,253,254,255,257,258,262,267,269,273,277,278,280,281,286,288,290,295,296,297,298,300,301,303,304,307,308,310,311,313,315,316,318,320
OX4,79,86,100,106,107,112,122,126,132,134,136,141,143,145,149,150,151,154,155,160,161,162,163,167,168,175,177,179,180,182,183,187,188,190,191,192,193,197,198,206,214,217,221,222,224,227,229,230,234,235,238,244,245,248,250,252,254,259,260,265,267,273,274,275,282,283,288,289,290,291,292,300,305,308,310,312,315,316,320,321
OX5,105,106,107,114,116,120,124,126,127,128,133,136,139,148,149,152,154,156,157,158,162,175,178,190,200,203,211,222,224,226,228,230,235,237,241,242,244,245,250,251,253,254,268,277,287,288,289,291,294,295,303,304,309,311,315,316,322,323
OX6,86,100,103,107,112,113,116,120,125,129,131,132,133,135,136,137,144,145,147,150,151,155,161,163,165,167,168,172,173,174,175,180,181,183,184,185,186,189,194,196,199,200,203,206,207,208,209,210,211,214,216,218,219,220,221,222,223,224,226,227,228,230,239,241,248,250,254,257,259,261,265,266,268,269,270,272,274,275,278,280,281,282,287,288,290,291,297,299,300,303,305,306,308,310,312,313,314,315,316,318,320,323
OX7,114,120,122,126,127,128,132,136,139,141,150,152,155,156,157,158,167,177,178,183,186,191,206,214,221,227,229,238,241,251,252,254,265,267,268,273,274,277,281,287,294,295,300,307,308,309,310,318,321,322
OX8,107,116,122,125,126,127,128,130,132,136,139,141,149,152,153,155,156,157,158,167,170,172,177,178,183,186,188,190,191,199,203,206,214,221,226,229,232,234,235,238,239,241,251,252,253,260,261,265,266,267,268,270,273,274,281,290,294,295,297,300,303,307,308,309,310,313,318,320,321,322
OX9,106,113,124,125,126,127,128,130,133,137,139,140,144,145,149,150,152,153,156,157,158,162,170,172,174,175,178,188,194,196,199,203,207,210,211,217,222,224,227,230,232,234,239,241,242,244,248,250,251,256,260,261,262,266,268,269,270,280,287,288,290,291,294,295,297,303,304,309,311,313,320,322
OX10,103,112,113,120,123,125,127,128,129,130,132,133,136,140,147,149,150,151,152,153,155,156,157,158,159,162,163,165,167,169,170,172,174,180,182,183,186,188,189,199,200,202,204,205,206,207,208,209,216,217,218,220,221,227,231,232,234,235,239,241,244,247,251,255,258,259,260,261,262,264,265,266,269,270,271,272,274,279,280,281,282,285,286,288,290,294,295,296,298,299,300,306,308,309,310,315,316,318,320,321
OX11,125,126,129,130,137,139,145,150,152,153,154,156,170,172,188,190,194,196,199,202,206,210,214,221,226,227,231,234,235,239,245,248,251,253,255,256,258,260,261,262,264,266,270,272,279,282,285,287,289,290,294,297,309,313,320,321
OX12,100,123,124,130,131,132,135,136,139,140,141,144,149,151,153,157,158,159,161,168,169,170,173,175,177,178,181,182,183,184,185,186,188,191,203,204,205,214,217,219,223,226,228,229,232,234,238,241,242,247,252,254,256,257,260,265,267,271,273,274,275,278,281,285,286,296,297,298,300,303,307,308,312,314,318,321,322,323
OX13,122,127,128,132,136,137,141,145,153,154,155,157,158,159,167,169,172,177,178,183,186,188,190,191,194,196,199,202,210,229,231,232,234,238,245,248,252,253,254,255,256,258,260,261,262,264,265,267,268,272,273,274,278,279,281,282,285,287,289,295,300,307,308,310,318,322
OX14,113,120,127,128,131,132,134,135,136,137,140,141,149,152,154,155,156,157,158,174,177,178,183,186,191,196,203,214,229,232,238,241,245,252,254,256,262,265,267,268,269,272,273,274,280,281,282,289,295,300,303,307,308,309,310,318,321,322
OX15,123,129,130,131,132,135,136,137,139,140,141,144,145,151,153,154,157,158,159,160,163,169,170,173,175,177,178,181,182,183,184,185,186,190,191,192,194,196,200,202,204,205,210,211,217,219,223,228,229,231,232,238,241,245,247,248,252,253,254,255,257,258,262,264,265,267,271,273,274,278,279,281,286,287,288,289,290,296,297,298,300,304,305,307,308,311,314,318,320,321,322,323
OX16,112,120,124,126,127,128,130,131,132,134,135,136,139,141,144,145,150,155,157,158,159,162,165,169,170,172,178,180,182,183,186,187,188,190,191,194,198,199,200,203,206,207,210,214,217,221,227,229,232,234,235,238,239,241,242,248,251,252,254,260,261,265,267,270,274,281,287,290,294,295,300,303,305,307,308,310,313,315,316,318,320,322
OX17,126,129,130,131,133,134,135,137,139,140,144,153,154,157,158,159,160,162,163,167,169,170,173,175,181,184,185,187,189,192,196,198,202,205,207,209,211,213,219,223,228,231,232,241,244,245,253,255,257,258,259,264,265,271,274,278,279,286,289,290,291,296,297,298,299,304,305,311,314,315,316,320,321,323
OX18,116,127,128,130,132,133,136,141,144,153,154,165,170,178,179,182,183,187,191,193,197,198,200,206,207,211,214,221,222,224,229,230,238,239,244,245,250,252,253,259,265,267,270,272,274,278,283,285,289,290,291,292,295,300,308,315,316,320,321,322
OX19,120,124,127,128,129,131,132,134,135,136,137,141,144,149,152,154,155,156,157,158,177,178,183,186,190,191,196,202,203,207,217,226,229,231,232,238,241,242,245,252,253,254,255,256,258,262,264,265,267,268,272,273,274,279,281,282,285,288,289,295,300,303,304,305,307,308,309,310,311,318,321,322
OX20,124,130,133,153,154,155,157,158,165,170,177,182,187,190,198,200,206,211,221,222,224,226,230,232,239,241,242,244,245,250,268,270,273,278,285,288,289,290,291,304,305,307,310,311,315,316,320,321
OX21,118,129,130,132,133,134,136,137,139,141,145,148,150,151,152,156,159,162,165,167,169,170,172,173,177,178,182,183,184,185,186,187,188,189,191,194,195,196,198,200,204,206,207,209,210,217,221,223,226,227,229,234,238,240,241,244,247,248,251,252,253,254,255,258,259,260,261,262,265,267,272,273,274,278,281,282,286,287,288,294,295,297,298,299,300,307,308,309,313,315,316,318,321,322
OX22,127,128,130,133,134,137,139,149,150,151,152,154,155,156,157,158,159,162,169,170,172,182,187,188,189,196,198,199,200,202,203,204,206,207,209,213,217,221,226,227,231,232,234,240,244,245,247,251,253,255,256,258,259,260,261,264,265,268,274,278,279,285,286,288,289,291,294,295,297,298,299,303,309,310,313,315,316,321
OX23,130,131,132,133,134,135,136,137,139,141,150,151,152,156,159,162,169,170,172,177,178,182,183,186,187,188,189,191,196,198,199,200,202,204,206,207,209,213,214,217,221,226,227,229,231,234,238,240,241,244,247,251,252,253,254,255,256,258,259,260,261,264,267,272,273,278,279,281,282,285,286,288,291,294,297,298,299,300,307,308,309,313,315,316,318,322
OX24,129,132,136,137,139,140,141,144,145,149,151,152,154,156,157,158,159,160,163,167,169,173,175,177,178,181,182,183,184,185,186,190,191,192,194,196,200,202,203,204,205,210,211,217,219,223,226,228,229,231,232,238,240,241,245,247,248,252,253,254,255,257,258,262,264,265,267,271,272,273,274,278,279,281,282,287,288,289,290,296,300,303,304,305,307,308,309,311,313,314,318,320,322,323
OX25,131,132,135,136,141,144,149,154,155,162,177,182,186,187,190,197,198,200,203,207,213,214,229,238,245,252,259,265,267,273,274,281,282,283,288,289,291,292,303,307,308,310,315,316,318,321
OX26,132,133,136,137,141,144,145,149,153,155,159,160,163,167,169,173,175,177,178,181,184,185,186,187,190,191,192,194,196,197,198,202,203,204,205,206,210,213,221,222,223,224,229,230,231,235,238,240,241,244,247,248,250,252,254,255,256,258,259,262,264,265,267,271,273,274,278,279,281,282,283,285,287,288,290,292,303,305,307,308,310,314,315,316,318,320,321,322
OX27,139,140,151,152,155,156,157,158,159,160,163,169,175,178,181,182,183,190,191,192,197,204,205,207,211,217,219,226,228,232,240,241,247,253,254,255,256,257,258,259,265,271,272,274,278,283,285,288,290,292,296,300,304,305,309,310,311,313,314,315,316,320,322,323
OX28,133,134,137,140,150,153,154,155,160,163,165,172,177,182,183,188,189,190,192,196,197,199,202,205,206,207,209,211,213,219,221,227,228,231,234,235,239,241,244,245,247,251,253,257,260,261,264,268,270,271,273,278,279,282,283,285,286,289,291,292,294,296,297,298,299,300,304,307,310,311,315,316,321,323
OX29,137,145,153,154,159,160,162,163,169,178,182,190,191,192,194,196,202,204,205,210,211,213,214,231,240,241,245,248,253,254,256,262,264,265,271,274,278,279,285,287,288,289,290,291,315,316,320,322
OX30,134,140,141,145,152,156,157,158,162,163,165,175,178,181,182,183,188,189,191,194,197,200,204,205,209,210,211,213,219,220,222,224,226,228,229,230,232,234,238,239,240,241,246,248,250,251,252,254,256,257,260,262,267,268,270,271,272,282,287,290,294,299,300,304,305,309,311,313,314,315,316,320,322,323
OX31,119,148,189,200,202,207,209,219,228,247,251,315,316,323
OX32,141,144,149,150,152,154,155,156,157,158,159,163,169,172,177,182,183,190,197,199,200,203,205,207,214,220,226,227,229,232,238,241,245,246,252,253,259,261,265,267,271,272,273,274,282,286,289,296,297,298,300,303,307,309,310,313,315,316
OX33,140,150,153,154,162,163,172,175,178,181,182,183,188,190,191,197,199,200,204,205,207,217,219,227,228,234,235,240,245,247,250,251,253,254,255,256,257,258,259,260,261,265,271,274,282,283,289,290,291,292,294,296,300,305,314,315,316,320,322,323
OX34,144,150,152,153,154,155,156,162,165,172,177,182,187,188,189,197,198,199,200,201,209,211,214,224,225,226,227,231,235,239,241,245,247,253,255,258,259,260,261,262,263,268,270,273,279,282,283,287,288,289,292,296,304,307,309,310,311,313,315,316
OX35,148,149,150,152,153,156,162,163,165,182,190,197,199,201,202,203,205,214,222,225,226,227,230,234,253,255,256,258,262,263,264,271,278,282,283,285,286,287,288,292,295,296,297,298,299,303,309,313
OX36,150,152,153,154,155,156,160,163,177,178,182,183,189,191,192,199,201,204,205,207,209,214,224,225,226,227,231,234,235,239,240,241,245,247,254,262,263,265,268,270,271,273,274,279,287,289,290,295,296,300,304,307,309,310,311,313,315,316,320,322
OX37,157,158,160,162,163,172,178,182,188,191,192,204,205,211,213,232,234,240,241,254,255,258,260,261,265,268,271,272,274,282,288,290,291,295,315,316,320,322
OX38,149,152,154,155,156,160,163,165,172,175,177,181,187,188,192,198,200,203,205,207,211,213,226,234,235,239,245,247,253,255,258,260,261,265,270,271,273,274,278,285,286,288,289,291,295,297,298,303,305,307,309,310,313,314
OX39,162,190,213,253,255,258,265,274,288,291
OX40,152,153,154,156,159,160,169,172,175,181,182,183,187,188,192,197,198,207,214,222,224,226,230,234,245,247,253,260,261,265,268,274,278,282,283,285,288,289,292,295,299,300,304,305,309,311,313,314,315,316
OX41,147,151,155,163,165,175,178,181,183,187,188,189,190,191,198,201,204,205,209,211,214,216,224,225,231,235,240,241,246,250,251,254,260,262,263,265,268,271,274,279,282,283,287,288,291,292,294,300,305,310,314,322
OX42,155,165,172,177,188,190,197,201,202,214,222,225,230,239,250,253,255,258,260,261,262,263,264,270,273,282,283,287,291,292,295,299,307,310
OX43,160,165,167,173,182,183,184,185,186,187,188,189,192,198,200,201,207,209,213,223,224,225,231,237,241,247,253,260,262,263,268,279,281,287,291,300,308,318
OX44,183,255,258,265,274,300
OX45,163,165,187,189,198,201,205,207,209,211,214,224,225,231,234,235,241,247,250,253,255,258,262,263,268,271,278,279,285,286,287,291,297,298,304,311
OX46,172,178,189,190,191,201,204,207,209,213,214,231,235,240,241,247,250,253,254,261,262,263,265,268,274,278,279,285,286,287,290,295,297,298,304,311,320,322
OX47,165,167,173,175,181,182,184,185,186,187,188,189,190,198,201,209,211,223,224,225,231,235,237,241,250,260,262,263,268,279,281,287,288,291,305,308,314,318
OX48,151,153,154,159,169,175,177,181,189,190,201,209,211,214,219,224,225,228,231,234,235,239,241,245,251,253,255,256,258,262,263,270,273,278,279,285,287,288,289,294,305,307,314,323
OX49,178,182,187,191,198,200,204,211,213,214,224,225,234,235,240,250,253,254,265,274,278,285,286,297,298,304,311,315,316,322
OX50,167,173,182,184,185,186,187,197,198,201,202,211,213,222,223,224,230,235,237,250,253,255,258,262,263,264,265,274,281,282,283,287,292,299,308,318
OX51,175,181,182,187,188,190,197,198,200,201,202,207,222,225,230,247,260,262,263,264,282,283,287,288,292,299,305,314,315,316
OX52,211,213,214,224,225,234,235,250,265,274,278,285
OX53,188,197,222,225,230,260,282,283,292,299
OX54,213,214,235,250,265,274,278,285,290,320
OX55,201,202,262,263,264,287
Z0,0,182,187,205
Z1,1,93,304,311
Z2,2,6,101,171
Z3,3,102,159,169
Z4,4,74,131,135
Z5,5,125,297,298
Z6,6,240,271,286
Z7,7,14,44,302
Z8,8,213,274,300
Z9,9,70,265,274
Z10,10,214,258,265
Z11,11,144,217,259
Z12,12,65,172,261
Z13,13,17,160,192
Z14,14,36,229,238
Z15,15,37,222,230
Z16,16,39,68,276
Z17,17,40,194,210
Z18,18,41,114,277
Z19,0,19,38,212
Z20,20,197,259,299
Z21,21,164,283,292
Z22,22,29,231,279
Z23,23,162,165,291
Z24,24,35,315,316
Z25,25,136,237,308
Z26,26,58,176,284
Z27,26,27,124,242
Z28,28,235,250,270
Z29,29,230,244,299
Z30,30,76,255,258
Z31,31,146,286,298
Z32,32,33,201,263
Z33,33,197,246,292
Z34,34,127,128,293
Z35,24,105,132,136
Z36,7,43,51,317
Z37,37,116,191,254
Z38,38,73,239,270
Z39,39,190,198,253
Z40,40,132,220,238
Z41,41,96,178,322
Z42,2,42,76,319
Z43,10,43,185,223
Z44,44,79,85,143
Z45,45,78,94,236
Z46,46,93,177,273
Z47,47,56,188,260
Z48,48,75,155,310
Z49,49,226,297,311
Z50,50,149,153,154
Z51,36,108,125,266
Z52,52,192,211,224
Z53,53,107,116,193
Z54,54,64,94,301
Z55,1,55,100,168
Z56,47,81,189,209
Z57,57,67,206,221
Z58,58,67,147,216
Z59,59,60,184,185
Z60,60,200,207,304
Z61,61,166,186,318
Z62,62,146,187,198
Z63,63,188,225,234
Z64,64,102,228,323
Z65,12,56,100,275
Z66,66,175,242,305
Z67,28,57,66,243
Z68,19,68,215,249
Z69,69,77,141,229
Z70,70,82,137,196
Z71,71,128,178,204
Z72,72,115,150,227
Z73,35,73,91,293
Z74,4,103,115,218
Z75,71,75,252,267
Z76,42,89,173,184
Z77,77,92,152,309
Z78,8,45,186,281
Z79,79,162,288,305
Z80,46,80,89,249
Z81,81,105,219,323
Z82,82,165,268,295
Z83,83,117,145,248
Z84,84,144,207,247
Z85,59,85,90,166
Z86,86,99,133,244
Z87,87,88,152,156
Z88,88,101,233,301
Z89,63,80,164,284
Z90,54,90,181,314
Z91,91,97,113,174
Z92,69,179,281,308
Z93,55,149,180,303
Z94,78,163,271,312
Z95,95,124,226,313
Z96,13,96,168,312
Z97,97,154,243,245
Z98,98,161,163,205
Z99,99,112,142,180
Z100,87,103,208,302
Z101,3,108,290,320
Z102,18,74,183,300
Z103,104,171,174,269
Z104,16,143,194,248
Z105,50,106,191,322
Z106,107,139,150,296
Z107,109,119,251,294
Z108,110,119,202,264
Z109,83,111,245,289
Z110,112,273,306,307
Z111,95,114,157,232
Z112,51,72,161,275
Z113,53,92,176,319
Z114,111,120,262,287
Z115,109,118,195,215
Z116,110,214,285,310
Z117,61,117,203,303
Z118,121,160,200,315
Z119,122,123,167,173
Z120,118,122,199,227
Z121,27,129,278,285
Z122,5,104,130,170
Z123,126,151,257,294
Z124,127,199,261,295
Z125,48,106,175,314
Z126,129,158,231,241
Z127,130,153,159,296
Z128,62,131,206,321
Z129,52,126,133,221
Z130,134,145,195,196
Z131,86,135,167,318
Z132,30,65,113,280
Z133,9,11,141,267
Z134,134,138,140,217
Z135,15,181,189,247
Z136,138,272,282,283
Z137,137,148,228,256
Z138,142,169,241,268
Z139,84,120,309,313
Z140,121,140,257,269
Z141,31,147,220,246
Z142,148,182,223,316
Z143,139,216,219,251
Z144,151,155,233,307
Z145,156,256,289,321
Z146,22,98,179,193
Z147,21,23,208,306
Z148,20,123,204,240
Z149,170,218,232,272
Z150,49,172,190,288
Z151,177,239,252,266
Z152,183,253,254,255
Z153,32,213,250,291
Z154,201,210,277,287
Z155,202,209,262,280
Z156,203,237,260,282
Z157,211,235,236,320
Z158,212,263,264,279
Z159,222,224,225,276
Z160,234,278,290,317
OZ0,143,149,153,154,155,164,175,179,182,191,194,196,208,215,223,228,229,239,248,249,252,256,263,264,265,268,270,274,276,279,281,283,288,291,292,295,302,305,306,308,310,314,316,322
OZ1,100,108,149,159,163,164,166,168,169,180,181,186,188,194,200,207,213,225,228,236,239,248,252,266,271,273,274,276,278,281,284,300,301,303,311,312,314,317,320,323
OZ2,149,153,154,166,169,175,180,186,191,192,194,210,213,215,221,224,233,235,236,239,241,244,246,248,249,250,252,257,259,264,267,268,270,273,276,277,279,287,291,292,294,299,306,310,314,318,320,322
OZ3,108,158,159,163,180,188,192,210,215,221,224,225,228,231,233,235,239,244,246,249,250,252,257,259,264,267,268,270,271,273,274,277,279,281,285,287,291,292,294,299,300,301,306,310,312,317,318,323
OZ4,132,147,152,153,157,160,165,166,168,171,173,174,176,178,180,182,184,186,187,189,191,195,196,198,199,200,204,205,206,207,208,209,216,219,221,225,226,231,233,235,239,240,241,242,247,248,249,250,252,253,255,257,258,259,262,266,269,270,271,272,273,275,280,285,286,287,289,290,291,292,295,297,302,304,306,308,313,314,316,317,318,319,322,323
OZ5,113,155,157,158,160,163,164,165,166,168,169,171,175,178,180,181,182,184,186,187,188,189,190,191,192,198,199,200,204,207,208,209,210,213,214,215,218,219,220,223,228,229,232,236,237,239,243,245,248,249,252,253,258,260,261,263,264,265,266,267,269,270,272,274,276,279,281,283,288,290,291,292,295,296,297,298,300,301,302,303,304,305,306,308,310,315,316,317,320,322
OZ6,158,163,169,180,181,184,188,192,200,205,207,210,214,215,221,223,224,225,231,233,235,236,239,244,246,249,250,252,257,258,259,264,265,267,268,270,273,274,277,279,281,285,287,290,291,292,294,299,300,304,306,310,314,317,318,320
OZ7,155,165,166,169,179,180,182,186,188,192,194,196,208,210,213,221,223,224,225,228,229,233,235,236,241,244,246,248,250,256,257,259,263,265,267,273,274,276,277,278,281,283,284,287,290,291,294,295,299,302,306,308,316,317,318,320
OZ8,147,152,153,154,166,169,173,175,176,179,184,186,187,189,192,194,195,198,200,205,206,207,208,209,213,215,216,218,219,221,223,224,225,226,232,233,235,236,237,238,240,242,244,247,248,252,253,255,256,257,258,259,260,261,262,264,265,267,268,271,273,274,275,276,277,279,280,281,286,289,290,292,293,295,296,298,299,301,302,303,304,306,308,313,317,318,319,320
OZ9,154,157,163,165,166,169,171,174,175,178,179,180,181,182,186,189,196,199,204,210,213,215,218,220,223,225,231,232,236,237,239,241,247,248,249,256,260,261,263,264,265,266,267,268,269,270,271,272,279,285,293,296,297,298,300,301,303,312,314,316,320,323
OZ10,153,157,160,163,171,173,174,175,178,180,184,187,188,189,191,192,196,198,199,204,205,208,209,210,213,219,220,223,226,228,229,233,237,238,239,240,241,243,245,249,250,252,253,254,255,256,258,260,263,265,266,267,268,273,274,275,276,277,278,279,280,281,283,284,285,286,287,292,297,302,303,304,305,306,312,314,315,323
OZ11,164,166,169,180,186,188,194,225,241,248,268,276,278,284,290,306,317,318
OZ12,160,165,166,168,169,180,182,184,186,187,190,191,192,194,198,200,207,209,214,219,223,233,241,247,248,253,258,265,268,269,271,288,291,304,305,312,314,315,316,318,322,323
OZ13,152,157,159,163,165,166,169,171,173,175,178,181,182,184,186,187,188,195,196,198,199,200,204,205,207,208,209,218,219,220,221,225,231,232,233,235,236,238,240,242,243,246,248,249,250,253,255,258,262,266,267,268,270,274,275,277,278,280,281,284,285,286,287,289,294,295,296,297,300,302,304,305,308,310,312,314,316,319,320,323
OZ14,166,179,186,231,248,250,263,274,277,279,281,287,291,300
OZ15,171,173,181,182,184,195,196,200,207,209,215,223,228,233,240,251,256,258,262,264,265,271,280,285,286,294,304,310,314,316
OZ16,189,194,213,214,215,224,225,244,249,250,262,263,264,277,280,285,287,291,299,310
OZ17,168,169,179,180,184,187,188,190,191,192,194,195,198,208,209,213,214,215,219,225,228,229,233,237,241,245,249,250,253,256,257,258,259,260,262,263,264,267,271,272,274,277,278,279,281,284,287,288,289,290,292,295,302,303,304,305,308,312,314,317,322,323
OZ18,159,173,176,179,180,182,192,194,196,199,205,208,210,216,218,219,221,224,226,229,231,233,235,238,239,240,241,242,244,246,249,250,251,252,256,257,259,266,267,268,270,273,274,275,276,277,279,281,286,290,291,292,294,296,297,298,299,300,301,302,306,310,312,313,316,317,318,323
OZ19,163,165,173,188,194,195,204,205,208,209,213,214,215,223,225,229,231,240,250,251,262,263,264,265,267,268,274,276,277,278,279,280,281,283,284,285,287,290,291,292,294,295,302,308,310,317
OZ20,169,179,180,184,187,188,190,194,195,198,200,207,208,209,210,215,219,221,224,225,226,228,229,235,236,237,241,242,244,245,246,247,249,253,256,258,260,263,264,266,270,271,272,274,278,280,281,284,285,288,289,290,291,294,295,297,299,302,303,304,305,308,312,317,320,323
OZ21,157,173,175,176,178,179,188,190,191,194,195,205,209,210,216,219,220,223,224,225,226,228,232,236,237,238,239,240,243,244,245,249,250,252,254,255,260,262,263,265,268,271,272,273,274,277,278,281,283,284,288,290,291,292,294,295,299,300,301,303,306,308,310,312,313,314,317,318,320,323
OZ22,165,173,176,179,181,184,195,200,207,208,209,213,215,216,220,226,229,233,240,242,246,250,251,257,258,262,264,266,268,270,271,274,277,280,281,283,285,286,291,292,295,297,298,302,304,308,313,314
OZ23,173,175,176,179,184,187,188,191,194,198,200,205,207,215,216,220,221,223,225,231,235,240,242,243,246,247,253,254,255,256,258,262,263,264,265,270,271,274,276,278,279,280,281,284,285,286,287,289,290,291,298,301,304,305,310,313,314,317
OZ24,176,182,187,188,191,196,198,204,205,208,210,213,214,216,219,220,221,224,225,229,231,233,235,237,242,244,245,251,252,253,254,255,257,260,261,263,267,268,270,271,272,273,275,276,280,285,286,287,289,291,293,294,295,298,299,300,302,303,305,306,308,313,314,316,318,323
OZ25,175,179,181,182,184,188,190,191,194,196,200,204,205,207,210,213,215,219,224,225,232,233,236,237,238,239,242,243,244,245,246,249,251,252,254,255,256,257,258,260,263,264,266,267,268,270,273,274,278,280,281,284,285,286,288,290,294,295,297,298,299,300,301,303,304,306,308,310,312,316,317,318,320,323
OZ26,179,181,182,184,190,191,194,196,200,205,207,208,210,213,219,221,224,226,229,232,235,236,237,239,242,244,245,246,250,251,252,254,255,258,260,268,270,271,273,274,279,280,281,283,285,288,289,292,295,299,300,302,303,304,305,306,308,312,316,318,320,323
OZ27,181,184,187,191,195,198,200,205,207,208,209,213,214,215,219,220,221,223,224,226,228,229,235,237,238,244,245,246,249,252,253,254,255,256,258,260,261,262,264,265,266,268,272,273,275,276,278,279,284,289,290,291,293,294,295,297,299,300,302,303,304,305,306,317,318,323
OZ28,184,187,191,195,198,200,204,205,207,209,213,215,219,220,223,224,226,228,232,233,237,242,244,245,246,247,249,250,252,253,254,255,256,257,258,260,261,263,264,265,267,268,271,273,275,276,278,280,284,285,286,289,290,291,293,295,298,299,300,303,304,306,314,317,318,323
OZ29,188,190,191,194,195,196,205,207,209,210,214,217,220,221,223,225,231,233,235,236,238,239,245,247,250,251,254,255,257,259,261,265,267,270,271,275,276,280,285,288,289,293,305,308,310,312,314,320
OZ30,187,191,194,198,199,207,217,218,221,224,226,228,233,235,236,237,244,245,247,250,252,253,254,255,256,257,259,260,261,262,266,267,268,270,271,272,273,277,279,285,287,289,293,294,295,296,297,299,300,303,305,306,310,312,314,318,320,323
OZ31,182,192,195,199,205,209,218,220,221,224,231,233,235,238,244,245,246,251,256,257,259,262,263,267,270,271,275,278,283,284,285,289,290,296,299,301,308,310,312,316,317,323
OZ32,192,194,195,196,207,208,210,215,217,219,220,221,224,228,229,233,235,236,238,244,245,247,249,251,257,262,264,276,279,283,289,299,301,302,320,323
OZ33,190,191,195,196,205,207,208,209,214,217,221,223,229,231,233,235,236,239,245,247,250,251,254,255,257,259,261,265,267,270,271,275,278,280,283,284,285,288,289,290,292,293,302,305,308,310,312,314,317,320
OZ34,194,195,213,214,219,220,224,226,228,231,232,238,242,244,245,246,250,251,252,256,259,261,263,267,268,272,273,275,277,278,280,283,284,285,287,289,290,291,293,294,295,299,306,308,317,323
OZ35,208,220,229,238,246,283,292,302
OZ36,195,196,219,228,251,256,294,323
OZ37,204,207,209,210,213,217,218,219,220,226,239,241,242,247,250,252,259,263,266,268,271,273,277,278,279,283,284,285,286,287,291,292,296,297,298,306
OZ38,196,209,210,213,215,218,220,224,226,228,231,232,233,238,242,244,245,249,250,251,252,257,259,261,262,263,264,267,268,272,273,275,276,277,278,284,287,289,290,291,292,293,294,295,296,299,301,306,308,310,317,323
OZ39,219,228,233,251,257,294,301,323
OZ40,207,210,213,214,217,239,241,246,247,250,252,259,262,267,268,270,273,277,278,280,284,287,291,306
OZ41,209,226,232,233,239,241,242,245,251,252,256,257,262,263,268,270,272,273,278,279,283,284,285,289,292,294,301,306
OZ42,199,210,213,214,218,228,245,246,250,252,256,261,263,268,273,277,279,280,283,285,287,289,291,292,293,295,296,306,310,323
OZ43,210,213,218,220,221,228,231,233,235,238,239,241,250,252,257,263,268,273,277,278,279,283,284,287,291,292,294,296,301,306,308,323
OZ44,205,213,220,223,226,231,232,236,237,238,241,242,246,250,252,259,260,261,265,267,268,270,271,273,275,285,290,291,292,293,300,303,306,308,312,317,318,320
OZ45,214,215,218,224,228,231,236,238,244,245,249,256,259,263,264,267,270,271,276,280,283,286,289,296,298,299,308,312,320,323
OZ46,218,221,226,228,231,232,233,235,236,238,241,242,252,257,261,268,271,272,273,275,285,286,290,293,294,296,298,301,306,308,312,317,320,323
OZ47,226,231,232,236,238,239,242,261,271,272,275,278,283,284,285,286,290,292,293,298,308,312,317,320
OZ48,215,220,224,236,244,246,249,259,263,264,267,270,271,276,285,286,292,298,299,310,312,320
OZ49,231,236,238,241,242,250,252,261,268,270,271,273,275,285,286,290,293,298,305,306,308,312,317,320
OZ50,220,232,236,241,246,252,261,266,268,271,272,273,275,283,286,290,292,293,297,298,306,312,317,320
OZ51,213,232,237,239,241,242,252,259,260,266,267,268,273,278,284,291,292,297,300,303,305,306,310,318
OZ52,239,241,242,250,252,259,267,268,270,273,278,284,292,305,306,310
OZ53,242,250,263,279,285,305
OZ54,232,241,252,259,261,263,266,267,268,270,272,273,275,279,283,285,290,293,297,306,310,317
OZ55,241,252,261,268,273,275,290,293,306,317
