X0,0,4,8,20,21,25
X1,1,5,6,19,23,24
X2,2,3,7,18,22,26
X3,2,4,6,28,32,33
X4,0,5,7,29,30,34
X5,9,13,17,18,23,25
X6,10,14,15,19,21,26
X7,11,12,16,20,22,24
X8,10,12,17,29,31,33
X9,9,14,16,27,32,34
X10,1,3,8,27,31,35
OX0,6,7,8,14,17,20,22,24,27,29,31,32,33,34
OX1,5,8,15,16,17,19,20,21,23,24,25,28,32,33
OX2,8,14,15,16,17,19,20,21,22,23,24,27,28,29,30,33
OX3,7,14,15,19,20,21,23,26,30,31,33,34
OX4,15,16,17,19,20,22,23,24,28,29,30,33
OX5,14,17,22,23,24,26,28,29,30,32
OX6,24,25,26,27,28,29
OX7,21,22,23,30,31,32
Z0,0,16,20,34
Z1,1,17,23,31
Z2,2,15,26,28
Z3,3,13,18,35
Z4,4,14,21,32
Z5,5,12,24,29
Z6,6,10,19,33
Z7,7,11,22,30
Z8,8,9,25,27
Z9,8,10,21,31
Z10,6,11,24,28
Z11,5,13,23,30
Z12,3,14,26,27
Z13,2,16,22,32
Z14,0,17,25,29
Z15,4,12,20,33
Z16,1,15,19,35
OZ0,14,17,22,23,24,26,27,29,31,32,33,34
OZ1,11,17,20,25,28,33
OZ2,21,22,23,24,25,26,27,28,29,30,31,32
OZ3,20,23,24,25,27,28,32,35
OZ4,28,29,31,32,34,35
OZ5,27,29,30,32,33,35
OZ6,30,31,32,33,34,35
OZ7,29,32,33,34
