X0,0,81,119,122,295,296
X1,1,77,104,111,131,347
X2,2,21,120,123,153,297
X3,3,70,96,190,304,332
X4,4,29,30,143,148,202
X5,5,63,228,280,339,376
X6,6,37,38,45,177,180
X7,7,40,94,106,182,255
X8,8,130,202,239,258,331
X9,9,27,118,160,221,265
X10,10,14,175,238,332,348
X11,11,155,159,162,300,373
X12,12,194,242,282,327,367
X13,13,20,203,283,310,333
X14,10,232,265,323,345,378
X15,15,104,217,219,291,341
X16,16,107,158,224,229,260
X17,17,131,141,146,236,277
X18,18,23,111,139,229,344
X19,19,97,99,100,152,319
X20,13,89,198,284,297,349
X21,21,41,186,216,316,343
X22,22,88,116,153,249,317
X23,23,51,55,65,113,124
X24,24,32,105,248,251,276
X25,25,199,272,275,285,318
X26,26,90,136,139,144,359
X27,27,46,140,145,357,359
X28,6,28,54,142,164,245
X29,29,93,114,138,142,313
X30,30,178,181,201,287,370
X31,16,31,75,112,262,294
X32,32,155,156,232,351,366
X33,33,53,63,184,195,313
X34,34,37,136,215,223,288
X35,35,54,133,183,218,277
X36,36,60,78,135,251,344
X37,28,125,143,167,206,223
X38,38,133,172,200,203,241
X39,39,145,168,200,326,362
X40,8,40,206,228,257,352
X41,41,69,92,163,222,275
X42,42,95,149,187,196,315
X43,43,73,132,207,306,360
X44,44,185,316,329,361,374
X45,36,45,176,179,181,259
X46,46,47,64,112,186,375
X47,47,90,135,187,220,289
X48,48,189,213,234,296,367
X49,49,58,75,341,343,372
X50,50,148,162,169,176,289
X51,51,82,130,149,238,307
X52,4,52,274,293,314,334
X53,53,66,110,132,294,338
X54,35,230,255,314,335,371
X55,55,95,115,167,221,355
X56,49,56,185,196,298,334
X57,57,129,213,240,307,337
X58,58,182,211,212,280,347
X59,59,76,116,219,227,262
X60,60,68,99,113,156,264
X61,61,79,247,285,352,355
X62,62,109,125,160,226,324
X63,5,93,119,197,225,337
X64,64,173,201,260,299,346
X65,65,86,103,150,258,290
X66,33,56,134,154,256,340
X67,67,87,279,330,368,380
X68,68,157,173,244,281,317
X69,69,76,123,209,380,381
X70,17,70,108,126,193,207
X71,20,71,80,84,121,157
X72,44,72,78,122,305,342
X73,73,103,146,166,259,353
X74,74,100,267,278,321,383
X75,18,31,43,102,188,323
X76,2,57,118,151,333,348
X77,26,77,222,261,320,329
X78,72,89,147,170,299,356
X79,79,144,163,177,210,353
X80,48,71,164,254,291,382
X81,0,138,147,235,274,372
X82,11,22,82,117,205,220
X83,83,110,268,303,327,336
X84,80,211,235,276,346,358
X85,85,128,192,250,273,322
X86,86,179,190,272,305,311
X87,67,97,117,127,194,322
X88,88,140,151,215,292,373
X89,34,62,189,191,209,312
X90,9,39,42,114,137,256
X91,91,242,243,263,358,376
X92,92,310,311,312,356,382
X93,7,52,174,178,271,286
X94,94,107,166,192,331,379
X95,1,183,188,292,354,366
X96,96,150,198,270,325,345
X97,19,237,247,269,340,363
X98,98,161,165,204,208,298
X99,87,98,101,152,253,338
X100,74,91,105,320,342,363
X101,101,226,266,267,318,328
X102,102,165,168,193,365,377
X103,3,15,24,25,83,84
X104,14,85,106,126,233,364
X105,108,128,129,282,283,362
X106,109,199,243,302,336,364
X107,115,212,230,231,237,261
X108,50,81,175,191,239,302
X109,61,120,154,301,325,328
X110,121,127,174,214,241,249
X111,124,158,204,231,273,350
X112,134,205,240,308,361,368
X113,137,234,245,253,268,365
X114,141,172,248,286,300,304
X115,159,233,263,271,278,309
X116,161,218,227,254,279,293
X117,169,252,295,309,330,374
X118,170,171,180,326,369,370
X119,171,197,246,284,306,379
X120,184,216,301,357,360,369
X121,12,224,246,281,319,339
X122,195,210,217,236,257,303
X123,208,214,250,287,315,375
X124,225,264,269,290,308,349
X125,252,288,354,371,381,383
X126,321,324,335,350,377,378
OX0,126,128,129,131,142,143,146,148,164,174,175,181,183,193,201,202,207,218,230,232,233,236,238,245,255,265,271,282,283,286,287,314,323,332,335,345,348,362,364,370,371,378
OX1,110,111,112,113,117,122,131,139,142,143,144,147,148,150,155,164,165,168,175,176,177,179,183,185,186,187,188,189,190,197,199,202,204,211,213,217,218,219,220,222,224,226,227,233,235,237,238,243,244,245,247,249,250,259,260,261,263,264,265,266,269,270,271,272,275,278,282,283,285,289,292,293,296,297,298,300,303,305,306,310,315,316,317,322,323,324,325,328,330,333,335,336,338,339,340,341,344,347,348,349,350,351,354,356,357,361,362,364,365,368,369,374,376,377,379,380,382,383
OX2,107,129,130,131,142,143,146,164,166,183,193,202,207,218,230,236,239,245,250,255,258,273,282,283,314,322,335,362,371,379
OX3,112,113,116,127,135,140,142,143,151,153,156,157,160,167,168,186,187,189,191,199,200,201,206,209,215,220,224,226,234,237,242,243,244,245,246,247,249,251,253,260,264,268,269,282,288,289,299,302,312,320,322,324,326,327,336,339,340,342,344,346,357,362,364,365,367,375
OX4,117,165,204,214,218,227,244,249,250,253,254,266,270,287,293,298,315,317,330,338,351,368,375,380
OX5,103,105,114,130,142,143,150,155,160,162,165,167,179,187,189,190,191,196,199,204,205,206,209,214,218,220,227,233,237,238,242,247,250,253,254,256,258,264,266,269,271,272,287,288,290,292,293,298,300,302,305,307,309,311,312,318,320,328,330,335,336,338,340,342,350,358,364,368,375,376,377,378,380,383
OX6,118,131,140,142,143,150,160,164,167,179,183,189,190,191,198,199,206,209,215,218,226,230,232,236,243,245,255,259,265,270,272,288,302,305,311,312,314,323,324,325,335,336,353,364,371,378
OX7,131,146,164,168,183,193,207,218,230,234,236,253,255,268,314,335,365,371
OX8,148,155,160,162,167,176,189,191,199,202,206,209,226,233,243,263,271,278,288,289,292,300,302,309,312,324,336,364
OX9,114,116,140,142,143,151,153,160,165,167,174,175,176,181,187,189,191,196,199,201,204,205,206,209,214,215,218,220,226,227,233,238,243,244,250,253,254,256,266,270,271,286,288,289,293,298,302,307,312,324,330,336,338,351,368,370,375,380
OX10,113,116,127,135,140,151,153,155,156,157,162,173,215,224,233,237,242,244,246,247,249,251,263,264,269,271,278,282,289,292,300,309,320,322,327,339,340,342,344,367
OX11,142,143,155,160,162,164,167,172,174,176,181,183,189,191,199,201,206,209,218,226,230,233,243,245,255,263,271,277,278,287,288,289,292,300,302,309,312,314,324,335,336,364,370,371
OX12,136,146,155,162,164,168,172,176,177,180,181,183,193,200,203,207,215,218,230,233,234,241,253,255,263,268,271,277,278,289,292,300,309,314,335,353,365,371
OX13,174,180,200,201,203,241,287,370
OX14,105,116,127,129,130,132,140,146,150,151,153,154,156,157,164,165,166,168,172,175,179,182,183,185,186,189,190,191,193,198,199,200,201,202,206,207,209,211,214,215,216,227,232,233,234,237,238,239,240,244,246,249,251,254,255,258,259,261,262,263,266,268,270,271,272,277,278,280,283,286,287,288,293,294,299,301,302,305,307,308,311,312,314,318,323,325,326,327,328,330,334,336,338,339,340,341,343,346,347,353,355,358,360,361,365,367,369,371,372,376,377,379,380,383
OX15,116,132,140,151,153,154,155,162,164,165,168,172,175,182,183,185,186,187,200,204,211,212,214,215,216,220,227,230,234,238,240,244,250,254,255,262,263,266,268,270,277,278,280,286,287,292,293,294,300,301,307,308,309,314,326,330,334,335,338,340,341,343,347,351,360,361,362,364,365,369,371,372,375,380
OX16,132,154,164,168,172,176,180,181,182,183,185,186,187,203,205,211,212,216,218,220,230,234,240,241,253,255,262,268,277,280,289,294,298,301,308,314,315,326,334,335,340,341,343,347,360,361,362,365,368,369,371,372
OX17,155,160,162,164,167,172,175,176,180,181,183,189,199,200,202,203,206,209,213,218,226,230,233,234,239,241,243,255,263,271,277,278,288,289,292,296,300,309,312,314,324,335,336,364,367,371
OX18,129,146,150,160,167,179,190,193,198,204,207,212,230,232,237,250,259,261,270,272,282,283,305,311,322,323,325,350,353,355,362,378
OX19,111,135,139,164,165,172,176,180,181,183,188,200,203,218,230,234,241,253,255,268,277,314,323,335,371,377
OX20,127,146,150,160,164,165,167,168,172,175,179,183,190,193,198,205,207,212,214,227,232,233,234,237,238,244,249,254,255,259,261,266,268,271,272,277,286,287,293,298,305,307,311,314,315,317,323,325,330,335,338,350,351,353,355,364,365,368,371,375,378,380
OX21,146,150,160,167,179,190,193,198,204,207,212,213,230,237,240,250,259,261,265,272,282,283,297,305,307,311,322,333,337,348,350,353,355,362
OX22,150,160,167,168,190,191,198,199,204,212,230,237,240,243,250,253,261,265,268,272,275,282,283,285,296,297,302,307,318,322,333,336,337,348,350,355,362,364,365,367
OX23,160,164,167,168,172,176,181,183,187,197,198,200,201,203,204,212,213,218,220,234,237,240,241,246,250,253,255,261,265,268,277,282,283,289,297,306,307,314,322,326,333,335,337,348,349,350,355,362,365,369,370,371,375,379
OX24,130,162,164,166,168,172,175,180,183,187,189,191,199,200,202,203,204,206,209,211,212,213,214,218,220,234,235,237,238,239,240,241,246,250,253,255,258,261,268,277,283,287,288,292,297,299,302,307,309,312,314,318,323,325,327,328,333,336,337,339,355,362,365,366,367,370,371,375,376,377,379,383
OX25,164,168,172,175,176,181,183,187,197,198,199,200,201,202,203,204,206,212,213,218,220,226,234,237,239,240,241,243,246,250,253,255,261,265,268,277,282,283,289,297,306,307,314,322,324,326,333,335,336,337,348,349,350,355,362,364,365,369,370,371,375,379
OX26,175,176,180,181,187,200,203,205,218,220,227,233,238,241,254,271,286,289,293,298,307,315,330,364,368,380
OX27,144,154,168,176,177,180,181,186,187,189,199,200,202,203,204,205,206,210,212,216,218,220,222,226,227,230,233,237,238,239,240,241,243,247,250,253,254,261,265,268,271,275,282,283,285,286,289,293,296,297,298,301,310,311,315,316,322,324,325,328,330,333,336,337,343,348,350,352,353,356,362,365,367,368,380,382
OX28,154,168,179,182,186,189,204,210,216,226,228,230,237,240,247,250,253,257,259,265,268,282,283,296,297,301,305,307,310,316,318,320,322,324,325,328,329,333,337,343,348,350,353,356,362,365,367,382
OX29,197,198,199,200,202,203,204,205,206,212,214,218,226,227,230,232,233,237,238,239,241,243,246,250,254,261,270,271,286,287,293,298,306,307,315,323,324,325,326,330,336,349,350,355,368,369,375,378,379,380
OX30,163,168,186,189,200,213,222,253,268,275,296,310,311,316,326,343,356,357,362,365,367,382
OX31,122,147,156,157,162,172,182,183,185,187,199,201,202,203,206,209,211,212,218,219,220,226,228,230,235,238,239,241,242,244,251,254,255,257,265,275,277,283,285,288,292,297,299,309,310,311,312,314,316,317,323,324,325,328,329,333,336,341,342,346,347,348,350,352,356,361,366,371,374,375,376,377,382,383
OX32,165,168,172,180,183,200,201,203,213,214,232,240,241,265,270,277,282,283,287,292,297,307,322,325,333,337,348,354,362,365,366,370,377,378
OX33,168,176,180,181,187,191,200,202,203,204,205,206,212,218,220,227,230,232,233,237,238,239,240,241,250,253,254,261,265,268,270,271,282,283,286,289,293,296,297,298,302,315,322,323,325,330,333,337,348,350,355,362,364,365,367,368,378,380
OX34,182,186,200,204,213,228,230,232,237,240,250,257,265,270,282,283,297,307,316,320,322,323,325,326,329,333,337,343,348,350,352,355,357,378
OX35,157,162,172,173,176,180,181,183,189,199,200,201,202,203,206,209,211,212,213,214,224,230,232,235,237,238,239,241,244,246,261,265,266,268,277,282,287,288,289,296,299,309,312,317,318,322,323,327,328,335,336,338,339,348,351,354,355,376,378,383
OX36,156,162,172,173,176,179,181,183,185,189,198,200,201,202,204,205,206,210,219,224,227,228,233,235,237,238,239,242,243,250,251,257,259,261,264,266,268,269,270,271,277,280,282,283,286,288,289,290,296,297,298,305,306,307,308,309,310,315,316,322,326,329,333,334,335,337,338,341,342,346,347,350,351,353,354,355,356,361,367,368,369,370,372,375,376,379,380,381,382,383
OX37,172,179,183,191,199,202,204,205,206,210,213,214,218,227,233,238,239,250,254,259,271,275,277,285,286,287,292,293,296,298,302,305,307,311,315,318,323,327,330,336,352,353,354,364,366,367,368,375,377,380
OX38,162,173,180,187,189,191,199,200,201,203,205,209,211,214,218,220,224,227,232,233,235,241,246,254,265,270,271,282,286,287,288,292,293,298,302,307,309,312,315,318,322,327,328,330,335,336,339,346,348,350,364,366,367,368,370,376,377,378,380,383
OX39,186,200,204,212,213,230,232,240,250,261,265,270,282,283,297,307,316,320,322,323,325,326,329,333,337,343,348,350,357,378
OX40,211,212,228,237,255,257,261,280,293,314,334,352,355,372
OX41,176,181,187,198,199,200,201,202,203,206,220,226,228,232,233,238,239,240,241,243,246,257,264,269,270,271,280,286,289,290,306,307,308,323,324,325,326,336,339,352,369,370,375,376,378,379
OX42,198,199,200,203,204,205,212,214,218,226,227,228,230,232,233,237,240,241,243,246,250,254,257,261,264,269,270,271,280,286,287,290,293,298,306,308,315,323,324,325,326,330,336,339,350,352,355,368,369,375,376,378,379,380
OX43,180,200,201,203,214,233,241,243,271,282,286,287,322,327,367,370
OX44,173,201,202,204,205,206,212,218,224,227,230,237,238,239,242,246,250,254,261,282,293,298,299,307,315,322,327,330,339,346,350,355,367,368,375,380
OX45,204,212,228,230,237,242,250,257,261,280,282,322,327,350,352,355,367,376
OX46,185,189,191,202,206,209,212,218,219,228,237,238,239,240,242,243,247,254,255,257,280,302,307,308,312,314,316,320,329,330,340,341,347,352,361,364,376,381
OX47,179,199,201,202,205,206,210,212,218,226,227,228,235,237,238,239,242,243,254,255,257,259,261,263,266,268,275,278,280,285,298,299,305,307,311,314,315,324,327,328,330,334,335,336,338,350,353,355,368,372,375,376,377,378,380,383
OX48,202,205,206,214,218,227,228,238,239,242,254,257,280,282,287,293,298,307,315,322,327,330,352,367,368,375,376,380
OX49,189,201,209,213,214,218,226,227,235,243,254,263,266,268,278,282,287,292,293,296,299,312,318,322,323,324,327,328,334,338,354,366,371,372,378,380,381,383
OX50,201,212,214,226,228,235,237,242,243,255,257,261,263,266,268,278,280,282,287,293,299,314,318,322,324,328,334,335,338,350,352,355,367,372,376,377,378,383
OX51,191,199,200,209,212,218,226,227,228,237,240,243,246,254,255,257,261,265,275,280,283,285,292,296,297,302,306,307,310,311,312,314,323,324,325,326,328,333,335,336,337,339,348,350,352,354,355,356,364,366,369,371,376,377,379,380,381,382
OX52,226,243,263,266,268,278,318,324,327,328,335,338,350,377,378,383
OX53,199,266,268,318,327,328,336,338
OX54,200,209,212,213,218,227,228,237,240,243,246,254,255,257,261,263,265,275,278,280,283,285,292,297,306,307,310,311,312,314,323,325,326,327,328,333,337,339,348,352,354,355,356,366,367,369,371,376,378,379,380,381,382,383
OX55,203,205,209,212,213,214,233,237,241,247,255,261,263,265,271,275,278,282,283,285,286,287,292,293,297,298,307,308,310,311,312,314,315,322,323,325,328,330,333,337,340,348,354,356,366,368,371,375,378,381,382,383
OX56,212,228,230,232,237,242,257,261,266,268,270,280,323,327,338,350,352,355,376,377
OX57,205,214,230,243,255,263,265,278,282,287,288,293,298,307,314,315,322,327,330,348,350,354,367,368,371,375,377,378,381,383
OX58,209,218,227,230,232,254,255,270,275,285,292,310,311,312,314,328,335,354,356,366,371,380,381,382
OX59,214,230,232,255,266,268,270,282,287,293,298,314,315,322,323,338,350,367,375,377
OX60,292,323,335,350,354,366,371,377
OX61,213,218,227,230,240,243,254,255,263,265,278,288,307,314,327,337,348,350,354,367,371,377,378,380,381,383
OX62,218,227,228,230,232,240,242,247,254,255,257,265,266,268,270,280,288,307,308,314,323,327,335,338,340,348,352,354,355,371,376,378,380,381
OX63,232,243,263,266,268,270,278,323,327,335,338,350,377,383
OX64,219,227,237,240,247,261,265,288,307,308,335,340,341,347,348,350,354,371,377,378,380,381
OX65,228,240,242,243,247,257,263,265,278,280,307,308,335,340,348,350,352,355,376,377,378,383
Z0,0,72,122,147
Z1,1,131,183,277
Z2,2,13,297,333
Z3,3,25,190,272
Z4,4,30,52,178
Z5,5,197,246,339
Z6,6,28,37,223
Z7,7,106,233,271
Z8,8,143,202,206
Z9,9,42,95,221
Z10,10,96,332,345
Z11,11,162,220,289
Z12,12,97,194,319
Z13,2,88,151,153
Z14,14,175,302,364
Z15,15,83,217,303
Z16,16,64,112,260
Z17,17,73,146,207
Z18,16,18,31,229
Z19,19,99,264,269
Z20,20,71,310,382
Z21,21,120,216,301
Z22,11,22,88,373
Z23,23,60,113,344
Z24,24,80,84,276
Z25,25,83,199,336
Z26,26,144,163,222
Z27,27,118,140,151
Z28,28,29,142,143
Z29,4,29,138,274
Z30,30,148,176,181
Z31,31,43,132,294
Z32,32,155,248,300
Z33,33,154,184,301
Z34,34,209,288,381
Z35,35,218,293,314
Z36,36,135,176,289
Z37,37,136,144,177
Z38,38,180,200,326
Z39,39,137,168,365
Z40,40,182,228,280
Z41,41,222,316,329
Z42,42,56,196,256
Z43,43,102,193,207
Z44,44,122,295,374
Z45,45,177,259,353
Z46,46,47,90,359
Z47,46,186,216,357
Z48,48,189,312,382
Z49,49,274,334,372
Z50,50,148,202,239
Z51,51,55,95,149
Z52,7,52,255,314
Z53,53,132,184,360
Z54,54,164,218,254
Z55,55,115,124,231
Z56,56,134,185,361
Z57,57,238,307,348
Z58,58,104,341,347
Z59,59,116,244,317
Z60,32,60,156,251
Z61,61,154,247,340
Z62,34,62,125,223
Z63,63,195,228,257
Z64,64,201,287,375
Z65,51,65,130,258
Z66,66,101,266,338
Z67,67,87,97,152
Z68,68,156,244,351
Z69,69,92,209,312
Z70,14,70,126,332
Z71,20,121,203,241
Z72,0,93,119,138
Z73,73,166,306,379
Z74,74,91,263,278
Z75,75,219,262,341
Z76,76,116,123,153
Z77,26,77,111,139
Z78,78,105,251,342
Z79,79,163,275,285
Z80,3,24,248,304
Z81,81,189,191,296
Z82,82,205,240,307
Z83,80,157,173,346
Z84,85,108,126,128
Z85,86,103,179,259
Z86,67,117,205,368
Z87,13,89,310,356
Z88,89,170,171,284
Z89,90,135,139,344
Z90,91,105,276,358
Z91,92,272,275,311
Z92,72,305,311,356
Z93,85,94,106,192
Z94,65,113,264,290
Z95,86,96,150,190
Z96,87,98,161,279
Z97,98,165,253,365
Z98,68,99,281,319
Z99,19,74,100,363
Z100,59,66,262,294
Z101,102,323,377,378
Z102,103,166,258,331
Z103,104,131,217,236
Z104,36,78,179,305
Z105,6,38,54,133
Z106,107,224,246,379
Z107,108,168,193,362
Z108,109,199,226,318
Z109,110,253,268,338
Z110,77,212,261,347
Z111,75,112,186,343
Z112,9,27,39,145
Z113,114,137,142,245
Z114,115,237,247,355
Z115,76,227,279,380
Z116,12,242,339,376
Z117,10,118,265,348
Z118,119,213,296,337
Z119,21,41,69,123
Z120,121,157,249,317
Z121,5,63,93,313
Z122,120,198,297,325
Z123,125,160,167,221
Z124,17,70,141,304
Z125,127,214,250,322
Z126,128,194,282,322
Z127,129,213,282,367
Z128,130,175,238,239
Z129,58,211,235,372
Z130,1,18,111,188
Z131,133,141,172,277
Z132,134,269,308,340
Z133,47,187,315,375
Z134,136,140,215,359
Z135,33,114,256,313
Z136,44,320,329,342
Z137,53,110,195,303
Z138,23,124,158,229
Z139,100,101,152,267
Z140,145,326,357,369
Z141,146,210,236,353
Z142,147,235,299,346
Z143,50,81,169,295
Z144,82,149,187,220
Z145,150,198,290,349
Z146,22,117,127,249
Z147,61,285,318,328
Z148,155,292,366,373
Z149,107,158,192,273
Z150,159,162,169,309
Z151,160,265,324,378
Z152,161,293,298,334
Z153,159,271,286,300
Z154,79,210,257,352
Z155,8,40,94,331
Z156,165,204,350,377
Z157,167,206,352,355
Z158,170,201,299,370
Z159,171,306,360,369
Z160,172,174,241,286
Z161,173,224,260,281
Z162,174,178,214,287
Z163,45,180,181,370
Z164,182,212,230,255
Z165,35,183,354,371
Z166,49,185,316,343
Z167,188,232,323,366
Z168,15,71,84,291
Z169,62,109,191,302
Z170,196,208,298,315
Z171,197,225,284,349
Z172,200,203,283,362
Z173,204,208,250,273
Z174,211,280,358,376
Z175,57,129,283,333
Z176,215,288,292,354
Z177,219,227,254,291
Z178,225,240,308,337
Z179,226,267,321,324
Z180,230,231,335,350
Z181,232,270,345,351
Z182,233,243,263,364
Z183,234,268,327,367
Z184,237,261,320,363
Z185,242,243,327,336
Z186,252,330,380,381
Z187,266,270,325,328
Z188,252,278,309,383
Z189,321,335,371,383
Z190,330,361,368,374
OZ0,156,184,186,195,201,227,229,248,251,253,254,258,260,262,264,268,287,290,291,292,294,300,303,306,331,338,341,343,344,360,366,373,375,379
OZ1,184,186,195,201,203,224,227,229,241,249,251,253,254,258,262,268,269,276,281,287,290,291,294,303,305,306,310,311,317,331,338,341,342,343,344,346,360,363,375,379
OZ2,143,202,203,206,212,227,229,231,235,238,240,241,247,249,251,253,254,257,258,260,262,268,274,276,280,281,282,283,284,285,290,291,294,295,296,299,301,303,306,307,310,314,316,317,318,320,328,329,333,335,338,339,341,343,344,348,349,350,356,360,361,363,367,374
OZ3,142,152,153,168,175,176,179,193,195,198,201,203,205,207,208,209,218,220,222,224,227,229,236,238,239,240,241,245,248,249,251,262,263,267,272,274,275,277,279,287,289,292,293,294,297,298,300,301,306,307,309,310,312,313,314,316,319,326,328,329,331,334,338,343,344,345,346,354,358,361,365,368,369,371,372,373,374,377,378,379,381,383
OZ4,193,207,218,227,236,247,253,254,262,268,269,270,277,285,291,293,294,301,303,308,314,316,318,328,338,341,343,345,351,354,360,361,366,371,377,378
OZ5,152,153,176,179,187,198,201,203,209,216,222,224,227,229,241,248,249,251,262,263,267,270,272,275,279,287,289,292,294,297,300,301,309,310,312,315,316,319,328,329,338,344,346,351,358,361,366,368,373,374,381,383
OZ6,176,179,187,201,203,217,224,227,229,241,247,249,251,253,254,258,262,268,276,281,285,287,289,290,294,301,303,305,306,308,310,315,316,317,318,328,331,338,341,342,343,344,346,360,361,363,379,382
OZ7,175,186,187,201,203,205,208,220,224,229,238,239,240,241,249,251,258,269,274,276,281,287,290,298,305,307,310,311,315,317,334,342,343,344,346,363,372,375
OZ8,186,187,194,201,203,205,214,217,220,224,229,241,243,248,251,263,267,268,270,273,274,279,287,291,292,293,300,303,309,310,315,322,325,327,328,336,339,343,344,346,350,351,358,361,365,366,372,373,374,375,376,377,380,381,382,383
OZ9,153,194,198,203,209,214,216,222,224,241,243,244,247,248,250,254,258,260,272,275,276,279,285,290,291,292,297,300,305,306,308,310,312,317,318,322,325,327,328,329,331,336,339,341,342,343,346,351,360,361,363,366,373,376,379,380
OZ10,166,179,192,199,201,209,216,217,221,222,224,229,231,246,248,251,254,259,261,265,273,275,279,284,285,299,303,304,305,308,310,312,318,320,325,328,329,332,333,336,341,342,343,344,345,348,349,355,356,361,369,370,380,382
OZ11,217,228,238,240,246,257,282,283,284,291,295,296,305,307,308,311,320,329,333,339,342,348,349,367,374,382
OZ12,141,168,179,194,199,201,209,210,216,218,221,222,231,254,258,259,261,265,269,270,273,275,277,279,282,284,285,290,291,293,299,303,304,308,310,311,312,314,318,320,322,325,328,329,331,332,333,336,341,343,348,349,351,353,354,355,356,361,362,363,366,369,370,371,377,378,379,380
OZ13,194,214,224,227,228,238,240,243,244,246,247,248,249,250,253,254,257,258,260,262,268,276,282,283,284,285,290,291,292,294,295,296,300,301,303,306,307,316,317,318,320,322,327,328,329,331,333,336,338,341,343,346,348,349,351,360,361,363,366,367,373,374,376,379
OZ14,192,198,201,203,209,214,216,222,224,227,228,229,238,240,241,243,244,248,250,251,253,257,262,268,272,275,279,281,292,294,295,296,299,300,301,303,305,306,307,308,312,316,320,325,327,333,336,338,342,344,348,349,351,356,360,366,367,369,370,373,374,376,379,380
OZ15,203,229,241,246,249,251,258,260,269,276,281,290,305,310,311,317,331,342,344,346,363,379
OZ16,168,179,199,201,209,210,214,216,218,221,222,227,229,231,236,243,244,246,247,249,250,251,253,258,259,260,261,262,265,268,270,273,275,276,277,279,282,284,290,292,293,294,299,300,301,304,306,310,311,312,314,316,317,320,325,327,329,331,332,333,338,339,344,346,348,349,353,354,355,356,360,362,363,369,370,371,373,376,377,378,379,380
OZ17,187,205,220,224,227,244,250,253,254,260,262,263,267,270,273,274,279,281,291,293,294,309,315,325,328,338,341,346,350,358,361,365,372,374,377,380,381,383
OZ18,179,210,212,222,235,257,259,261,275,280,285,291,311,341,352,353,358,372,376,382
OZ19,178,181,189,199,201,209,210,221,222,224,229,231,243,244,246,247,248,250,251,258,259,261,265,268,270,273,275,279,281,282,283,284,286,287,290,291,292,293,299,300,301,303,304,306,314,316,320,325,329,331,332,333,339,341,343,344,348,349,353,354,355,356,360,363,365,367,371,373,376,377,378,379,380,382
OZ20,209,212,216,227,228,235,238,240,246,253,257,261,262,268,272,279,280,282,283,284,291,294,295,296,301,303,305,307,308,312,316,318,320,328,333,338,339,341,342,348,349,358,367,372,374,376,380,382
OZ21,198,199,212,214,221,222,229,231,235,243,244,246,247,249,250,251,257,258,260,265,272,273,275,276,280,282,283,285,290,291,292,300,303,304,311,317,320,327,331,332,333,339,341,344,345,346,348,349,351,352,355,358,363,366,372,373,379,382
OZ22,169,189,199,205,208,216,220,221,224,231,238,239,240,244,246,247,250,254,257,260,261,263,265,268,269,270,271,272,273,274,281,282,283,284,285,286,289,292,293,298,299,300,302,303,306,307,311,312,314,318,325,328,329,331,333,334,339,343,348,349,352,354,355,356,360,365,367,371,372,373,374,376,377,378,379,382
OZ23,199,212,222,235,257,261,272,275,280,285,291,303,311,336,341,352,358,372,376,382
OZ24,212,222,227,228,235,238,240,246,247,253,254,257,261,262,268,269,275,280,282,283,284,285,294,295,296,303,305,307,311,316,320,329,333,338,339,342,343,348,349,358,361,367,372,374,376,382
OZ25,189,216,221,224,227,229,231,238,239,240,248,251,253,258,261,262,265,267,268,269,274,279,282,283,284,285,290,291,292,294,299,300,302,305,306,307,308,311,312,314,316,318,329,333,336,338,339,341,342,344,346,348,349,350,354,355,356,358,360,363,367,371,372,373,376,378,380,381,382,383
OZ26,227,228,238,240,246,247,253,254,257,258,262,268,282,283,284,285,290,291,294,295,296,301,303,306,307,316,318,320,328,329,331,333,338,339,341,343,348,349,360,361,363,367,374,379
OZ27,224,244,248,260,276,281,292,300,346,351,366,373
OZ28,201,206,221,223,258,265,284,288,290,292,299,300,301,304,310,325,331,332,333,345,348,349,352,354,355,356,369,370,373,379
OZ29,229,244,246,251,258,260,269,271,276,281,286,290,292,300,309,320,329,331,344,346,351,363,366,373,374,379
OZ30,216,222,275,301,316,318,328,329
OZ31,206,214,218,221,223,236,238,239,240,243,246,247,249,250,254,265,267,268,270,273,274,277,279,281,283,284,285,288,293,299,302,303,306,307,308,316,317,318,320,326,329,331,333,343,345,346,348,349,350,351,352,354,355,356,358,360,362,363,365,366,369,372,377,379,380,381,382,383
OZ32,218,236,248,263,267,268,276,277,292,293,300,303,309,314,325,328,345,354,358,361,365,368,371,373,374,377,378,380,381,383
OZ33,221,222,231,238,239,240,246,247,248,254,258,261,263,265,270,271,274,275,276,279,282,283,284,286,290,299,302,307,314,316,318,320,325,327,328,329,333,336,339,343,346,348,349,350,351,354,355,356,363,366,368,371,372,376,378,382
OZ34,228,238,240,246,248,254,257,263,267,268,276,282,283,284,292,293,295,296,300,303,305,307,308,309,311,314,320,325,328,329,333,339,342,345,348,349,354,358,361,365,367,368,371,373,377,378,380,381,382,383
OZ35,244,246,258,269,271,281,286,290,292,300,309,320,329,331,351,363,366,373,374,379
OZ36,181,208,210,238,239,240,243,250,254,257,259,263,270,271,273,279,283,285,286,298,301,302,304,306,307,310,314,318,326,328,331,332,334,345,350,351,352,353,354,360,362,366,368,370,371,378,379,382
OZ37,208,214,243,246,248,249,257,263,267,268,269,270,271,274,276,279,281,283,284,285,286,291,292,293,295,296,298,299,300,301,303,304,314,317,318,320,325,326,327,329,332,333,334,335,336,341,346,348,349,351,352,356,362,363,365,366,367,369,372,373,374,377,380,381,382,383
OZ38,238,239,240,248,250,254,257,267,268,269,273,274,276,284,285,287,291,292,293,295,296,299,300,301,302,303,307,310,318,320,325,327,329,331,333,335,336,341,345,346,348,349,350,352,354,356,363,365,367,368,369,370,371,372,373,374,377,378,379,380,381,383
OZ39,248,254,257,258,263,267,268,269,276,285,290,292,293,300,301,303,305,306,309,311,314,318,325,331,342,345,352,354,358,360,361,363,365,368,371,373,374,377,378,379,380,381,382,383
OZ40,243,247,257,263,267,268,270,279,283,284,291,292,293,295,296,300,303,304,305,306,308,309,311,314,316,325,326,327,328,332,333,335,336,341,342,343,348,349,351,352,360,361,362,363,365,366,367,369,373,377,380,381,382,383
OZ41,222,231,235,247,261,269,274,275,285,291,299,308,314,316,335,341,343,346,350,356,361,382
OZ42,247,258,285,290,301,306,308,318,320,328,329,331,360,361,363,379
OZ43,231,235,261,274,291,299,314,316,329,335,341,343,346,350,356,382
OZ44,254,258,269,271,272,279,286,290,291,292,300,301,305,306,309,316,318,328,331,341,342,343,354,360,363,373,374,379,380,381
OZ45,258,268,269,270,271,272,279,286,290,291,292,293,295,296,300,301,306,309,311,314,316,318,320,327,328,329,331,341,343,345,351,360,363,365,366,367,371,373,377,378,379,380,381,382
OZ46,214,239,246,249,250,263,269,273,274,281,282,283,291,299,302,305,308,309,310,311,314,317,327,331,335,336,341,342,346,350,356,358,361,363,372,374,379,382
OZ47,239,250,263,268,270,271,272,273,274,279,282,283,284,286,287,292,293,295,296,299,300,301,302,305,308,310,316,318,320,328,329,331,335,336,342,343,345,346,349,350,351,356,358,361,365,366,367,369,370,371,372,373,374,377,378,379,380,381
OZ48,267,268,270,279,291,292,293,295,296,300,304,310,314,316,325,327,328,332,333,335,341,343,348,351,365,366,367,373,374,377,380,381,382,383
OZ49,268,269,270,271,272,279,284,286,291,292,293,295,296,300,301,306,309,311,314,316,318,320,327,328,329,341,343,345,349,351,360,363,365,366,367,371,373,377,378,380,381,382
OZ50,257,263,270,272,285,292,295,296,299,300,303,304,305,309,310,320,327,329,332,333,335,342,345,346,348,351,352,356,358,361,366,367,368,371,373,378,380,381
OZ51,250,269,270,272,273,274,282,283,287,291,292,295,296,300,301,304,308,311,314,318,320,328,329,332,333,341,345,348,350,351,363,366,367,368,369,370,371,372,373,374,378,380,381,382
OZ52,269,283,284,305,306,310,311,326,342,349,360,362,363,369
OZ53,246,270,271,272,274,279,283,284,286,292,293,299,300,301,305,308,309,310,316,318,320,326,328,329,335,339,342,343,345,346,349,351,356,358,361,362,366,369,371,372,373,374,376,378,380,381
OZ54,271,282,284,286,295,296,304,305,306,308,309,310,311,320,326,329,332,333,342,348,349,360,361,362,367,369
OZ55,272,283,301,310,311,318,326,328,362,369
OZ56,235,299,305,311,316,320,329,342,343,346,356,372
OZ57,270,274,279,282,284,291,292,293,295,296,300,304,306,308,310,326,332,333,335,341,345,348,349,351,360,361,362,366,367,369,371,372,373,374,378,380,381,382
OZ58,282,283,295,296,305,310,311,320,329,342,367,374
OZ59,274,279,293,316,343,361,368,372
OZ60,283,284,291,292,300,304,305,306,308,311,316,320,326,329,332,333,341,342,343,348,349,354,360,362,368,369,373,380,381,382
OZ61,291,305,311,316,320,329,341,342,343,382
OZ62,263,284,299,301,305,306,308,309,311,320,325,329,335,342,345,346,349,356,358,360,368,371,374,378,380,381
OZ63,292,300,304,305,310,311,320,329,332,333,342,348,354,361,368,373,380,381
OZ64,284,301,306,308,325,335,345,349,360,368,371,378,380,381
OZ65,279,293,314,371,380,381
