X0,0,70,119,144,190,367
X1,1,95,130,196,203,221
X2,2,122,127,199,203,316
X3,3,15,59,87,294,356
X4,4,217,262,267,295,318
X5,5,41,61,185,296,362
X6,6,44,57,182,297,363
X7,7,218,253,266,298,319
X8,8,33,60,189,247,349
X9,9,80,96,253,315,356
X10,10,245,271,289,324,359
X11,11,82,131,237,255,362
X12,12,39,129,235,256,363
X13,13,64,244,272,291,358
X14,14,63,106,285,306,368
X15,3,41,148,244,335,357
X16,16,88,120,261,357,364
X17,17,50,252,300,342,346
X18,18,47,249,299,343,345
X19,19,91,123,248,355,365
X20,20,21,69,179,193,265
X21,20,32,197,321,373,380
X22,22,42,98,144,233,336
X23,23,45,137,179,370,377
X24,24,72,108,178,371,376
X25,11,25,73,152,310,342
X26,26,175,180,217,238,376
X27,27,101,150,212,213,275
X28,28,136,148,274,288,346
X29,29,134,146,187,326,366
X30,30,103,149,277,290,345
X31,19,31,32,64,188,382
X32,33,66,137,186,195,279
X33,34,56,145,188,243,348
X34,16,35,36,189,324,383
X35,36,142,186,322,374,381
X36,37,174,177,218,240,377
X37,38,97,147,214,215,276
X38,12,22,71,143,311,343
X39,40,125,195,250,327,361
X40,5,14,83,87,258,360
X41,42,115,184,199,200,268
X42,43,116,171,172,183,265
X43,44,94,149,245,338,355
X44,45,134,135,200,221,378
X45,46,159,160,231,248,328
X46,18,90,122,160,223,260
X47,39,48,83,96,238,242
X48,49,74,82,100,240,246
X49,17,89,121,157,216,233
X50,51,109,182,230,291,374
X51,52,105,151,286,305,344
X52,53,99,154,204,211,264
X53,54,101,138,260,339,366
X54,55,98,153,201,239,273
X55,34,67,108,156,197,282
X56,57,77,120,125,201,380
X57,58,94,133,155,313,354
X58,40,59,88,212,243,307
X59,8,23,93,164,194,318
X60,61,75,123,128,204,381
X61,62,112,185,229,289,373
X62,63,104,147,288,313,369
X63,13,102,209,257,266,320
X64,0,65,143,225,246,368
X65,51,66,175,241,258,301
X66,62,67,174,259,263,304
X67,29,68,152,224,242,344
X68,69,109,110,177,256,257
X69,70,78,105,211,276,327
X70,48,187,227,234,250,370
X71,72,119,124,172,220,379
X72,73,153,274,297,303,306
X73,49,141,190,226,251,371
X74,75,191,231,234,235,336
X75,76,121,126,171,202,325
X76,77,140,141,193,237,337
X77,78,124,166,169,207,279
X78,46,79,131,209,299,335
X79,80,129,205,300,329,338
X80,81,135,161,170,208,282
X81,25,43,99,146,223,337
X82,71,154,277,296,302,305
X83,55,84,89,103,213,365
X84,53,85,90,136,214,364
X85,86,128,156,251,331,360
X86,35,76,192,236,320,330
X87,50,92,219,283,316,341
X88,85,127,198,210,353,383
X89,58,86,91,215,247,308
X90,84,126,168,206,350,382
X91,54,93,132,181,202,220
X92,6,74,133,151,259,361
X93,1,97,139,216,334,367
X94,9,138,225,249,309,369
X95,24,95,145,165,192,319
X96,10,92,205,254,267,317
X97,47,102,222,293,325,340
X98,79,100,163,262,314,354
X99,27,56,132,169,210,351
X100,30,281,332,340,353,359
X101,104,162,232,281,287,351
X102,37,65,114,176,375,378
X103,81,106,239,275,326,331
X104,107,167,228,280,284,352
X105,2,21,31,194,317,328
X106,110,173,183,219,270,311
X107,111,176,184,222,269,310
X108,111,112,180,254,255,323
X109,113,229,270,278,302,333
X110,114,166,241,278,284,285
X111,113,115,198,207,273,321
X112,116,117,168,208,264,322
X113,117,230,269,292,303,332
X114,118,161,263,286,287,292
X115,52,107,150,290,294,347
X116,38,60,130,170,206,352
X117,26,68,118,173,372,379
X118,28,280,333,341,350,358
X119,139,163,224,252,312,347
X120,140,157,158,261,329,330
X121,142,178,191,236,268,323
X122,15,228,271,298,304,349
X123,158,164,226,308,315,339
X124,159,165,227,307,314,334
X125,7,162,196,283,309,372
X126,4,167,181,293,312,375
OX0,102,135,146,148,152,154,161,177,180,182,183,186,187,188,189,193,195,197,200,204,206,208,209,211,214,217,219,221,224,238,241,242,244,256,258,263,265,266,269,270,272,274,279,280,286,287,288,301,303,311,320,321,322,324,326,332,333,341,344,346,364,366,370,372,373,374,376,377,378,379,380,383
OX1,148,149,153,154,201,204,206,207,208,210,211,213,214,229,230,239,269,270,274,277,278,280,281,288,290,292,302,303,321,322,340,341,345,346,358,359,364,365,382,383
OX2,121,122,126,127,138,141,143,144,147,149,151,154,156,157,163,165,170,171,172,177,180,182,184,186,188,189,190,193,196,197,199,201,207,208,210,212,213,215,216,217,218,221,222,224,225,226,228,229,230,231,234,235,237,240,241,243,244,245,246,247,248,252,254,255,259,260,262,263,267,268,274,275,278,279,282,285,286,288,289,290,292,293,294,295,296,297,303,304,305,308,310,315,316,317,319,320,325,327,328,329,332,333,334,335,336,337,338,341,344,346,348,349,351,358,362,363,365,366,368,371,373,374,376,377,378,379,380,382
OX3,123,128,135,141,143,144,147,161,164,168,170,171,178,182,184,185,186,187,189,192,193,196,198,199,200,201,202,205,210,211,214,216,218,219,226,227,230,231,232,237,238,239,242,244,245,250,252,253,254,256,258,266,267,269,271,274,275,277,280,281,282,285,287,289,292,297,298,300,302,303,305,306,308,309,311,313,315,316,317,319,320,323,325,326,329,331,332,333,335,337,339,342,343,350,351,353,358,359,360,362,368,369,370,372,374,380
OX4,135,141,143,144,147,156,160,161,163,164,165,168,170,171,178,182,184,186,187,189,191,192,193,196,198,199,200,201,202,204,205,209,210,211,214,215,216,218,219,226,230,231,234,235,237,238,239,242,244,245,247,248,250,251,252,253,254,256,258,262,266,267,269,271,272,274,275,277,280,281,282,285,287,289,292,295,296,297,298,299,300,301,302,303,305,306,307,309,311,315,316,317,319,320,323,325,326,328,329,332,333,334,336,337,339,342,343,348,350,351,353,358,359,368,369,370,372,374,380,381
OX5,138,141,151,182,190,193,195,201,205,212,225,226,228,237,240,243,246,249,250,251,253,259,271,294,297,298,300,304,307,309,315,327,329,337,338,349,363,369,371,380
OX6,122,127,146,152,153,160,168,171,172,183,185,186,188,189,193,197,198,204,206,209,210,222,244,249,255,257,260,265,266,272,274,291,293,296,297,299,303,306,310,320,321,322,324,325,340,342,343,345,350,353,358,373,374,380
OX7,147,160,163,165,185,186,189,198,199,203,204,209,210,219,227,231,232,248,262,272,274,283,288,295,296,299,301,307,313,322,324,328,334,335,341,346,348,353,362,374
OX8,143,144,146,149,150,151,152,153,156,164,170,177,178,180,183,184,185,186,189,190,191,192,193,196,203,205,206,207,210,211,212,213,214,215,216,217,218,219,221,222,224,227,229,232,234,235,240,241,243,244,245,246,247,252,253,254,257,259,263,265,266,267,269,271,275,277,278,279,280,282,283,285,286,288,289,291,293,297,298,300,301,303,305,306,307,309,313,315,316,317,319,320,321,322,323,325,327,329,335,336,339,341,342,343,344,346,351,358,362,365,366,368,369,371,374,376,377,378,379,380,381,382
OX9,149,153,161,170,174,176,180,184,186,188,189,196,197,201,203,204,207,208,210,213,218,221,225,239,244,253,254,255,257,259,263,269,270,272,277,278,281,289,290,291,293,296,298,302,304,309,310,319,320,321,322,323,324,325,332,333,335,343,358,359,362,365,369,373,374,382
OX10,141,164,182,193,201,205,226,237,297,300,308,315,329,337,338,339,363,380
OX11,146,152,153,168,171,172,183,188,193,197,206,222,244,249,255,257,260,265,266,272,274,291,293,297,303,306,310,320,321,325,335,340,342,343,345,350,358,362,373,380
OX12,108,145,150,151,153,154,156,163,164,165,166,170,174,176,178,180,181,182,184,185,192,196,203,204,205,208,212,215,218,221,222,224,227,230,232,234,235,239,243,247,249,255,257,259,260,262,263,267,268,270,275,278,279,281,282,284,286,290,291,292,293,295,297,300,301,302,303,305,307,310,313,315,318,319,322,327,329,334,336,338,339,340,341,342,343,344,345,346,351,363,366,375
OX13,153,154,160,168,171,178,192,198,199,201,202,203,204,207,208,209,211,213,214,217,219,224,229,230,231,234,235,239,244,248,254,262,268,269,270,271,274,277,278,280,281,283,288,289,290,292,295,299,302,303,312,320,321,322,323,324,325,328,336,340,342,345,347,350,353,358
OX14,154,160,164,169,170,178,181,185,191,192,196,198,199,202,205,208,209,211,212,213,215,216,217,218,220,221,227,228,230,231,232,243,245,247,248,249,252,254,257,260,268,269,275,276,277,280,289,290,291,292,294,296,299,300,301,303,304,307,313,315,316,317,318,319,322,323,328,329,332,333,335,339,341,342,343,346,351,352,353,359,362,366,367,381
OX15,150,151,161,164,168,171,174,176,180,182,184,185,190,195,201,202,205,208,212,229,240,243,246,250,251,254,255,263,269,277,289,290,293,297,300,304,307,308,310,315,321,323,327,329,338,339,340,345,363,371
OX16,160,166,169,170,173,174,176,177,178,181,182,183,185,190,191,192,193,196,198,199,201,202,208,209,211,212,213,215,216,217,219,220,221,225,227,228,230,231,232,240,241,243,245,246,247,248,249,251,252,254,257,260,265,268,269,270,275,276,278,280,284,285,289,290,291,292,294,297,299,301,302,303,304,305,307,308,313,316,317,318,319,322,323,328,332,333,335,338,341,342,346,351,352,353,359,362,363,366,367,368,371,375,377,378,380,381
OX17,161,168,171,172,174,176,180,183,184,185,193,208,222,229,254,255,259,263,265,269,289,304,310,321,323,380
OX18,156,164,168,169,171,173,175,180,181,186,189,191,196,198,199,201,203,205,207,208,210,212,214,216,217,218,220,225,227,228,229,234,235,243,244,245,251,252,255,257,258,262,263,270,271,274,276,278,282,283,285,286,288,291,292,294,295,297,300,301,302,303,304,307,308,310,312,315,316,317,318,319,320,321,322,325,329,332,333,335,336,339,340,342,343,344,345,347,350,352,353,358,359,362,367,368,374,376,379,381
OX19,164,166,168,169,170,171,175,177,182,184,186,189,190,198,199,205,207,210,211,212,216,220,221,222,224,227,228,230,234,235,240,241,243,246,251,252,257,258,259,268,276,277,280,284,286,291,294,300,301,305,307,308,315,324,329,336,338,339,340,344,345,352,353,363,367,371,374,375,377,378
OX20,184,186,189,191,198,199,200,210,268,322,324,353,374,381
OX21,166,169,170,173,175,177,179,181,182,183,185,188,193,194,196,197,202,203,204,206,207,218,219,220,221,222,225,230,241,244,253,256,258,265,270,272,293,296,298,301,309,311,318,319,320,321,322,325,335,340,343,345,350,358,362,369,373,380
OX22,173,174,175,176,178,181,182,183,186,188,189,192,193,196,197,200,203,204,206,207,208,210,212,214,216,217,227,228,234,235,243,245,252,253,254,258,259,262,265,268,269,270,271,272,274,276,278,283,285,286,288,289,292,293,294,295,296,298,301,302,303,307,309,312,316,317,318,319,321,322,323,332,333,336,338,342,344,347,352,353,359,363,367,368,369,373,374,380
OX23,169,175,176,177,178,179,181,183,185,186,187,189,190,191,192,193,194,195,196,200,201,202,203,204,210,211,212,215,216,219,220,224,225,227,228,230,232,234,235,238,239,240,241,242,243,246,247,249,251,252,255,257,259,260,265,269,274,275,276,277,279,280,281,284,285,286,287,291,294,296,297,301,305,306,307,308,310,313,318,319,324,336,340,341,344,345,346,351,352,353,366,367,368,370,371,372,374,375,376,379,380,381
OX24,170,172,175,176,177,178,179,181,187,188,190,191,192,194,195,197,200,201,202,206,211,212,215,216,218,219,221,222,224,227,228,230,232,234,235,238,239,240,241,242,243,244,246,247,249,251,252,253,255,259,260,269,272,274,275,276,277,279,280,281,284,285,286,287,293,294,297,298,301,305,306,307,308,309,310,313,318,320,321,322,325,335,336,341,343,344,346,350,351,352,358,362,366,367,368,369,370,371,372,373,375,376,379,381
OX25,168,171,172,183,185,186,188,189,193,196,197,198,199,203,204,206,210,218,222,225,244,253,257,265,272,291,293,296,298,309,319,320,321,322,324,325,335,340,343,345,350,353,358,362,369,373,374,380
OX26,172,175,176,177,178,179,181,186,187,188,189,190,191,192,194,195,197,198,199,200,201,202,206,208,210,211,212,215,216,218,219,222,224,227,228,232,234,235,238,239,240,241,242,243,244,246,247,249,251,252,253,255,259,260,272,274,275,276,277,279,280,281,284,285,286,287,292,293,294,297,298,301,303,305,306,307,308,309,310,313,318,320,321,322,324,325,332,335,336,341,343,344,346,350,351,352,353,358,362,366,367,368,369,370,371,372,373,374,375,376,379,381
OX27,151,163,165,174,176,177,178,179,181,192,194,196,200,203,204,206,207,208,210,211,214,219,222,224,227,230,234,235,241,245,253,254,256,257,259,267,268,269,271,272,274,277,278,279,280,283,284,285,288,289,291,292,293,296,298,302,303,305,307,309,311,312,316,317,318,319,322,323,324,327,332,333,334,336,338,340,342,345,347,348,351,359,363,368,369,375
OX28,174,175,176,178,179,181,182,190,192,194,196,198,199,203,204,207,211,212,213,215,216,217,222,225,227,228,230,232,234,235,240,243,246,247,249,251,252,254,256,258,260,268,275,276,278,280,281,284,285,289,290,293,294,296,302,304,305,307,308,311,313,318,319,322,323,332,333,336,341,342,346,351,352,366,367,368,371,375,377,378
OX29,178,181,182,188,191,192,196,197,201,206,208,217,218,222,224,225,230,245,253,254,257,262,268,269,271,272,280,289,291,292,293,295,297,298,303,309,312,316,317,318,319,321,322,323,324,332,333,338,340,341,342,343,345,346,347,359,363,369,373,381
OX30,176,179,181,182,183,186,187,189,190,191,193,194,196,198,199,201,203,210,211,212,214,215,224,225,228,232,238,239,240,242,243,244,245,246,247,249,250,251,254,255,258,259,260,265,267,268,269,271,275,277,281,283,284,285,286,287,288,289,294,297,305,306,307,308,310,313,316,317,318,319,320,322,323,325,333,335,338,340,341,342,344,345,346,350,351,352,353,358,359,362,363,366,368,370,371,372,374,375,376,377,378,379,380,381
OX31,175,177,185,188,191,195,196,197,200,201,203,204,206,208,218,222,225,227,234,235,241,244,250,253,258,269,272,279,292,293,296,297,298,301,303,309,319,320,321,325,332,335,336,340,343,345,350,358,362,369,373,377,378,381
OX32,177,179,180,181,185,187,188,190,191,194,195,196,197,201,204,206,208,211,213,214,215,219,222,224,225,232,238,240,241,242,244,246,247,249,251,253,254,257,258,259,260,268,269,272,274,275,279,281,283,284,286,288,289,290,291,292,296,297,298,303,304,305,308,309,313,318,319,320,321,323,325,333,335,342,344,350,351,358,362,366,369,370,371,373,375,381
OX33,179,181,183,185,186,187,188,189,190,193,194,195,197,200,203,206,207,208,210,212,215,218,219,222,224,225,227,228,230,232,234,235,238,239,240,241,242,243,245,246,247,249,251,253,254,255,256,257,258,259,260,265,267,268,271,272,274,275,278,279,281,286,287,289,291,292,293,294,298,302,303,306,307,308,309,310,311,313,316,317,318,321,323,332,333,336,338,342,344,351,352,353,359,363,366,369,370,371,372,373,374,376,377,378,379,380
OX34,182,186,188,189,191,195,196,197,201,204,206,207,208,210,211,214,218,219,227,230,234,235,241,244,250,253,255,256,257,272,274,277,278,279,283,284,285,288,291,292,293,296,297,298,302,303,305,309,310,311,319,320,321,324,325,332,335,336,340,341,345,346,350,353,358,362,368,369,373,374,375,381
OX35,163,165,181,185,186,189,196,198,199,203,204,210,212,213,217,218,228,243,244,249,257,260,262,267,271,272,275,277,290,291,294,295,296,304,318,319,320,322,325,334,335,343,348,350,351,352,358,362,366,374
OX36,185,186,189,195,198,199,203,206,207,208,211,212,213,216,217,222,224,228,230,241,243,245,249,250,252,253,255,256,260,262,267,271,275,276,278,279,281,284,285,290,292,294,295,298,302,303,304,305,307,309,310,311,312,316,317,338,340,343,345,347,352,353,359,363,366,367,368,369,374,375
OX37,186,189,195,198,199,203,204,207,211,212,213,216,217,224,228,241,243,245,249,250,252,253,256,260,262,267,271,275,276,278,279,280,281,285,290,294,295,296,298,302,304,305,307,309,311,312,316,317,322,332,338,340,343,345,347,352,353,359,363,366,367,368,369,374
OX38,180,191,198,199,203,204,207,267,268,270,278,296,302,316,317,323,333,381
OX39,181,183,188,190,191,193,195,196,197,198,199,203,204,207,211,212,214,215,218,222,228,232,239,240,241,243,244,246,247,249,250,251,253,255,259,260,262,265,266,268,269,270,272,275,277,278,279,281,283,285,286,287,288,293,294,295,296,298,301,302,305,306,307,308,309,310,312,313,316,317,318,319,321,323,333,335,343,344,347,350,351,352,358,362,366,368,369,371,372,373,376,379,380,381
OX40,183,188,190,193,195,196,197,204,206,207,208,210,211,213,215,216,217,218,219,224,225,227,230,232,234,235,239,240,241,244,246,247,250,251,252,255,259,265,266,267,268,270,271,272,274,276,278,279,281,285,286,287,290,292,296,301,302,303,304,305,306,308,310,313,316,317,319,321,322,323,324,332,333,335,336,340,341,343,344,345,346,350,351,353,358,362,367,368,371,372,373,376,379,380
OX41,187,190,191,198,199,203,206,208,210,213,215,218,219,224,225,227,230,232,234,235,238,240,242,246,247,249,250,251,254,258,259,260,266,267,269,275,277,280,284,285,286,287,289,290,292,293,303,304,308,313,316,317,320,322,325,336,340,341,342,344,345,346,351,366,368,370,371,372,375,381
OX42,191,206,208,212,213,214,216,217,224,225,227,228,230,234,235,243,245,249,252,253,256,260,262,267,269,270,271,274,275,276,277,283,287,288,290,292,294,295,298,303,304,307,309,311,312,316,317,322,324,336,338,340,341,345,346,347,352,359,363,366,367,369,372,381
OX43,195,196,204,206,207,208,210,211,212,213,216,228,230,241,243,244,245,249,250,252,253,254,255,256,260,267,275,276,278,279,280,284,285,289,290,292,293,294,296,298,302,303,304,305,307,309,310,311,316,317,319,320,322,325,332,333,335,338,340,341,342,343,345,346,350,352,353,358,359,362,363,366,367,368,369,375
OX44,190,213,214,215,216,217,219,224,225,232,239,240,246,247,251,252,253,257,259,266,267,271,276,277,283,284,286,288,290,291,293,298,301,304,306,308,309,313,316,317,320,324,325,333,343,344,351,353,367,369,371,375
OX45,188,196,197,198,199,203,207,218,225,229,244,253,255,257,269,270,272,278,280,284,291,293,298,302,309,310,319,320,325,333,335,340,343,345,350,358,362,369,373,375
OX46,198,199,203,210,211,214,217,218,222,224,225,239,245,249,253,254,256,260,262,266,270,271,275,277,281,283,287,288,289,293,295,298,305,306,309,311,312,320,324,325,338,340,341,342,345,346,347,359,363,366,369,372
OX47,204,206,207,208,210,211,213,214,217,230,239,244,245,255,256,257,266,267,278,283,284,287,288,290,291,292,293,296,301,302,303,305,306,310,311,316,317,320,322,325,335,338,350,353,358,359,362,363,372,375
OX48,196,211,214,217,222,224,239,244,245,249,254,255,256,257,260,262,266,269,270,271,272,275,277,280,281,283,284,287,288,289,291,295,305,306,310,311,312,319,324,335,338,341,342,343,346,347,348,350,351,358,359,362,363,366,372,375
OX49,211,216,217,219,224,239,249,252,260,262,267,274,275,276,277,283,295,305,306,312,316,317,341,343,346,347,366,367
OX50,217,218,219,222,224,225,253,262,266,267,283,293,295,298,309,312,316,317,320,325,340,341,342,343,345,346,347,369
OX51,219,222,254,257,266,267,271,272,280,281,283,289,291,293,316,317,320,325,332,333,348,349,351,352
OX52,214,216,218,222,225,252,253,266,274,276,288,293,298,309,320,325,340,342,343,345,367,369
OX53,207,210,213,218,222,224,225,239,253,254,262,266,267,271,272,274,277,278,280,283,287,289,290,293,295,298,301,306,309,312,316,317,320,325,332,342,343,347,348,349,351,352,369,372
OX54,201,224,229,254,257,262,266,267,269,270,271,280,283,284,287,289,291,293,295,297,301,302,303,312,316,317,320,321,325,332,341,342,346,347,349,352,372,375
OX55,225,244,253,255,257,266,269,271,272,280,284,291,293,298,304,309,310,320,324,325,335,340,343,345,348,350,351,353,358,362,369,375
OX56,213,218,224,245,249,254,256,257,260,262,267,270,275,277,281,283,287,289,290,291,295,301,304,311,312,316,317,338,341,342,343,346,347,353,359,363,366,372
OX57,206,208,222,224,239,244,245,249,254,255,256,257,260,262,266,267,269,270,271,274,275,280,281,283,287,289,291,292,293,295,301,306,310,311,312,316,317,320,325,332,333,335,338,340,342,343,345,347,349,350,352,353,358,359,362,363,366,372
OX58,218,222,224,244,255,257,262,269,271,284,291,295,301,304,310,312,333,335,341,342,346,347,349,350,352,358,362,375
OX59,222,244,245,254,255,256,267,269,270,271,281,283,284,287,289,310,311,316,317,333,335,338,349,350,352,353,358,359,362,363,372,375
OX60,245,254,256,267,270,271,280,281,283,287,289,311,316,317,333,338,349,352,353,359,363,372
OX61,224,244,255,257,262,266,269,281,284,291,293,295,301,310,312,320,324,325,332,333,335,341,342,346,347,349,350,352,353,358,362,375
OX62,244,255,257,266,269,272,280,281,284,291,293,310,320,325,332,335,348,350,351,358,362,375
OX63,254,267,271,281,283,287,289,316,317,324,353,372
OX64,257,266,272,280,284,291,293,320,324,325,348,349,351,352,353,375
OX65,239,249,260,274,275,280,281,306,324,332,333,340,341,343,345,346,349,352,353,366
Z0,0,22,143,144
Z1,1,38,97,130
Z2,2,92,316,317
Z3,3,59,88,357
Z4,4,93,181,318
Z5,5,61,128,360
Z6,6,57,125,361
Z7,7,95,196,319
Z8,8,23,33,137
Z9,9,138,315,339
Z10,10,112,254,289
Z11,11,25,237,337
Z12,12,110,256,311
Z13,13,109,257,291
Z14,14,106,331,360
Z15,15,107,228,294
Z16,16,85,364,383
Z17,17,139,216,252
Z18,18,138,249,260
Z19,19,84,365,382
Z20,20,77,193,380
Z21,20,21,31,32
Z22,0,49,190,246
Z23,8,164,247,308
Z24,24,34,108,145
Z25,25,29,146,152
Z26,26,68,238,242
Z27,27,54,101,132
Z28,28,50,341,346
Z29,29,48,187,242
Z30,30,149,245,359
Z31,19,31,248,328
Z32,21,23,179,194
Z33,32,34,188,197
Z34,24,178,192,236
Z35,35,36,142,236
Z36,16,35,261,330
Z37,37,65,240,246
Z38,38,60,215,247
Z39,39,80,96,129
Z40,40,227,250,307
Z41,41,131,335,362
Z42,42,191,268,336
Z43,43,193,265,337
Z44,44,129,338,363
Z45,45,134,187,370
Z46,18,46,160,299
Z47,47,102,209,299
Z48,39,48,234,235
Z49,12,22,235,336
Z50,28,148,244,358
Z51,51,66,186,374
Z52,52,224,344,347
Z53,53,90,99,223
Z54,27,56,212,243
Z55,55,89,98,233
Z56,56,232,348,351
Z57,57,153,201,297
Z58,58,147,215,313
Z59,59,150,212,294
Z60,60,228,349,352
Z61,61,154,204,296
Z62,62,67,197,373
Z63,63,225,368,369
Z64,64,350,358,382
Z65,65,114,285,368
Z66,66,166,241,279
Z67,67,161,263,282
Z68,68,118,286,344
Z69,69,177,179,377
Z70,70,78,119,124
Z71,71,277,343,345
Z72,72,119,190,371
Z73,73,274,342,346
Z74,74,174,240,259
Z75,75,142,191,381
Z76,76,102,320,325
Z77,77,120,140,261
Z78,78,195,279,327
Z79,79,82,100,131
Z80,11,111,255,310
Z81,81,134,135,326
Z82,49,82,141,237
Z83,83,175,238,258
Z84,84,89,121,126
Z85,85,90,122,127
Z86,86,226,251,308
Z87,83,87,96,356
Z88,3,5,41,87
Z89,55,213,239,275
Z90,53,211,214,276
Z91,58,91,94,355
Z92,50,92,205,300
Z93,4,163,262,312
Z94,6,44,94,133
Z95,7,9,253,309
Z96,80,158,315,329
Z97,70,97,276,367
Z98,42,98,115,273
Z99,43,99,116,264
Z100,46,79,159,314
Z101,101,275,326,366
Z102,30,47,340,345
Z103,103,149,355,365
Z104,104,155,232,313
Z105,105,151,327,361
Z106,106,153,239,306
Z107,107,167,312,347
Z108,108,156,251,371
Z109,109,182,256,363
Z110,74,100,133,354
Z111,111,184,268,323
Z112,112,185,255,362
Z113,113,229,321,373
Z114,114,167,284,375
Z115,115,127,198,199
Z116,116,126,168,171
Z117,117,230,322,374
Z118,118,162,287,372
Z119,1,95,165,334
Z120,33,36,186,189
Z121,76,121,157,330
Z122,2,122,160,328
Z123,75,123,231,248
Z124,124,132,169,220
Z125,40,88,120,125
Z126,130,135,170,221
Z127,69,110,183,265
Z128,54,93,164,339
Z129,81,156,282,331
Z130,37,45,377,378
Z131,136,148,357,364
Z132,137,195,250,370
Z133,26,72,376,379
Z134,139,163,314,334
Z135,140,141,158,226
Z136,143,225,249,343
Z137,144,216,233,367
Z138,145,165,243,307
Z139,146,223,260,366
Z140,136,147,214,288
Z141,103,150,213,290
Z142,105,154,211,305
Z143,152,224,252,342
Z144,14,241,258,285
Z145,151,259,263,286
Z146,104,162,309,369
Z147,17,157,300,329
Z148,159,227,231,234
Z149,117,161,208,292
Z150,155,262,295,354
Z151,113,166,207,278
Z152,15,253,298,356
Z153,168,170,206,208
Z154,169,198,207,210
Z155,171,172,202,220
Z156,172,173,183,379
Z157,173,219,283,372
Z158,174,218,298,304
Z159,175,217,295,301
Z160,176,222,293,375
Z161,177,218,257,266
Z162,178,180,323,376
Z163,180,217,254,267
Z164,181,202,293,325
Z165,182,230,297,303
Z166,176,184,200,378
Z167,185,229,296,302
Z168,51,272,291,301
Z169,64,188,272,348
Z170,189,271,324,349
Z171,192,266,319,320
Z172,194,267,317,318
Z173,196,203,283,316
Z174,62,271,289,304
Z175,199,200,203,221
Z176,201,273,321,380
Z177,204,264,322,381
Z178,10,205,245,338
Z179,206,280,350,352
Z180,13,209,244,335
Z181,210,281,351,353
Z182,219,270,333,341
Z183,222,269,332,340
Z184,52,277,290,305
Z185,63,274,288,306
Z186,73,269,303,310
Z187,71,270,302,311
Z188,278,280,284,333
Z189,281,287,292,332
Z190,324,353,359,383
OZ0,126,127,128,133,141,142,148,150,156,164,165,170,179,183,187,195,200,202,207,212,214,220,223,226,230,231,235,238,239,242,243,245,247,248,251,252,259,260,265,266,268,273,274,276,279,282,283,284,285,286,290,291,292,293,294,295,297,300,303,304,306,308,311,314,315,316,318,319,320,327,329,330,331,332,337,340,343,344,345,347,348,349,350,352,353,354,355,356,357,358,359,363,364,366,370,371,372,375,376,378,379,381
OZ1,163,164,190,195,198,202,207,215,220,238,242,243,276,279,286,292,293,295,307,308,309,312,313,318,325,327,332,334,344,348,353,354,367,369,371,372,376,379
OZ2,128,133,141,156,160,164,165,170,179,183,195,198,200,202,203,207,211,212,215,217,220,221,223,227,231,235,243,247,255,256,257,258,261,263,264,265,266,268,275,276,277,279,282,283,284,285,288,290,292,294,296,299,300,301,303,304,306,311,313,315,316,318,319,322,323,325,329,331,335,337,340,343,346,348,349,352,353,356,357,360,361,362,370,371,372,376,379,381
OZ3,142,148,156,164,165,170,190,191,195,198,200,202,203,207,211,212,214,216,217,220,221,226,227,233,240,243,246,247,249,251,255,258,259,261,263,264,268,274,275,276,277,279,282,283,284,285,288,290,292,294,296,298,299,300,301,303,308,315,316,318,319,322,323,325,329,331,335,336,340,346,348,349,352,353,356,360,361,362,364,367,368,369,370,371,372,376,377,379
OZ4,129,133,148,150,158,187,200,212,214,215,217,223,226,227,234,235,237,238,242,250,251,252,255,258,260,268,274,277,288,290,293,294,295,301,303,305,307,308,313,315,323,329,332,337,340,344,346,347,356,357,360,361,364,366,375,378
OZ5,133,141,148,150,160,164,170,179,190,193,198,202,203,208,214,216,217,218,220,221,227,229,233,235,236,238,239,240,242,244,246,247,248,249,252,254,256,257,258,260,263,267,271,273,275,276,280,283,286,288,289,291,293,295,298,299,300,301,303,304,306,308,314,316,318,320,322,323,325,326,327,331,332,333,335,336,338,344,347,349,352,353,354,355,357,360,361,364,366,367,368,369,370,372,374,375,378,379
OZ6,141,150,160,164,179,183,190,195,207,212,216,218,223,227,229,230,233,235,240,241,246,249,259,265,267,272,274,279,280,284,288,291,294,297,298,301,303,304,306,307,311,315,317,318,321,328,333,336,337,343,356,361,363,367,368,369,370,373
OZ7,158,164,170,179,187,193,200,203,208,212,221,230,234,235,236,237,238,239,240,241,242,243,244,246,247,248,249,251,252,254,255,263,266,268,271,272,273,274,275,277,283,284,289,290,292,293,294,295,297,298,299,301,303,304,305,306,308,309,312,315,316,317,318,320,321,322,326,328,329,331,332,335,338,340,344,346,348,349,352,355,356,363,368,371,373,374,376,377
OZ8,150,165,170,183,187,190,193,195,198,200,202,203,207,208,212,215,216,217,220,221,226,227,230,233,234,237,239,241,244,247,248,250,251,255,256,257,259,263,265,266,267,268,271,272,273,276,277,279,283,284,286,288,289,290,297,299,300,301,303,305,307,311,313,314,316,317,319,321,322,323,325,327,328,331,335,336,338,339,340,343,346,349,352,353,354,355,361,363,366,367,371,372,373,374,376,379
OZ9,160,164,165,187,190,195,200,207,212,216,218,223,229,230,233,234,236,237,238,241,242,250,252,254,255,256,257,258,268,272,274,275,277,279,280,284,290,291,293,295,297,305,307,317,318,319,320,321,328,331,332,333,336,337,339,340,344,346,347,360,363,366,367,370,371,373,375,376,377,378
OZ10,148,165,187,190,200,212,214,215,216,223,233,234,236,237,238,241,242,252,254,255,260,266,267,268,275,277,285,290,293,295,301,303,305,306,307,308,319,320,326,332,336,337,339,340,344,346,347,357,364,367,371,375,376,378
OZ11,127,156,164,165,170,191,203,211,212,214,215,218,221,223,226,227,229,230,234,236,237,240,244,245,246,249,251,254,255,256,257,259,260,261,263,264,266,267,271,275,282,283,284,285,286,288,289,294,297,298,299,300,302,303,305,307,308,309,312,313,314,315,318,319,322,326,327,330,335,337,338,341,346,347,352,353,354,356,358,359,361,363,364,366,368,374,375,378
OZ12,156,170,190,195,198,200,207,211,213,214,215,216,217,223,226,227,233,234,237,239,240,241,244,245,246,248,249,250,251,255,259,260,261,263,264,266,267,268,271,272,273,275,279,280,282,283,285,286,288,289,291,294,298,299,300,301,302,305,308,309,312,313,314,315,317,320,321,322,323,327,328,330,333,335,336,337,338,339,341,346,347,352,353,354,356,358,359,361,364,365,367,368,370,371,373,374,375,376,377,378
OZ13,170,183,187,193,195,198,200,202,203,207,208,212,216,220,221,226,227,230,233,234,236,237,239,241,244,247,248,250,251,254,255,256,257,265,268,271,272,273,275,279,283,284,288,289,297,299,300,301,303,307,308,311,313,314,316,317,320,321,322,325,326,328,331,334,335,336,338,340,343,346,349,352,353,354,355,363,372,373,374,379
OZ14,212,227,250,259,263,275,277,286,290,294,305,307,315,326,339,356,361,366
OZ15,164,165,187,190,195,207,213,216,218,227,229,230,233,234,236,238,242,248,252,254,256,257,259,263,272,274,275,279,280,284,285,286,291,294,295,297,303,306,315,317,318,319,320,321,323,326,328,333,336,344,346,347,356,361,363,365,367,370,371,373,376,377
OZ16,165,179,183,187,198,202,213,214,215,220,227,229,230,234,235,236,243,248,254,261,265,266,272,274,275,277,280,284,285,286,291,292,293,294,297,300,303,305,306,307,308,309,311,312,313,314,315,317,319,320,321,323,325,326,328,329,332,333,343,345,346,347,348,353,354,356,363,364,365,369,370,372,373,379
OZ17,187,190,200,216,217,223,233,234,237,238,242,251,252,255,258,260,268,274,277,290,293,295,301,303,305,323,332,336,337,340,344,346,347,360,366,367,375,378
OZ18,179,183,190,198,202,214,215,216,220,226,227,229,230,231,233,234,235,238,242,243,250,251,252,258,259,261,263,265,267,272,274,277,280,284,285,288,291,292,293,295,297,300,301,303,305,306,307,308,309,311,312,317,321,325,328,329,332,333,336,343,344,345,348,353,360,361,363,364,367,369,370,371,372,373,376,379
OZ19,183,193,202,203,211,213,214,215,216,220,221,223,227,233,234,236,238,240,242,245,246,247,249,250,251,254,256,257,258,260,261,264,265,266,267,275,277,280,284,285,286,290,291,292,295,297,298,301,302,303,309,311,312,316,322,323,325,326,327,330,333,334,336,337,340,341,343,344,347,349,355,358,359,360,363,364,365,366,368,370,371,372,374,375,376,377,378,379
OZ20,226,227,241,250,251,258,259,263,274,277,285,286,288,290,294,305,306,313,314,315,354,356,360,361
OZ21,190,198,200,202,213,214,220,223,229,230,237,238,240,241,242,243,246,248,249,250,252,255,256,257,260,261,263,266,267,268,272,275,276,277,280,284,291,292,295,297,298,300,301,304,305,306,307,309,312,317,321,323,325,326,327,328,329,333,334,337,340,344,345,348,353,363,364,365,366,367,368,370,371,372,373,375,376,377,378,379
OZ22,195,200,207,213,218,223,227,229,231,234,237,240,246,248,255,259,260,268,274,275,279,280,284,285,288,293,298,303,304,313,314,321,323,326,332,333,337,340,354,361,365,366,368,373,375,378
OZ23,203,211,215,216,218,221,230,233,234,236,238,241,242,244,247,251,254,263,264,266,267,276,277,280,283,284,292,294,295,299,301,304,305,309,312,313,314,315,316,320,322,323,326,331,334,335,336,339,344,345,347,349,354,356,358,366,369,370,371,374,375,376,377,378
OZ24,200,202,213,214,215,218,220,223,227,230,232,237,238,242,248,249,251,252,255,256,257,258,260,261,266,267,268,272,274,275,286,287,288,290,291,294,295,297,300,301,308,309,312,313,314,315,317,323,325,326,328,329,332,337,340,344,345,354,356,360,363,364,365,366,370,371,372,375,376,377,378,379
OZ25,202,211,215,216,217,218,220,227,228,230,233,234,238,239,240,242,243,244,245,246,247,252,256,257,264,271,273,276,277,280,283,286,288,289,292,294,295,297,298,299,302,306,307,313,314,315,320,321,322,325,326,329,330,333,334,335,336,338,339,340,341,344,345,346,347,348,349,354,356,358,359,363,366,368,372,373,374,379
OZ26,211,213,214,215,216,217,228,232,233,234,239,241,243,247,249,250,251,252,258,261,262,263,264,271,273,275,280,283,285,286,287,288,289,290,291,292,302,303,304,305,306,307,309,313,321,322,327,329,333,334,336,338,341,345,346,347,348,349,354,355,358,360,364,365,371,373,374,376
OZ27,198,217,218,229,230,234,235,238,240,242,243,246,249,250,259,262,272,277,280,283,284,285,286,291,292,297,298,302,303,304,307,309,314,321,332,341,344,345,348,353,361,363,368,373
OZ28,213,217,227,230,231,232,235,238,241,242,248,249,250,252,258,259,262,263,272,274,275,283,285,287,290,291,297,302,303,305,306,309,314,331,333,341,344,345,346,347,360,361,363,365
OZ29,216,218,227,233,234,244,245,248,250,258,259,262,263,266,267,272,277,286,288,293,294,299,300,301,305,312,313,315,317,320,326,328,329,330,331,334,335,336,339,340,345,346,347,354,355,356,359,360,361,366,370,377
OZ30,215,218,223,228,229,237,241,244,245,248,250,252,253,260,262,263,266,267,271,272,274,276,277,284,286,288,289,294,296,298,299,300,301,302,303,304,305,308,313,317,320,327,328,329,330,332,335,337,339,345,347,354,355,356,359,362,370,377
OZ31,217,230,238,242,256,257,263,266,272,286,291,295,297,298,303,304,344,363
OZ32,214,223,228,229,230,236,237,238,242,249,251,252,253,254,256,257,259,260,261,263,266,267,271,272,276,284,285,286,288,289,290,291,293,294,295,296,297,302,306,312,323,326,327,330,331,332,337,340,344,345,346,356,361,362,363,364,366,369,371,376
OZ33,218,223,228,229,230,232,234,235,237,249,252,253,258,260,262,271,272,283,284,285,286,287,288,289,290,291,293,294,295,296,297,301,305,306,309,312,313,326,331,332,333,337,340,341,345,346,354,356,360,362,363,366,370,377
OZ34,229,230,254,255,256,257,266,267,271,272,289,291,295,296,297,298,302,303,362,363
OZ35,230,231,232,235,236,238,240,241,242,244,245,246,248,249,250,251,252,254,259,262,266,267,277,283,285,286,287,288,290,291,293,294,297,298,299,301,302,303,304,309,312,313,315,320,323,326,331,333,335,339,340,341,344,346,354,355,356,359,361,363,366,368,370,371,376,377
OZ36,223,227,228,231,235,236,237,238,242,248,250,251,252,253,255,256,257,259,260,266,277,284,285,288,290,293,294,303,304,305,306,312,313,314,323,326,329,330,331,332,337,338,340,344,346,354,355,356,361,366,371,376
OZ37,231,234,236,241,244,245,248,250,252,254,258,259,266,267,272,274,285,290,293,294,295,298,299,304,306,312,315,320,323,326,331,335,339,340,345,346,355,356,359,360,361,366
OZ38,191,227,232,234,241,244,245,249,252,254,258,262,263,266,267,272,274,277,283,285,287,290,293,294,298,299,302,304,306,309,312,314,315,320,323,326,329,330,331,333,335,338,339,340,341,346,356,359,360,366
OZ39,227,228,232,236,239,243,245,249,250,253,254,256,257,259,261,262,267,271,273,274,283,284,285,286,287,288,289,297,298,299,302,303,304,305,306,307,309,313,315,320,321,323,326,329,332,333,335,338,339,341,348,354,357,359,361,363,366,373
OZ40,228,232,234,235,238,239,240,241,242,243,246,247,251,254,255,256,257,262,266,267,271,272,273,274,277,280,283,285,287,288,289,290,292,294,296,298,301,302,303,305,307,308,309,314,315,321,331,333,341,344,348,349,356,358,362,368,369,370,371,373,376,377
OZ41,232,234,235,240,246,249,256,257,262,263,266,274,277,283,287,288,295,298,302,304,306,309,313,333,341,345,354,368,370,377
OZ42,239,241,256,257,258,266,271,273,285,289,297,298,306,321,331,360,363,373
OZ43,238,240,241,242,246,250,251,258,259,263,285,286,344,360,361,368,370,371,376,377
OZ44,234,235,240,244,245,246,252,256,257,258,272,274,290,293,294,299,301,306,312,315,320,326,329,330,331,335,338,339,340,345,346,356,359,360,366,368,370,377
OZ45,236,244,247,249,252,253,255,256,257,261,263,266,277,280,284,285,288,292,293,296,297,304,306,308,312,315,323,330,332,340,345,346,349,357,358,362,363,369
OZ46,243,247,252,254,255,256,257,258,261,263,267,272,277,280,284,285,288,292,293,295,296,297,299,301,304,306,307,308,312,313,314,320,326,330,331,332,335,339,340,345,346,348,349,354,357,358,360,362,363,366
OZ47,240,241,244,245,246,249,250,252,259,261,262,271,283,285,288,290,295,301,304,309,313,329,338,341,345,346,347,354,357,358,361,368,370,377
OZ48,252,256,257,263,266,274,277,286,290,297,298,304,305,346,347,363
OZ49,241,249,254,255,267,274,277,285,288,295,296,301,306,345,362,369
OZ50,256,257,263,266,292,297,298,303,304,363
OZ51,249,274,277,280,284,285,288,302,306,333,345,369
OZ52,244,245,254,255,261,262,263,267,271,280,283,284,285,292,296,302,303,304,306,309,313,329,333,338,341,354,357,358,362,369
OZ53,254,255,258,267,277,280,284,285,286,290,292,294,295,296,301,302,303,305,306,315,326,331,333,339,356,360,362,366
OZ54,248,261,266,267,271,272,283,288,290,293,295,298,299,300,309,312,317,320,328,330,335,338,340,341,345,346,347,355,357,358,359,369
OZ55,245,247,253,263,271,277,283,288,290,292,293,298,300,302,304,308,309,312,315,332,333,338,340,341,346,347,349,369
OZ56,258,262,263,266,277,286,288,290,294,295,298,300,301,304,305,313,315,320,326,329,330,331,339,346,354,356,360,366
OZ57,247,253,261,262,263,271,272,274,277,283,286,295,298,299,300,303,304,305,308,309,313,315,329,332,335,341,345,346,349,354,357,358,359,369
OZ58,261,266,271,274,277,280,283,284,285,286,288,292,298,299,305,306,309,320,330,332,335,341,345,357,359,369
OZ59,263,266,274,292,298,300,303,304,320,329,330,346
OZ60,253,266,274,277,286,290,292,294,300,303,305,320,329,330,346,356
OZ61,280,284,285,286,292,302,303,305,306,333
OZ62,266,271,283,286,288,292,298,300,302,305,309,320,329,330,332,333,341,346,359,369
OZ63,262,272,274,277,288,290,293,295,302,303,312,313,332,333,340,347,354,358
OZ64,274,283,286,288,292,302,303,305,309,333,341,369
OZ65,277,286,290,292,293,305,312,332,340,347
