X0,0,70,134,146,190,367
X1,1,101,138,216,334,367
X2,2,21,35,194,320,328
X3,3,15,59,133,313,356
X4,4,217,262,267,298,319
X5,5,44,61,185,297,362
X6,6,14,83,87,259,360
X7,7,167,181,283,309,375
X8,8,24,95,164,194,318
X9,9,79,96,262,314,356
X10,10,102,209,257,267,317
X11,11,39,131,235,256,362
X12,12,82,129,237,255,363
X13,13,92,205,254,266,320
X14,14,52,105,286,305,368
X15,3,44,149,244,338,355
X16,16,88,123,248,357,365
X17,17,47,249,300,342,345
X18,18,50,252,299,343,346
X19,19,31,36,64,188,383
X20,20,36,186,322,374,380
X21,2,122,126,171,203,325
X22,12,22,71,152,310,342
X23,23,45,137,179,371,376
X24,24,72,108,178,370,377
X25,25,42,99,144,233,336
X26,26,175,180,218,240,376
X27,27,60,132,169,206,351
X28,28,136,149,274,288,345
X29,29,65,143,225,242,368
X30,30,281,333,340,353,358
X31,19,91,120,261,355,364
X32,32,142,197,321,373,381
X33,33,60,145,189,243,349
X34,8,34,56,188,247,348
X35,16,32,35,189,324,382
X36,31,76,192,236,317,330
X37,37,174,177,217,238,377
X38,38,56,130,170,210,352
X39,39,48,83,100,238,246
X40,40,59,91,212,247,307
X41,41,94,148,245,335,357
X42,11,25,73,143,311,343
X43,22,43,98,146,223,337
X44,5,74,133,151,258,361
X45,23,93,145,165,192,319
X46,46,79,129,209,300,335
X47,17,89,122,157,233,260
X48,48,141,190,226,250,371
X49,49,74,82,96,240,242
X50,18,90,121,160,216,223
X51,51,109,185,230,291,373
X52,52,107,150,288,294,369
X53,53,85,89,136,214,364
X54,54,93,130,196,203,220
X55,55,84,90,103,213,365
X56,38,97,147,212,213,276
X57,57,77,120,128,201,381
X58,58,87,94,155,294,354
X59,40,128,156,250,327,360
X60,27,101,150,214,215,275
X61,61,75,123,125,204,380
X62,62,66,174,241,259,301
X63,63,106,151,285,306,344
X64,10,64,245,271,291,358
X65,29,119,144,187,326,366
X66,62,112,182,229,289,374
X67,51,67,175,258,263,304
X68,37,68,114,176,372,378
X69,69,111,112,180,254,255
X70,0,68,152,224,246,344
X71,71,153,274,297,302,305
X72,34,66,108,186,195,282
X73,73,154,277,296,303,306
X74,49,187,227,234,251,370
X75,75,140,141,193,235,336
X76,76,121,127,199,202,316
X77,6,41,57,182,296,363
X78,78,135,161,169,208,279
X79,9,138,225,252,312,369
X80,80,100,163,253,315,354
X81,81,124,166,170,207,282
X82,43,115,171,184,200,268
X83,77,191,231,234,237,337
X84,84,127,168,210,350,382
X85,53,99,154,201,239,264
X86,86,125,195,251,331,361
X87,42,116,172,183,199,265
X88,21,142,178,191,268,323
X89,85,126,198,206,353,383
X90,55,98,153,204,211,273
X91,20,69,179,193,236,265
X92,50,92,219,293,325,340
X93,54,97,139,260,339,366
X94,1,95,132,181,202,221
X95,46,140,157,158,248,328
X96,45,124,134,200,220,379
X97,13,244,272,289,324,359
X98,47,102,222,283,316,341
X99,80,131,205,299,329,338
X100,33,67,137,156,197,279
X101,15,232,272,298,301,349
X102,30,103,148,277,290,346
X103,63,104,147,290,313,347
X104,78,105,211,276,326,327
X105,104,167,232,281,287,351
X106,107,162,228,280,284,352
X107,109,110,177,256,257,323
X108,110,173,184,222,270,311
X109,111,176,183,219,269,310
X110,72,119,135,172,221,378
X111,113,229,270,278,303,332
X112,114,161,263,278,284,285
X113,113,115,198,208,273,322
X114,116,117,168,207,264,321
X115,117,230,269,292,302,333
X116,118,166,241,286,287,292
X117,26,65,118,173,375,379
X118,70,81,106,239,275,331
X119,28,280,332,341,350,359
X120,139,163,224,249,309,347
X121,155,228,271,295,304,348
X122,158,164,226,307,314,334
X123,159,165,227,308,315,339
X124,159,160,231,261,329,330
X125,4,162,196,293,312,372
X126,7,218,253,266,295,318
OX0,120,123,125,128,135,138,141,143,144,146,149,151,152,153,156,157,164,165,166,168,171,172,173,174,175,176,179,182,183,184,185,189,191,192,195,197,198,199,200,202,204,205,206,209,210,212,216,218,221,226,229,231,232,234,235,237,247,248,250,251,258,259,262,265,266,269,274,282,286,287,292,293,298,299,300,302,305,308,312,313,315,316,317,320,321,322,323,325,326,327,328,329,334,335,336,337,338,339,340,342,343,346,349,350,353,359,360,361,362,363,364,366,368,369,373,375,376,377,378,379,381,383
OX1,148,149,153,154,201,204,206,207,208,210,211,213,214,229,230,239,269,270,274,277,278,280,281,288,290,292,302,303,321,322,340,341,345,346,358,359,364,365,382,383
OX2,121,122,126,127,135,140,141,143,144,149,153,166,171,172,173,174,175,176,178,179,183,185,187,191,192,194,195,199,201,202,203,206,208,211,213,218,219,221,225,231,234,235,237,240,242,244,245,248,254,255,259,261,265,269,270,277,278,281,282,286,287,289,290,292,296,297,301,303,310,316,317,320,325,326,328,330,332,333,335,336,337,338,340,346,358,362,363,364,366,368,370,375,376,377,378,379,381,383
OX3,123,125,140,141,163,185,193,195,204,205,215,228,235,243,251,253,271,294,295,297,299,304,308,315,329,331,336,338,348,361,362,380
OX4,135,143,144,146,149,151,152,153,163,165,166,168,171,172,173,174,175,176,179,183,184,189,192,193,197,198,199,200,201,202,206,210,215,216,218,221,225,228,229,243,252,253,258,259,265,266,269,271,272,274,282,286,287,292,293,294,295,296,297,301,302,304,305,316,317,320,321,322,323,325,326,331,339,340,342,343,346,348,350,353,359,364,366,368,373,375,376,377,378,379,380,383
OX5,122,126,138,143,144,146,150,151,152,154,156,157,161,163,164,165,166,168,169,172,173,174,175,176,178,179,183,184,190,191,192,193,194,196,198,199,200,202,203,204,207,209,212,213,214,215,216,217,218,221,230,232,238,239,243,245,246,247,253,258,265,266,267,268,270,271,276,277,278,279,281,282,284,287,290,295,296,297,300,303,304,313,316,317,319,321,324,331,334,339,341,342,343,345,348,349,350,352,353,358,366,371,372,375,376,377,378,379,380,381
OX6,140,141,143,144,149,153,157,168,171,172,178,182,183,185,186,188,191,194,198,199,203,207,208,209,211,213,214,222,229,230,235,239,248,249,256,257,260,265,267,268,269,270,271,274,278,280,281,283,288,290,291,292,297,300,302,306,311,316,317,320,321,323,325,328,335,336,340,342,343,346,350,353,359,363,364,374,381,383
OX7,138,141,143,144,147,153,154,164,168,172,178,183,185,186,188,189,191,194,197,199,206,208,210,211,213,219,222,225,226,229,232,235,249,252,256,257,260,262,265,267,268,270,271,272,277,278,281,283,291,293,296,297,298,301,306,307,311,312,313,316,317,320,321,323,324,325,332,333,334,336,341,342,343,345,349,350,369,373,374,381
OX8,141,143,144,146,147,151,152,153,154,156,161,165,166,169,172,173,174,175,176,179,183,184,185,189,190,192,196,197,200,203,204,205,207,208,210,211,212,214,215,216,217,218,219,221,222,225,226,228,229,230,235,238,239,243,246,247,252,258,262,265,266,267,272,274,276,277,279,282,283,284,287,288,290,293,294,296,298,299,301,307,312,315,316,317,319,320,322,323,325,329,331,332,333,336,338,339,342,343,352,362,366,369,371,372,373,375,376,377,378,379
OX9,143,144,149,150,163,172,182,183,186,188,189,193,197,202,205,207,210,214,228,230,239,245,249,253,256,257,260,265,267,269,277,280,291,292,294,295,299,302,303,304,306,311,315,316,317,322,324,329,332,333,335,338,341,342,343,345,348,358,359,362,363,364,373,374,380,383
OX10,153,171,178,182,191,194,198,201,203,204,208,211,213,229,245,268,270,277,278,281,290,296,303,320,322,323,325,332,333,335,340,346,353,358,363,381
OX11,137,145,146,147,149,152,154,156,161,166,168,170,178,181,184,187,189,191,194,195,196,197,199,200,201,202,204,211,213,216,217,218,220,222,225,227,229,230,232,234,237,240,242,245,252,253,255,258,262,266,267,269,270,274,277,278,279,280,282,285,287,292,295,297,298,303,305,306,308,309,310,312,313,318,319,320,322,323,325,335,337,340,342,344,346,347,349,350,358,359,363,364,369,370,373,375,381,383
OX12,149,150,154,161,163,168,169,173,175,177,181,182,184,186,188,199,204,205,207,208,214,218,221,222,224,228,239,245,256,258,263,266,267,269,270,280,292,294,296,297,299,302,309,311,315,316,317,318,322,323,329,332,333,335,338,341,342,345,347,348,350,358,359,362,363,364,374,383
OX13,161,169,173,175,177,178,181,184,185,191,194,202,208,221,222,230,256,257,258,263,268,270,291,304,311,318,321,381
OX14,147,156,163,166,169,170,174,176,177,178,179,182,184,185,186,187,188,190,191,192,194,195,201,202,203,205,206,207,211,213,215,216,220,221,222,225,227,228,229,232,234,237,238,239,240,242,243,246,252,253,255,257,258,262,263,270,274,275,277,279,282,284,287,291,294,295,296,298,299,302,303,304,305,306,308,310,312,313,315,316,317,320,323,325,329,332,333,337,338,340,341,345,346,348,351,362,367,369,370,371,372,374,375,376,377,378,379,381
OX15,146,151,152,163,170,182,184,185,186,187,188,189,195,196,197,200,201,205,206,208,210,211,213,215,216,217,218,220,222,224,225,227,228,229,234,237,240,242,243,252,255,257,258,262,266,268,270,274,277,278,281,283,290,291,294,296,298,299,302,303,304,305,308,309,310,312,315,316,317,319,320,321,324,325,329,331,332,333,337,338,340,341,345,346,347,348,350,362,369,370,373,374
OX16,150,154,163,168,173,174,175,183,184,190,191,193,199,201,202,205,207,211,212,215,216,218,219,224,227,229,232,234,237,238,239,243,246,247,249,250,252,253,254,256,258,260,265,271,275,276,280,281,283,284,285,288,289,292,295,299,301,303,304,305,307,308,311,313,315,322,323,329,337,338,340,343,344,346,348,351,352,362,366,367,371,372,377,378,380,381
OX17,151,154,163,165,168,170,172,174,176,178,179,180,181,182,183,187,189,191,192,193,194,196,197,199,201,203,207,210,214,215,217,220,225,227,228,229,230,234,237,239,240,241,242,243,251,253,255,258,259,262,265,266,267,271,272,274,280,282,288,292,293,294,295,298,301,302,304,310,312,316,317,318,319,320,322,325,331,332,333,337,339,340,341,343,345,346,348,369,370,373,377,378,380,381
OX18,154,156,165,168,169,171,174,177,179,181,182,183,185,190,191,192,193,196,198,199,200,205,207,211,213,214,221,224,225,227,229,230,234,237,238,239,245,246,254,262,263,265,266,267,270,272,277,279,280,281,284,285,288,289,290,292,293,296,298,299,303,305,308,312,315,316,317,318,319,321,322,324,329,335,337,338,339,341,342,343,344,345,350,353,358,362,363,369,371,372,376,377,378,379,380,381
OX19,156,165,168,169,173,175,177,178,179,181,186,188,189,192,194,196,197,199,204,205,206,210,212,213,214,215,216,219,221,224,225,228,230,232,243,247,249,250,252,253,256,257,258,260,262,263,270,271,272,274,275,276,277,279,283,288,290,291,293,294,295,297,298,299,301,307,309,311,312,313,315,318,319,322,329,338,339,340,341,345,346,347,351,352,362,366,367,369,373,374,376,379
OX20,168,171,172,178,182,183,184,186,188,189,193,194,197,198,199,200,201,206,210,218,222,224,245,253,257,265,266,267,271,283,291,295,296,309,316,317,321,322,323,324,335,341,342,345,347,350,353,358,363,373,374,380
OX21,165,166,170,171,172,173,175,176,178,179,180,183,186,188,190,192,193,194,196,198,200,201,202,203,205,206,207,211,212,214,215,216,217,219,220,225,228,230,232,238,241,243,245,246,247,249,250,252,253,254,255,256,257,258,259,260,262,265,271,272,275,276,281,283,284,285,288,289,291,293,294,295,296,298,299,302,303,305,307,309,310,311,312,313,315,319,320,321,322,324,325,329,332,333,335,338,339,341,342,344,345,347,350,351,352,353,358,362,363,366,367,369,371,372,374,377,378,380
OX22,169,171,178,181,184,194,198,200,202,221,318,323
OX23,166,170,174,176,179,180,182,183,192,193,196,203,207,219,220,229,241,254,255,259,265,269,289,301,310,319,322,380
OX24,171,172,173,174,180,181,182,183,184,185,186,187,188,190,193,195,198,200,202,204,206,211,212,215,216,218,219,222,225,227,228,229,232,234,237,238,239,240,241,242,243,245,246,247,249,250,252,253,254,256,257,258,260,265,266,267,268,270,271,274,275,276,277,280,281,282,283,284,285,286,287,289,291,294,295,297,301,305,306,307,308,309,311,313,316,317,318,335,337,340,342,344,346,347,351,352,353,358,363,366,367,368,370,371,372,374,375,376,379,380
OX25,173,174,180,185,187,190,191,195,201,204,211,212,215,216,219,224,225,227,228,229,232,234,237,238,239,240,241,242,243,246,247,249,250,252,254,256,258,260,270,274,275,276,277,280,281,282,284,285,286,287,289,294,296,297,301,305,306,307,308,311,313,322,337,340,341,344,345,346,351,352,366,367,368,370,371,372,375,376,379,381
OX26,170,184,189,191,197,200,210,220,268,321,324,350,373,381
OX27,178,182,186,188,191,194,201,206,208,218,222,224,229,245,253,257,266,267,268,270,271,278,283,291,295,296,303,309,316,317,323,332,335,341,342,345,347,353,358,363,374,381
OX28,174,175,179,187,189,192,197,200,203,206,208,213,215,216,218,224,225,228,230,239,240,242,243,249,251,252,253,259,260,266,269,271,272,275,276,278,280,283,286,287,290,294,295,301,302,304,306,308,309,316,317,320,324,325,333,347,348,349,350,351,366,367,368,370,373,375,376,379
OX29,186,188,206,208,218,219,222,224,229,253,257,266,267,270,271,278,281,283,291,293,295,303,309,316,317,320,325,332,333,341,342,345,347,374
OX30,172,175,180,184,187,195,201,202,214,218,225,230,239,240,241,242,269,270,274,277,282,283,286,287,288,296,302,303,306,321,323,333,341,343,345,368,370,375,376,377,378,379
OX31,175,180,181,182,183,187,189,193,195,197,200,203,206,208,213,214,215,217,218,219,222,224,227,228,229,230,234,237,239,240,241,242,243,245,249,253,254,260,262,265,266,267,268,269,271,272,274,276,278,280,281,282,286,287,288,289,290,293,294,295,298,302,304,306,308,309,312,316,317,318,322,323,324,335,337,341,345,347,348,349,350,351,353,358,363,366,368,369,370,373,375,376,377,378,379,380
OX32,181,182,184,191,196,200,201,203,214,216,217,219,222,225,245,252,262,267,268,274,275,281,283,288,293,296,298,312,318,319,320,325,333,335,341,345,353,358,363,367,369,381
OX33,177,179,180,183,184,190,191,192,193,195,200,201,203,212,213,215,217,218,219,225,228,229,232,238,241,243,246,247,249,250,251,257,259,260,262,265,267,268,276,277,280,281,282,290,291,293,294,296,298,304,307,308,312,313,322,332,333,341,342,343,345,351,352,366,369,371,377,378,380,381
OX34,176,179,182,184,191,192,195,216,217,219,222,227,230,234,237,239,241,251,252,255,262,267,270,275,277,282,286,287,298,302,303,306,310,312,321,323,333,337,343,367,368,369,375,376,377,378,379,381
OX35,163,182,183,184,185,187,191,193,196,200,201,203,204,205,213,214,219,222,225,227,234,237,239,240,242,245,249,251,254,257,258,260,262,265,266,267,271,274,276,280,281,285,287,288,289,290,291,293,296,297,298,299,301,306,309,312,315,319,320,323,325,329,332,335,337,338,340,342,343,344,346,347,348,352,353,358,362,363,366,369,370,375,377,378,380,381
OX36,182,183,187,189,193,196,197,201,206,208,214,222,224,225,227,229,234,237,239,240,242,245,251,254,257,258,262,265,266,267,268,270,271,274,277,278,280,281,285,287,288,289,291,296,298,301,303,306,312,319,320,321,322,323,325,335,337,342,343,344,348,349,351,352,353,358,363,369,370,373,375,377,378,380
OX37,179,187,189,191,192,195,196,197,200,201,203,213,214,215,216,219,222,227,228,230,234,237,240,241,242,243,245,249,252,253,255,257,258,260,262,267,270,272,274,275,276,277,280,281,282,283,284,285,286,288,290,291,294,295,296,298,301,302,303,304,308,309,310,312,316,317,319,333,335,337,342,343,344,347,352,353,358,363,366,367,368,369,370,372,373,376,379,381
OX38,180,183,184,191,193,195,196,216,217,222,227,229,230,234,237,239,241,251,252,262,265,266,267,269,270,275,277,282,286,287,298,302,303,306,312,319,320,321,322,323,325,333,337,343,367,368,369,375,376,377,378,379,380,381
OX39,183,184,187,189,191,193,196,197,200,201,203,204,207,210,211,213,214,216,217,218,222,224,225,227,230,234,237,240,242,251,252,257,258,262,265,266,270,275,277,283,284,285,288,290,291,292,293,296,297,298,303,304,305,312,316,317,319,320,323,324,325,332,333,337,340,341,342,344,345,346,350,367,369,370,372,373,377,378,380,381
OX40,217,219,222,225,254,262,266,267,272,280,283,289,293,298,312,316,317,320,324,325,332,340,343,346,350,369
OX41,185,187,189,190,191,195,196,197,207,210,212,213,215,216,218,222,224,225,227,228,232,234,237,238,239,240,241,242,243,245,246,247,249,250,252,254,255,256,258,259,260,262,270,271,275,276,280,281,282,283,284,285,289,290,292,293,294,298,301,302,304,306,307,308,310,311,312,313,316,317,319,321,335,337,344,348,349,353,358,363,366,367,369,370,371,372,373,381
OX42,187,189,190,191,195,196,197,204,206,207,208,210,212,213,215,216,218,224,225,227,228,229,232,234,237,238,239,240,241,242,243,245,246,247,249,250,252,254,255,258,259,260,262,270,271,275,276,278,280,282,283,284,285,287,289,290,292,293,294,297,298,301,302,303,304,306,307,308,310,312,313,316,317,319,321,322,332,335,337,344,348,349,353,358,363,366,367,369,370,371,372,373,375,381
OX43,184,189,191,197,200,201,203,204,206,207,208,210,211,213,216,218,222,225,229,230,239,245,252,255,262,266,268,269,271,272,274,275,278,280,281,287,290,292,296,297,298,301,304,305,306,310,312,320,322,324,325,333,335,341,345,348,349,350,351,352,353,358,363,367,369,373,375,381
OX44,189,190,191,195,197,201,211,212,213,214,224,225,227,230,232,234,237,238,239,241,245,246,247,250,251,253,255,257,259,262,267,270,272,282,283,287,288,290,291,295,296,298,301,302,303,304,305,306,307,309,310,312,313,316,317,333,335,337,340,341,342,343,345,346,347,351,353,358,363,369,371,373,375,381
OX45,190,191,195,201,207,210,211,212,213,214,224,225,227,232,234,237,238,239,241,245,246,247,250,251,253,255,257,259,262,267,269,270,272,282,283,287,288,290,291,292,295,296,298,301,303,304,305,306,307,309,310,312,313,316,317,324,335,337,340,341,342,343,345,346,347,350,351,353,358,363,369,371,375,381
OX46,191,195,196,204,206,208,211,213,218,219,222,227,229,230,234,237,241,245,251,254,255,262,269,270,271,274,277,278,281,282,283,286,289,290,293,297,298,301,303,304,305,310,312,316,317,319,321,322,324,332,333,335,337,340,341,345,346,348,349,350,351,352,353,358,363,368,369,381
OX47,195,211,213,214,215,216,219,225,228,241,243,251,252,275,277,280,282,284,286,288,290,294,305,308,340,346,352,367,368,372
OX48,196,201,211,214,219,224,230,239,249,253,254,260,266,269,270,271,272,276,277,283,284,287,288,289,295,296,302,303,304,305,306,309,316,317,319,320,321,324,325,332,333,340,346,347,348,350,352,366,372,375
OX49,201,211,216,222,224,230,239,249,252,253,254,260,266,269,270,271,272,274,275,276,277,284,287,289,293,295,296,302,303,304,305,306,309,320,321,324,325,332,333,341,343,345,347,348,350,352,366,367,372,375
OX50,218,224,253,254,272,280,289,295,309,324,332,341,342,345,347,350
OX51,219,222,254,257,266,267,271,272,280,281,283,289,291,293,316,317,320,325,332,333,348,349,351,352
OX52,204,206,207,208,210,213,225,229,249,260,262,269,270,272,276,277,278,280,290,292,297,298,301,302,303,312,322,333,341,342,343,345,349,351,366,369
OX53,207,210,211,225,249,254,260,262,266,274,276,280,284,289,292,293,298,301,305,312,320,325,333,340,342,343,346,366,369,372
OX54,224,225,253,262,271,272,280,281,295,298,301,304,309,312,332,333,340,341,342,343,345,346,347,348,349,351,352,369
OX55,225,245,254,255,262,266,269,280,284,289,293,298,301,310,312,320,324,325,335,340,343,346,349,350,351,353,358,363,369,372
OX56,206,208,216,222,239,252,275,277,278,281,287,306,332,343,367,375
OX57,213,245,249,254,255,260,266,269,272,276,277,284,289,290,293,310,320,325,332,335,340,341,342,345,346,349,351,353,358,363,366,372
OX58,222,245,254,255,257,266,267,269,271,272,281,283,284,289,291,293,310,316,317,320,324,325,332,333,335,348,350,352,353,358,363,372
OX59,244,256,257,267,270,271,280,281,283,287,291,311,316,317,324,332,338,348,349,351,352,359,362,375
OX60,214,216,252,274,275,280,281,288,324,332,333,340,341,343,345,346,349,350,351,367
OX61,245,254,255,266,269,272,280,281,284,289,293,310,320,324,325,333,335,350,353,358,363,372
OX62,254,266,272,280,284,289,293,320,324,325,350,372
OX63,257,267,271,281,283,287,291,316,317,324,348,349,350,351,352,375
OX64,216,239,252,275,277,306,343,367
OX65,211,249,260,274,276,305,342,366
Z0,0,22,146,152
Z1,1,27,101,132
Z2,2,92,320,325
Z3,3,5,44,133
Z4,4,93,196,319
Z5,5,61,125,361
Z6,6,41,87,94
Z7,7,95,181,318
Z8,8,24,34,108
Z9,9,138,314,334
Z10,10,109,257,291
Z11,11,110,256,311
Z12,12,111,255,310
Z13,13,112,254,289
Z14,14,241,259,286
Z15,15,104,232,313
Z16,16,84,365,382
Z17,17,139,249,260
Z18,18,138,216,252
Z19,19,85,364,383
Z20,20,75,193,380
Z21,21,32,35,142
Z22,0,48,190,246
Z23,23,33,137,145
Z24,8,164,247,307
Z25,25,29,143,144
Z26,26,65,240,242
Z27,27,60,215,243
Z28,28,47,341,345
Z29,11,25,235,336
Z30,30,50,340,346
Z31,20,31,36,236
Z32,32,33,189,197
Z33,23,179,192,236
Z34,34,36,186,188
Z35,16,35,248,328
Z36,19,31,261,330
Z37,37,68,238,246
Z38,38,54,97,130
Z39,39,48,141,235
Z40,40,226,250,307
Z41,41,129,335,363
Z42,42,193,265,336
Z43,43,191,268,337
Z44,44,131,338,362
Z45,45,134,190,371
Z46,46,79,158,314
Z47,47,102,209,300
Z48,39,80,100,131
Z49,49,82,234,237
Z50,50,92,205,299
Z51,51,67,197,373
Z52,52,225,368,369
Z53,53,89,99,233
Z54,38,56,212,247
Z55,55,90,98,223
Z56,56,228,348,352
Z57,57,154,201,296
Z58,58,150,215,294
Z59,59,147,212,313
Z60,60,232,349,351
Z61,61,153,204,297
Z62,62,66,186,374
Z63,63,277,290,306
Z64,64,353,358,383
Z65,65,118,286,368
Z66,66,166,241,282
Z67,67,161,263,279
Z68,68,114,285,344
Z69,69,179,180,376
Z70,70,81,124,134
Z71,71,274,342,345
Z72,72,119,187,370
Z73,73,277,343,346
Z74,74,175,240,258
Z75,75,123,140,248
Z76,76,121,160,330
Z77,77,120,231,261
Z78,78,156,279,327
Z79,79,82,96,129
Z80,80,159,315,329
Z81,81,195,282,331
Z82,29,49,187,242
Z83,83,174,238,259
Z84,84,90,121,127
Z85,85,89,122,126
Z86,86,227,251,308
Z87,6,57,128,360
Z88,86,88,123,125
Z89,53,214,239,275
Z90,55,211,213,276
Z91,40,91,120,128
Z92,2,122,157,328
Z93,4,9,262,312
Z94,58,88,94,357
Z95,7,163,253,309
Z96,74,96,133,356
Z97,97,276,326,366
Z98,43,98,115,273
Z99,42,99,116,264
Z100,83,87,100,354
Z101,70,101,275,367
Z102,76,102,316,317
Z103,103,148,357,365
Z104,104,167,309,347
Z105,14,105,327,360
Z106,106,151,331,361
Z107,107,162,312,369
Z108,108,195,251,370
Z109,109,185,256,362
Z110,110,184,268,323
Z111,69,111,183,265
Z112,112,182,255,363
Z113,113,229,322,374
Z114,114,162,284,372
Z115,115,126,171,198
Z116,116,127,168,199
Z117,117,230,321,373
Z118,118,167,287,375
Z119,78,119,135,326
Z120,77,142,191,381
Z121,28,149,244,359
Z122,30,148,245,358
Z123,12,22,237,337
Z124,1,95,164,334
Z125,3,59,91,355
Z126,17,46,157,300
Z127,54,93,165,339
Z128,124,130,170,220
Z129,132,135,169,221
Z130,26,45,376,379
Z131,136,149,355,364
Z132,137,156,250,371
Z133,18,160,299,329
Z134,139,163,315,339
Z135,140,141,158,226
Z136,143,225,252,343
Z137,144,233,260,366
Z138,145,165,243,308
Z139,146,216,223,367
Z140,103,147,213,290
Z141,136,150,214,288
Z142,151,258,263,285
Z143,152,224,249,342
Z144,105,153,211,305
Z145,106,154,239,306
Z146,107,155,228,294
Z147,37,72,377,378
Z148,159,227,231,234
Z149,113,161,208,278
Z150,155,253,295,354
Z151,117,166,207,292
Z152,15,262,298,356
Z153,168,170,207,210
Z154,169,198,206,208
Z155,171,200,203,220
Z156,172,199,202,221
Z157,173,184,200,379
Z158,174,217,298,301
Z159,175,218,295,304
Z160,172,176,183,378
Z161,177,178,323,377
Z162,177,217,257,267
Z163,180,218,254,266
Z164,181,202,283,316
Z165,182,229,296,303
Z166,176,219,293,372
Z167,173,222,283,375
Z168,185,230,297,302
Z169,62,272,289,301
Z170,64,188,271,348
Z171,189,272,324,349
Z172,192,267,317,319
Z173,194,266,318,320
Z174,196,203,293,325
Z175,51,271,291,304
Z176,201,264,321,381
Z177,204,273,322,380
Z178,13,205,244,338
Z179,206,281,351,353
Z180,10,209,245,335
Z181,210,280,350,352
Z182,219,269,333,340
Z183,222,270,332,341
Z184,63,224,344,347
Z185,52,274,288,305
Z186,71,269,302,310
Z187,73,270,303,311
Z188,278,280,284,332
Z189,281,287,292,333
Z190,324,350,359,382
OZ0,126,127,128,141,142,148,157,163,170,179,190,191,193,202,207,214,216,217,218,221,223,229,231,237,238,239,244,246,259,260,261,264,266,274,275,277,280,289,290,293,296,298,299,300,301,302,303,306,315,320,325,328,333,335,337,338,339,344,345,346,347,350,352,353,360,363,364,367,372,376,378,381
OZ1,128,133,142,148,160,187,191,200,212,213,218,223,226,231,233,234,235,240,242,250,252,256,258,260,268,274,277,283,288,290,295,303,304,305,307,313,323,332,336,337,341,346,357,365,366,368,369,375,379,381
OZ2,141,142,148,158,160,163,179,190,191,199,202,212,213,216,217,218,221,226,231,233,238,239,246,248,250,254,255,258,259,260,263,264,265,266,274,277,285,293,296,298,300,301,302,307,313,314,315,321,331,333,335,336,339,340,344,345,347,356,360,361,363,365,367,372,376,378
OZ3,131,133,142,150,158,160,163,191,215,223,233,234,235,237,239,248,249,251,258,260,263,264,285,294,296,300,306,308,314,321,329,331,335,336,337,339,354,356,357,363
OZ4,133,148,160,179,195,200,207,212,213,223,226,229,230,233,234,235,236,240,241,242,250,251,252,254,255,256,258,260,266,268,272,274,277,282,283,288,289,290,292,295,296,301,304,305,307,313,321,323,326,327,330,332,336,337,341,346,357,363,365,366,368,369,373,375,376,379
OZ5,160,165,170,190,195,203,215,216,220,228,232,240,242,247,252,275,282,286,287,293,298,299,307,308,309,312,313,314,319,325,329,331,347,348,352,356,367,368,371,375,376,379
OZ6,148,150,157,158,163,165,170,187,193,195,199,200,202,203,211,212,213,217,218,220,221,228,229,231,232,233,237,238,241,245,246,250,251,256,258,261,265,268,271,273,275,282,283,287,288,294,295,296,297,299,300,301,302,304,306,307,309,312,319,322,323,325,327,331,332,333,335,336,338,339,340,341,344,345,346,352,354,355,357,361,362,363,365,366,369,371,372,374,376,378
OZ7,142,157,163,165,170,190,191,195,203,215,216,220,223,228,231,232,237,239,240,242,247,248,249,252,258,260,263,264,275,282,285,286,287,293,296,298,299,300,306,307,308,309,312,313,314,315,319,321,325,329,335,337,339,347,348,352,356,357,361,363,367,368,371,375,376,379
OZ8,150,157,158,163,165,170,179,187,190,193,195,200,203,211,216,220,223,228,229,231,232,233,241,245,249,251,254,255,256,258,259,261,266,268,271,273,274,275,277,282,283,287,288,293,294,295,296,297,298,299,300,304,309,312,313,314,319,322,323,325,327,331,332,335,336,337,338,339,341,346,347,352,354,355,356,360,361,362,363,366,367,369,371,374
OZ9,157,158,179,190,199,202,216,217,218,221,223,226,237,238,246,249,254,255,259,260,265,266,274,277,290,293,298,301,302,306,326,327,333,337,340,344,345,347,360,366,367,372,376,378
OZ10,170,179,187,190,199,202,203,207,212,215,216,217,220,221,223,226,228,229,230,232,237,238,240,241,242,246,247,249,251,252,259,265,267,272,274,275,276,277,286,287,289,290,292,296,299,302,303,306,308,309,312,313,314,317,321,325,327,329,330,331,333,337,339,340,344,345,348,352,356,360,363,366,367,368,372,373,375,376,378,379
OZ11,165,199,202,215,216,217,218,221,223,236,237,238,246,249,250,254,255,258,259,263,265,266,267,274,275,285,293,298,301,302,308,313,314,317,319,331,333,334,337,340,344,345,347,356,360,361,371,372,376,378
OZ12,127,163,179,191,193,195,198,199,200,207,211,212,214,216,223,228,229,232,233,236,239,240,242,244,247,248,249,252,254,255,258,260,261,263,264,265,267,268,273,275,276,277,280,282,285,286,287,289,293,296,298,300,303,306,309,312,313,314,315,317,320,328,329,334,335,336,337,338,339,340,346,347,348,350,353,356,357,361,363,364,368,375,376,379
OZ13,163,179,190,191,198,199,200,202,203,211,215,217,218,220,221,226,229,237,238,244,246,248,258,259,263,265,266,268,273,274,275,285,289,290,293,296,298,299,300,301,302,303,308,315,320,325,327,328,331,333,334,335,338,344,345,346,347,353,357,360,361,363,367,372,376,378
OZ14,179,190,191,193,195,198,199,202,203,207,216,217,220,221,223,229,230,231,233,236,237,238,240,241,242,244,245,246,247,248,249,250,252,256,258,259,260,261,265,266,271,272,274,282,283,292,293,294,295,296,297,298,299,302,304,305,306,307,313,314,315,320,321,322,323,325,328,329,330,332,333,336,337,339,341,344,345,347,348,353,354,355,356,357,360,361,362,363,367,368,369,372,373,374,375,376,378,379
OZ15,187,200,212,215,216,218,223,233,234,235,240,242,252,256,258,260,268,274,275,276,277,283,288,295,303,304,305,307,308,323,326,331,332,334,336,337,339,341,346,361,368,369,375,379
OZ16,158,190,212,213,215,217,238,241,246,248,249,250,258,263,274,275,285,286,298,301,305,307,308,313,314,326,327,331,334,339,344,345,347,356,361,365,366,367
OZ17,190,191,193,198,199,202,203,212,214,215,217,220,221,231,233,234,237,238,244,245,246,247,248,249,250,251,254,255,256,258,259,260,263,265,271,276,277,283,285,288,289,293,294,297,298,299,301,302,303,308,313,314,315,320,322,323,325,326,328,329,332,333,334,336,341,344,345,346,347,348,353,354,355,356,357,360,361,362,364,366,367,372,374,375,378,379
OZ18,191,193,198,199,202,203,214,217,220,221,226,231,233,234,237,238,244,245,246,247,248,249,250,251,254,255,256,259,260,265,271,275,283,288,289,290,293,294,297,298,299,301,302,303,306,307,315,320,322,323,325,328,329,331,332,333,336,339,341,344,345,346,347,348,353,354,355,357,360,362,364,372,374,375,378,379
OZ19,164,193,198,199,211,214,218,228,231,232,235,237,238,240,242,243,245,246,247,251,252,263,265,271,273,274,275,280,283,285,287,290,292,293,296,297,300,302,303,304,305,307,308,309,312,316,318,326,329,331,332,335,338,339,340,344,345,346,347,348,349,353,355,362,363,364,366,368,370,377
OZ20,226,227,241,250,251,258,259,263,274,277,285,286,288,290,294,305,306,313,314,315,354,356,360,361
OZ21,195,199,200,202,207,212,217,218,221,227,229,230,231,233,235,236,237,238,240,241,242,246,249,251,252,256,259,260,263,265,268,272,276,277,282,283,285,288,289,292,293,295,296,298,302,304,305,307,313,314,321,323,327,330,332,333,336,339,340,341,344,345,346,347,356,360,363,368,369,372,373,375,378,379
OZ22,199,202,212,217,218,221,229,231,236,237,238,240,242,246,249,263,265,272,276,285,288,289,293,294,295,296,298,302,303,304,305,307,313,314,315,326,330,333,339,340,344,345,347,354,356,363,366,368,372,378
OZ23,193,202,212,214,215,217,218,221,227,229,230,233,234,236,237,238,240,241,242,244,245,246,249,256,257,259,260,263,272,274,276,285,286,288,289,291,293,294,295,296,297,298,300,303,304,307,308,313,314,315,316,317,327,333,335,336,339,340,341,344,347,354,355,356,359,360,362,363,364,368,372,378
OZ24,198,212,217,227,229,232,238,241,243,246,251,258,263,274,276,277,280,284,286,287,288,290,292,294,298,301,305,306,307,308,313,314,315,322,326,332,333,339,344,349,353,354,356,361,366,374
OZ25,203,216,220,223,229,232,234,241,251,252,254,255,258,266,267,272,287,289,293,295,296,298,299,301,303,304,309,312,313,314,317,325,329,330,334,337,347,356,361,363,375,379
OZ26,200,202,212,216,217,221,223,230,232,237,238,241,243,244,245,246,247,257,268,271,274,276,277,280,283,284,285,286,287,290,291,292,293,296,298,300,301,305,308,313,314,316,317,323,326,329,330,334,335,337,338,339,340,344,345,348,349,356,358,359,363,366,372,375,378,379
OZ27,214,217,218,227,228,231,232,233,235,237,240,242,243,247,252,253,258,259,260,271,274,275,280,287,288,290,292,293,294,296,297,298,301,302,303,304,305,307,308,312,313,314,326,327,329,331,332,336,338,340,346,348,349,354,355,356,358,360,361,362,363,364,366,368,370,377
OZ28,202,216,217,218,221,223,227,228,232,233,234,235,240,242,244,245,251,253,256,257,258,259,260,261,262,263,271,277,283,284,286,287,288,290,300,301,303,309,312,314,315,316,317,326,327,330,332,334,335,336,337,345,347,355,359,360,361,366,368,369,370,372,377,378
OZ29,212,215,216,217,218,223,227,230,232,233,234,235,238,240,242,246,252,258,259,260,262,263,271,275,276,277,283,285,286,287,291,294,295,297,301,302,303,307,308,309,313,315,327,331,332,334,336,337,339,341,344,346,347,354,356,360,361,362,368,369
OZ30,215,216,217,218,223,228,230,237,240,241,242,243,247,251,252,253,261,262,274,275,277,280,283,288,291,292,293,294,296,301,305,307,309,312,313,329,331,334,337,338,340,341,346,347,348,349,354,355,356,358,363,368,370,377
OZ31,218,228,229,234,237,240,241,242,249,251,253,258,272,274,277,284,285,286,289,290,293,294,296,301,302,303,304,306,312,333,340,345,347,354,361,363,368,369
OZ32,217,230,238,246,256,257,263,267,271,285,291,297,302,304,344,362
OZ33,211,213,216,223,228,229,230,232,237,238,244,246,247,248,249,251,258,259,262,263,266,267,271,273,274,276,284,286,287,291,293,294,295,296,301,305,306,307,312,313,315,317,320,322,326,327,328,329,330,332,333,334,337,338,339,340,344,345,347,348,354,356,359,360,361,363,365,366,369,370,374,377
OZ34,228,232,233,234,235,237,240,241,242,249,250,251,252,253,254,255,256,257,258,260,262,266,267,283,284,285,287,288,290,293,294,301,302,303,304,305,306,309,312,313,326,327,332,333,336,340,341,345,346,354,356,361,366,368,371,376
OZ35,229,230,254,255,256,257,266,267,271,272,289,291,295,296,297,298,302,303,362,363
OZ36,216,223,227,232,233,234,235,241,244,245,256,257,259,260,261,262,263,271,285,287,288,294,298,300,303,304,306,314,315,317,326,327,330,332,334,335,336,337,345,354,355,359,360,366
OZ37,227,232,233,234,235,237,240,242,248,249,250,252,253,254,255,256,257,259,260,262,263,267,283,285,286,287,290,294,295,300,301,303,304,306,309,313,320,328,332,335,336,339,341,346,354,356,357,360,368,369,371,376
OZ38,230,232,233,234,235,237,238,246,248,249,252,253,254,255,260,262,271,274,283,286,287,288,290,291,295,297,298,300,302,303,305,306,309,313,315,320,328,332,335,336,339,341,344,346,356,357,362,369,370,377
OZ39,234,237,241,243,247,249,251,252,253,256,257,258,263,267,272,274,277,280,284,292,293,295,296,297,298,301,307,308,312,313,314,315,333,340,345,346,347,348,349,356,359,361,362,363
OZ40,232,252,261,262,274,277,283,286,287,288,298,303,305,309,313,329,332,338,341,346,347,355,356,369
OZ41,213,233,235,238,243,245,246,251,252,253,254,255,258,260,261,266,271,272,276,277,280,284,285,286,292,293,296,297,304,305,308,312,315,326,329,333,336,338,340,344,346,349,355,357,359,361,362,363,365,366,370,377
OZ42,233,235,238,240,241,242,246,250,251,256,257,258,260,261,263,267,285,286,298,301,326,327,329,336,338,344,355,361,366,368,370,371,376,377
OZ43,238,239,241,243,246,247,249,251,252,256,257,261,262,263,264,267,274,277,280,283,284,291,292,294,297,301,304,306,307,308,309,314,315,321,329,331,333,338,341,344,345,346,348,349,354,355,358,362,369,370,373,377
OZ44,239,240,242,243,247,249,250,252,256,257,258,259,261,262,264,267,274,277,280,283,284,285,286,291,292,294,297,301,304,306,307,308,309,314,315,321,329,331,333,338,341,345,346,348,349,354,355,358,360,361,362,368,369,371,373,376
OZ45,240,242,243,247,249,250,252,254,255,256,257,259,261,262,263,266,267,271,274,277,280,283,284,286,292,294,295,296,297,301,304,307,308,309,314,315,329,333,338,341,345,346,348,349,354,355,358,360,362,363,368,369,371,376
OZ46,241,243,247,249,252,254,255,256,257,261,262,263,266,267,271,274,277,280,283,284,292,294,295,296,297,301,304,307,308,309,314,315,329,333,338,341,345,346,348,349,354,355,358,362,363,369
OZ47,243,244,245,247,249,252,254,255,256,257,266,267,280,284,285,286,292,294,295,296,297,298,299,300,305,306,307,308,313,314,315,333,335,338,347,348,349,354,356,358,359,362,363,369
OZ48,244,245,248,249,252,254,255,259,272,277,288,290,293,294,296,299,301,312,315,320,326,327,328,338,339,340,345,347,354,357,358,360,363,366
OZ49,248,256,257,259,261,262,266,267,271,272,274,283,293,294,295,297,300,301,309,312,313,315,320,326,327,328,329,335,338,339,340,341,345,347,354,355,356,357,358,359,360,362,366,369
OZ50,254,255,263,266,280,284,295,296,303,304,332,363
OZ51,249,252,280,284,285,286,288,290,292,302,303,305,306,332,345,346,347,369
OZ52,286,292,302,305
OZ53,256,257,259,267,274,288,294,297,298,301,315,326,327,339,354,360,362,366
OZ54,262,267,290,299,313,317,329,330,346,356
OZ55,280,284,285,303,306,332
OZ56,231,237,252,253,259,261,271,272,277,283,290,293,295,296,299,301,309,312,315,326,327,338,339,340,341,347,355,358,359,360,363,366
OZ57,245,247,253,263,271,277,285,288,290,294,295,300,304,306,307,313,314,335,345,348,354,356
OZ58,247,259,267,271,274,288,290,294,298,299,301,302,307,313,314,315,317,326,327,329,330,333,339,346,348,354,356,358,360,366
OZ59,259,261,263,267,271,274,283,285,288,290,294,298,299,301,302,303,304,306,309,315,317,326,327,330,332,333,338,339,341,346,347,354,355,358,360,366
OZ60,252,253,263,277,285,294,295,304,306,346,354,369
OZ61,253,261,271,274,277,283,288,290,294,295,302,303,309,329,332,333,338,341,347,354,355,358
OZ62,261,329,338,355
OZ63,267,272,274,277,288,293,298,299,302,303,312,317,329,330,332,333,340,346,359,369
OZ64,274,288,293,302,312,333,340,369
OZ65,277,283,290,303,309,332,341,347
