X0,0,70,131,177,209,360
X1,1,99,142,206,238,318
X2,2,20,30,213,321,359
X3,3,44,108,111,283,354
X4,4,37,193,298,323,350
X5,5,13,85,91,293,356
X6,6,27,106,224,348,351
X7,7,189,235,257,284,328
X8,8,22,97,213,289,306
X9,9,166,190,247,260,291
X10,10,46,207,248,340,364
X11,11,21,71,176,337,376
X12,12,54,215,289,310,370
X13,13,129,163,187,264,294
X14,3,14,59,91,325,368
X15,15,84,163,203,319,320
X16,16,52,157,191,330,375
X17,17,94,125,134,188,245
X18,18,95,135,147,290,353
X19,19,31,208,271,335,336
X20,2,134,139,222,250,349
X21,11,42,141,272,292,372
X22,22,48,165,202,262,363
X23,23,72,115,214,253,371
X24,24,73,122,227,339,375
X25,25,38,128,219,305,365
X26,26,105,106,232,239,316
X27,27,111,144,161,244,317
X28,28,81,124,256,276,319
X29,29,66,110,159,222,243
X30,18,30,31,64,211,379
X31,32,66,147,165,205,300
X32,33,67,115,208,267,322
X33,34,35,76,178,273,381
X34,35,113,210,236,269,380
X35,36,175,270,295,333,334
X36,37,169,199,282,308,382
X37,38,122,175,274,299,362
X38,33,39,65,120,211,358
X39,40,50,101,233,313,345
X40,41,170,174,214,273,370
X41,21,45,102,177,181,265
X42,43,59,92,160,232,282
X43,14,251,261,328,343,365
X44,45,121,180,196,217,341
X45,46,99,103,124,245,284
X46,47,104,110,169,285,353
X47,8,32,57,210,288,378
X48,49,68,84,102,200,331
X49,40,57,142,220,253,376
X50,51,53,154,209,255,371
X51,52,96,174,236,300,349
X52,53,86,179,263,280,293
X53,12,28,189,246,288,345
X54,55,89,94,148,161,233
X55,56,74,125,180,260,276
X56,50,62,81,155,317,363
X57,58,87,135,140,223,334
X58,43,137,155,205,355,379
X59,60,98,150,309,351,383
X60,61,112,119,197,279,383
X61,62,113,160,198,285,374
X62,7,63,206,225,291,316
X63,64,130,218,229,255,302
X64,0,65,123,176,266,287
X65,48,218,256,263,346,358
X66,67,87,221,254,301,304
X67,49,187,188,254,290,359
X68,69,117,168,201,246,298
X69,70,78,83,164,313,373
X70,71,150,238,310,315,382
X71,72,131,136,198,244,378
X72,23,24,120,178,303,361
X73,56,61,75,181,261,272
X74,39,75,201,235,262,277
X75,76,133,138,221,264,336
X76,77,173,212,274,311,361
X77,78,136,182,192,204,216
X78,79,105,167,207,309,337
X79,80,107,141,223,226,240
X80,54,162,168,239,318,325
X81,82,88,93,200,204,280
X82,55,83,103,184,278,330
X83,15,92,132,148,346,354
X84,42,85,100,275,279,281
X85,25,86,132,137,275,369
X86,51,74,82,277,287,320
X87,88,138,156,259,348,373
X88,89,90,139,140,203,356
X89,90,95,109,145,230,352
X90,34,68,121,227,268,271
X91,16,93,126,133,265,377
X92,17,77,190,234,331,335
X93,19,20,69,202,212,342
X94,10,96,228,247,278,321
X95,41,97,157,237,312,350
X96,60,130,171,182,281,305
X97,1,101,126,172,360,364
X98,9,80,100,196,257,368
X99,29,158,344,347,357,374
X100,104,146,149,185,338,352
X101,26,144,153,216,308,366
X102,63,79,108,230,241,329
X103,98,107,179,192,294,324
X104,6,114,249,324,327,372
X105,109,242,314,323,344,367
X106,47,143,162,193,251,369
X107,112,158,286,315,362,366
X108,114,116,217,252,311,333
X109,73,237,241,327,332,340
X110,116,167,172,191,268,292
X111,36,117,194,219,258,338
X112,118,199,215,242,307,339
X113,118,119,170,220,266,299
X114,123,194,197,303,342,343
X115,127,183,252,307,332,357
X116,128,183,286,296,302,304
X117,5,44,58,151,225,326
X118,143,149,229,295,301,355
X119,145,164,186,224,250,283
X120,146,151,166,248,312,367
X121,152,195,231,269,296,322
X122,153,154,171,267,347,380
X123,156,159,195,249,314,329
X124,4,228,234,258,297,306
X125,173,185,240,297,326,341
X126,152,184,186,243,377,381
OX0,103,113,124,125,130,135,140,148,151,155,157,158,159,160,161,166,170,174,175,182,188,189,190,192,194,195,199,201,203,204,205,208,210,211,214,215,216,219,224,228,230,231,237,239,240,242,244,245,248,251,255,262,263,269,270,271,273,274,276,278,282,283,290,296,300,301,302,308,310,311,314,317,318,319,321,322,325,326,330,331,333,334,336,341,342,346,347,349,355,356,357,358,359,361,369,373,377,379,381,382
OX1,102,121,122,130,155,160,166,171,175,176,177,179,180,181,182,183,190,192,205,217,219,223,226,232,238,240,247,251,257,260,261,265,272,274,279,282,286,291,292,294,296,299,302,304,309,310,315,324,325,328,337,341,343,351,355,362,369,372,376,379,382,383
OX2,122,124,125,130,135,140,147,155,159,160,163,164,166,168,182,183,185,186,187,188,192,194,195,196,198,201,202,204,205,206,208,211,213,216,218,220,222,223,224,226,229,230,232,234,238,242,244,246,247,249,251,253,255,257,258,259,260,261,264,270,271,275,282,283,284,286,290,291,293,294,295,296,297,298,299,304,305,311,318,321,323,325,326,328,329,331,333,334,336,338,341,342,343,344,348,349,352,353,355,356,359,361,362,367,369,373,376,378
OX3,124,125,134,139,151,155,159,160,164,182,183,186,188,192,195,196,198,204,205,206,212,216,220,223,224,229,230,231,232,234,238,242,244,247,248,249,250,251,252,253,257,260,261,270,274,282,283,284,291,295,297,301,307,311,312,318,323,325,326,328,329,331,332,335,338,341,343,344,348,357,361,365,373,376,378,379
OX4,113,132,133,134,135,137,138,139,140,147,148,151,159,161,166,168,171,172,175,176,177,178,179,180,181,185,188,191,194,195,196,200,201,202,203,204,207,208,210,211,212,213,216,218,219,221,222,224,227,230,236,238,241,244,246,248,250,252,254,255,258,259,265,269,270,272,273,275,279,283,293,298,301,302,305,310,311,312,314,315,317,319,320,321,327,331,334,335,341,342,346,349,352,353,355,356,367,373,376,379,380,381,382,383
OX5,111,151,155,159,160,161,172,182,183,185,190,191,192,195,196,204,205,207,216,217,223,224,229,231,232,240,241,242,244,247,248,251,257,260,261,268,270,282,291,292,295,301,307,309,311,312,317,323,324,325,327,328,332,333,337,338,343,344,351,357,365,372,373,379
OX6,130,134,135,139,140,147,148,151,155,159,160,161,168,175,182,183,185,190,192,194,195,196,201,202,203,204,205,208,211,212,213,216,218,219,222,223,231,232,240,244,246,247,248,249,250,251,252,255,257,258,260,261,271,282,290,291,298,301,302,307,312,314,317,321,325,328,329,332,333,334,335,336,342,343,348,349,352,353,356,357,359,365,367,373
OX7,131,134,135,136,139,140,147,148,151,154,158,161,166,168,170,175,178,183,185,197,199,201,202,203,208,211,212,213,214,215,218,219,222,227,229,237,238,241,242,244,246,248,250,255,258,266,271,274,290,296,298,304,307,310,312,317,321,327,332,335,336,340,343,349,352,353,356,359,361,366,367,371,375,376,379,382
OX8,132,133,135,137,138,140,151,163,166,172,175,176,177,178,179,180,181,182,187,188,189,190,191,192,198,200,205,206,207,208,210,211,216,218,219,224,226,227,229,230,235,236,238,239,240,241,244,247,249,251,252,256,260,261,263,264,265,269,270,271,272,273,279,282,283,284,285,290,294,304,308,310,311,315,319,320,322,325,326,327,329,331,336,341,343,347,348,356,359,363,366,369,374,376,379,381,382,383
OX9,134,139,147,148,161,163,166,171,175,183,185,187,189,202,203,205,206,208,211,213,216,219,221,222,223,226,229,231,232,235,239,244,248,250,252,254,255,256,257,259,262,263,264,275,284,290,291,293,294,295,301,302,304,305,307,308,312,317,321,322,326,328,332,333,338,346,347,349,352,353,355,357,358,359,363,365,366,367,369,380
OX10,155,160,162,199,205,228,234,251,258,282,297,298,306,308,323,350,355,369,379,382
OX11,135,140,147,151,158,159,163,164,168,171,183,186,187,189,194,195,198,201,206,210,212,216,218,221,222,223,224,226,230,232,235,239,242,244,246,252,254,255,257,258,259,262,264,270,271,275,283,284,291,293,294,295,296,298,300,302,304,305,307,308,314,323,326,328,332,334,335,336,338,342,352,353,355,356,358,365,366,367,369,379
OX12,126,150,167,172,176,177,238,310,315,337,376,382
OX13,133,138,148,158,159,161,162,163,168,170,178,182,187,192,195,197,201,203,204,208,210,211,212,215,216,226,227,228,231,234,236,237,238,241,242,244,246,249,251,252,253,262,264,266,269,271,273,274,275,282,285,293,294,295,296,297,302,304,305,306,308,310,314,317,323,327,329,333,334,335,336,338,340,343,348,350,357,358,361,365,366,373,374,375,376,378,380,381
OX14,147,157,159,168,170,171,172,174,176,177,178,179,180,181,183,189,191,196,197,199,201,204,205,206,207,208,211,212,215,216,220,222,223,224,226,227,228,229,230,232,233,235,237,238,240,241,243,244,246,247,248,251,255,256,258,261,262,263,266,270,271,272,273,274,279,282,283,284,285,292,294,295,296,298,304,307,309,313,314,315,317,318,321,323,324,325,327,332,333,334,335,336,337,338,346,347,349,351,352,353,355,357,358,360,361,363,366,367,369,372,373,374,376,383
OX15,148,158,161,162,163,170,175,176,177,180,181,183,185,187,189,190,194,198,200,201,203,206,212,215,217,218,219,221,223,226,228,232,237,238,241,242,253,258,260,262,263,265,268,271,272,275,279,284,293,294,296,298,302,304,305,306,307,308,311,315,317,318,319,320,323,325,326,327,332,335,336,340,342,346,350,358,366,375,376,378,382,383
OX16,125,157,159,162,166,168,171,174,178,182,183,188,190,192,194,195,197,199,204,205,208,211,212,214,218,220,221,223,224,227,229,230,231,232,234,235,236,240,241,246,248,254,255,256,257,266,270,276,283,290,291,295,297,300,301,306,307,308,311,314,319,321,323,325,327,328,331,332,333,335,338,340,341,342,343,349,350,357,359,363,373,375,379,382
OX17,151,158,164,166,168,171,172,175,179,182,186,189,190,191,192,194,195,196,198,200,201,202,206,207,212,213,214,217,219,221,224,226,230,233,235,236,239,240,241,243,246,247,251,252,253,255,258,259,260,261,263,264,265,268,270,271,273,282,283,284,285,292,294,295,298,300,301,304,308,309,311,313,314,317,319,320,321,322,324,325,326,327,335,336,337,338,342,343,344,346,349,351,357,360,365,366,372,374,378,380
OX18,159,164,166,168,171,172,175,183,186,190,191,194,196,200,201,207,208,210,211,212,214,216,217,219,223,224,230,232,233,236,240,241,243,244,246,247,251,253,255,257,258,260,261,262,263,265,268,271,273,282,283,285,291,292,295,296,298,307,309,311,313,314,317,319,320,322,324,325,327,328,332,334,335,336,337,338,342,343,346,351,357,358,360,365,372,374,378,380
OX19,157,170,174,202,205,213,214,215,218,237,239,251,256,262,263,273,306,310,312,318,325,346,350,355,358,363,369,379
OX20,150,164,166,167,168,170,172,175,176,177,179,180,181,182,183,186,190,191,192,198,199,200,202,213,215,216,218,219,222,224,226,230,234,235,237,238,239,241,244,246,248,251,252,253,257,258,260,262,263,265,272,279,281,282,283,285,291,292,294,296,297,298,301,302,305,307,308,309,312,315,318,319,320,321,322,323,324,325,328,329,332,333,334,340,346,349,351,357,358,365,372,374,375,376,378,380
OX21,164,168,171,172,175,182,186,189,191,192,194,195,198,200,201,204,206,207,208,210,211,212,214,217,219,220,224,230,231,232,233,235,236,238,241,243,246,249,251,252,255,258,261,262,263,265,268,270,271,273,282,283,284,285,292,295,296,298,309,311,313,317,318,319,320,322,324,325,327,329,334,335,336,337,338,342,343,346,348,351,358,360,365,372,373,374,376,380
OX22,158,162,170,175,176,177,180,181,185,189,190,194,200,201,206,212,215,217,218,219,220,221,223,228,231,232,237,241,242,252,258,259,260,262,263,264,265,268,270,271,272,279,281,284,296,298,302,304,305,306,308,310,311,318,319,320,323,325,326,327,335,336,340,342,346,350,357,358,366,375
OX23,170,171,175,176,177,178,180,181,188,196,198,200,202,205,213,215,216,218,219,221,224,227,228,229,230,236,237,238,239,241,244,247,248,249,251,252,253,254,255,256,262,265,270,271,272,273,279,283,290,300,301,306,311,312,315,318,319,320,321,325,327,329,331,334,336,340,341,348,349,350,358,359,363,365,375,376,378,379,382,383
OX24,171,172,176,177,179,180,181,182,191,192,195,196,198,199,205,207,220,222,223,226,228,229,231,233,237,240,243,247,248,253,255,256,263,272,279,281,282,285,292,294,296,302,305,308,309,312,313,317,321,322,323,324,337,340,346,349,351,360,363,372,374,375,378,379,380,382
OX25,162,199,201,205,218,228,232,234,235,256,258,261,262,263,297,298,306,308,323,325,343,346,350,355,358,363,365,369,379,382
OX26,176,177,180,181,183,185,188,190,197,200,201,212,218,226,231,234,235,240,252,254,259,260,261,262,263,264,265,266,270,272,274,275,279,281,290,293,294,297,307,311,319,320,326,331,332,335,341,346,357,358,359,361
OX27,179,182,192,198,216,220,238,244,253,275,281,293,310,315,376,378,382,383
OX28,168,172,183,185,188,190,191,194,195,196,197,198,199,200,207,208,211,218,220,222,223,228,229,233,234,235,237,243,246,247,248,252,253,254,258,259,260,261,263,264,265,266,270,271,274,282,285,290,292,295,296,297,298,301,307,308,309,311,312,313,317,319,320,321,322,323,324,326,331,332,336,337,338,340,341,342,346,349,351,355,357,359,360,361,365,369,372,374,375,378,380,382
OX29,166,172,180,181,185,188,189,191,196,197,199,201,205,206,207,212,214,218,220,223,226,228,229,231,234,236,237,248,254,256,257,259,261,262,263,264,266,272,273,274,275,279,282,284,285,290,291,293,294,296,297,300,302,305,308,310,311,312,315,318,321,322,323,326,328,331,335,340,341,346,349,358,359,361,363,374,375,379,380,383
OX30,175,178,188,195,198,199,200,205,214,219,221,222,223,224,226,227,228,230,231,233,237,240,241,243,247,248,249,252,253,254,256,265,270,271,275,282,283,285,290,292,293,294,296,301,302,305,308,309,311,312,313,317,319,320,321,322,323,324,327,329,331,334,336,337,340,341,348,349,351,355,359,360,363,365,369,372,374,375,378,379,380,382
OX31,183,185,188,190,194,196,197,198,199,200,208,211,218,220,223,228,229,231,232,233,251,252,253,254,259,260,263,264,265,266,270,271,274,290,292,295,301,306,307,308,309,311,313,317,319,320,323,324,325,326,331,332,336,337,338,341,342,343,346,350,351,355,357,359,360,361,369,372,378,382
OX32,172,178,191,199,202,205,207,213,218,227,228,236,239,241,242,247,248,251,256,262,263,273,300,306,307,310,312,318,321,325,327,332,346,349,350,355,358,363,369,379
OX33,188,189,199,206,217,221,223,226,232,235,237,240,241,242,251,254,261,268,271,275,281,284,290,293,294,307,308,310,315,318,325,327,331,332,336,340,341,343,359,365,375,383
OX34,178,180,181,185,189,190,194,197,198,200,201,206,212,218,220,221,224,227,229,230,231,232,233,236,237,240,241,247,248,249,251,252,253,259,260,262,263,264,265,266,271,272,273,279,282,283,284,285,292,295,296,300,301,306,309,310,311,312,313,315,317,318,319,320,321,322,324,325,326,327,329,333,335,336,337,338,340,341,342,343,346,348,349,350,351,355,358,360,369,372,374,375,378,380,382,383
OX35,189,195,198,199,200,201,206,217,218,220,222,224,228,230,231,233,237,238,241,243,247,248,249,252,253,262,263,265,268,282,283,284,285,292,296,308,309,311,312,313,317,318,319,320,321,322,323,324,327,329,333,337,340,346,348,349,351,358,360,372,374,375,376,378,380,382
OX36,180,181,185,190,194,197,201,202,212,213,217,221,231,234,235,237,238,239,240,241,242,251,259,260,261,264,266,268,271,272,279,282,285,296,297,306,307,308,315,318,322,323,325,326,327,332,335,336,340,341,342,350,365,374,375,376,380,383
OX37,185,190,194,195,196,197,198,199,200,201,202,205,212,213,220,221,222,223,224,226,228,229,230,233,234,235,239,242,243,247,248,249,251,252,253,256,259,260,261,264,265,266,271,275,283,293,294,297,302,305,306,307,310,311,312,313,317,318,319,320,321,325,326,329,332,333,335,336,341,342,348,349,350,360,363,365,378,379
OX38,194,199,205,208,211,214,217,218,220,221,223,224,226,228,230,231,236,237,238,240,241,247,248,249,252,256,259,263,264,268,273,274,275,281,282,283,285,292,293,294,296,300,308,309,310,312,315,321,322,323,324,327,329,333,337,340,341,342,346,348,349,351,355,361,363,365,369,372,374,375,376,379,380,383
OX39,201,202,213,228,229,232,234,235,239,261,295,297,301,308,310,318,338,343,355,365,369,382
OX40,198,200,202,210,212,213,217,218,221,223,224,226,228,229,230,231,233,237,239,240,241,247,248,249,251,252,259,262,263,264,265,268,271,274,275,282,283,285,292,293,294,296,300,302,305,306,308,309,310,312,313,317,318,319,320,321,322,324,325,327,329,333,335,336,337,340,341,346,348,349,350,351,355,358,360,361,369,372,374,375,380,382
OX41,154,182,190,192,196,199,200,204,205,208,211,214,216,217,218,220,221,223,226,228,229,231,232,233,236,237,238,239,240,244,249,252,255,256,259,260,264,265,267,268,273,275,282,285,292,293,294,296,300,302,305,309,311,312,313,317,318,319,320,321,322,323,324,327,333,337,347,348,349,351,360,363,366,372,373,374,375,376,379,382
OX42,190,196,197,199,210,214,217,232,234,236,237,238,251,253,260,266,268,273,281,292,295,297,301,302,305,307,308,309,310,312,314,315,323,324,325,327,329,332,337,338,341,343,344,351,365,372,375,376,378,383
OX43,182,192,200,202,204,212,213,216,217,218,221,223,226,229,231,233,237,239,240,241,242,244,249,251,252,259,262,263,264,265,268,271,274,275,282,285,292,293,294,296,302,305,306,307,308,309,310,313,317,318,319,320,322,323,324,325,332,333,335,336,337,340,341,346,348,350,351,355,358,360,361,369,372,373,374,375,380,382
OX44,195,202,205,210,212,213,217,218,220,221,222,229,237,238,243,253,256,259,262,263,264,268,271,274,281,300,302,305,306,307,310,311,312,314,315,327,329,332,335,336,344,346,350,358,361,363,375,376,378,379,382,383
OX45,241,242,312,314,323,329,340,344
OX46,199,212,221,223,224,226,228,229,230,231,239,240,242,247,248,249,251,252,259,264,270,271,274,275,283,293,294,296,301,302,304,305,306,310,311,312,314,318,325,327,334,335,336,341,344,348,350,355,361,369
OX47,197,205,208,210,211,214,217,218,221,224,228,230,231,236,237,238,242,247,248,249,252,253,256,259,263,264,266,268,273,282,283,285,296,306,307,308,310,311,322,323,329,332,333,343,346,348,350,355,363,365,369,374,375,376,378,379,380,382
OX48,202,205,213,218,228,229,234,256,262,263,295,297,301,338,346,358,363,379
OX49,205,208,210,211,218,220,221,224,226,229,230,231,232,234,238,239,247,248,249,253,256,259,263,264,275,281,283,286,293,294,295,296,297,299,300,304,306,307,308,312,315,318,321,329,334,338,339,346,348,349,350,357,362,363,376,378,379,383
OX50,210,212,220,221,224,228,229,230,231,238,239,242,247,248,249,251,252,253,259,264,271,274,281,282,283,285,292,296,300,302,305,307,308,309,312,315,318,321,322,323,324,325,329,332,333,335,336,337,348,349,351,355,361,369,372,374,376,378,380,383
OX51,212,217,221,224,228,229,230,231,237,239,242,247,248,249,251,252,259,264,268,270,271,274,281,283,296,301,302,304,305,306,307,310,311,315,318,323,325,329,332,334,335,336,348,350,355,361,369,375,382,383
OX52,232,239,308,310,318,382
OX53,224,229,230,234,239,242,247,248,249,251,252,270,282,283,285,295,297,304,308,310,312,314,318,322,323,325,327,334,338,344,348,355,369,374,380,382
OX54,217,223,226,228,229,234,237,239,240,251,268,275,281,293,294,295,297,301,306,307,310,312,314,315,318,325,327,329,332,338,341,344,350,355,369,375,382,383
OX55,223,226,240,270,275,281,282,285,292,293,294,301,304,308,309,311,315,322,324,333,334,337,341,351,372,374,380,383
OX56,228,247,248,306,312,350
OX57,234,242,247,248,252,270,281,282,285,295,297,302,304,305,308,312,314,315,322,323,327,329,334,338,344,374,380,383
OX58,226,229,239,251,275,282,285,292,293,294,301,302,304,305,308,309,310,318,322,324,325,334,337,351,355,369,372,374,380,382
OX59,214,220,229,236,238,239,242,251,252,270,273,281,282,285,300,301,302,304,305,306,307,308,315,318,321,322,323,325,332,334,349,350,355,369,374,376,380,383
OX60,282,285,286,299,308,314,327,329,332,339,344,347,357,362,366,374
OX61,229,239,251,281,302,305,310,315,318,325,355,369,382,383
OX62,286,299,314,327,329,332,339,344,357,362
OX63,292,309,324,337,351,372
OX64,281,302,304,305,315,322,347,366,380,383
OX65,307,314,327,329,332,344
Z0,0,21,176,177
Z1,1,46,99,364
Z2,2,96,321,349
Z3,3,5,44,91
Z4,4,117,258,298
Z5,5,58,140,356
Z6,6,98,324,351
Z7,7,99,206,284
Z8,8,12,288,289
Z9,9,180,196,260
Z10,10,46,103,278
Z11,11,21,181,272
Z12,12,54,168,246
Z13,13,163,203,356
Z14,14,162,251,325
Z15,15,256,319,346
Z16,16,126,172,191
Z17,17,125,190,260
Z18,18,30,290,359
Z19,19,77,212,335
Z20,20,22,202,213
Z21,0,51,209,287
Z22,8,22,32,165
Z23,23,33,115,120
Z24,24,34,178,227
Z25,25,275,281,305
Z26,26,27,106,144
Z27,27,111,224,283
Z28,28,124,189,284
Z29,29,159,314,344
Z30,19,20,30,31
Z31,31,33,208,211
Z32,18,147,205,379
Z33,23,178,214,273
Z34,34,76,271,336
Z35,35,174,236,273
Z36,36,38,175,219
Z37,37,47,169,193
Z38,38,128,286,362
Z39,39,65,277,287
Z40,1,40,101,142
Z41,41,52,157,174
Z42,42,61,272,279
Z43,43,62,155,160
Z44,44,63,108,225
Z45,45,68,102,121
Z46,40,57,288,345
Z47,47,104,143,149
Z48,39,48,262,358
Z49,17,49,188,331
Z50,28,50,81,345
Z51,51,53,82,280
Z52,52,96,278,330
Z53,53,218,255,263
Z54,54,238,310,318
Z55,55,83,233,313
Z56,56,74,75,277
Z57,57,72,253,378
Z58,58,223,240,326
Z59,59,232,239,325
Z60,60,98,182,192
Z61,61,197,261,343
Z62,62,198,244,317
Z63,63,79,105,316
Z64,64,211,218,358
Z65,65,120,123,303
Z66,66,222,300,349
Z67,67,296,304,322
Z68,68,271,331,335
Z69,69,201,202,262
Z70,70,78,131,136
Z71,71,142,238,376
Z72,10,166,247,248
Z73,73,307,332,339
Z74,74,276,319,320
Z75,75,235,261,328
Z76,24,122,274,361
Z77,77,173,234,297
Z78,70,101,313,360
Z79,3,59,92,354
Z80,80,196,240,341
Z81,50,161,233,317
Z82,11,167,292,337
Z83,83,164,184,186
Z84,49,84,163,187
Z85,85,86,275,293
Z86,86,132,263,346
Z87,87,295,301,334
Z88,88,93,133,138
Z89,89,94,134,139
Z90,90,95,135,140
Z91,85,91,100,368
Z92,43,92,132,137
Z93,93,102,200,265
Z94,55,94,103,245
Z95,90,139,145,250
Z96,2,134,188,359
Z97,4,97,306,350
Z98,60,279,281,383
Z99,7,9,257,291
Z100,79,207,241,340
Z101,72,131,209,371
Z102,78,88,204,373
Z103,15,89,148,203
Z104,95,104,352,353
Z105,105,106,309,351
Z106,26,232,282,308
Z107,107,129,226,294
Z108,108,145,230,283
Z109,109,146,352,367
Z110,29,110,285,374
Z111,111,148,161,354
Z112,112,150,315,383
Z113,113,198,210,378
Z114,114,116,292,372
Z115,115,154,267,371
Z116,114,252,327,332
Z117,41,97,289,370
Z118,118,122,299,339
Z119,119,123,197,266
Z120,48,81,256,363
Z121,116,121,217,268
Z122,76,133,377,381
Z123,112,119,299,362
Z124,124,125,245,276
Z125,32,210,236,300
Z126,16,184,330,377
Z127,127,183,231,296
Z128,128,130,302,305
Z129,129,138,259,264
Z130,130,154,171,255
Z131,45,56,180,181
Z132,118,170,215,370
Z133,87,135,254,290
Z134,136,144,216,244
Z135,137,143,355,369
Z136,107,141,324,372
Z137,37,199,242,323
Z138,42,80,100,141
Z139,71,150,309,337
Z140,146,151,185,326
Z141,66,110,147,353
Z142,36,149,295,338
Z143,69,117,194,342
Z144,109,230,314,329
Z145,152,159,195,243
Z146,153,171,182,216
Z147,155,165,205,363
Z148,156,195,231,259
Z149,73,157,237,375
Z150,158,183,286,357
Z151,35,152,269,381
Z152,160,169,282,285
Z153,162,168,193,298
Z154,13,179,293,294
Z155,164,224,348,373
Z156,151,166,225,291
Z157,167,172,207,364
Z158,14,257,328,368
Z159,170,214,220,253
Z160,153,158,347,366
Z161,126,177,265,360
Z162,173,217,311,341
Z163,175,274,311,333
Z164,176,220,266,376
Z165,179,192,204,280
Z166,6,156,249,348
Z167,127,252,270,333
Z168,185,258,297,338
Z169,186,222,243,250
Z170,187,221,254,264
Z171,189,201,235,246
Z172,190,228,234,247
Z173,191,227,268,375
Z174,194,219,343,365
Z175,82,84,200,320
Z176,199,215,310,382
Z177,206,239,316,318
Z178,67,208,221,336
Z179,113,347,374,380
Z180,212,303,342,361
Z181,213,228,306,321
Z182,223,226,270,334
Z183,229,301,302,304
Z184,237,248,312,340
Z185,241,249,327,329
Z186,242,307,344,357
Z187,25,251,365,369
Z188,267,269,322,380
Z189,308,315,366,382
Z190,312,323,350,367
OZ0,132,141,143,165,169,180,181,184,196,200,205,207,209,210,217,218,220,227,232,235,239,240,244,252,255,256,261,263,265,266,271,276,277,280,282,285,287,317,325,327,328,330,331,332,335,337,341,346,347,355,360,363,364,368,369,372,374,375,376,377,378,380
OZ1,131,141,144,178,204,209,214,215,216,218,220,222,224,226,227,243,244,250,253,255,259,263,264,271,274,280,294,299,324,336,339,348,361,370,372,381
OZ2,145,207,224,230,249,309,327,329,340,351
OZ3,144,148,161,165,178,181,188,192,193,195,201,202,203,204,205,207,214,215,217,218,224,226,230,232,235,236,238,240,244,245,248,250,253,254,257,258,260,262,264,265,266,268,269,270,271,272,274,275,276,277,278,280,281,282,284,285,287,288,289,290,291,292,293,294,295,298,299,302,303,304,305,306,310,311,313,315,316,317,318,319,321,325,328,329,330,336,337,338,339,341,342,344,345,346,348,349,352,353,355,356,359,363,365,366,367,368,369,370,373,374,375,376,377,378,381,382
OZ4,141,143,161,169,174,178,180,181,184,188,193,196,201,202,203,204,207,209,214,216,220,222,227,232,233,238,239,240,243,244,245,247,249,254,257,259,260,261,262,264,265,266,270,271,274,279,280,281,282,284,287,288,289,290,293,294,297,298,301,303,305,306,310,311,314,318,320,321,324,327,330,332,333,336,337,342,344,345,348,349,351,353,356,357,359,360,362,364,365,366,371,372,375,376,377,378,381,383
OZ5,143,148,154,161,169,181,188,193,197,200,202,203,207,210,220,222,227,230,235,236,243,244,245,246,248,249,253,254,256,258,261,262,265,269,271,274,278,279,280,281,284,289,290,293,295,296,298,299,304,305,306,309,310,311,313,319,321,327,329,330,331,332,333,335,338,342,344,345,346,348,349,351,352,353,356,357,359,365,367,371,373,375,377,378,380,382
OZ6,184,188,192,200,201,203,204,209,218,221,222,224,225,228,230,234,235,243,245,246,248,250,254,255,258,260,263,264,276,278,284,291,293,294,297,313,314,319,326,329,331,338,345,348,352,356,360,364,367,373
OZ7,177,188,192,200,201,203,204,209,218,221,222,224,228,234,235,243,245,246,247,250,254,255,260,263,264,265,276,284,293,294,313,319,331,345,348,356,373,377
OZ8,148,154,174,178,180,181,197,200,203,205,214,217,224,231,233,235,236,249,250,252,254,256,259,265,268,271,272,274,276,277,280,285,286,290,292,293,296,300,301,313,314,320,327,328,331,332,335,343,344,346,349,351,353,355,356,361,362,371,373,374,377,380,381,383
OZ9,154,161,165,174,188,192,193,195,200,201,202,203,204,205,210,217,222,233,235,238,243,245,247,254,255,256,257,260,262,263,264,273,275,276,277,281,284,285,288,289,290,293,294,296,297,298,301,302,303,305,306,310,311,314,317,318,320,321,325,328,331,335,336,341,342,344,345,349,353,355,356,359,361,363,365,368,369,374,380,381
OZ10,161,174,178,181,200,207,210,214,215,222,224,225,230,233,236,243,244,247,248,250,253,256,258,263,265,266,268,271,272,273,274,278,280,287,291,292,297,299,313,314,319,320,326,329,330,331,335,337,338,339,348,352,361,367,370,373,375,376,377,378
OZ11,178,180,188,192,200,201,203,204,207,214,215,217,221,222,224,225,228,230,234,243,245,246,248,250,252,253,254,256,258,260,261,263,264,266,272,274,277,278,284,287,291,293,294,297,299,313,314,319,326,327,328,329,330,331,332,337,338,339,345,348,352,356,361,367,370,372,373,375,376,381
OZ12,165,174,188,192,193,201,202,207,216,217,220,221,222,224,225,227,228,230,231,234,235,238,243,244,245,247,248,250,252,257,258,262,266,268,269,270,273,275,277,278,281,284,286,287,288,289,291,292,298,300,303,304,305,306,310,311,313,314,317,318,321,324,325,326,328,329,330,333,335,336,337,338,341,342,345,347,348,352,357,359,361,363,365,366,367,368,369,372,373,375,376,378,380,381
OZ13,174,180,181,188,195,201,203,204,205,207,216,217,218,220,221,224,225,227,228,230,231,234,236,245,246,248,250,256,258,260,261,264,265,266,270,271,273,277,278,280,284,285,286,287,290,291,293,294,297,300,301,302,313,319,324,326,327,328,329,330,332,333,335,337,338,344,345,347,348,349,352,353,355,356,357,366,367,373,374,375,376,377,380,381
OZ14,180,181,203,204,205,207,210,216,217,218,220,221,222,224,225,227,228,230,231,234,235,236,243,248,250,256,258,260,261,264,265,266,269,270,271,277,278,280,286,287,288,291,293,294,297,300,301,302,313,314,319,324,326,327,328,329,330,332,333,335,337,338,345,347,348,352,355,356,357,366,367,373,375,376,377,380
OZ15,181,195,197,204,215,216,220,221,227,228,234,247,249,252,253,255,256,259,260,261,263,264,265,269,270,271,273,276,280,294,299,302,304,324,333,335,339,343,347,348,351,357,362,366,370,371,377,380,381,383
OZ16,195,207,225,227,230,231,247,248,249,258,259,268,278,291,292,297,309,314,326,329,330,338,348,351,352,367,372,375
OZ17,188,202,210,219,222,224,225,226,227,231,235,240,243,245,246,247,250,254,258,259,262,268,269,270,273,284,285,288,289,290,291,292,295,298,301,306,307,321,323,326,327,332,339,342,343,344,348,353,359,365,370,372,374,381
OZ18,225,226,231,232,240,252,269,282,286,295,301,304,315,316,326,333,347,357,380,382
OZ19,169,197,202,203,205,207,210,215,217,218,219,221,227,228,230,231,232,234,236,238,246,247,248,252,257,261,262,263,268,269,270,272,274,277,278,282,288,289,290,291,292,293,295,297,298,300,302,303,304,306,307,309,314,315,316,318,320,321,323,325,328,329,330,335,336,338,341,342,343,344,347,352,353,355,356,359,361,362,365,367,368,375,380,383
OZ20,193,200,201,202,203,204,205,207,209,210,216,219,220,221,227,228,231,234,236,238,246,247,248,252,255,256,257,258,260,262,263,264,266,268,269,270,275,276,281,286,287,288,289,292,293,294,300,301,302,305,306,307,310,318,320,323,324,325,328,331,332,333,337,339,340,342,343,347,355,356,357,360,364,366,367,368,369,372,376,380
OZ21,197,201,202,203,205,207,219,222,224,226,230,235,236,240,243,248,250,252,254,256,259,261,262,263,266,269,272,273,274,277,278,287,289,293,295,296,297,298,299,300,303,304,306,307,309,314,319,321,323,327,328,329,330,332,333,338,339,342,343,344,348,352,355,356,357,359,361,365,367,370,372,375,381,383
OZ22,192,196,201,205,210,216,217,218,220,221,224,228,234,238,239,246,247,250,253,255,256,257,259,264,268,270,271,274,277,288,291,292,294,299,300,301,303,315,316,318,319,320,327,328,332,333,335,343,347,348,349,355,357,361,366,371,372,380
OZ23,202,217,218,219,221,226,228,231,234,235,238,240,252,256,257,258,262,266,285,286,287,289,290,296,299,302,304,306,310,318,319,320,321,325,335,336,341,342,343,353,357,359,362,365,368,374
OZ24,196,201,217,221,224,227,228,232,234,236,238,239,246,248,249,250,253,255,257,259,264,266,270,271,274,277,278,282,287,294,299,302,303,304,309,313,314,318,324,328,330,332,333,335,337,340,343,345,347,349,351,357,361,367,371,373,375,376,380,382
OZ25,207,217,227,230,235,247,248,249,252,254,258,259,260,261,264,270,271,272,276,277,278,285,290,294,295,297,301,309,319,320,324,327,328,329,330,332,336,338,341,344,348,351,352,353,367,372,374,375
OZ26,205,217,218,219,221,222,234,243,244,246,248,254,256,258,262,273,277,278,288,289,297,298,300,301,302,303,304,306,307,311,317,319,320,321,323,330,332,335,336,339,340,341,343,349,355,359,361,363,365,367,370,375,378,381
OZ27,200,203,204,209,214,216,218,219,224,227,228,230,232,235,236,244,246,247,248,249,250,253,254,255,261,262,263,266,269,271,272,282,285,286,287,288,289,290,291,293,295,296,298,299,301,303,306,307,309,311,315,316,317,320,323,328,329,331,333,335,337,338,339,343,349,351,352,353,356,357,360,361,362,363,364,365,366,367,370,372,374,376,378,382
OZ28,201,209,210,214,217,219,220,222,226,227,228,230,231,232,236,238,240,243,244,246,253,254,255,257,259,260,261,262,264,266,269,270,271,272,273,276,278,282,285,286,287,289,290,291,294,295,301,302,303,306,310,311,313,314,315,316,317,318,319,320,324,325,328,329,330,332,336,338,340,341,343,344,345,347,349,352,353,357,360,361,363,364,365,368,372,373,374,375,378,380,381,382
OZ29,214,219,220,221,226,234,235,236,240,244,246,247,249,250,253,254,256,258,260,261,262,264,268,269,270,271,272,276,278,283,285,286,288,289,290,292,294,296,297,298,299,303,306,307,311,314,317,323,324,328,330,333,335,339,343,346,349,353,354,357,361,362,363,365,370,374,375,378
OZ30,209,210,217,219,220,222,230,231,232,243,246,248,249,250,252,255,256,260,261,264,268,270,271,272,273,274,276,278,279,281,282,283,285,286,288,289,290,291,292,294,295,296,297,298,299,301,302,303,304,305,306,307,309,315,316,321,323,324,329,330,336,337,338,339,341,343,346,347,352,353,354,359,360,361,364,367,370,374,375,376,380,381,382,383
OZ31,203,204,215,216,218,221,222,224,228,231,232,234,235,243,248,249,250,252,253,254,255,256,260,264,268,270,271,273,274,276,277,278,280,282,285,286,290,291,292,293,294,296,303,309,314,315,316,320,324,327,328,330,333,335,337,339,340,343,351,353,356,357,361,362,366,367,370,371,372,374,375,376,381,382
OZ32,217,219,222,226,227,231,232,240,243,246,248,249,250,253,254,255,256,258,259,260,261,264,269,270,271,272,273,274,276,279,281,282,283,285,289,290,291,294,298,302,303,304,305,306,307,309,313,314,315,316,323,324,327,333,336,337,339,340,341,343,344,345,346,347,353,354,357,361,362,367,370,371,372,373,374,376,380,381,382,383
OZ33,204,216,218,220,221,224,226,232,234,236,240,244,250,254,260,261,262,263,264,268,269,270,271,272,274,276,277,279,280,281,282,285,288,290,291,292,294,296,297,299,302,305,309,311,313,315,316,317,319,320,324,327,332,333,335,337,345,348,349,353,357,363,365,366,373,374,376,378,382,383
OZ34,219,220,222,227,243,246,248,250,253,255,256,258,261,266,268,272,273,274,279,281,283,286,287,289,292,298,302,303,305,306,307,313,319,320,323,332,339,340,343,345,346,348,351,354,361,362,367,370,371,373,381,383
OZ35,227,231,232,247,248,252,254,268,269,270,278,282,285,286,290,291,292,304,315,316,327,330,333,340,344,347,353,357,367,372,374,375,380,382
OZ36,210,226,228,235,236,240,244,248,249,250,253,255,256,261,262,264,266,268,270,271,272,279,281,283,285,286,287,290,292,294,297,299,302,303,305,309,311,314,317,319,320,321,324,328,332,333,336,337,340,343,346,349,353,354,357,359,361,362,363,365,367,371,374,376,378,383
OZ37,220,221,226,234,240,249,252,259,261,272,274,295,297,299,301,303,309,314,333,335,336,337,343,344,348,351,357,361,372,376
OZ38,215,222,226,231,234,236,240,243,244,247,248,253,255,259,260,261,262,264,269,270,272,273,274,276,277,278,279,281,286,288,294,297,302,305,309,311,313,317,319,320,324,330,332,333,335,336,337,339,340,344,345,349,357,362,363,365,367,370,371,372,373,375,376,378,381,383
OZ39,218,228,231,234,238,239,244,247,253,254,255,256,259,262,268,271,277,279,281,285,286,288,290,291,292,295,296,301,303,305,309,311,313,315,316,317,318,319,320,327,332,333,335,337,343,345,353,357,361,363,365,371,372,373,374,376,378,383
OZ40,226,228,231,232,240,247,252,269,282,286,291,295,297,301,304,315,316,333,347,357,380,382
OZ41,221,224,228,231,232,234,236,244,247,250,252,254,261,262,264,266,268,270,271,272,277,282,285,287,288,290,291,292,294,295,296,299,301,303,304,311,313,315,316,317,324,327,332,335,343,345,347,348,349,353,361,362,363,373,374,378,380,382
OZ42,228,232,234,235,236,238,239,244,248,250,256,261,262,266,268,271,272,279,281,282,283,285,286,287,288,290,292,295,299,301,303,304,305,311,313,317,318,319,320,321,328,332,333,335,340,343,344,345,346,347,348,349,351,353,354,357,359,361,362,363,365,367,373,374,378,380,382,383
OZ43,232,254,260,266,269,276,282,285,287,290,291,296,299,304,315,316,319,320,347,353,362,374,380,382
OZ44,224,231,235,244,247,248,249,252,253,254,255,256,260,261,262,264,268,270,271,272,276,279,281,283,288,292,294,295,296,301,302,303,305,309,311,313,314,317,321,324,328,332,336,337,340,343,345,346,348,354,359,361,363,365,367,371,373,376,378,383
OZ45,231,238,239,244,246,247,248,249,253,254,255,259,261,262,266,272,277,278,285,287,288,290,291,295,296,298,299,301,302,303,307,309,311,314,315,316,317,318,323,330,332,333,337,339,340,343,344,348,351,353,361,362,363,367,371,372,374,375,376,378
OZ46,222,238,243,246,250,253,254,255,256,257,264,266,268,271,273,274,278,283,287,292,294,298,299,302,303,304,307,309,310,313,318,319,320,321,323,324,325,328,330,336,337,339,343,344,345,346,348,351,354,357,359,361,368,370,371,372,373,375,376,381
OZ47,234,239,246,248,252,254,257,259,260,266,268,270,271,274,276,278,286,287,289,291,292,298,299,303,304,306,307,310,313,315,316,319,320,321,323,325,327,328,330,333,335,339,340,343,345,359,361,367,368,372,373,375
OZ48,235,254,261,264,266,268,271,272,274,277,285,287,290,292,294,295,299,301,311,324,327,328,332,333,336,353,357,374
OZ49,236,244,247,248,249,250,252,253,255,256,259,260,262,266,269,270,274,276,277,279,281,283,285,287,288,290,296,299,302,303,305,309,313,314,317,321,327,333,337,340,343,345,346,349,353,354,357,359,361,363,365,367,371,373,374,376,378,383
OZ50,238,239,246,247,248,249,253,255,264,268,271,278,286,291,292,294,298,302,307,309,313,314,315,316,318,323,324,327,330,336,337,339,340,344,345,348,351,357,367,371,372,373,375,376
OZ51,253,255,274,279,281,286,302,303,305,309,337,343,361,362,365,371,376,383
OZ52,246,252,259,270,278,285,290,298,307,313,321,323,330,333,339,344,345,353,359,373,374,375
OZ53,247,248,252,254,260,261,264,266,268,271,272,274,276,287,292,294,295,299,301,303,319,320,321,324,327,333,336,340,343,344,357,359,361,367
OZ54,244,249,259,262,266,270,274,277,287,288,299,311,313,314,317,327,332,333,344,345,357,363,373,378
OZ55,252,261,264,268,271,272,292,294,303,311,324,327,332,336,343,361
OZ56,248,254,261,264,268,271,272,285,290,292,294,295,301,303,311,324,327,333,336,340,343,344,353,361,367,374
OZ57,259,264,268,270,271,274,279,281,286,292,294,295,301,303,304,305,324,336,343,348,351,361,362,365,372,383
OZ58,239,254,257,260,261,264,266,268,271,272,274,276,285,287,290,291,292,294,295,299,301,311,316,319,320,324,325,327,328,332,333,336,353,357,368,374
OZ59,249,254,261,264,268,271,272,285,290,292,294,295,301,303,311,314,324,333,336,343,344,353,361,374
OZ60,230,254,258,278,286,289,304,306,307,310,314,315,321,329,330,338,339,344,352,357,359,375
OZ61,274,286,295,301,304,311,333,362
OZ62,254,269,285,290,296,304,347,353,374,380
OZ63,261,264,268,269,271,272,292,294,295,296,301,303,304,311,324,327,332,333,336,343,347,357,361,380
OZ64,264,268,271,292,294,324,336,372
OZ65,278,285,290,307,321,330,339,353,357,359,374,375
