X0,0,182,234,272,332,336
X1,1,116,118,247,259,361
X2,2,122,126,227,296,365
X3,3,67,179,283,343,380
X4,4,71,74,180,197,287
X5,5,63,199,233,300,333
X6,6,65,82,148,281,345
X7,7,87,123,218,298,366
X8,8,170,183,314,356,365
X9,9,67,109,133,177,324
X10,10,69,72,176,308,362
X11,11,33,151,155,297,353
X12,12,32,53,65,139,142
X13,13,45,206,207,240,249
X14,14,46,55,202,230,243
X15,15,61,108,277,334,381
X16,16,72,119,210,285,336
X17,17,59,159,172,204,305
X18,18,27,181,279,289,330
X19,19,35,161,168,190,240
X20,20,237,270,283,284,330
X21,21,83,132,165,238,367
X22,22,111,194,279,327,337
X23,23,116,229,332,352,366
X24,24,48,154,212,237,372
X25,25,107,182,281,290,367
X26,26,82,90,232,245,246
X27,18,64,113,118,203,294
X28,28,183,225,274,331,335
X29,29,99,184,273,290,293
X30,30,157,223,275,341,357
X31,31,152,153,292,325,346
X32,32,59,150,224,280,383
X33,11,78,85,204,252,314
X34,34,35,233,270,337,342
X35,19,33,64,98,198,315
X36,36,61,132,193,224,312
X37,37,60,143,153,217,354
X38,38,50,141,154,216,301
X39,39,58,99,192,292,360
X40,40,77,173,215,239,320
X41,41,100,156,170,339,374
X42,17,42,171,287,288,371
X43,43,44,162,186,305,369
X44,44,86,163,303,355,381
X45,45,108,123,267,371,383
X46,46,127,164,181,198,291
X47,47,155,220,226,349,375
X48,48,117,179,207,259,348
X49,4,49,91,166,245,250
X50,20,50,168,197,262,303
X51,41,51,93,146,176,221
X52,52,97,102,120,188,219
X53,53,114,121,175,191,285
X54,54,69,88,135,262,320
X55,14,27,81,214,296,369
X56,56,111,178,244,246,324
X57,57,68,104,159,266,360
X58,58,107,195,248,263,312
X59,12,25,89,203,251,348
X60,16,37,101,329,352,382
X61,36,139,140,180,323,347
X62,62,76,98,126,215,269
X63,54,63,74,115,208,261
X64,34,213,254,257,311,340
X65,21,42,140,220,249,370
X66,66,105,147,282,333,359
X67,3,166,185,308,345,374
X68,57,128,186,225,295,334
X69,10,157,239,250,256,323
X70,7,70,100,191,231,361
X71,71,73,112,117,190,377
X72,60,94,129,135,276,291
X73,31,66,73,101,124,187
X74,5,95,149,297,351,356
X75,56,75,125,196,268,289
X76,62,127,260,278,344,373
X77,77,110,226,274,278,339
X78,78,79,147,178,243,266
X79,23,79,143,221,232,235
X80,80,260,263,265,349,363
X81,81,151,268,269,300,311
X82,9,26,284,294,304,358
X83,55,68,83,148,174,304
X84,84,128,136,267,301,327
X85,85,91,165,258,319,359
X86,39,86,137,164,299,368
X87,87,103,130,316,317,373
X88,88,124,163,189,236,309
X89,89,92,97,114,122,380
X90,51,90,119,199,319,322
X91,6,144,188,223,343,347
X92,92,125,131,134,254,364
X93,93,109,141,231,295,306
X94,40,43,94,137,222,379
X95,95,96,134,219,372,377
X96,47,49,115,238,315,342
X97,29,52,152,212,253,309
X98,96,167,172,187,201,321
X99,102,156,173,209,242,338
X100,103,160,169,196,328,354
X101,24,104,138,236,331,368
X102,105,131,184,313,351,382
X103,106,150,227,310,341,364
X104,13,28,201,252,298,306
X105,110,174,192,258,264,353
X106,22,216,241,257,350,355
X107,112,189,276,288,307,357
X108,113,161,200,211,317,370
X109,1,129,200,234,344,346
X110,120,195,205,264,271,335
X111,121,228,272,277,286,293
X112,2,149,175,206,247,321
X113,15,158,261,326,350,362
X114,75,106,144,209,265,378
X115,84,211,218,248,318,375
X116,130,133,145,146,194,229
X117,136,145,302,328,376,378
X118,38,138,177,185,271,338
X119,142,214,222,228,310,326
X120,30,162,169,202,244,280
X121,160,167,171,235,275,282
X122,0,230,251,299,325,358
X123,193,255,286,302,318,340
X124,205,213,253,313,363,376
X125,208,241,255,273,322,329
X126,80,217,242,256,307,316
OX0,126,131,134,144,149,150,167,172,178,187,194,196,201,209,216,219,241,244,246,254,257,265,268,279,289,296,310,321,324,327,337,341,350,355,365,372,377,378
OX1,99,107,117,118,119,131,139,147,150,152,155,159,164,165,166,167,169,171,173,174,176,178,184,186,187,190,191,195,197,199,200,201,202,206,210,214,215,220,221,223,224,226,229,232,233,234,235,236,238,241,242,243,244,245,248,249,252,255,259,260,261,262,264,265,266,272,273,274,275,277,278,286,291,293,297,299,300,303,308,309,310,312,313,314,315,316,319,322,325,326,332,333,336,339,341,342,344,347,349,351,354,355,359,360,361,362,363,366,368,369,370,371,377,379,381,383
OX2,100,101,119,131,132,133,140,141,144,146,147,148,152,153,166,170,173,176,177,179,180,185,187,195,199,203,209,212,213,221,223,230,231,232,234,242,245,246,264,271,272,273,282,283,284,292,293,294,295,299,304,306,308,309,319,322,323,324,332,333,335,336,338,339,346,348,351,359,363,367,372,376,377,382
OX3,119,129,131,139,141,145,147,148,150,151,152,166,167,169,171,173,176,177,178,179,184,185,187,191,195,199,201,203,206,207,210,212,213,215,216,218,221,223,224,225,229,230,232,234,235,240,241,242,244,245,249,252,254,255,257,260,261,264,265,267,268,269,271,272,273,274,275,277,278,279,283,284,286,289,292,293,294,295,296,297,299,302,304,308,309,310,312,313,314,316,317,318,319,322,326,327,328,331,332,333,334,336,337,338,339,340,341,344,346,347,348,351,354,355,359,361,362,363,366,367,371,372,376,377,378,379,381,383
OX4,101,117,118,131,135,141,145,147,148,150,151,153,155,159,163,165,169,171,172,173,177,179,184,185,190,191,195,197,200,201,203,206,207,212,213,215,216,218,220,225,230,233,235,236,238,239,240,242,243,244,247,254,256,257,258,259,260,262,264,265,266,267,268,269,271,272,274,275,276,277,278,279,280,283,284,285,286,289,293,294,295,296,299,300,302,304,305,307,310,312,313,315,316,317,318,320,325,326,327,328,331,333,334,337,338,339,340,342,346,348,351,353,354,355,359,363,367,370,372,376,378,379,381,382
OX5,124,135,162,163,173,174,186,189,192,215,222,226,236,239,258,264,274,278,303,305,309,320,339,353,355,369,379,381
OX6,117,129,134,139,141,145,147,148,149,150,151,162,163,165,168,171,172,174,177,179,180,185,187,191,192,195,197,202,204,206,207,211,212,215,216,218,219,220,224,225,230,236,238,243,247,249,259,260,262,263,266,267,269,270,271,272,277,278,280,282,283,284,285,286,287,288,293,295,296,297,299,302,304,310,312,318,321,323,325,326,327,328,330,331,333,334,338,344,346,347,348,351,355,356,359,367,370,371,373,375,376,377,378,379,381,383
OX7,118,129,132,139,140,141,143,144,145,147,148,151,156,163,164,167,168,172,177,178,179,180,184,185,186,190,192,195,200,202,203,207,209,211,213,214,216,218,221,224,225,229,232,245,247,248,249,252,263,265,267,269,270,272,273,274,280,282,283,284,291,293,295,296,297,299,302,303,304,305,313,314,316,318,319,323,325,327,328,330,331,334,335,336,339,341,343,345,346,347,352,354,358,359,360,361,366,367,368,369,370,371,373,378,380,383
OX8,109,129,132,133,135,140,141,143,145,150,151,155,162,167,168,169,172,173,174,183,190,192,194,196,203,207,210,211,213,215,218,222,225,233,234,235,239,242,252,254,255,256,257,258,259,260,261,263,264,265,267,268,269,270,272,275,276,278,279,280,282,285,287,288,289,293,294,295,296,300,302,307,310,312,315,318,320,328,330,331,332,334,335,337,339,342,344,346,350,352,353,362,363,369,373,375,379,381
OX9,133,134,135,143,144,145,146,149,150,151,155,156,162,164,165,168,173,178,183,184,186,190,192,194,196,201,202,204,207,209,210,211,212,216,218,219,220,221,225,230,232,233,236,238,239,242,243,244,245,248,254,255,256,257,258,259,261,263,264,266,267,268,269,270,271,273,274,276,279,285,289,291,294,295,296,300,301,302,305,307,310,313,314,315,316,318,319,320,321,328,330,331,333,334,336,337,338,341,342,343,344,345,348,350,351,352,353,354,355,356,358,360,362,363,368,373,376,380
OX10,132,134,135,139,140,141,143,147,148,149,150,155,162,163,165,169,171,172,173,177,178,179,180,183,185,194,195,196,201,203,204,210,212,213,214,219,220,224,230,233,234,235,236,238,239,242,243,246,249,252,254,255,256,257,258,261,264,265,266,268,271,272,275,276,279,280,283,284,285,289,293,294,297,299,300,301,303,304,307,310,315,320,321,323,324,325,327,332,333,335,337,338,339,342,347,348,350,351,352,353,355,356,359,362,363,367,369,370,371,376,378,383
OX11,129,144,148,152,159,162,163,164,165,166,167,168,169,171,173,179,183,186,187,188,190,191,192,194,196,201,202,206,210,211,212,215,216,220,221,226,229,230,232,238,240,242,243,246,248,252,255,258,259,260,261,263,264,265,266,270,271,275,277,278,280,283,284,286,291,292,303,304,308,309,312,317,324,325,326,327,330,335,338,339,340,341,343,345,346,348,349,350,353,360,361,362,363,366,367,368,370,372,373,374,375,376,377,378,379,381
OX12,141,143,144,145,150,151,155,163,164,166,168,171,172,177,178,180,183,185,186,188,190,192,194,195,196,203,207,210,211,213,218,223,225,226,233,234,244,246,248,252,254,255,257,259,261,263,267,268,269,270,272,274,279,280,285,287,288,289,291,293,294,295,296,299,300,302,303,305,308,310,315,316,318,323,324,325,328,330,331,332,334,335,337,342,343,344,345,349,350,352,354,355,360,362,368,373,374,375
OX13,143,144,145,151,152,155,156,159,164,165,167,169,171,173,174,178,184,186,195,202,207,209,214,218,220,221,223,225,226,229,232,233,235,236,238,240,242,243,244,247,248,250,254,257,264,266,267,268,269,272,273,275,279,282,289,291,292,293,295,296,299,300,301,302,308,309,313,315,317,318,323,327,328,331,334,335,336,337,340,342,344,349,352,360,361,363,366,368,369,370,374,378
OX14,135,139,144,147,148,150,151,152,155,162,164,165,166,167,168,172,179,186,188,191,192,195,197,201,202,204,206,213,215,220,224,233,236,238,239,243,245,247,248,249,250,252,254,256,257,258,260,262,263,266,269,270,272,276,277,278,282,283,284,285,286,291,292,293,294,296,297,299,303,304,305,307,309,310,311,312,314,315,319,320,323,326,337,340,341,342,344,347,353,355,358,359,360,367,368,370,371,373,379,380,381,383
OX15,134,144,148,149,159,162,163,164,167,168,172,174,179,183,184,186,187,190,191,194,195,196,202,203,204,206,209,210,211,213,215,216,219,221,226,229,232,234,240,244,245,246,248,255,258,259,261,263,264,265,270,272,273,274,277,278,280,283,284,286,291,293,299,303,304,312,313,314,317,319,321,324,325,326,327,330,332,333,336,340,341,343,344,345,350,351,353,356,358,360,361,362,366,367,368,370,372,377,378,379,380,381
OX16,147,151,159,163,165,166,169,171,172,173,174,184,186,187,188,192,195,203,209,212,213,214,215,220,222,230,234,236,238,242,243,244,245,252,266,269,271,272,273,274,275,278,282,293,296,297,299,303,308,313,314,319,325,332,335,336,338,339,348,349,355,358,359,363,372,374,375,376,377,379,380,381
OX17,107,139,144,148,150,152,155,156,162,163,165,166,169,179,180,183,184,186,194,196,202,204,207,209,210,211,214,215,216,220,221,222,224,229,230,232,233,236,238,240,243,246,247,249,252,254,255,257,258,260,261,265,266,272,273,275,278,283,284,285,287,288,290,292,299,303,304,305,308,309,310,311,313,315,317,323,324,327,330,337,339,341,342,343,345,347,350,353,361,362,366,367,371,373,374,378,379,380,381,383
OX18,139,144,145,150,152,156,158,162,164,166,169,173,180,183,186,188,191,192,194,195,196,201,206,207,214,215,216,218,221,224,225,229,232,236,240,242,246,248,249,252,255,261,265,267,272,274,275,278,285,287,288,291,292,293,295,299,301,302,305,308,309,310,317,318,323,324,328,331,334,335,340,341,343,344,345,347,349,350,355,360,361,362,363,366,368,369,371,374,379,383
OX19,145,152,162,166,167,168,172,186,187,190,202,204,207,211,212,218,225,230,243,248,259,266,267,270,271,292,294,295,299,301,302,305,308,309,318,327,328,330,331,334,338,343,345,348,358,372,374,375,376,377,378,380
OX20,144,148,150,152,155,158,163,164,168,169,171,172,173,174,178,179,183,184,186,187,196,197,202,203,207,209,210,211,212,214,216,221,223,225,229,230,232,233,234,235,240,242,247,250,252,254,257,258,260,262,263,270,271,273,275,277,280,282,283,284,285,286,291,292,294,295,301,302,304,305,308,309,310,311,312,313,315,316,317,318,323,325,326,331,332,336,337,338,339,340,342,344,348,349,353,354,355,360,361,363,366,367,368,369,370,372,374,377,378,381
OX21,150,155,162,168,169,173,174,178,180,183,186,188,190,191,192,201,206,209,211,213,214,215,216,221,223,225,229,232,233,240,242,244,248,252,254,257,258,259,260,263,264,270,272,275,277,278,285,286,287,288,293,295,301,302,305,310,311,315,317,318,323,326,331,335,337,339,340,341,342,348,353,355,361,363,366,369,370,373,376,379,380,381
OX22,152,155,158,162,163,164,165,167,168,169,172,174,184,187,188,191,195,197,201,202,203,206,209,210,212,215,220,223,226,230,233,234,238,242,244,247,250,254,256,257,260,262,264,270,271,272,273,275,278,280,291,292,293,308,309,311,313,315,323,325,332,335,336,337,338,340,341,342,344,348,349,357,358,360,363,368,372,373,374,375,376,377,379,380
OX23,148,155,156,158,159,164,165,169,178,179,186,187,188,192,194,196,209,212,213,220,225,230,233,235,236,238,242,243,246,254,255,256,257,258,261,263,264,266,271,274,275,277,282,283,284,286,291,295,301,302,304,311,312,315,316,318,324,326,327,330,331,337,338,339,342,344,350,353,354,357,360,362,363,367,368,372,373,375,377,378,380,381
OX24,169,173,174,178,180,183,186,192,196,201,202,206,211,215,216,221,222,223,225,226,229,232,242,247,248,252,258,260,263,264,265,275,278,280,287,288,295,301,302,305,317,318,323,331,335,339,341,349,353,355,361,363,366,369,373,375,376,378,379,381
OX25,158,191,201,202,204,206,210,222,243,247,266,369
OX26,159,162,202,243,266,305
OX27,155,156,163,164,165,166,167,172,173,174,178,184,186,188,190,191,194,196,197,201,203,206,207,209,210,215,220,223,225,226,233,234,235,238,242,244,246,247,248,250,254,255,257,259,261,262,271,272,273,277,278,280,282,286,291,293,294,295,299,301,302,305,311,313,315,316,318,323,324,325,326,327,330,331,332,336,337,338,341,342,343,344,345,350,354,360,362,368,373,375,376,378,379,381
OX28,156,163,164,165,166,167,168,172,173,174,178,184,186,188,191,194,196,197,201,203,206,207,209,210,213,215,220,223,225,234,235,238,240,242,244,246,247,248,250,255,259,261,262,270,271,272,273,277,278,280,282,286,291,293,294,295,299,301,302,305,313,316,318,323,324,325,326,327,330,331,332,336,338,340,341,343,344,345,349,350,354,360,362,368,370,373,376,378,379,381
OX29,131,163,166,168,171,172,174,184,187,190,192,194,195,199,203,207,210,211,212,215,221,225,226,229,230,232,234,235,236,242,246,247,248,252,255,256,258,261,265,268,270,271,277,278,279,282,285,286,289,295,297,299,300,301,302,303,308,311,313,314,316,317,318,322,324,325,326,327,329,331,332,333,336,338,340,343,345,348,350,351,353,354,355,357,358,361,362,363,366,372,373,374,375,377,379,380
OX30,168,179,190,207,259,270,283,284,330,348
OX31,162,164,166,173,174,179,180,183,187,188,191,194,195,201,206,209,210,211,212,216,221,222,223,226,229,230,232,235,236,246,252,255,256,258,259,260,261,263,264,265,271,277,280,282,283,284,286,287,288,291,294,308,316,317,323,324,326,327,335,338,339,340,341,343,344,345,348,350,353,354,355,357,358,360,361,362,366,368,369,372,374,375,376,377
OX32,163,164,165,166,173,179,180,183,184,188,190,192,194,195,197,201,203,206,209,213,216,218,220,221,226,229,232,234,238,240,246,247,250,252,256,258,262,263,265,267,272,273,283,284,287,288,291,293,294,299,313,317,324,325,327,332,334,336,339,343,344,345,348,349,353,355,357,360,361,366,368,370,376,381
OX33,167,171,173,174,178,180,183,186,192,201,202,206,215,216,221,222,223,225,226,229,232,235,242,247,252,258,260,263,264,265,278,280,282,287,288,295,301,305,316,323,331,335,339,341,349,353,354,355,361,363,366,369,379,381
OX34,188,207,209,240,248,259,265,302,318,348,370,375,376,380
OX35,171,172,178,190,194,197,204,211,216,240,242,243,246,256,260,262,263,265,266,303,317,324,327,349,357,363,370,373
OX36,164,165,173,187,191,192,196,199,201,202,206,207,210,211,212,213,215,220,222,226,230,235,236,238,240,241,242,244,245,247,252,254,255,257,258,259,260,261,264,265,273,274,278,282,291,294,297,300,311,314,316,317,319,322,329,330,337,339,340,343,344,345,348,349,353,354,358,360,362,368,369,370,372,375,377,378,379,380
OX37,149,165,166,174,178,179,180,186,192,195,199,201,204,211,213,215,216,218,220,221,223,225,229,232,238,241,242,243,245,247,254,256,257,259,263,265,266,267,271,273,277,278,280,283,284,286,287,288,295,297,300,301,305,308,311,319,321,322,323,326,329,330,331,334,337,338,341,348,349,350,355,356,357,361,366,374,376,379
OX38,165,166,174,178,179,187,190,194,195,197,199,204,207,212,213,215,216,218,220,235,236,238,241,243,245,246,248,252,254,257,259,262,263,264,266,267,271,273,277,278,282,283,284,286,297,300,302,303,308,311,314,316,317,318,319,322,324,326,327,329,330,334,335,337,338,348,349,350,354,360,368,372,373,374,375,377,379,381
OX39,151,201,202,203,204,206,214,243,259,266,268,269,279,289,294,296,300,311,330,369
OX40,178,183,190,197,204,207,216,221,225,229,232,243,247,252,262,266,274,295,301,303,331,335,361,366
OX41,166,187,190,191,192,196,197,199,201,202,206,210,211,212,213,215,222,235,236,240,244,245,247,248,252,254,255,261,262,264,271,273,278,282,297,300,302,303,308,311,314,316,317,318,319,322,329,335,338,340,349,350,354,355,360,362,368,369,370,372,373,374,376,377,378,379
OX42,173,174,183,184,186,190,191,192,194,195,197,199,201,202,204,206,210,215,221,222,223,225,226,229,230,232,234,240,241,242,243,245,246,250,254,255,257,258,259,261,262,263,265,266,271,272,278,280,293,294,295,297,299,300,301,303,305,308,311,313,314,319,322,323,324,325,327,329,330,331,332,336,337,338,339,340,341,343,345,348,353,355,358,361,362,366,369,370,374,375,376,379,380,381
OX43,179,180,183,186,191,194,196,199,201,203,204,206,210,211,213,221,223,225,229,232,242,243,244,245,246,254,255,256,259,260,261,265,266,273,274,280,283,284,287,288,294,295,297,300,301,305,311,314,317,319,322,323,324,327,329,331,335,340,341,343,345,349,350,357,361,362,366,373,375,378,380,381
OX44,180,183,186,190,191,194,196,197,199,201,203,204,206,207,210,211,213,221,223,225,229,232,241,242,243,244,245,246,254,255,256,257,260,261,262,265,266,273,274,280,287,288,294,295,297,300,301,303,305,311,314,317,319,322,323,324,327,329,330,331,335,337,340,341,343,345,348,349,355,357,361,362,366,373,375,378,380,381
OX45,183,187,191,192,194,199,203,210,211,212,213,216,218,221,229,232,235,236,241,245,246,254,255,257,260,261,264,267,273,274,282,294,297,300,311,314,316,319,322,324,327,329,330,334,337,340,343,345,348,349,354,355,360,361,362,366,368,372,375,377,380,381
OX46,184,186,187,190,192,195,197,203,207,211,212,213,216,218,223,225,230,234,235,236,248,250,259,260,262,263,267,271,272,273,280,282,293,295,299,301,302,303,305,308,313,316,318,323,325,331,332,334,336,338,341,349,354,358,360,368,372,374,375,377
OX47,196,201,204,206,207,240,243,244,248,266,302,318,370,375,376,378
OX48,194,207,211,216,218,221,229,232,240,246,247,267,324,327,334,355,361,366,370,381
OX49,187,190,192,195,197,201,202,203,204,206,210,212,215,218,222,235,236,240,241,243,255,257,259,261,262,266,267,272,278,282,285,293,294,303,316,317,330,334,337,340,349,354,355,360,362,363,368,369,370,372,373,375,376,377,379,381
OX50,190,191,195,197,203,210,211,215,216,225,240,241,247,248,255,257,259,260,261,262,263,264,277,278,286,294,295,301,302,303,317,318,326,330,331,335,337,340,362,370,373,379
OX51,174,186,191,192,195,201,202,204,206,215,216,222,223,225,226,243,247,248,250,255,258,263,266,271,272,278,280,285,293,295,301,302,305,308,318,323,331,338,340,341,353,355,369,374,379,381
OX52,186,199,201,202,204,206,211,213,215,216,218,222,223,225,241,243,245,248,250,254,255,257,259,263,266,267,268,271,273,278,279,280,289,295,301,302,305,308,318,319,322,323,329,331,334,337,338,340,341,343,345,348,349,350,355,363,369,374,375,376,379,380
OX53,248,263,302,318,363,376
OX54,201,203,206,252,259,268,279,289,294,297,300,311,314,330
OX55,199,202,203,204,210,213,222,241,243,245,252,254,255,257,261,266,272,273,277,285,286,293,294,297,300,311,314,319,322,326,329,330,337,340,343,345,348,362,369,380
OX56,191,195,207,210,211,215,216,225,240,247,255,260,261,264,277,278,286,295,301,317,326,331,335,340,350,355,362,363,370,373,376,379
OX57,195,203,207,210,211,215,216,225,230,234,240,255,259,260,261,264,277,278,285,286,295,299,301,317,325,326,331,332,335,336,340,350,355,358,362,363,370,373,376,379
OX58,210,211,241,255,260,261,272,285,293,317,349,362,373,375
OX59,202,203,204,207,211,215,222,240,243,252,259,260,266,268,278,279,289,294,297,300,311,314,317,330,369,370,373,379
OX60,203,207,215,230,234,240,259,272,277,278,286,293,299,325,326,332,336,349,358,370,375,379
OX61,211,215,218,241,255,267,277,278,286,326,334,349,350,375,379,381
OX62,215,218,241,255,260,267,277,278,286,317,326,334,350,373,379,381
OX63,230,234,255,257,272,293,294,299,325,330,332,336,337,358
OX64,213,254,257,268,279,289,337,340
OX65,218,241,260,263,267,317,334,340,349,350,363,373,376,381
Z0,0,25,182,251
Z1,1,113,118,200
Z2,2,149,356,365
Z3,3,67,177,185
Z4,4,49,74,115
Z5,5,151,297,300
Z6,6,65,139,347
Z7,7,231,298,306
Z8,8,76,126,365
Z9,9,67,283,284
Z10,10,69,239,320
Z11,11,85,258,353
Z12,12,53,89,114
Z13,13,201,206,321
Z14,14,162,202,369
Z15,15,228,277,326
Z16,16,119,322,329
Z17,17,59,371,383
Z18,18,64,181,198
Z19,19,35,315,342
Z20,20,50,154,237
Z21,21,47,220,238
Z22,22,34,257,337
Z23,23,146,221,229
Z24,24,212,236,309
Z25,0,234,325,346
Z26,26,82,148,304
Z27,27,81,268,289
Z28,28,183,252,314
Z29,29,99,152,292
Z30,30,150,280,341
Z31,31,37,101,153
Z32,32,36,139,224
Z33,33,98,151,269
Z34,22,216,301,327
Z35,19,64,113,161
Z36,32,142,150,310
Z37,23,37,143,352
Z38,38,109,141,177
Z39,39,292,299,325
Z40,40,76,215,379
Z41,41,93,100,231
Z42,42,140,180,287
Z43,43,44,86,137
Z44,43,214,222,369
Z45,13,45,123,298
Z46,14,27,46,181
Z47,33,47,155,315
Z48,48,117,372,377
Z49,49,91,165,238
Z50,20,35,168,270
Z51,51,72,119,176
Z52,52,120,205,253
Z53,53,121,142,228
Z54,54,74,197,262
Z55,55,230,304,358
Z56,56,111,279,289
Z57,57,159,186,305
Z58,58,99,107,290
Z59,17,167,171,172
Z60,60,217,276,307
Z61,61,108,224,383
Z62,62,98,127,198
Z63,63,199,208,322
Z64,50,216,303,355
Z65,3,6,343,345
Z66,66,167,187,282
Z67,9,26,246,324
Z68,68,174,192,360
Z69,10,166,250,308
Z70,70,191,210,285
Z71,71,168,190,197
Z72,72,158,210,362
Z73,73,112,124,189
Z74,4,180,250,323
Z75,75,106,125,364
Z76,8,70,100,170
Z77,77,156,173,339
Z78,78,159,204,266
Z79,79,178,232,246
Z80,80,260,316,373
Z81,81,126,269,296
Z82,82,166,245,345
Z83,83,148,281,367
Z84,84,136,302,318
Z85,78,85,147,359
Z86,86,163,236,368
Z87,87,211,218,317
Z88,88,135,189,276
Z89,89,179,348,380
Z90,90,91,245,319
Z91,51,90,221,232
Z92,92,97,134,219
Z93,93,109,133,146
Z94,94,137,164,291
Z95,95,96,149,321
Z96,95,131,134,351
Z97,97,188,343,380
Z98,21,36,132,140
Z99,58,192,195,264
Z100,41,176,308,374
Z101,66,101,105,382
Z102,102,144,188,209
Z103,103,217,316,354
Z104,39,104,360,368
Z105,31,124,152,309
Z106,106,144,223,341
Z107,107,132,312,367
Z108,108,128,267,334
Z109,24,38,138,154
Z110,110,155,226,353
Z111,56,169,196,244
Z112,71,112,287,288
Z113,1,116,234,332
Z114,2,114,122,175
Z115,63,115,233,342
Z116,7,116,361,366
Z117,48,179,237,283
Z118,118,203,259,348
Z119,16,332,336,352
Z120,102,120,271,338
Z121,121,272,285,336
Z122,92,122,227,364
Z123,42,45,249,371
Z124,73,96,187,377
Z125,125,254,268,311
Z126,46,164,230,299
Z127,127,129,291,344
Z128,128,141,295,301
Z129,60,129,153,346
Z130,103,130,145,328
Z131,5,105,333,351
Z132,29,184,253,313
Z133,111,133,194,324
Z134,131,213,254,313
Z135,40,94,135,320
Z136,136,145,194,327
Z137,44,186,334,381
Z138,138,271,331,335
Z139,62,77,215,278
Z140,84,123,218,267
Z141,61,193,277,286
Z142,143,160,235,354
Z143,52,212,219,372
Z144,87,130,229,366
Z145,12,25,65,281
Z146,79,147,235,282
Z147,83,165,174,258
Z148,30,160,169,275
Z149,18,284,294,330
Z150,110,264,274,335
Z151,156,185,338,374
Z152,157,223,323,347
Z153,158,222,326,379
Z154,57,104,225,331
Z155,161,240,249,370
Z156,59,162,280,305
Z157,54,69,261,362
Z158,170,183,274,339
Z159,171,275,288,357
Z160,172,201,204,252
Z161,173,239,242,256
Z162,55,68,243,266
Z163,175,191,247,361
Z164,178,202,243,244
Z165,117,190,207,240
Z166,182,272,290,293
Z167,28,225,295,306
Z168,184,273,329,382
Z169,11,297,314,356
Z170,75,196,328,378
Z171,193,248,312,318
Z172,195,205,263,363
Z173,199,319,333,359
Z174,200,317,344,373
Z175,203,251,294,358
Z176,206,207,247,259
Z177,208,241,261,350
Z178,80,209,242,265
Z179,211,220,370,375
Z180,213,302,340,376
Z181,214,227,296,310
Z182,34,233,300,311
Z183,157,256,307,357
Z184,226,260,278,349
Z185,15,350,355,381
Z186,241,255,257,340
Z187,248,263,349,375
Z188,255,273,286,293
Z189,265,363,376,378
Z190,270,279,330,337
OZ0,151,153,160,167,168,169,189,190,191,192,194,197,198,201,207,210,212,222,227,229,230,233,243,249,254,257,259,260,264,266,267,272,273,274,275,276,277,278,280,282,285,286,287,288,291,293,297,298,300,307,309,310,313,315,316,317,318,319,322,325,327,328,332,335,341,342,349,352,354,355,356,359,360,361,364,365,366,370,372,375,376,377,379,381,382,383
OZ1,152,153,167,176,177,180,181,192,201,202,204,205,215,217,221,224,225,230,232,239,242,246,253,256,263,264,268,269,273,274,275,276,278,280,281,283,284,287,288,289,290,291,292,295,296,305,306,307,308,312,313,314,324,329,338,343,344,345,346,347,357,358,363,365,369,382
OZ2,160,166,168,169,180,181,191,192,194,196,197,198,202,204,205,212,217,225,227,229,233,234,237,240,242,243,249,250,251,253,256,257,258,259,264,266,267,271,273,277,278,281,282,283,285,286,288,289,290,295,296,297,298,300,305,306,307,308,310,311,313,314,315,317,318,325,326,327,329,335,336,338,339,342,343,345,346,347,348,349,353,354,355,356,359,360,361,362,363,366,369,370,371,373,374,375,381,382
OZ3,190,196,205,207,234,237,240,242,251,254,256,260,268,271,272,273,283,293,307,311,313,316,323,325,328,329,338,341,343,346,347,348,357,363,364,372,373,376,377,382
OZ4,167,168,176,177,189,191,198,201,210,212,215,221,222,224,227,230,233,234,235,237,240,243,244,249,251,257,258,259,262,263,266,267,268,269,271,274,275,276,277,279,280,282,284,285,286,288,289,291,292,297,298,300,308,309,310,311,312,315,317,318,320,324,325,327,332,335,339,342,344,348,349,353,355,356,357,358,359,360,361,365,366,370,371,373,374,375,379,381
OZ5,164,166,177,181,185,191,196,197,198,202,204,205,207,210,222,224,225,227,230,232,233,235,236,239,244,245,249,253,254,257,258,259,260,262,263,267,268,272,276,277,278,279,281,282,283,284,285,286,287,288,290,291,293,295,296,297,298,300,305,306,307,309,310,312,314,315,316,317,318,320,323,324,327,328,332,335,339,341,342,343,345,347,349,353,355,356,357,358,359,361,363,364,366,368,369,370,374,375,376,379,381,383
OZ6,166,168,169,176,177,180,185,191,194,196,198,202,204,212,221,224,225,227,229,231,232,233,234,237,239,240,242,243,246,249,250,253,256,257,258,262,263,266,267,271,273,276,277,278,281,285,286,287,288,289,290,291,292,295,296,297,300,305,310,311,312,313,314,315,317,318,319,320,322,323,324,326,327,330,335,336,338,339,342,345,346,349,352,353,355,356,360,362,369,370,373,374,375,381,382,383
OZ7,153,168,169,180,181,189,194,205,207,210,212,217,222,229,230,231,232,234,235,236,237,239,240,242,243,244,246,253,254,256,259,260,262,266,268,271,272,276,279,281,282,283,284,287,288,289,290,291,292,293,298,299,306,308,311,316,319,320,322,325,326,328,329,330,332,336,338,341,343,345,346,347,352,357,358,359,360,361,362,363,364,366,368,373,376,379
OZ8,163,189,197,287,288,303
OZ9,149,168,177,180,185,191,198,201,210,212,222,224,225,232,233,234,235,236,237,239,240,242,244,245,249,250,251,252,254,256,257,259,262,263,267,268,271,275,276,277,278,279,280,284,285,286,287,289,291,295,298,299,302,306,309,310,311,312,313,314,315,317,318,319,320,321,322,323,324,325,327,329,332,333,335,338,339,340,342,346,348,349,355,356,357,358,359,361,364,366,368,370,371,373,374,375,376,379,381,382
OZ10,176,180,189,191,192,196,198,202,204,207,210,221,222,225,227,230,231,233,234,235,236,244,245,246,249,250,251,254,257,258,260,264,267,268,272,273,276,277,278,279,282,284,285,286,287,291,292,293,295,296,297,299,300,305,307,308,310,313,314,315,316,317,318,323,327,328,329,330,335,339,341,342,346,348,349,353,355,356,357,358,359,364,368,369,370,371,374,375,376,379,381,382
OZ11,210,222,225,227,252,254,274,295,302,306,308,313,314,326,332,336,339,340,352,362,364,365,374,376,379,382
OZ12,169,177,180,181,191,192,196,197,202,204,217,220,230,233,236,238,242,245,246,250,251,252,253,254,256,257,259,267,274,276,278,279,283,285,286,288,289,290,291,292,293,295,296,297,303,305,306,309,310,316,317,318,319,322,324,326,327,328,329,330,331,332,333,334,336,338,342,343,344,346,347,348,350,352,353,354,356,359,361,364,365,367,369,370,371,375,376,381
OZ13,168,180,191,192,194,197,198,202,204,212,217,220,224,229,230,231,234,237,238,240,242,244,245,246,249,250,252,253,254,256,263,271,274,276,277,278,279,283,284,285,288,290,291,292,293,296,297,300,305,306,310,311,312,315,316,319,322,326,328,329,330,333,335,336,338,343,346,347,349,350,352,353,354,355,356,358,359,364,365,367,369,371,373,376,381,383
OZ14,185,189,191,192,194,196,197,198,202,204,205,207,215,217,220,224,229,231,236,238,242,243,244,245,246,249,250,251,252,256,257,258,260,262,263,266,268,269,272,273,274,276,277,279,281,284,285,286,287,291,293,296,299,305,306,307,308,310,312,315,319,320,322,325,326,330,335,336,338,339,340,341,344,345,346,348,349,351,352,354,355,356,357,358,360,362,363,365,367,368,369,371,374,381,382,383
OZ15,181,194,197,205,217,220,224,229,230,231,232,233,235,238,239,243,245,250,251,257,258,259,262,263,264,266,267,273,276,281,282,284,286,287,288,291,292,293,298,302,306,308,312,316,317,318,319,320,322,325,327,328,330,333,340,342,345,348,350,354,358,360,361,362,363,366,367,370,375,383
OZ16,191,196,197,201,202,204,220,225,227,231,236,239,243,244,245,246,247,250,251,253,254,258,259,262,266,267,268,272,273,274,277,279,281,284,285,287,290,292,295,296,297,298,299,300,305,307,309,310,314,316,317,318,320,321,325,326,327,328,329,330,333,336,339,340,341,345,348,350,352,353,355,356,357,358,359,360,364,366,368,369,370,371,374,375,376,381
OZ17,177,189,194,196,201,205,215,217,224,229,232,233,235,238,246,247,251,253,254,259,262,263,264,268,269,271,272,273,274,277,279,282,284,288,290,295,297,302,303,306,307,308,309,312,320,321,324,329,330,332,333,334,335,339,340,341,342,348,350,351,353,354,355,357,358,362,363,364,367,371,374,376,382,383
OZ18,180,194,196,198,207,217,220,229,230,238,239,242,243,249,251,254,256,258,260,262,264,266,268,271,272,276,277,279,281,283,287,288,291,292,295,298,300,302,303,306,307,308,313,315,320,330,332,333,334,338,340,341,343,344,345,346,347,348,349,350,352,354,355,357,359,360,362,364,366,367,376,382
OZ19,194,196,201,215,217,225,227,229,232,234,235,245,247,250,251,252,254,256,257,258,259,262,268,269,272,273,277,279,282,284,286,293,297,299,302,303,313,314,320,321,325,329,330,331,334,346,348,351,352,353,354,355,358,359,364,365,368,376
OZ20,192,197,198,201,205,207,217,227,230,232,235,238,239,243,245,247,249,250,252,254,258,259,260,262,266,276,277,278,281,282,286,287,288,291,295,298,299,306,313,314,315,316,317,320,321,328,331,334,335,339,340,345,352,354,359,360,363,364,365,366,367,368,370,374,376,382
OZ21,189,196,201,205,215,217,227,233,238,247,251,252,253,257,259,262,264,267,268,269,272,279,284,288,290,293,297,303,307,309,313,314,318,319,320,321,322,327,329,330,332,333,340,341,342,348,349,351,352,353,354,355,357,358,359,363,365,367,371,375
OZ22,198,201,205,207,220,224,225,227,230,232,233,235,243,245,247,249,250,252,256,257,259,260,263,266,273,276,278,282,286,288,291,292,293,295,298,306,307,308,312,314,315,321,325,329,333,335,339,340,341,342,349,350,352,357,360,362,363,365,366,371,374,383
OZ23,227,254,302,313,340,351,356,364,365,376
OZ24,196,205,215,220,224,233,234,238,239,242,244,245,246,250,254,256,263,264,267,269,271,275,278,279,280,281,282,283,284,288,289,297,299,300,307,312,313,316,317,318,319,322,323,327,328,329,331,332,335,338,339,340,341,342,343,344,345,347,351,352,353,358,359,363,364,367,368,370,371,374,375,376
OZ25,231,251,258,259,268,284,289,297,298,300,306,330,333,348,351,352,353,358,359,361,366,382
OZ26,197,215,217,220,224,225,242,256,257,258,262,263,269,271,273,277,278,283,284,287,293,297,300,302,308,312,316,317,320,323,325,328,329,333,334,335,338,339,340,343,344,346,347,349,350,351,353,354,358,359,362,370,371,374,382,383
OZ27,205,207,215,217,232,235,244,246,249,251,252,257,258,260,262,268,269,272,273,274,275,278,280,284,288,289,293,297,298,302,303,314,316,317,319,320,322,328,330,332,335,340,348,353,354,355,356,357,358,363,366,370,371,383
OZ28,207,215,217,225,230,232,235,243,244,246,249,251,254,256,257,258,260,262,266,268,269,272,275,278,280,281,283,288,289,290,292,293,295,297,298,299,303,306,307,316,317,319,320,322,323,325,328,329,330,331,332,339,341,343,345,347,348,351,353,354,355,360,363,364,366,368,370,371,374,376,382,383
OZ29,202,204,217,220,232,234,235,236,239,242,243,244,246,253,258,262,266,271,273,278,281,282,283,284,290,292,296,297,302,303,305,307,309,310,313,314,316,317,318,320,323,325,326,328,329,331,332,335,338,339,341,343,344,345,347,350,351,352,353,354,355,357,358,359,360,365,369,370,374,375
OZ30,204,215,224,225,230,232,233,234,235,238,239,242,243,244,246,252,256,258,263,264,266,269,271,273,274,278,280,282,290,292,295,296,300,305,306,312,313,325,329,332,338,342,344,351,352,356,359,360,363,365,367,369
OZ31,215,225,234,236,242,253,256,258,262,269,271,273,278,281,283,284,290,297,299,300,303,309,313,320,323,329,332,333,334,335,338,339,343,344,345,347,351,352,353,358,359,368,374,381
OZ32,217,220,230,233,236,238,243,252,253,254,256,258,264,266,274,277,281,283,284,286,292,295,299,306,307,309,313,314,316,317,323,325,328,333,334,335,339,340,341,342,343,345,347,349,351,354,356,357,358,359,360,363,364,367,368,370,374,376
OZ33,225,230,234,239,243,254,256,262,266,292,299,302,303,307,313,320,331,332,334,340,341,346,352,357,360,364,368,376,381,382
OZ34,230,233,236,238,239,243,252,253,254,256,257,262,266,274,286,290,292,293,295,302,303,306,307,308,309,314,319,320,322,325,329,331,333,334,339,341,342,350,351,356,357,359,360,362,364,367,374,376,381,382
OZ35,233,236,238,253,254,256,273,283,284,290,299,302,307,309,319,322,323,333,340,341,342,343,347,357,358,359,364,367,368,376
OZ36,218,220,224,232,235,239,245,250,252,258,262,263,264,273,274,281,282,288,290,295,303,306,307,312,313,314,316,317,320,329,334,335,339,345,351,352,356,359,363,366,370,371,374,375,381,383
OZ37,212,237,238,239,252,253,257,262,274,279,283,284,286,290,293,295,299,303,306,308,313,314,320,323,330,331,334,337,339,340,342,343,347,350,351,356,358,362,367,368,374,381
OZ38,201,239,242,244,245,246,247,250,251,254,256,257,259,262,268,271,272,273,274,277,278,280,283,286,288,289,293,295,300,302,303,306,313,319,320,321,322,323,325,330,332,333,334,335,338,341,343,344,346,347,348,352,355,357,359,364,371,376,382,383
OZ39,224,234,239,252,258,262,263,264,273,274,275,281,282,283,284,288,290,295,303,306,312,313,314,320,323,325,329,332,334,335,339,343,345,346,347,351,352,356,357,358,359,363,371,374,381,383
OZ40,234,236,242,253,254,256,257,271,275,281,282,283,284,286,290,293,302,308,309,319,322,323,325,329,331,332,335,338,341,343,345,346,347,350,352,358,359,362,364,376
OZ41,257,258,264,273,274,286,293,308,319,322,335,339,340,350,362,374
OZ42,232,235,239,242,245,250,254,262,267,268,271,273,274,275,277,279,281,286,288,289,290,303,307,311,313,318,320,327,329,335,338,339,341,345,349,363,364,371,374,375,381,382
OZ43,236,238,253,273,279,284,290,299,309,313,329,330,337,342,358,367,368,382
OZ44,238,239,252,256,262,274,275,279,281,282,284,295,299,303,306,307,314,319,320,322,329,330,331,334,337,339,342,345,351,356,357,358,359,367,368,374,381,382
OZ45,239,242,252,256,262,267,268,271,273,274,275,277,279,281,282,286,288,289,290,298,302,303,311,314,318,319,320,322,327,335,338,339,340,345,349,351,352,356,357,359,363,366,371,374,375,376,381,382
OZ46,242,254,256,258,264,271,273,274,275,281,282,283,284,290,299,302,313,323,329,331,338,339,340,341,343,345,347,358,359,364,368,374,376,382
OZ47,258,264,273,274,281,290,319,322,335,339,345,374
OZ48,254,267,268,277,279,286,288,289,295,298,306,311,313,318,327,334,341,349,352,357,363,364,366,371,375,382
OZ49,220,244,245,246,250,256,260,267,268,275,279,280,282,289,307,311,313,317,318,319,322,327,329,340,357,359,363,370,373,375,382,383
OZ50,256,267,277,279,281,283,288,290,293,300,307,308,311,313,318,319,322,323,327,329,330,333,340,343,345,347,349,350,355,359,362,363,371,375,381,382
OZ51,268,272,274,275,281,282,284,289,290,293,295,298,299,300,302,306,310,318,326,330,331,332,333,334,339,341,345,349,350,355,358,363,366,368,374,375,376,381
OZ52,252,298,314,351,352,356,366,382
OZ53,272,273,275,281,282,286,290,308,310,313,318,319,322,326,332,341,345,349,352,359,362,363,375,382
OZ54,244,245,246,250,273,274,275,280,281,282,283,284,288,290,299,319,322,323,331,339,343,345,347,357,358,359,368,371,374,383
OZ55,267,273,274,275,277,279,282,284,288,293,299,300,308,311,313,318,327,329,330,331,333,339,340,349,350,355,357,358,362,363,368,371,374,375,381,382
OZ56,264,273,275,277,278,281,282,286,290,297,299,310,313,318,319,322,325,326,331,335,339,341,344,345,346,349,350,351,353,355,359,363,368,374,375,381
OZ57,274,275,277,278,282,286,299,310,313,318,319,322,325,326,329,331,341,344,346,349,350,355,359,363,368,375,381,382
OZ58,275,282,295,298,302,306,310,318,319,322,326,329,334,341,349,350,352,355,359,363,366,375,376,381
OZ59,273,277,281,286,290,308,313,318,329,345,349,350,355,362,363,375,381,382
OZ60,277,278,286,295,298,306,307,308,310,313,316,318,326,334,339,341,349,352,357,362,363,366,373,374,375,382
OZ61,300,302,311,313,319,322,329,333,340,359,376,382
OZ62,278,302,307,308,310,316,318,326,339,341,349,357,362,363,373,374,375,376
OZ63,302,318,349,363,375,376
OZ64,281,286,290,293,295,298,306,308,313,318,334,345,349,350,352,355,362,363,366,375,381,382
OZ65,260,295,298,306,307,310,313,316,326,334,341,350,352,355,357,363,366,373,381,382
