X0,0,5,10,38,40,45
X1,1,6,8,36,41,46
X2,2,4,9,37,42,44
X3,3,7,11,39,43,47
X4,12,17,22,25,30,32
X5,13,18,20,26,28,33
X6,14,16,21,24,29,34
X7,15,19,23,27,31,35
OX0,6,17,22,25,30,32
OX1,5,18,20,26,28,33
OX2,4,16,21,24,29,34
OX3,7,19,23,27,31,35
OX4,9,21,24,29,34,37,42,44
OX5,8,22,25,30,32,36,41,46
OX6,10,20,26,28,33,38,40,45
OX7,11,23,27,31,35,39,43,47
OX8,26,28,33,38,40,45
OX9,24,29,34,37,42,44
OX10,25,30,32,36,41,46
OX11,27,31,35,39,43,47
OX12,16,29,34,37,42,44
OX13,17,30,32,36,41,46
OX14,18,28,33,38,40,45
OX15,19,31,35,39,43,47
OX16,20,28
OX17,21,29
OX18,22,30
OX19,23,31
OX20,30,36
OX21,29,37
OX22,28,38
OX23,31,39
OX24,33,45
OX25,32,46
OX26,34,44
OX27,35,47
Z0,0,18,26,40
Z1,1,17,25,41
Z2,2,16,24,42
Z3,3,19,27,43
Z4,4,14,34,44
Z5,5,13,33,45
Z6,6,12,32,46
Z7,7,15,35,47
Z8,8,22,30,36
Z9,9,21,29,37
Z10,10,20,28,38
Z11,11,23,31,39
OZ0,14,16,24,34,42,44
OZ1,13,18,26,33,40,45
OZ2,12,17,25,32,41,46
OZ3,15,19,27,35,43,47
OZ4,17,22,25,30,36,41
OZ5,16,21,24,29,37,42
OZ6,18,20,26,28,38,40
OZ7,19,23,27,31,39,43
OZ8,24,34,42,44
OZ9,25,32,41,46
OZ10,26,33,40,45
OZ11,27,35,43,47
OZ12,28,33,38,45
OZ13,29,34,37,44
OZ14,30,32,36,46
OZ15,31,35,39,47
OZ16,21,34,42,44
OZ17,22,32,41,46
OZ18,20,33,40,45
OZ19,23,35,43,47
OZ20,38,40
OZ21,37,42
OZ22,36,41
OZ23,39,43
OZ24,41,46
OZ25,40,45
OZ26,42,44
OZ27,43,47
