X0,0,15,21,218,385,487
X1,1,80,103,502,534,575
X2,2,3,81,176,526,564
X3,3,16,126,172,291,387
X4,4,206,300,314,317,337
X5,5,222,315,388,416,550
X6,6,15,100,104,159,292
X7,7,83,107,239,348,466
X8,8,140,210,240,325,494
X9,9,31,271,305,348,433
X10,10,55,130,213,444,470
X11,11,185,311,326,346,443
X12,12,130,307,459,479,569
X13,13,105,180,200,219,445
X14,14,20,38,142,362,568
X15,0,83,84,114,125,489
X16,2,23,26,37,316,360
X17,17,23,76,205,384,571
X18,18,24,126,196,359,547
X19,19,25,195,283,296,309
X20,4,14,50,104,113,383
X21,6,82,106,240,438,467
X22,16,22,138,280,299,308
X23,17,115,127,173,237,486
X24,18,116,128,136,174,544
X25,25,81,87,209,288,361
X26,22,85,335,418,453,490
X27,27,68,153,229,255,455
X28,28,77,87,112,217,362
X29,29,46,77,178,296,410
X30,30,79,125,215,386,477
X31,9,61,103,290,408,420
X32,32,209,248,363,471,480
X33,33,175,191,219,301,370
X34,34,194,241,246,384,413
X35,35,279,302,333,440,460
X36,34,36,80,220,243,360
X37,37,42,157,310,515,534
X38,20,63,332,417,484,488
X39,39,136,187,234,312,548
X40,40,64,82,355,471,538
X41,41,172,285,375,469,482
X42,42,72,354,370,497,561
X43,43,96,121,314,369,419
X44,44,65,164,315,372,554
X45,45,114,241,331,397,556
X46,8,29,64,78,131,542
X47,47,48,177,444,501,548
X48,11,47,141,302,427,497
X49,49,57,89,230,363,420
X50,50,189,434,468,487,528
X51,5,51,105,171,441,549
X52,52,146,196,469,483,559
X53,53,127,181,207,404,567
X54,54,252,326,358,403,509
X55,55,67,149,323,342,385
X56,56,150,295,332,473,485
X57,40,57,156,313,367,485
X58,58,150,161,306,387,452
X59,59,132,154,159,167,210
X60,60,109,262,476,551,572
X61,61,187,248,437,503,555
X62,62,90,116,495,517,557
X63,63,99,108,191,382,426
X64,49,143,261,269,303,318
X65,65,139,339,358,500,535
X66,66,208,379,426,446,521
X67,67,89,115,350,411,569
X68,27,48,142,216,247,361
X69,69,334,486,493,500,545
X70,70,86,111,443,519,541
X71,71,99,124,448,459,568
X72,72,101,160,168,305,489
X73,73,293,356,464,472,550
X74,74,289,368,430,460,565
X75,75,98,123,203,268,455
X76,76,88,113,124,154,457
X77,28,93,264,349,392,422
X78,78,101,155,166,280,560
X79,30,304,359,495,512,519
X80,1,140,231,260,415,445
X81,19,117,129,175,226,441
X82,21,39,51,74,122,470
X83,7,261,285,313,389,488
X84,84,109,188,428,481,528
X85,85,110,281,440,442,561
X86,24,86,419,428,520,566
X87,46,91,117,298,388,543
X88,88,163,170,257,307,544
X89,10,183,207,306,375,493
X90,90,227,390,403,421,545
X91,91,169,204,234,391,491
X92,92,162,169,185,237,437
X93,93,97,122,461,491,510
X94,94,102,119,418,518,538
X95,95,347,357,439,449,492
X96,43,162,224,411,481,543
X97,66,97,138,198,338,396
X98,98,171,218,397,405,425
X99,71,228,364,376,377,525
X100,100,201,258,336,365,496
X101,94,232,270,393,438,458
X102,31,52,244,540,551,566
X103,26,95,120,498,527,553
X104,13,189,354,414,525,560
X105,106,181,220,293,407,523
X106,107,182,221,290,294,409
X107,108,147,158,228,504,514
X108,60,232,377,434,523,558
X109,110,238,282,318,509,541
X110,92,111,118,245,417,508
X111,112,244,258,287,353,563
X112,45,75,141,233,259,301
X113,32,62,131,272,414,478
X114,118,145,304,378,416,532
X115,119,319,329,371,504,539
X116,120,197,320,352,466,537
X117,121,132,273,309,321,462
X118,73,123,190,308,322,542
X119,79,102,144,179,447,570
X120,70,151,165,253,303,415
X121,53,96,147,263,394,423
X122,128,214,250,343,405,503
X123,129,265,344,406,476,529
X124,12,230,319,380,570,575
X125,59,251,505,507,527,573
X126,133,155,211,291,499,531
X127,134,135,212,273,447,533
X128,135,216,268,278,356,564
X129,137,163,336,379,398,557
X130,139,144,300,321,381,522
X131,36,235,331,351,365,467
X132,68,166,395,424,433,535
X133,143,205,281,299,350,526
X134,44,201,265,297,442,515
X135,145,192,199,345,552,553
X136,146,204,242,335,396,505
X137,148,223,249,352,412,516
X138,149,224,401,462,490,573
X139,58,160,334,381,400,556
X140,151,284,286,292,342,353
X141,152,173,190,338,346,407
X142,153,276,282,413,457,562
X143,38,275,311,366,473,501
X144,156,170,225,399,406,496
X145,157,168,223,366,452,498
X146,158,327,340,401,518,530
X147,56,180,251,439,494,506
X148,161,176,266,267,480,517
X149,137,233,287,322,382,410
X150,164,211,344,404,424,558
X151,165,432,436,492,513,520
X152,69,167,195,435,474,571
X153,41,231,256,269,368,549
X154,152,254,427,432,456,565
X155,174,184,192,236,371,479
X156,133,274,461,463,465,521
X157,177,183,235,259,423,530
X158,178,271,325,391,502,559
X159,179,198,254,328,393,429
X160,182,278,316,373,431,507
X161,184,260,286,310,372,532
X162,186,247,312,531,547,562
X163,188,243,298,380,386,472
X164,193,229,339,349,409,511
X165,194,199,255,264,329,347
X166,35,197,221,263,272,364
X167,200,267,295,337,468,524
X168,202,249,250,374,446,514
X169,203,214,236,284,395,540
X170,206,256,330,333,394,483
X171,208,212,328,343,373,408
X172,54,134,148,275,464,554
X173,213,215,239,324,448,482
X174,217,277,289,383,412,510
X175,202,222,389,425,508,537
X176,225,279,320,345,355,453
X177,226,262,341,357,402,421
X178,227,266,422,454,563,572
X179,193,242,330,431,454,524
X180,186,238,297,340,351,465
X181,245,288,458,474,475,555
X182,246,277,317,374,400,539
X183,252,257,276,367,402,506
X184,253,274,323,327,392,449
X185,270,324,376,390,435,512
X186,283,341,430,436,516,533
X187,294,398,450,463,478,574
X188,369,451,499,513,567,574
X189,378,450,477,511,522,546
X190,399,451,456,536,546,552
OX0,101,115,131,136,138,142,154,159,169,170,180,181,185,190,191,195,196,199,205,207,210,214,221,223,224,231,233,236,247,248,250,254,256,257,260,267,269,273,274,275,279,280,281,282,284,285,287,291,292,295,297,299,302,303,304,305,306,307,308,309,311,312,314,316,318,320,321,322,323,333,334,335,336,338,342,343,345,346,347,351,352,353,354,357,359,360,361,363,368,370,371,372,375,376,377,379,381,384,390,392,394,398,400,401,403,404,405,407,410,411,414,415,416,418,421,422,423,426,427,428,436,437,442,443,448,450,451,453,454,456,457,458,459,460,462,465,466,469,471,474,475,477,478,479,481,482,484,485,486,488,489,490,494,495,497,499,501,503,504,505,506,507,508,509,511,514,515,518,519,522,525,526,530,531,534,537,543,545,546,549,552,555,556,562,563,564,565,566,571,572,573,574
OX1,122,136,147,154,159,169,180,181,183,187,189,190,195,210,219,224,234,237,251,254,263,267,273,288,289,295,309,312,314,315,321,334,337,338,346,354,368,388,394,404,407,411,414,416,417,419,423,427,430,432,435,437,441,444,445,451,456,458,460,462,468,475,481,486,493,499,500,505,507,508,513,524,525,527,543,545,548,549,550,555,560,571,573,574
OX2,113,124,154,166,185,187,189,191,195,196,198,199,211,214,215,216,219,221,224,231,233,234,236,237,239,244,247,248,249,250,251,256,258,260,261,262,263,264,265,268,273,275,276,277,278,282,284,285,288,292,297,302,304,305,308,309,313,315,316,319,322,324,326,327,328,332,333,334,335,336,337,338,340,344,347,349,351,356,358,359,360,361,362,364,366,370,371,372,373,380,381,383,384,385,388,390,396,398,400,401,405,408,411,415,419,420,428,429,432,441,442,443,445,446,447,448,450,451,454,456,457,459,462,463,464,466,468,469,470,473,475,476,477,478,484,486,489,491,493,494,495,496,497,499,503,504,511,513,514,515,518,519,522,524,525,527,534,537,542,545,548,550,554,556,562,565,566,570,571,572,573,575
OX3,169,187,190,214,219,233,236,250,268,284,293,298,301,308,322,343,356,370,388,395,405,441,455,464,472,503,540,542,543,550
OX4,136,147,154,159,181,183,187,190,195,210,224,237,251,254,263,273,288,298,309,312,314,315,321,334,338,346,394,404,407,411,416,417,419,423,427,432,435,437,444,451,456,458,462,475,481,486,493,499,500,505,507,508,513,527,545,548,550,555,565,571,573,574
OX5,187,190,214,219,233,236,250,268,284,288,293,301,308,315,322,343,356,370,388,395,405,416,417,437,441,455,458,464,472,474,475,503,508,540,542,555
OX6,147,154,159,166,185,189,191,195,198,210,211,214,215,216,220,221,224,233,235,236,237,239,241,242,243,247,249,250,251,255,256,258,261,262,263,265,268,273,275,276,278,282,284,285,290,292,297,301,302,304,308,309,313,316,317,319,322,324,326,328,329,331,332,333,334,336,337,338,344,348,349,356,358,359,361,362,365,366,371,372,373,374,376,377,380,381,382,383,385,390,398,405,411,413,416,417,419,426,428,429,432,433,442,443,446,447,450,451,454,456,457,458,462,463,464,466,467,468,470,473,474,476,477,478,483,484,486,489,493,495,496,497,499,505,508,511,513,515,519,522,524,527,530,537,539,540,542,545,548,551,554,556,562,565,570,571,572,573
OX7,115,131,138,154,159,180,181,185,189,198,205,210,211,214,215,219,223,234,235,236,237,239,241,242,244,247,250,251,254,255,258,261,262,263,264,265,267,269,274,277,278,279,280,281,282,284,288,291,293,295,298,299,301,302,303,305,306,308,310,313,314,318,319,320,321,323,324,327,328,330,331,332,336,337,339,340,342,343,344,345,352,353,357,358,360,361,362,363,364,366,368,370,373,374,375,376,377,380,382,383,384,385,388,389,392,394,396,398,403,404,405,407,408,409,413,414,418,419,420,421,422,424,426,429,431,432,433,436,437,441,443,445,447,453,454,458,460,463,465,468,470,471,472,473,474,476,479,481,482,485,486,488,489,490,491,493,496,505,506,507,509,511,513,514,515,526,527,531,534,535,537,540,544,546,548,549,550,552,554,555,556,557,561,562,563,564,570,571,574,575
OX8,131,154,159,162,170,176,185,189,195,196,198,199,207,210,215,216,219,220,221,224,231,239,242,243,248,251,255,257,258,260,261,262,263,265,266,268,269,272,273,278,287,288,290,297,298,301,303,305,307,308,309,310,312,313,316,317,319,323,324,328,329,333,337,338,340,342,344,345,346,348,349,353,356,358,361,362,363,364,365,368,370,373,375,379,380,381,382,383,385,387,388,389,392,401,403,410,411,413,414,415,421,422,423,427,429,433,435,436,441,442,443,447,448,449,451,456,457,458,459,461,462,464,465,466,467,468,469,470,471,476,479,480,482,483,486,488,492,496,500,504,505,515,517,518,521,524,525,527,530,531,539,540,541,542,543,545,546,547,548,549,551,552,553,554,563,565,566,570,571,573
OX9,142,166,170,181,191,195,196,199,207,214,216,219,220,224,231,234,235,236,237,241,243,244,248,250,251,254,257,260,263,264,268,273,275,277,284,287,290,293,298,301,305,307,308,309,311,314,317,321,327,329,330,331,332,334,335,336,338,339,340,343,346,347,348,349,351,356,360,361,364,365,366,370,374,376,377,379,384,388,394,396,398,400,401,404,405,407,408,409,410,411,415,417,419,420,423,424,426,427,431,432,435,437,441,445,448,451,454,456,457,459,462,464,467,469,472,473,474,481,483,484,488,491,493,494,499,500,501,504,507,511,513,514,518,524,525,527,530,534,535,539,542,544,545,550,551,555,557,565,566,573,574,575
OX10,192,196,214,220,231,234,235,236,241,242,243,244,248,250,251,255,264,277,286,290,305,310,317,329,331,335,343,348,351,357,360,365,372,374,384,396,400,405,408,413,415,420,433,437,439,445,449,467,469,483,491,492,494,505,532,534,539,540,551,555,566,575
OX11,166,170,181,190,195,196,199,207,214,219,220,224,231,233,234,235,236,237,241,243,244,248,250,251,254,257,260,263,264,273,277,284,287,290,298,301,305,307,309,314,317,321,322,327,329,330,331,334,335,336,338,339,340,343,346,347,348,349,351,360,364,365,370,374,376,377,379,384,388,394,396,398,400,401,404,405,407,408,409,410,411,415,419,420,423,424,426,427,431,432,435,437,441,445,448,451,454,456,457,459,462,467,469,474,481,483,491,493,494,499,500,504,507,511,513,514,518,524,525,527,530,534,535,539,544,545,551,555,557,565,566,573,574,575
OX12,154,159,170,181,185,189,191,198,199,207,210,211,214,215,216,219,220,221,233,235,236,239,241,243,247,249,250,251,254,256,257,258,261,262,265,275,276,278,282,284,285,287,290,292,293,297,298,302,304,313,314,316,317,319,321,322,324,326,328,329,330,331,332,333,337,339,344,346,347,348,357,358,359,361,362,365,366,370,372,373,374,376,377,379,380,381,383,385,388,390,394,395,404,405,407,409,410,416,417,423,424,426,427,428,429,431,435,439,441,442,443,446,447,449,450,455,458,463,466,467,468,470,472,473,476,477,478,479,481,483,484,486,489,492,495,496,497,500,507,508,515,519,522,530,535,537,539,540,544,548,550,551,554,556,557,562,570,571,572,574
OX13,181,183,189,198,211,214,215,216,219,220,221,235,236,239,241,243,249,250,254,256,258,261,262,265,278,284,285,290,292,293,297,298,301,304,313,314,316,317,319,321,324,328,329,330,331,333,336,337,339,344,348,358,359,361,362,365,370,371,372,373,374,376,377,380,381,382,383,385,388,390,394,395,398,404,405,407,409,416,423,424,426,428,429,431,435,441,442,444,446,447,450,455,458,463,466,467,468,470,472,476,477,478,481,483,488,489,495,496,500,507,508,515,519,522,530,535,537,539,540,550,551,554,556,570,572,574
OX14,138,162,176,180,189,190,195,196,198,199,214,223,231,234,236,237,244,247,249,250,256,257,258,260,262,264,265,266,267,269,273,274,277,279,280,282,284,285,288,291,292,293,295,298,302,303,304,307,308,309,312,315,316,320,323,327,328,332,336,337,338,342,344,346,349,352,357,358,359,360,361,362,366,367,371,372,375,376,377,383,384,387,390,396,405,409,415,417,418,419,427,428,429,431,432,437,445,446,447,448,449,451,453,454,456,457,459,460,461,463,468,469,472,473,475,476,477,479,480,482,488,491,492,495,496,504,506,507,509,511,513,514,515,517,518,519,521,522,524,534,541,543,545,547,553,554,555,561,562,564,565,566,572,574
OX15,170,183,185,190,196,207,209,214,220,231,234,235,236,241,242,243,244,247,248,250,251,255,257,260,262,264,265,266,268,275,276,277,282,284,287,288,290,293,301,302,305,308,317,326,329,331,332,334,335,336,343,344,346,348,351,356,357,360,365,366,371,374,379,382,384,395,396,398,400,405,406,408,410,413,415,417,420,422,427,429,433,435,437,439,443,444,445,449,454,455,464,467,469,472,473,474,475,476,479,480,483,488,491,492,493,494,497,500,505,517,534,536,539,542,544,545,548,550,551,555,557,562,563,566,572,575
OX16,180,183,185,189,207,209,231,247,257,261,262,265,266,267,269,275,276,282,288,295,302,313,326,332,334,337,344,346,354,366,367,370,406,414,417,422,427,429,435,443,444,445,454,468,473,474,475,476,480,485,488,493,497,500,517,524,525,536,545,548,560,562,563,572
OX17,183,185,190,196,207,209,214,220,231,233,234,235,236,241,242,243,247,248,250,251,255,257,260,261,262,264,265,266,268,269,272,274,275,276,277,278,282,286,288,292,293,301,302,307,308,313,316,317,322,323,326,327,329,331,332,334,335,342,343,344,346,351,353,356,357,360,365,366,367,371,373,374,376,377,384,392,395,396,398,400,405,406,408,409,413,417,419,420,422,427,428,429,431,432,435,436,437,439,443,444,445,448,450,454,455,459,463,464,467,469,472,473,474,475,476,478,479,480,483,485,488,491,493,494,497,500,505,507,513,517,525,534,536,539,540,542,545,548,550,555,562,563,566,572,574,575
OX18,190,198,223,233,249,254,257,273,275,276,277,278,293,301,302,308,322,326,328,343,352,358,361,362,367,373,374,383,402,403,408,412,432,446,447,456,472,497,506,509,514,516,533,542,550,554,564,565
OX19,176,185,191,195,199,207,211,215,219,220,224,231,232,233,237,239,243,247,249,251,254,256,258,262,265,266,269,272,278,279,282,285,290,292,297,301,304,306,307,308,309,315,317,319,320,322,327,329,330,336,338,339,340,344,348,354,359,361,362,365,372,373,376,380,382,383,385,387,388,389,398,400,401,402,403,409,411,412,414,417,418,419,423,424,426,428,431,432,435,438,439,440,441,442,443,445,448,450,451,456,459,460,462,463,467,470,474,476,477,478,479,480,483,484,489,493,494,495,496,497,499,505,509,512,513,514,515,516,517,519,522,524,530,533,535,537,538,539,542,545,548,550,551,553,556,560,562,564,565,570,572,573
OX20,162,185,191,196,207,211,214,215,219,220,224,231,232,233,234,236,239,243,249,250,251,260,263,264,275,276,278,280,286,288,291,292,297,298,301,302,303,305,306,312,317,319,322,326,327,329,330,332,333,335,339,340,343,346,349,353,357,360,361,362,364,365,366,370,371,373,374,375,377,380,382,383,384,385,388,389,390,392,396,400,401,405,408,409,411,418,419,423,424,426,427,428,429,431,433,435,436,437,438,439,441,442,443,445,454,456,457,460,461,462,463,467,469,470,473,474,475,482,483,484,488,489,490,491,493,494,499,504,505,509,511,512,513,514,518,521,524,525,530,534,535,537,538,539,540,541,542,543,547,548,555,556,561,564,565,566,570,573
OX21,191,195,196,198,207,211,220,223,233,243,248,251,258,260,261,262,263,265,268,269,273,274,275,276,278,280,287,288,290,291,302,307,308,309,313,317,322,326,328,329,330,333,334,338,339,344,348,351,352,353,356,358,360,361,362,364,365,368,371,373,376,377,379,383,384,389,392,395,400,403,406,409,410,415,417,418,420,421,422,423,424,426,429,431,435,436,439,440,445,447,448,449,453,454,455,457,458,459,463,464,465,467,469,476,479,483,484,485,489,490,492,493,494,499,500,505,506,509,511,514,524,525,530,531,534,535,536,537,539,540,545,549,551,554,556,563,564,565,566,575
OX22,244,247,263,272,274,278,282,284,286,290,292,297,302,303,305,312,316,323,327,333,340,342,348,351,353,364,373,392,398,409,415,419,428,431,432,433,436,442,449,450,460,463,465,478,492,507,509,513,531,540,541,547,551,561,562,574
OX23,257,261,269,276,303,313,367,485,509,541
OX24,185,189,196,199,215,216,219,223,224,237,239,247,248,251,256,260,261,274,276,278,280,282,285,287,288,290,291,292,297,303,304,313,315,319,324,327,332,336,337,340,347,348,351,352,353,357,359,360,366,368,370,371,372,373,376,377,379,380,381,384,385,388,389,390,392,395,400,401,403,406,409,410,411,415,418,419,420,421,422,426,428,431,432,435,436,440,441,442,443,445,451,453,454,455,456,457,462,463,465,468,469,470,473,474,477,485,488,489,490,494,495,496,497,500,504,506,507,511,513,514,515,518,519,522,524,527,531,534,536,537,540,541,542,548,549,550,556,562,563,564,566,570,572,573,574,575
OX25,196,214,220,231,234,235,236,241,242,243,248,250,251,255,260,264,272,274,277,278,284,292,307,316,317,323,327,329,331,335,342,343,351,353,357,360,365,371,373,374,376,377,384,392,396,398,400,405,408,409,413,415,419,420,428,431,432,436,437,439,445,448,450,459,463,467,469,478,479,483,491,494,505,507,513,525,534,539,555,566,574,575
OX26,199,201,207,209,211,219,220,221,224,233,237,242,254,255,261,263,266,268,269,273,274,276,278,280,287,288,290,291,298,301,303,305,307,308,313,314,316,321,322,327,330,334,336,338,339,340,346,347,348,349,356,364,365,370,371,373,376,377,388,389,394,395,398,401,402,404,410,411,413,418,419,421,422,423,424,427,430,432,433,435,436,438,439,441,448,449,450,451,455,456,457,459,461,462,464,465,466,467,472,474,478,479,480,481,488,492,493,496,500,505,509,511,513,516,517,521,523,524,525,527,530,531,533,535,538,541,545,550,563,565,572,573
OX27,189,195,198,207,211,216,220,232,233,243,248,256,258,260,268,269,272,273,275,276,277,278,279,280,285,287,288,291,292,302,306,307,308,309,317,320,322,323,324,326,327,328,329,330,332,337,338,339,342,343,347,351,354,356,357,358,360,365,366,370,371,373,374,375,377,379,381,382,384,390,398,403,408,410,414,415,417,419,420,421,423,424,428,429,438,439,446,447,448,449,450,453,456,457,459,460,464,465,467,468,473,475,478,479,482,483,488,490,492,493,497,499,500,504,505,507,509,511,512,513,514,518,527,530,531,534,535,538,539,545,551,553,554,560,564,572,574,575
OX28,195,198,201,207,223,224,231,234,235,237,241,249,254,255,258,261,268,269,272,274,275,276,288,290,292,298,302,305,307,309,313,314,315,316,317,321,323,326,328,329,331,333,334,335,336,340,342,343,346,348,349,351,352,356,357,358,361,362,368,371,374,376,377,379,383,394,395,396,398,400,401,402,403,404,408,409,411,413,416,417,422,423,426,427,428,430,431,433,435,436,437,438,439,440,446,447,448,450,451,453,455,456,457,458,459,461,462,463,464,475,478,479,481,485,490,491,493,496,499,500,505,506,508,509,516,521,523,525,527,530,533,538,539,545,549,550,551,554,555,563,564,573
OX29,214,216,220,223,231,232,234,235,236,241,242,243,248,250,255,256,260,261,263,264,278,279,284,285,290,301,306,307,313,316,317,320,324,329,331,332,333,334,335,347,348,351,352,360,361,362,364,365,366,368,371,373,375,377,381,382,383,384,389,390,395,396,405,413,415,418,420,426,429,432,435,437,438,439,440,446,448,455,456,458,459,460,467,473,479,482,483,485,488,489,491,497,504,505,506,512,518,525,527,534,537,538,539,540,549,553,555,556,565,575
OX30,198,201,207,209,223,224,231,234,235,237,241,249,254,255,258,261,266,268,269,272,274,275,276,290,292,298,302,305,307,313,314,315,316,317,321,323,326,328,329,331,333,334,335,336,340,342,343,346,348,349,351,352,356,358,361,362,368,371,374,376,377,379,383,394,395,396,398,400,401,403,404,408,409,411,413,416,417,421,423,426,427,428,431,433,435,437,438,439,440,446,447,448,450,451,453,454,455,456,457,458,459,461,462,463,464,475,478,479,480,481,485,490,491,493,496,499,500,505,506,508,509,517,521,523,525,527,530,538,539,545,549,550,551,554,555,564,572,573
OX31,232,247,268,277,278,282,284,286,297,301,302,303,312,315,324,340,343,351,356,361,362,372,373,374,376,382,383,390,395,408,415,418,426,429,432,435,438,442,446,455,456,458,464,465,497,504,509,512,515,518,531,538,540,541,547,562,564,565
OX32,219,231,234,254,258,263,264,272,274,278,284,286,287,288,290,292,305,308,315,316,323,327,333,335,338,342,348,349,364,368,370,373,374,379,388,396,398,409,410,412,415,416,417,418,419,422,426,428,430,431,433,436,437,440,441,449,450,453,456,458,461,463,474,475,478,490,491,492,497,507,508,513,514,521,540,542,549,550,551,555,563,574
OX33,211,215,220,221,231,233,234,235,239,241,242,247,254,258,260,261,268,272,277,280,282,284,285,286,287,288,291,292,297,301,302,303,304,307,308,310,312,313,317,322,323,327,329,330,331,335,338,339,340,342,345,347,356,359,365,368,371,372,376,377,379,389,395,396,400,409,410,412,416,417,418,419,422,424,426,428,430,431,436,437,440,442,448,449,450,453,454,455,456,458,459,460,463,464,466,467,472,474,475,477,479,488,490,491,492,495,497,499,508,509,512,513,514,519,522,524,525,535,539,540,541,546,547,549,550,551,552,553,555,561,562,563
OX34,216,221,223,231,247,251,263,268,272,279,282,297,302,303,312,315,316,320,332,333,340,347,351,352,356,357,364,366,372,440,442,445,449,460,464,465,466,473,485,492,494,506,509,515,527,531,537,541,547,553,562,564
OX35,247,260,282,297,303,310,312,340,351,415,442,465,509,515,531,541,547,562
OX36,201,215,231,239,242,243,249,251,255,256,258,260,261,263,272,273,274,276,277,279,280,284,285,286,287,290,291,292,298,303,304,305,310,312,313,314,315,317,319,320,321,324,329,340,343,347,348,349,351,354,357,358,359,364,370,371,372,374,376,377,380,381,385,389,390,394,398,404,406,408,410,412,413,414,417,418,422,428,432,433,435,438,440,445,446,449,450,456,457,458,460,461,470,472,475,477,478,481,483,485,492,494,495,497,499,500,504,506,507,509,511,514,516,518,519,521,522,523,525,527,533,536,537,538,539,540,541,542,547,548,551,553,554,560,563,565,570,574
OX37,207,209,215,234,235,239,241,242,243,248,249,251,256,261,262,263,265,266,268,269,272,275,276,278,284,286,288,302,304,306,310,313,315,316,326,331,332,333,335,343,344,345,347,356,357,358,359,360,364,366,368,373,374,375,381,384,389,395,396,398,400,402,403,406,408,409,415,416,417,420,422,423,429,431,435,437,439,445,446,449,454,455,457,460,463,464,472,473,474,475,476,477,478,480,482,483,485,488,491,492,493,494,495,500,505,506,507,508,509,511,512,514,515,517,519,522,530,534,536,537,540,545,546,549,550,552,553,554,555,561,563,572,574,575
OX38,231,235,241,242,243,248,249,251,254,256,258,260,261,262,264,265,268,273,274,275,276,285,287,288,290,292,297,301,305,306,308,312,313,314,315,321,326,331,332,333,334,338,343,344,348,349,351,356,357,358,360,366,372,375,379,381,382,384,385,389,394,395,400,403,406,408,410,412,415,418,419,420,421,422,428,429,433,440,442,445,446,449,453,455,456,457,458,461,464,465,470,472,473,474,476,482,483,485,488,492,494,497,504,506,507,509,513,514,515,516,518,521,527,531,533,534,536,537,542,547,548,550,551,554,563,575
OX39,220,221,223,242,243,248,249,254,255,256,258,260,268,269,272,274,277,279,285,287,288,290,292,300,301,305,306,307,308,314,315,316,320,323,329,332,333,334,338,340,342,343,347,348,349,351,352,356,360,361,362,365,366,371,372,374,375,376,377,379,381,382,383,384,389,394,395,401,408,410,412,413,415,417,418,419,420,422,428,430,433,436,439,446,448,449,453,455,456,458,459,461,464,466,467,473,474,475,479,482,483,485,490,492,497,504,505,506,513,514,515,518,521,525,527,534,539,542,551,553,561,563,564,575
OX40,223,242,243,254,256,258,262,264,265,269,273,274,275,276,279,284,285,286,287,292,297,300,301,302,305,306,308,310,312,316,317,319,320,321,326,327,329,334,338,340,344,347,349,351,352,358,360,361,362,371,374,375,379,380,381,382,383,384,385,389,400,401,403,406,410,412,415,417,418,419,421,422,428,429,433,442,453,456,457,460,461,465,470,472,475,476,482,483,489,497,507,509,513,515,516,521,531,533,534,536,537,539,540,542,547,548,550,551,553,554,556,563,564,570
OX41,221,242,243,254,256,258,261,262,263,264,265,272,273,274,276,279,284,285,286,287,292,297,300,301,303,305,306,308,310,312,313,315,316,317,319,320,321,327,329,333,334,338,340,344,347,349,351,360,361,362,364,371,372,374,375,379,380,381,382,383,384,385,389,400,401,402,406,410,412,415,417,418,419,421,422,428,429,433,442,453,456,457,461,465,466,470,472,475,476,482,483,485,489,497,506,507,509,513,516,521,531,533,534,536,539,540,541,542,547,548,550,551,553,556,561,563,564,570
OX42,235,241,242,243,248,249,254,256,258,260,261,264,274,275,276,279,284,285,286,287,288,290,292,297,300,301,305,306,308,312,313,314,316,317,320,326,331,332,333,334,338,343,347,348,349,351,357,358,360,361,362,366,375,379,381,382,383,384,385,389,394,400,402,403,408,410,412,417,418,419,420,422,428,430,433,436,442,446,453,456,457,458,461,465,470,472,473,474,475,482,483,497,504,507,509,513,514,518,521,531,534,537,540,542,547,548,550,551,553,554,561,563,564,575
OX43,215,224,234,237,239,248,251,254,258,263,264,273,274,275,276,278,280,290,291,300,302,304,305,306,307,308,310,312,317,319,321,323,324,326,327,332,333,334,335,336,338,342,346,348,349,353,354,357,359,360,361,362,364,366,368,370,372,373,374,375,380,383,384,385,390,396,402,403,406,409,411,412,414,416,417,419,420,422,427,428,431,433,435,437,439,445,448,449,451,457,458,459,461,462,463,470,473,475,477,479,482,485,490,491,492,494,495,496,497,500,504,505,506,508,509,511,513,516,518,519,521,522,533,534,536,540,547,548,549,551,555,560,563,564,570,573,574,575
OX44,224,234,237,248,251,254,258,260,264,269,273,274,275,276,278,280,285,290,291,300,304,305,306,307,308,312,317,319,321,323,326,327,332,334,335,336,338,342,346,348,349,353,354,357,359,360,361,362,366,368,370,372,373,374,375,376,377,380,383,384,385,390,396,402,403,406,409,411,412,414,415,416,417,419,420,422,427,428,431,433,435,437,439,445,448,449,451,457,458,459,460,461,462,463,470,473,475,477,479,482,485,490,491,492,494,495,496,497,500,504,505,506,508,509,511,513,515,516,518,519,521,522,525,533,534,536,540,547,548,549,551,555,560,561,563,564,570,573,574,575
OX45,262,265,268,273,279,292,300,315,316,317,320,321,323,342,344,347,353,356,361,362,372,383,395,401,402,406,417,421,429,430,436,440,449,455,464,475,476,485,488,490,492,505,506,507,515,516,533,536,540,553,561,564
OX46,233,234,251,254,260,263,274,284,286,288,292,301,304,308,310,322,323,324,327,333,335,338,342,345,347,353,357,359,364,368,372,374,376,377,379,396,412,416,417,418,426,430,432,437,439,440,445,449,450,453,456,458,461,474,475,477,490,491,492,494,495,497,508,511,512,514,519,521,522,525,542,546,549,552,553,555
OX47,260,268,277,278,284,286,310,315,343,356,361,362,372,373,374,383,395,408,446,455,464,514,540,564
OX48,255,264,268,276,277,278,284,286,297,303,312,315,323,340,342,343,351,356,357,361,362,372,373,374,383,385,395,401,408,413,415,439,442,446,449,455,457,464,465,470,490,492,505,507,509,514,515,527,531,540,541,547,548,564
OX49,234,242,251,256,261,263,269,274,275,277,278,279,288,300,302,303,304,313,314,315,316,317,320,324,326,327,332,335,343,345,358,359,364,366,368,373,376,377,379,394,396,401,402,403,408,412,416,417,426,430,437,439,440,445,446,450,458,461,473,474,475,477,483,490,491,494,495,507,508,511,512,519,521,522,525,541,546,549,552,554,555,565
OX50,243,248,249,261,268,272,274,275,276,279,285,288,292,297,300,306,307,310,312,313,314,315,320,326,327,329,332,333,334,340,347,351,353,356,357,358,360,366,371,372,375,376,377,379,381,384,385,389,394,395,398,401,402,403,409,412,417,420,426,430,431,440,442,448,449,450,455,457,458,459,460,461,463,464,465,470,472,473,474,475,478,479,482,490,492,505,509,514,521,525,531,534,537,539,540,547,548,550,553,554,561,565,574,575
OX51,268,275,277,278,284,286,303,326,332,343,356,358,361,362,366,373,374,383,395,402,403,408,415,446,455,464,473,485,506,514,540,541,554,564
OX52,251,275,284,286,292,302,303,315,323,326,332,342,353,358,366,368,372,401,402,403,415,445,460,473,485,490,494,505,506,507,515,527,541,549,554,561
OX53,242,254,256,258,261,264,269,272,277,279,284,286,287,290,292,300,301,302,305,307,308,313,314,317,320,323,333,338,342,343,347,348,349,357,374,376,377,379,382,394,401,408,409,410,415,418,419,422,428,431,433,436,446,448,450,453,456,459,463,478,483,485,497,506,513,514,525,540,542,544,551,553,557,563,565,574
OX54,254,258,264,272,278,287,290,301,302,305,307,308,316,338,348,349,353,373,376,377,379,382,409,410,419,422,428,431,433,436,448,449,450,456,459,463,478,492,497,507,513,525,540,542,544,551,557,563,565,574
OX55,248,261,263,265,272,273,274,276,277,278,279,284,285,286,288,297,298,303,304,305,306,307,310,312,313,314,315,319,320,321,323,327,334,340,342,343,344,347,351,354,359,360,361,362,364,370,372,373,374,375,376,377,379,380,381,383,384,385,390,394,398,400,406,408,414,415,419,420,426,430,433,435,436,438,439,442,446,448,449,450,453,456,457,459,461,463,465,470,474,477,478,479,481,482,485,489,490,492,495,497,504,505,506,507,509,511,513,516,518,519,521,522,523,525,527,531,533,534,536,538,540,541,547,548,550,553,556,558,560,561,564,570,574,575
OX56,261,263,269,275,277,278,279,300,303,307,313,314,315,316,317,320,326,332,343,347,357,358,364,366,372,373,374,376,377,379,394,398,402,403,408,426,440,446,448,449,459,473,490,492,504,505,507,515,518,525,541,544,553,554,557,561
OX57,263,264,272,275,278,284,286,290,302,303,305,315,316,326,332,333,348,349,358,364,366,372,373,398,402,403,409,415,419,422,428,431,432,433,436,449,450,460,463,473,478,485,492,506,507,513,515,540,541,551,554,561,563,574
OX58,209,265,266,269,274,275,276,277,278,284,285,286,288,297,298,304,305,306,307,310,312,323,326,327,329,332,334,340,342,343,344,351,354,358,359,360,361,362,366,370,371,373,374,375,376,377,379,381,383,384,385,390,400,403,406,408,409,414,415,419,421,422,426,431,433,435,438,439,440,442,446,448,453,454,456,457,459,461,465,470,473,474,477,479,480,481,482,485,489,495,497,506,507,509,511,513,515,517,519,521,522,523,525,527,531,534,536,538,539,540,547,548,550,554,556,558,560,563,564,572
OX59,258,275,279,284,286,303,315,320,326,332,336,345,353,358,366,372,402,403,406,415,440,451,456,473,485,496,506,515,536,541,546,552,554,561
OX60,264,272,273,276,278,280,284,286,287,290,291,297,302,303,305,307,310,314,315,316,321,324,333,336,340,345,347,348,349,351,354,358,360,370,372,373,384,390,394,406,410,414,415,418,419,422,428,430,432,433,440,442,448,451,453,456,457,459,460,465,478,490,496,497,505,507,509,512,513,516,531,533,534,536,540,541,542,544,545,546,551,552,553,554,557,560,561,563
OX61,249,265,269,272,273,274,275,276,277,284,285,286,290,297,298,300,304,305,306,310,312,316,321,323,326,327,332,334,340,342,343,344,348,351,354,357,358,359,360,361,362,366,370,375,379,381,383,384,385,389,390,398,402,403,406,408,414,415,417,419,426,430,433,435,436,438,439,440,442,446,450,453,456,457,458,461,463,465,470,473,475,477,478,481,482,485,495,497,506,509,511,513,515,516,519,521,522,523,527,531,533,534,536,537,538,540,547,548,550,554,558,560,564,574
OX62,256,273,276,278,280,284,286,287,290,291,297,303,305,310,314,315,316,321,324,330,333,336,340,345,347,348,351,354,357,358,360,370,372,373,376,377,379,384,390,394,406,409,410,414,415,419,422,426,428,430,431,432,433,439,442,449,450,451,454,456,457,463,465,483,490,492,496,497,504,505,509,512,513,514,516,518,524,525,527,531,533,534,536,540,541,542,545,546,551,552,553,554,560,561,563,574
OX63,277,278,343,361,362,373,374,383,408,446,514,564
OX64,275,284,286,292,297,303,315,323,326,327,332,340,342,351,353,358,366,372,402,403,415,442,473,485,506,515,541,554
OX65,265,269,272,273,274,276,279,285,290,292,297,298,300,303,304,305,306,310,312,315,320,321,327,334,340,343,344,347,348,351,353,354,359,360,370,372,375,379,381,384,385,390,398,401,406,408,414,417,419,426,430,433,435,436,438,439,442,446,449,450,453,456,457,458,461,463,465,470,475,477,478,481,482,485,488,490,492,495,497,505,506,507,509,511,513,516,519,521,522,523,527,531,533,534,536,538,540,541,547,548,550,553,558,560,561,574
OX66,273,280,287,291,297,301,302,312,314,315,321,323,324,327,333,336,340,342,345,347,351,354,358,370,372,376,377,379,382,385,390,394,406,409,410,414,418,430,431,436,440,442,449,450,451,453,456,460,463,470,490,492,496,505,512,515,516,525,533,536,542,545,546,547,548,552,553,554,560,574
OX67,279,280,287,291,297,312,320,323,327,336,340,342,345,351,385,406,410,440,442,451,456,470,496,536,542,546,547,548,552,561
OX68,272,297,300,302,307,314,316,317,327,333,340,351,361,362,376,377,379,383,394,401,409,426,431,442,448,450,459,460,463,478,504,507,514,518,525,544,557,561,564,574
OX69,269,276,280,285,287,290,291,297,298,301,303,304,306,307,310,312,315,316,317,323,324,327,334,336,340,342,343,348,351,359,360,361,362,372,375,379,382,383,384,385,398,400,404,406,408,410,417,418,419,435,438,439,442,446,448,450,456,457,458,459,470,475,477,481,482,485,488,489,495,496,497,499,500,504,506,509,511,512,513,514,518,519,522,523,527,534,536,538,541,542,544,545,547,548,550,556,557,561,564,574
OX70,276,280,284,286,287,291,292,297,300,301,302,303,310,314,316,317,323,333,336,340,342,345,347,351,353,357,360,361,362,382,383,384,394,401,406,410,415,426,439,442,449,451,456,457,460,465,492,496,497,504,509,514,515,518,527,531,534,536,541,542,546,552,553,564
OX71,329,371,379,398,426,479,514,539,544,557
OX72,278,280,287,291,297,300,302,314,316,333,336,340,343,345,347,351,357,373,381,394,406,408,410,417,435,442,446,449,451,456,458,460,465,475,485,488,490,492,496,500,504,505,506,507,514,518,531,536,542,545,546,552,553,561
OX73,301,302,307,324,379,382,390,398,429,432,435,448,456,458,459,497,512,544,557,565
OX74,302,324,354,370,376,377,390,414,429,432,435,456,458,497,512,525,560,565
OX75,280,287,291,297,300,304,307,312,314,316,317,323,327,333,336,340,342,351,354,359,361,362,370,376,377,379,383,385,390,394,398,406,410,414,426,429,432,435,442,448,450,451,458,459,460,470,477,490,495,496,497,504,505,507,511,514,518,519,522,525,536,542,544,547,548,557,560,561,564,565
OX76,274,297,298,304,307,312,316,317,323,324,327,340,342,345,347,351,358,359,361,362,379,381,383,385,398,404,409,417,419,426,429,431,432,436,438,439,440,442,448,449,451,453,456,459,461,463,465,470,475,477,481,485,488,490,492,495,499,500,504,505,506,511,512,513,514,518,519,521,522,523,527,531,538,544,546,547,548,550,552,553,554,557,561,564
OX77,290,304,307,312,323,324,327,342,343,345,347,348,357,359,379,381,385,398,400,408,417,426,435,446,448,449,450,458,459,465,470,475,477,485,488,489,492,495,500,506,511,512,519,522,531,544,545,546,547,548,552,553,556,557
OX78,312,323,327,342,385,465,470,531,547,548
OX79,297,300,304,307,314,316,317,327,333,340,351,354,359,361,362,370,376,377,379,383,390,394,398,401,409,414,426,429,431,432,435,442,448,456,458,459,460,477,495,497,504,507,511,514,518,519,522,525,544,557,560,561,564,565
OX80,304,315,316,317,345,347,357,358,359,361,362,372,379,381,383,390,402,403,409,418,426,431,440,449,453,463,477,492,495,500,504,507,511,514,515,518,519,522,545,546,552,553,554,561,564,574
OX81,298,307,315,354,357,370,372,374,376,377,379,398,402,403,404,412,414,417,418,419,426,430,435,436,438,439,448,451,458,459,475,481,485,488,490,497,499,505,506,507,513,514,515,523,525,527,538,544,545,550,557,560,561,574
OX82,300,307,314,315,324,333,345,347,358,372,374,379,381,390,392,394,398,402,403,412,418,426,430,439,440,448,453,459,460,461,463,490,500,505,507,512,514,515,521,527,544,545,546,552,553,554,557,561,565,574
OX83,307,315,316,317,324,358,361,362,372,381,383,390,398,402,403,409,418,431,439,440,448,450,453,459,463,490,500,505,512,515,527,544,545,554,557,561,564,574
OX84,292,305,316,317,323,342,345,347,353,357,361,362,383,400,401,409,431,433,439,449,450,489,490,492,505,527,540,546,552,553,556,564
OX85,316,317,345,347,357,361,362,381,383,409,417,431,435,449,450,458,475,485,488,492,500,506,507,545,546,552,553,564
OX86,345,347,357,379,426,439,449,463,490,492,504,505,507,514,518,527,546,552,553,574
OX87,402,403,417,435,458,475,485,488,506,545
OX88,315,324,354,357,358,370,372,374,376,377,379,390,392,412,414,417,426,429,430,432,449,456,461,475,485,488,492,497,506,512,514,515,521,525,545,554,560,561
OX89,357,392,404,418,438,439,449,461,463,490,492,499,505,507,521,523,527,538
OX90,324,354,370,372,374,376,377,379,390,404,412,414,416,418,426,429,430,432,435,438,439,456,458,463,485,488,490,497,499,505,506,507,508,512,514,515,523,525,527,538,560,561
OX91,372,379,392,416,417,418,426,429,432,436,440,449,453,456,461,475,492,504,508,514,515,518,521,561
OX92,379,404,418,426,438,463,499,504,514,518,523,538
OX93,392,404,417,418,429,432,436,438,439,449,456,461,463,475,485,488,490,492,499,505,506,507,521,523,527,538
OX94,403,404,409,418,419,421,428,429,431,435,438,450,456,458,490,499,505,513,523,538,545,551,572,574
OX95,404,409,418,431,438,450,490,499,505,523,538,574
OX96,374,412,417,429,430,432,439,456,475,485,488,490,504,505,506,507,518,527
OX97,409,417,429,431,439,450,451,456,475,485,488,506,507,527
Z0,0,114,218,397
Z1,1,140,325,502
Z2,2,278,316,564
Z3,3,16,299,526
Z4,4,50,337,468
Z5,5,171,222,425
Z6,6,100,365,467
Z7,7,239,285,482
Z8,8,29,178,325
Z9,9,107,290,348
Z10,10,177,183,444
Z11,11,152,346,427
Z12,12,319,371,479
Z13,13,219,354,370
Z14,14,113,124,568
Z15,15,292,342,385
Z16,16,155,280,291
Z17,17,115,205,350
Z18,18,116,359,495
Z19,19,226,283,341
Z20,20,63,99,568
Z21,21,51,171,218
Z22,22,85,281,299
Z23,2,23,205,526
Z24,24,86,359,519
Z25,25,77,87,296
Z26,26,316,507,527
Z27,27,153,247,562
Z28,28,93,217,510
Z29,29,322,410,542
Z30,30,304,378,477
Z31,31,395,433,540
Z32,32,62,480,517
Z33,33,129,175,529
Z34,34,36,241,331
Z35,35,263,333,394
Z36,36,106,220,467
Z37,37,80,360,534
Z38,20,38,332,473
Z39,39,444,470,548
Z40,40,156,225,355
Z41,41,256,469,483
Z42,42,72,157,168
Z43,43,121,224,462
Z44,44,164,265,344
Z45,45,75,98,397
Z46,46,91,178,391
Z47,11,47,311,501
Z48,48,247,312,548
Z49,49,57,261,313
Z50,15,50,104,487
Z51,21,55,385,470
Z52,24,52,196,566
Z53,53,183,207,423
Z54,54,65,358,554
Z55,55,67,130,569
Z56,56,180,200,295
Z57,40,57,363,471
Z58,58,306,334,493
Z59,59,210,251,494
Z60,60,109,434,528
Z61,61,248,363,420
Z62,32,64,131,471
Z63,33,63,191,484
Z64,8,64,82,240
Z65,65,164,424,535
Z66,66,97,461,521
Z67,51,74,368,549
Z68,68,203,395,455
Z69,69,390,435,545
Z70,70,303,318,541
Z71,71,324,376,448
Z72,72,101,354,560
Z73,73,123,268,356
Z74,74,122,289,510
Z75,45,235,259,331
Z76,76,154,167,571
Z77,77,112,287,410
Z78,78,131,414,560
Z79,79,144,477,522
Z80,26,37,157,498
Z81,81,216,361,564
Z82,82,94,438,538
Z83,83,305,348,489
Z84,0,84,487,528
Z85,85,279,440,453
Z86,70,86,165,520
Z87,87,142,361,362
Z88,88,257,276,457
Z89,12,89,230,569
Z90,90,227,266,517
Z91,19,46,117,296
Z92,92,111,185,443
Z93,28,112,422,563
Z94,62,398,478,557
Z95,95,199,347,553
Z96,96,206,314,394
Z97,66,198,208,328
Z98,98,203,214,405
Z99,71,99,108,228
Z100,100,258,292,353
Z101,101,166,305,433
Z102,102,119,319,570
Z103,9,103,271,502
Z104,4,277,317,383
Z105,105,231,445,549
Z106,106,232,438,523
Z107,107,197,221,466
Z108,108,426,446,514
Z109,109,428,551,566
Z110,110,238,297,442
Z111,92,245,437,555
Z112,93,274,392,461
Z113,14,217,362,383
Z114,114,160,489,556
Z115,115,162,237,411
Z116,116,163,544,557
Z117,5,117,388,441
Z118,118,222,416,508
Z119,119,158,504,518
Z120,120,320,345,553
Z121,121,300,314,321
Z122,39,122,234,491
Z123,73,190,293,407
Z124,104,113,154,159
Z125,84,125,188,386
Z126,126,172,196,469
Z127,127,173,181,407
Z128,128,174,214,236
Z129,129,226,262,476
Z130,130,213,448,459
Z131,78,280,308,542
Z132,132,167,195,309
Z133,133,463,499,574
Z134,134,148,516,533
Z135,135,212,278,373
Z136,128,136,187,503
Z137,137,258,287,336
Z138,138,190,308,338
Z139,139,339,511,522
Z140,140,180,445,494
Z141,141,301,370,497
Z142,25,195,288,474
Z143,110,143,281,318
Z144,144,273,321,447
Z145,145,184,192,532
Z146,146,204,391,559
Z147,147,158,423,530
Z148,148,223,275,366
Z149,149,323,327,401
Z150,150,161,267,295
Z151,151,260,286,415
Z152,152,198,254,338
Z153,27,216,268,455
Z154,76,384,413,457
Z155,155,166,211,424
Z156,156,170,257,367
Z157,42,442,515,561
Z158,147,228,263,364
Z159,6,159,210,240
Z160,58,160,168,452
Z161,150,366,452,473
Z162,91,162,169,543
Z163,163,170,336,496
Z164,54,275,311,326
Z165,31,52,271,559
Z166,80,243,380,575
Z167,59,132,462,573
Z168,83,125,215,239
Z169,169,187,234,437
Z170,49,89,143,350
Z171,67,149,224,411
Z172,126,291,531,547
Z173,173,185,237,346
Z174,174,307,479,544
Z175,105,175,219,441
Z176,81,176,209,480
Z177,10,213,375,482
Z178,94,102,179,393
Z179,179,212,328,447
Z180,56,367,485,506
Z181,181,404,523,558
Z182,182,193,409,431
Z183,53,96,369,567
Z184,184,236,284,286
Z185,127,207,486,493
Z186,186,238,282,562
Z187,17,69,486,571
Z188,188,298,481,543
Z189,189,377,434,525
Z190,22,138,335,396
Z191,38,48,142,501
Z192,192,199,329,371
Z193,193,349,422,454
Z194,194,246,329,539
Z195,88,124,307,459
Z196,172,306,375,387
Z197,35,197,279,320
Z198,97,204,396,491
Z199,95,251,439,527
Z200,13,189,200,468
Z201,201,297,351,365
Z202,202,249,352,537
Z203,68,229,339,535
Z204,146,242,330,483
Z205,23,34,360,384
Z206,206,330,337,524
Z207,111,118,304,519
Z208,208,250,343,446
Z209,209,248,288,555
Z210,3,161,176,387
Z211,134,135,356,464
Z212,47,141,177,259
Z213,75,123,233,322
Z214,30,215,324,512
Z215,153,194,255,413
Z216,211,404,499,567
Z217,1,260,310,534
Z218,220,243,293,472
Z219,103,230,420,575
Z220,120,223,352,498
Z221,43,419,428,481
Z222,225,345,399,552
Z223,191,233,301,382
Z224,227,262,421,572
Z225,229,255,264,349
Z226,221,272,294,478
Z227,231,269,303,415
Z228,232,270,376,377
Z229,235,340,351,530
Z230,145,378,546,552
Z231,133,186,465,531
Z232,7,389,466,537
Z233,241,246,400,556
Z234,242,431,505,507
Z235,244,551,563,572
Z236,245,417,475,484
Z237,61,343,408,503
Z238,249,277,374,412
Z239,202,250,405,425
Z240,252,276,282,509
Z241,151,253,323,342
Z242,254,429,456,536
Z243,256,333,368,460
Z244,137,379,382,426
Z245,165,253,449,492
Z246,41,261,269,285
Z247,90,390,495,512
Z248,264,347,392,449
Z249,201,265,406,496
Z250,266,267,454,524
Z251,270,435,458,474
Z252,272,364,414,525
Z253,273,283,309,533
Z254,274,327,340,465
Z255,44,310,372,515
Z256,252,402,403,421
Z257,79,380,386,570
Z258,244,284,353,540
Z259,289,412,430,516
Z260,182,290,373,408
Z261,294,409,450,511
Z262,298,388,472,550
Z263,300,317,381,400
Z264,302,427,460,565
Z265,313,332,485,488
Z266,315,464,550,554
Z267,326,443,509,541
Z268,139,334,381,500
Z269,335,490,505,573
Z270,341,357,436,492
Z271,60,344,476,558
Z272,355,418,453,538
Z273,357,402,439,506
Z274,358,403,500,545
Z275,369,419,513,520
Z276,315,372,416,532
Z277,374,504,514,539
Z278,379,398,463,521
Z279,389,417,488,508
Z280,393,429,458,475
Z281,399,406,529,536
Z282,401,418,490,518
Z283,302,440,497,561
Z284,430,432,436,565
Z285,432,451,456,513
Z286,450,451,546,574
OZ0,217,240,243,246,247,251,255,257,268,277,278,280,282,287,288,296,307,308,309,316,317,322,329,336,337,342,353,354,360,361,362,365,380,382,384,385,398,402,403,410,421,426,442,455,459,462,463,467,468,474,487,494,509,515,521,534,539,560,561,562,568,571,573,575
OZ1,228,240,243,247,251,255,263,268,280,288,293,296,297,308,309,310,311,316,319,320,322,328,329,331,345,351,352,356,360,361,364,365,366,373,376,377,384,398,400,403,406,410,413,414,416,423,424,428,429,434,435,443,447,455,462,467,471,472,475,476,478,480,494,496,498,500,504,509,515,516,517,518,523,528,530,532,533,535,538,539,541,545,550,551,553,556,557,558,560,562,566,570,571,573
OZ2,243,263,271,278,279,316,319,320,333,348,349,350,354,360,363,364,371,373,380,394,398,408,420,422,431,442,451,454,466,479,480,502,511,515,517,525,526,534,546,557,561,564,569,574
OZ3,222,234,237,240,247,251,255,259,263,268,271,277,279,288,293,296,301,304,309,311,317,319,320,321,323,328,329,331,333,336,337,338,340,342,343,348,349,350,352,353,354,361,363,364,365,370,371,373,375,376,377,380,381,382,384,391,392,396,404,405,407,408,410,411,412,413,416,417,418,420,423,425,426,428,429,435,437,438,440,442,443,446,448,451,454,455,456,458,459,460,463,465,466,472,475,479,480,481,482,483,484,486,490,493,494,501,502,504,505,507,508,511,513,514,515,517,518,519,520,524,525,526,534,536,537,546,548,555,556,557,558,559,562,563,564,565,567,571,573,574
OZ4,246,247,255,263,267,268,271,279,288,291,295,319,320,329,333,343,348,349,350,359,361,364,366,371,373,387,394,413,414,422,431,451,452,454,455,466,473,478,479,495,502,503,511,517,525,526,531,539,546,547,555,562,564,569,574,575
OZ5,234,280,287,308,312,322,327,340,359,392,398,414,422,461,465,478,491,495,547,557,560,563
OZ6,263,271,280,281,287,308,319,320,322,327,330,333,340,348,349,350,363,364,371,373,391,392,394,398,408,420,440,451,453,454,461,465,466,479,480,483,490,491,502,507,511,517,525,546,557,559,560,563,569,573,574,575
OZ7,247,259,267,278,285,287,288,291,295,299,301,304,306,308,311,312,317,322,324,327,328,330,331,337,338,339,346,348,351,352,361,363,366,370,378,381,386,387,388,391,392,396,404,405,408,412,417,420,422,424,425,429,431,433,440,446,456,460,465,466,468,472,473,477,480,481,482,483,488,491,493,498,499,500,501,503,504,505,508,510,511,512,514,521,522,526,527,528,530,536,539,543,548,550,555,556,559,561,563,564,565,567
OZ8,240,251,255,257,267,268,271,277,278,279,280,282,285,291,293,295,296,299,304,306,307,309,314,319,320,321,323,329,333,336,337,339,342,343,349,350,351,353,354,359,365,366,371,373,375,377,378,380,382,386,387,388,390,392,394,398,402,403,404,410,411,414,417,418,419,421,423,424,426,428,431,433,438,442,451,454,455,458,461,463,465,468,473,477,478,479,488,490,494,495,498,499,500,502,503,507,508,509,510,512,515,517,518,521,522,523,525,527,528,530,534,537,539,543,545,546,547,550,555,560,561,562,563,567,573,574
OZ9,257,267,271,281,282,287,291,295,296,307,309,317,319,320,321,324,327,333,337,340,343,348,349,350,359,366,371,373,376,381,384,387,391,392,400,402,403,410,413,414,421,440,448,451,452,453,454,459,461,465,466,473,474,478,479,483,490,491,495,502,503,507,509,511,517,524,525,531,546,547,555,559,563,569,571,573,574,575
OZ10,279,280,281,287,308,322,327,330,340,346,350,391,392,398,404,407,411,414,422,428,431,440,443,453,461,465,478,481,483,490,491,495,507,513,519,520,523,557,558,559,560,563,567,573
OZ11,255,259,267,268,280,287,291,295,296,299,301,309,311,312,314,317,323,328,338,339,340,346,347,349,352,359,363,366,370,375,385,387,390,391,394,396,398,404,405,408,410,411,412,414,418,419,420,422,423,424,425,428,429,431,435,440,446,448,449,452,455,456,459,460,462,465,468,473,474,478,480,481,482,483,487,490,491,493,495,499,501,503,504,505,507,510,514,518,521,524,526,535,536,537,539,545,547,548,555,557,559,560,561,563,564,565,567,569
OZ12,233,237,267,269,271,278,286,291,295,296,297,301,304,306,309,311,312,314,317,318,319,320,325,328,331,332,336,345,346,352,353,354,356,366,367,368,370,373,377,380,381,386,387,388,390,392,395,397,398,400,402,403,404,406,407,410,411,412,417,418,419,421,422,424,425,428,429,433,437,438,439,446,448,449,451,454,456,458,459,461,462,463,465,467,468,469,471,473,477,480,482,485,486,490,493,494,496,498,500,501,502,504,508,509,510,512,514,515,521,522,523,524,525,528,529,531,532,534,535,538,540,543,545,548,550,551,553,555,559,563,565,567,569,572
OZ13,267,269,278,280,281,291,293,295,296,297,304,306,308,309,314,318,322,323,324,327,329,330,332,333,337,340,343,347,348,349,351,354,363,366,367,368,375,376,377,378,380,381,385,386,387,388,390,392,394,400,402,403,408,410,411,417,418,419,420,421,423,428,433,438,448,449,458,459,460,462,463,465,466,467,469,473,477,480,483,485,487,490,498,499,500,503,507,508,509,511,512,515,518,522,523,524,526,527,528,530,534,535,537,539,543,545,550,555,560,561,564,569,574,575
OZ14,278,291,346,350,359,387,404,407,411,428,443,452,481,498,507,513,519,520,523,526,527,531,547,558,564,567
OZ15,269,271,280,286,287,306,308,310,318,322,323,325,327,340,342,366,367,368,375,392,395,398,412,414,422,433,436,449,451,452,456,461,465,469,473,478,485,492,494,495,502,506,510,513,516,519,520,534,540,541,557,559,560,563,565,566
OZ16,259,271,277,280,281,285,286,297,301,306,308,310,311,312,317,321,322,325,328,332,333,336,337,338,340,343,350,352,353,359,365,366,370,376,377,381,382,384,390,391,392,394,395,396,400,402,403,405,407,413,414,418,421,422,423,425,426,429,431,433,436,438,440,442,443,446,448,449,451,452,458,459,462,467,473,474,478,482,488,490,491,492,493,494,495,499,501,502,504,505,506,507,509,510,513,514,516,518,520,523,524,531,534,536,537,539,540,541,545,547,548,557,560,561,562,563,566,569,571,574
OZ17,271,281,286,291,297,299,304,308,310,314,322,323,324,325,327,330,331,332,333,336,337,339,346,348,351,353,365,366,376,377,378,381,382,384,385,386,387,388,390,392,394,395,398,402,403,404,407,411,412,413,417,419,421,422,423,424,426,428,436,438,442,443,448,449,451,452,456,458,459,460,461,466,467,472,473,474,477,483,487,492,494,500,502,506,508,509,510,511,512,513,516,520,521,522,523,524,528,530,531,534,537,540,541,543,545,550,556,559,562,563,565,566,567,569,571,574
OZ18,285,287,291,293,304,306,311,312,314,324,329,330,336,337,340,342,346,347,348,349,351,353,354,359,365,375,378,380,381,382,384,385,386,387,388,390,392,394,400,407,411,413,414,417,419,423,426,428,433,435,442,448,449,459,463,466,477,478,487,488,495,500,501,508,511,512,515,521,522,524,528,530,531,534,535,537,539,543,545,547,548,550,557,561,562,569,571,575
OZ19,237,293,299,308,314,317,319,321,322,323,329,331,336,339,340,342,343,347,349,350,353,354,363,365,371,380,381,382,384,390,391,408,413,414,418,419,420,422,424,426,435,437,442,449,461,462,463,465,472,478,479,480,486,490,491,499,502,503,513,515,517,518,520,521,523,531,534,535,539,545,556,557,558,561,562,563,569,571
OZ20,291,295,311,312,314,317,321,323,327,346,366,381,385,387,400,404,407,418,419,452,462,468,473,487,490,501,513,518,520,523,531,548,558,567
OZ21,277,295,297,299,304,308,310,311,312,320,321,322,323,327,331,332,340,343,345,354,356,359,365,371,373,375,376,380,382,385,386,388,391,397,402,403,404,405,406,412,417,418,421,424,426,436,439,440,443,448,454,456,459,460,461,462,471,477,479,480,481,482,487,490,491,492,493,495,496,500,501,502,506,507,508,509,512,513,515,516,517,520,521,522,524,525,526,527,528,529,532,535,536,537,538,539,541,543,547,548,550,551,553,561,564,565,566,567,572,575
OZ22,280,287,293,299,312,314,317,329,331,332,336,339,342,343,346,347,349,350,353,354,359,363,365,381,382,384,385,386,390,392,398,402,404,407,408,411,413,419,420,421,424,426,428,436,439,442,443,447,449,454,463,468,472,473,474,476,477,480,481,484,487,492,495,499,501,503,506,512,515,517,519,521,522,524,529,531,533,534,535,539,547,548,555,556,560,561,562,567,570,571,572,575
OZ23,251,286,287,293,295,297,310,312,314,317,319,320,323,325,330,340,343,345,351,353,354,365,373,376,382,385,388,391,392,394,395,403,404,406,412,417,418,419,422,423,426,435,440,447,456,460,465,471,473,474,476,480,481,484,487,490,491,494,495,496,499,500,501,503,507,508,509,510,515,516,517,519,521,523,524,525,527,528,530,531,533,535,536,537,538,539,540,541,543,545,548,550,553,555,558,561,565,566,567,570,572,573
OZ24,293,296,299,308,309,311,314,317,322,323,327,329,331,332,339,343,347,349,350,354,363,376,377,381,384,385,386,390,392,398,402,404,408,410,411,413,414,418,419,420,421,424,428,435,436,438,439,442,443,447,449,454,458,462,467,468,472,473,476,477,478,480,481,484,487,490,492,499,503,506,512,515,517,518,519,522,523,524,529,531,533,534,535,539,555,556,557,561,562,567,570,571,572,575
OZ25,286,296,297,299,306,308,309,310,311,312,314,317,319,320,321,322,327,329,330,331,332,336,339,340,342,345,347,349,350,351,363,366,373,375,376,384,385,386,388,390,391,394,395,400,402,403,404,406,408,410,411,412,413,414,417,419,420,421,422,423,424,428,435,436,439,440,442,443,449,452,454,456,460,463,465,469,471,472,473,477,478,487,491,492,495,496,500,501,506,507,508,509,510,512,513,516,518,520,522,525,527,528,529,530,534,536,537,538,540,541,543,545,548,550,553,556,557,559,562,565,566,567,571,575
OZ26,296,299,304,308,309,311,321,322,327,331,332,336,342,350,351,353,354,365,371,375,377,385,386,391,392,397,398,402,410,411,416,417,421,422,425,434,435,436,438,439,440,443,446,447,448,454,456,458,459,460,461,463,465,467,468,471,472,473,474,476,477,479,480,481,482,487,491,492,493,495,502,504,506,508,512,514,517,518,519,521,522,524,525,528,529,533,536,538,545,550,561,563,565,570,572,575
OZ27,287,311,312,314,317,321,325,327,331,339,343,346,349,351,359,363,371,375,376,378,380,381,382,384,390,391,397,398,400,404,407,408,413,414,416,417,419,420,422,424,425,426,428,434,439,440,442,446,448,449,456,459,460,461,462,465,471,472,474,478,479,482,484,491,493,494,495,499,501,503,504,508,514,515,518,523,525,527,528,531,534,535,536,538,545,546,547,548,550,552,553,555,557,562,563,565,567,571,573,575
OZ28,311,312,314,317,321,325,327,331,336,342,343,346,349,351,353,359,363,371,375,376,378,380,381,384,385,386,388,390,391,397,400,404,406,407,408,413,414,416,417,419,420,422,425,439,440,442,446,448,449,456,459,460,461,462,463,465,471,474,476,477,478,479,481,482,484,487,491,493,494,495,496,499,501,503,504,508,511,514,515,518,521,523,525,527,528,531,534,536,538,543,545,546,547,548,551,552,553,555,557,558,562,563,565,566,567,571,573,575
OZ29,312,321,325,327,331,332,336,339,342,349,351,353,359,365,371,377,378,384,385,386,390,391,397,402,404,411,413,414,416,417,421,422,424,425,434,436,438,440,442,446,447,449,454,456,458,460,461,462,463,465,467,468,471,472,473,474,476,477,478,479,480,481,487,491,492,494,499,501,504,506,508,512,514,515,517,518,521,522,524,525,527,528,529,531,533,534,535,536,538,546,547,548,550,552,553,557,562,563,565,567,569,570,571,572,573,575
OZ30,343,346,363,375,390,404,407,408,411,420,428,435,443,448,459,474,480,481,482,493,495,503,513,517,519,520,523,545,555,558,567,569
OZ31,304,327,331,336,339,342,346,351,353,354,359,365,371,375,377,380,385,386,388,390,391,392,397,398,407,416,417,422,424,425,428,434,435,438,440,443,446,448,456,458,459,460,461,463,465,467,471,474,477,479,480,481,482,484,487,491,493,495,499,502,504,508,511,513,514,517,518,519,520,521,523,525,531,535,536,538,543,545,547,558,561,563,565,575
OZ32,295,306,314,319,330,331,337,339,340,351,365,366,371,376,377,386,388,390,394,397,404,405,406,419,423,424,428,434,438,448,452,458,459,467,468,469,472,473,476,477,479,481,482,493,496,502,503,511,513,520,524,530,535,543,545,550,551,555,559,566,567,575
OZ33,323,324,325,327,339,346,349,354,359,365,375,376,377,384,385,386,388,390,392,398,406,407,413,414,418,424,428,434,438,439,442,443,449,458,467,472,474,476,477,478,481,482,487,490,493,494,495,496,502,512,515,518,519,523,527,534,535,543,545,546,547,550,551,552,553,557,558,561,562,566,571,573
OZ34,306,314,317,319,330,331,339,340,346,351,352,363,365,371,373,375,376,377,386,388,394,397,406,407,408,411,412,419,420,423,424,425,434,435,438,443,446,452,458,461,467,468,469,472,474,476,477,479,480,495,496,498,502,504,507,510,511,514,517,519,521,523,524,527,530,535,537,539,543,550,551,558,559,566,569,575
OZ35,299,308,314,319,322,324,327,330,331,336,337,342,350,351,353,359,371,375,378,382,385,386,390,391,392,394,397,398,404,406,416,417,419,422,423,425,426,434,435,461,463,465,472,474,475,476,477,479,482,484,487,491,493,496,499,502,508,512,521,524,530,531,545,547,550,551,558,563,566,567,569,575
OZ36,317,319,321,324,325,329,330,337,339,340,346,347,351,365,371,375,381,390,394,397,404,405,406,407,411,423,424,434,435,439,443,462,474,476,479,481,482,493,494,496,502,503,511,512,513,519,520,523,524,527,528,530,535,539,545,546,551,552,553,555,556,566,567,569,573,575
OZ37,320,321,324,325,329,330,339,340,345,347,348,351,352,363,365,373,386,388,390,394,405,406,408,412,420,423,424,425,428,433,434,435,439,446,461,462,466,468,469,472,474,476,477,480,481,482,494,495,496,500,503,504,507,510,511,512,514,517,521,522,524,530,537,543,545,546,550,551,552,555,558,559,566,573
OZ38,319,348,352,371,380,381,386,390,397,405,433,435,447,448,459,466,469,474,477,479,482,500,502,503,516,522,533,535,545,555,556,559,570,575
OZ39,324,327,331,336,342,346,351,353,354,359,371,375,376,378,380,385,386,388,390,391,392,397,398,404,406,407,411,416,417,422,425,428,440,443,446,456,460,461,463,465,471,476,477,479,480,482,484,487,491,493,495,496,499,502,504,508,512,514,517,518,519,521,523,525,528,531,536,538,543,545,547,551,558,561,563,565,566,567,569,575
OZ40,314,321,329,331,333,337,339,346,347,352,363,365,366,367,373,375,378,381,386,390,391,404,406,407,408,411,416,417,419,420,424,428,434,435,436,439,443,446,448,451,456,459,460,461,462,468,472,473,474,475,476,477,480,481,482,483,484,485,491,493,495,496,498,504,506,507,508,511,514,516,517,519,520,521,523,535,537,545,546,550,551,552,553,556,559,565,566,567,569,573
OZ41,297,310,325,327,328,330,332,333,336,340,342,346,348,350,351,353,354,356,359,363,365,367,371,375,377,380,385,388,390,392,394,397,398,400,402,403,404,407,408,416,420,421,422,423,424,425,429,433,439,440,443,451,454,463,465,466,469,471,472,476,479,481,483,484,485,487,492,493,494,499,502,509,512,513,515,518,523,525,526,528,529,530,531,532,536,537,538,539,541,543,545,547,556,561,563,564,567,569,572,575
OZ42,327,330,338,339,340,342,345,353,359,365,376,377,385,386,388,391,392,396,404,406,407,418,422,424,431,435,438,453,458,461,465,467,471,472,474,477,480,481,483,487,491,495,496,499,505,507,511,517,523,528,529,531,535,536,538,543,547,550,552,559,563,567
OZ43,330,331,336,338,340,345,351,354,371,375,376,380,388,390,396,397,398,405,406,407,418,431,434,440,446,448,453,456,459,460,463,472,475,479,481,482,483,493,496,502,503,504,505,507,514,518,521,523,525,528,529,543,545,550,552,555,559,561,565,575
OZ44,321,329,333,336,338,339,345,346,347,352,354,363,365,366,367,371,373,377,378,380,381,386,388,391,394,396,397,398,405,408,411,416,417,418,420,423,424,428,431,436,438,439,440,443,451,453,458,461,462,463,467,468,473,476,477,479,480,484,485,491,495,498,502,503,505,506,508,511,513,516,517,518,519,524,525,528,529,530,535,537,543,546,551,553,555,556,558,561,566,569,573,575
OZ45,336,338,339,340,345,348,349,351,352,354,365,371,376,381,386,388,390,396,397,398,405,407,418,422,424,428,431,433,440,446,447,448,453,454,456,459,460,463,466,469,472,475,476,477,479,481,482,500,502,503,504,505,507,514,516,518,521,522,523,525,529,533,543,545,550,551,552,555,556,558,559,561,565,566,570,575
OZ46,331,339,348,352,365,375,381,406,424,428,433,434,447,466,469,476,493,496,500,502,511,516,522,528,533,551,556,558,559,566,570,575
OZ47,281,325,339,342,350,353,354,359,363,365,366,367,373,375,376,377,378,381,385,388,391,394,395,398,400,404,405,406,408,411,412,414,416,417,418,420,423,424,425,434,436,438,446,458,463,467,469,473,478,480,483,484,485,487,490,491,493,494,496,498,499,500,503,504,506,507,508,510,511,512,513,514,516,517,518,521,522,529,530,531,539,540,543,546,547,551,552,553,555,557,561,563,567,572,573,574
OZ48,310,328,329,332,333,340,342,347,348,350,353,356,359,365,366,373,378,381,384,385,386,390,392,395,400,402,403,404,406,411,412,413,417,418,421,422,424,429,433,435,436,438,439,449,451,456,458,460,461,465,466,467,472,473,475,476,477,481,483,487,490,492,496,498,500,502,506,507,508,509,510,516,518,519,522,526,528,532,534,535,537,539,540,541,545,546,547,551,552,553,559,562,563,564,565,567,571,573
OZ49,339,348,352,365,376,377,381,390,397,404,405,406,411,424,433,434,438,447,448,458,459,466,467,469,476,481,482,496,500,502,503,511,513,516,520,522,528,533,545,551,555,556,559,566,567,569,570,575
OZ50,348,375,380,381,386,397,425,433,466,469,477,493,500,502,522,535,537,556,559,575
OZ51,333,391,412,436,451,456,460,483,491,510,513,516,559,565
OZ52,338,349,352,375,380,386,390,396,404,405,407,411,422,425,428,431,435,447,448,454,459,474,477,481,482,493,503,505,507,511,513,516,520,523,533,537,545,555,558,567,569,570
OZ53,329,347,349,352,380,386,392,397,400,425,447,449,477,511,516,533,537,539,556,570
OZ54,349,386,388,422,454,468,472,477,481,511,524,528,543,550
OZ55,282,332,340,346,351,352,363,366,373,376,377,381,384,386,388,390,394,400,402,405,407,408,412,413,420,421,423,425,435,436,438,439,443,446,447,454,458,461,467,468,472,473,476,477,480,481,483,484,492,495,498,502,503,504,506,507,510,512,514,517,521,522,523,524,527,528,529,530,533,537,539,541,543,550,555,559,570,571,572,575
OZ56,345,359,404,418,428,434,453,471,476,480,495,499,517,528,529,531,536,538,547,551,552,558,566,567
OZ57,328,332,340,342,350,353,356,359,365,366,373,378,384,385,391,395,402,403,404,406,413,416,418,421,424,429,438,439,448,454,458,459,461,465,467,468,469,473,474,476,482,484,487,490,491,492,496,498,506,507,509,513,518,519,524,526,540,541,546,547,550,551,552,553,559,562,563,564,567,569,571,573
OZ58,340,346,351,352,363,366,367,373,376,377,381,386,388,390,394,400,403,407,408,412,417,420,423,435,436,438,439,443,446,447,454,458,461,467,468,472,473,474,476,477,480,481,483,484,485,492,495,498,502,504,506,507,508,509,510,512,514,517,521,522,523,524,527,528,529,530,533,537,539,541,543,550,559,570,572,575
OZ59,325,346,375,380,388,390,402,403,404,405,407,411,417,421,425,435,443,448,459,472,474,476,482,484,493,494,502,503,506,508,509,513,520,523,529,541,543,545,550,551,555,558,566,567,569,575
OZ60,342,346,353,354,366,367,378,385,388,394,395,398,403,407,411,412,414,416,423,431,434,436,439,440,443,448,451,454,456,459,460,461,463,469,471,473,476,478,480,482,483,485,487,492,498,500,506,507,509,510,516,517,518,523,527,529,530,535,536,538,540,541,543,545,546,551,557,561,563,565,569,574
OZ61,346,354,366,367,378,388,394,395,398,403,407,411,412,414,416,423,431,434,436,439,440,443,448,451,456,459,460,461,463,468,469,471,473,476,478,480,482,483,485,492,498,500,506,507,509,510,516,517,518,523,524,527,529,530,535,536,538,540,541,543,545,546,551,557,561,565,569,574
OZ62,352,365,375,376,377,380,388,390,404,405,406,411,425,438,447,448,458,459,467,472,476,482,493,496,503,513,516,520,533,537,543,545,550,551,555,558,566,567,569,570
OZ63,332,351,359,363,365,366,373,378,380,381,384,386,388,390,391,394,395,400,403,406,408,411,412,413,416,418,420,423,424,434,436,446,448,454,459,465,468,469,473,474,475,476,477,480,482,483,484,490,491,495,496,498,502,504,507,509,510,512,514,516,517,518,519,520,521,522,524,530,539,540,541,543,546,547,552,553,558,562,566,569,571,572,573,575
OZ64,365,376,377,380,388,404,406,411,435,438,448,458,459,467,469,472,474,476,482,496,502,513,520,543,550,551,558,559,566,567,569,575
OZ65,363,373,381,390,395,397,398,405,408,420,431,435,451,454,474,480,500,503,517,522,535,540,545,546,551,555,556,557,572,574
OZ66,354,366,367,378,388,390,394,395,398,402,403,404,412,414,416,421,423,431,434,440,447,451,454,456,460,461,463,471,473,476,478,480,481,483,485,498,500,502,507,509,510,512,513,516,517,518,519,520,527,528,529,530,533,535,536,538,540,541,543,545,546,557,558,559,561,565,566,567,570,572,574,575
OZ67,380,388,391,392,404,422,434,449,461,463,472,481,491,492,502,520,528,543,550,551,558,566,567,572,574,575
OZ68,351,359,366,367,375,376,377,378,384,386,391,394,397,398,400,404,412,413,416,417,418,423,424,425,428,431,434,435,438,439,446,447,451,454,458,465,467,469,472,473,475,477,483,484,485,490,491,492,493,495,498,500,502,504,506,507,508,510,513,514,516,518,521,528,530,533,535,539,547,550,551,552,553,556,557,562,566,567,570,571,572,573,574,575
OZ69,366,367,378,388,394,395,403,404,412,416,423,428,431,434,436,439,440,442,451,456,460,461,463,468,471,473,476,480,481,483,485,492,495,498,500,502,506,507,509,510,513,515,516,517,518,519,520,524,527,529,530,534,535,536,538,540,541,543,545,546,551,558,559,565,567,574
OZ70,350,356,378,381,390,394,398,400,402,404,405,416,417,421,423,425,434,435,436,439,440,442,446,447,448,454,456,459,460,463,468,469,471,474,480,482,483,484,492,503,504,506,508,513,514,515,517,518,520,521,522,524,526,530,533,534,536,538,539,550,551,555,557,558,564,565,566,567,569,570,572,575
OZ71,375,381,386,388,395,400,412,446,447,454,461,468,469,472,477,481,493,500,502,504,510,514,516,521,522,524,528,533,535,539,540,543,550,551,559,570,572,575
OZ72,359,378,381,386,390,391,392,394,400,402,404,405,416,417,421,422,423,425,428,431,434,435,436,439,440,442,446,447,449,451,454,456,460,461,471,472,474,476,477,480,483,484,491,495,499,503,504,506,507,508,513,514,515,517,518,521,522,527,528,529,530,531,533,534,538,539,546,547,550,551,552,553,555,558,559,565,566,567,570,575
OZ73,378,381,386,394,400,404,405,416,417,423,425,431,434,435,440,442,446,451,456,460,463,468,471,472,474,476,477,480,483,484,495,502,503,504,507,508,512,513,514,515,517,518,520,521,522,524,527,529,530,534,538,539,546,550,551,552,553,555,558,559,565,566,567,574
OZ74,381,386,388,390,395,397,405,435,454,468,472,474,477,481,500,503,522,524,528,535,540,543,545,550,551,555,556,572
OZ75,395,424,434,454,468,524,540,551,558,572
OZ76,386,388,392,397,398,400,402,403,404,411,417,418,421,422,425,434,435,439,440,442,446,448,449,454,456,459,460,463,468,469,471,472,474,475,476,477,480,482,484,490,502,504,506,508,509,512,513,514,515,517,519,520,521,524,527,529,534,536,538,539,541,543,546,550,551,552,553,556,557,558,559,565,566,567,569,573
OZ77,391,392,404,411,422,434,448,449,459,461,463,469,481,482,491,492,520,528,551,558,559,566,567,569,572,574
OZ78,392,403,404,405,411,412,417,418,422,424,425,431,436,440,442,448,449,451,456,459,460,461,463,468,469,471,475,480,481,482,484,490,492,495,500,502,503,507,508,509,510,513,515,516,517,519,520,524,528,534,535,538,541,545,551,555,559,565,566,567,569,572,573,574
OZ79,376,390,398,402,414,421,428,435,436,439,440,442,447,454,456,460,468,474,475,478,492,495,506,512,515,524,525,528,533,534,536,551,557,565,566,570,572,575
OZ80,377,390,398,402,403,405,411,414,417,418,421,424,425,428,431,436,439,447,448,454,459,469,471,475,478,480,481,482,484,490,492,500,502,503,506,507,508,509,512,517,519,525,533,535,538,541,545,551,555,557,558,559,566,569,570,572,573,575
OZ81,390,394,398,402,404,412,421,423,434,435,436,439,440,442,454,456,460,461,463,468,471,474,475,480,483,492,502,506,510,513,515,516,517,518,520,524,530,534,536,538,551,557,558,559,565,566,567,572
OZ82,394,398,404,412,423,428,434,447,461,463,471,480,483,502,510,513,516,517,518,520,528,530,533,538,557,558,559,567,570,575
OZ83,384,397,400,404,405,411,412,413,434,446,447,448,459,461,469,474,481,482,499,502,503,504,510,514,516,521,528,531,533,539,555,556,558,559,562,567,569,570,571,575
OZ84,403,411,424,434,435,440,442,448,456,459,460,469,474,475,481,482,500,502,509,512,515,519,528,534,535,536,541,545,558,559,565,569
OZ85,397,400,402,405,411,412,421,424,428,434,436,439,440,442,446,448,454,456,459,460,461,468,469,475,481,482,492,500,502,503,504,506,510,514,515,516,521,524,534,535,536,539,545,551,555,556,558,559,565,566,569,572
OZ86,405,411,417,418,425,431,435,440,442,448,456,459,460,468,469,471,474,480,481,482,484,490,495,502,503,507,508,512,515,517,524,528,534,536,538,555,559,565,569,573
OZ87,371,412,446,447,448,459,461,469,479,482,502,504,510,514,516,521,533,559,570,575
OZ88,398,411,431,435,440,442,448,451,456,459,460,468,469,474,475,481,482,495,502,507,512,515,524,527,528,534,536,552,553,557,559,565,569,574
OZ89,404,412,434,440,442,447,451,454,456,460,461,463,468,510,513,515,516,520,524,533,534,551,558,565,566,567,570,572,574,575
OZ90,411,418,431,435,440,442,448,456,459,460,468,469,471,474,475,480,481,482,490,495,502,507,512,515,517,524,528,534,536,538,559,565,569,573
OZ91,436,440,442,447,451,456,460,513,515,533,534,565,570,575
OZ92,412,418,435,440,442,447,451,456,460,461,463,471,474,475,480,490,495,510,512,515,516,517,527,533,534,536,538,552,553,565,570,573,574,575
OZ93,418,431,435,451,454,471,474,475,480,490,495,507,512,513,517,520,536,538,551,566,572,573
OZ94,402,421,424,434,439,454,468,492,500,506,520,524,535,545,551,558,566,572
OZ95,428,454,468,524,528,551,566,572
OZ96,431,451,454,507,513,520,527,551,552,553,566,572
OZ97,451,476,513,520,529,536,551,566
