X0,0,116,153,264,363,511
X1,1,58,196,220,289,371
X2,2,60,199,274,343,456
X3,3,37,361,367,370,436
X4,4,146,258,338,432,455
X5,5,42,218,317,490,497
X6,6,55,77,206,238,407
X7,7,31,187,294,411,518
X8,8,65,96,187,207,516
X9,9,13,37,95,252,348
X10,10,48,266,270,278,342
X11,11,267,346,442,466,507
X12,12,183,210,326,426,539
X13,13,100,304,390,397,518
X14,10,14,51,61,81,275
X15,15,54,87,192,198,355
X16,16,38,86,137,226,354
X17,17,53,56,78,194,524
X18,18,142,272,343,361,402
X19,19,138,199,273,354,503
X20,20,133,141,192,263,447
X21,21,154,295,386,495,566
X22,22,120,123,194,202,214
X23,23,143,155,293,302,396
X24,24,196,374,463,517,576
X25,25,92,94,197,200,274
X26,26,110,128,412,455,508
X27,27,30,81,133,561,582
X28,28,135,141,454,503,564
X29,3,29,414,431,448,486
X30,30,135,137,340,394,487
X31,7,55,175,364,520,533
X32,32,163,210,215,259,525
X33,33,161,217,310,313,570
X34,34,42,191,209,240,382
X35,35,169,225,234,316,545
X36,36,40,49,114,180,191
X37,9,43,265,499,502,548
X38,38,106,239,311,333,519
X39,39,117,165,243,256,334
X40,36,43,108,112,190,297
X41,41,72,85,115,324,476
X42,5,433,438,452,501,544
X43,29,211,287,353,494,538
X44,44,91,170,185,239,446
X45,45,156,162,393,471,568
X46,46,66,113,124,163,421
X47,47,136,268,278,366,512
X48,14,143,157,280,394,429
X49,49,70,198,279,345,399
X50,50,205,290,373,393,515
X51,51,103,124,291,468,484
X52,52,228,252,272,299,347
X53,17,61,132,134,512,527
X54,15,377,385,398,404,497
X55,31,167,379,406,547,560
X56,56,168,221,376,495,585
X57,57,111,222,230,233,422
X58,58,170,223,380,387,496
X59,59,180,395,435,530,563
X60,2,251,259,339,430,579
X61,53,107,273,281,349,546
X62,59,62,80,83,197,372
X63,63,84,147,277,338,431
X64,64,85,127,155,261,340
X65,65,177,215,327,513,535
X66,66,263,341,404,470,501
X67,67,82,140,402,445,448
X68,68,236,382,452,559,563
X69,69,237,444,465,522,544
X70,70,150,320,460,491,519
X71,71,95,184,269,276,401
X72,41,153,166,396,537,584
X73,47,73,165,182,524,578
X74,74,75,151,319,351,425
X75,75,119,289,439,498,537
X76,76,178,297,380,386,395
X77,77,104,248,377,457,475
X78,11,48,225,250,331,490
X79,57,79,169,195,285,351
X80,68,80,123,182,388,483
X81,27,122,287,350,416,482
X82,8,60,62,82,312,564
X83,1,76,83,193,276,344
X84,84,249,362,410,468,485
X85,72,125,206,311,383,572
X86,86,100,202,267,271,281
X87,87,98,105,164,315,521
X88,88,254,356,443,480,508
X89,89,167,255,422,526,550
X90,90,99,178,216,405,467
X91,44,67,161,220,242,248
X92,92,145,245,344,463,521
X93,93,201,213,321,428,543
X94,93,94,243,249,337,483
X95,35,71,218,247,301,465
X96,96,175,277,445,449,457
X97,97,127,181,207,454,587
X98,54,104,219,313,557,567
X99,99,264,284,302,472,540
X100,16,370,381,397,469,547
X101,101,205,423,429,527,558
X102,102,111,231,341,424,573
X103,103,157,459,462,510,540
X104,98,250,323,334,366,398
X105,105,294,345,363,384,514
X106,40,257,319,335,415,583
X107,26,107,132,299,456,461
X108,108,138,172,321,415,531
X109,24,109,156,174,352,482
X110,110,144,208,300,441,479
X111,18,79,339,421,458,573
X112,112,201,314,467,480,555
X113,39,113,177,362,385,449
X114,114,265,304,392,481,514
X115,64,145,204,237,360,409
X116,0,136,164,193,216,336
X117,117,232,309,327,477,493
X118,118,154,357,432,435,441
X119,23,119,195,423,430,496
X120,120,269,318,372,390,516
X121,22,121,325,330,442,528
X122,116,122,224,283,296,481
X123,91,176,214,229,534,571
X124,46,183,257,286,500,510
X125,115,391,473,506,535,587
X126,126,139,255,308,416,511
X127,125,332,473,499,525,569
X128,128,228,365,488,502,555
X129,20,129,152,189,208,424
X130,130,181,204,315,411,509
X131,131,303,326,434,489,581
X132,129,270,296,389,434,582
X133,52,134,139,184,292,336
X134,28,253,286,470,531,553
X135,73,378,406,520,552,559
X136,78,101,176,387,471,566
X137,19,190,223,251,333,569
X138,126,174,298,347,358,529
X139,140,159,417,446,460,494
X140,74,118,376,437,556,562
X141,144,159,279,312,447,530
X142,4,25,158,275,410,461
X143,146,295,403,557,568,580
X144,147,160,230,261,418,492
X145,148,234,266,436,458,484
X146,149,335,369,399,459,567
X147,150,384,453,533,572,584
X148,151,172,233,451,546,585
X149,152,179,217,440,536,581
X150,97,253,260,325,328,478
X151,6,21,90,188,219,462
X152,45,256,262,419,420,551
X153,109,158,245,355,403,561
X154,121,440,479,505,556,586
X155,160,241,428,451,476,485
X156,106,148,288,469,474,554
X157,162,229,358,488,549,577
X158,32,186,227,522,532,577
X159,166,308,359,400,523,575
X160,89,247,285,292,368,558
X161,168,232,450,474,560,578
X162,102,142,179,242,517,529
X163,171,283,328,391,538,548
X164,173,305,427,437,450,574
X165,130,323,373,419,478,507
X166,12,235,238,329,332,348
X167,185,310,316,408,493,554
X168,186,301,318,408,513,534
X169,188,221,241,288,291,383
X170,189,203,222,282,349,412
X171,34,203,271,331,389,392
X172,200,293,322,409,532,579
X173,50,226,280,346,369,491
X174,209,426,439,523,565,583
X175,211,320,352,375,515,574
X176,212,258,413,443,464,486
X177,213,306,388,438,528,553
X178,224,260,262,284,489,500
X179,227,298,307,359,536,539
X180,63,236,357,364,541,542
X181,231,360,374,433,492,541
X182,235,317,371,401,475,565
X183,69,173,306,307,504,505
X184,88,240,282,526,552,575
X185,244,254,324,400,504,543
X186,246,303,329,342,367,464
X187,212,244,309,353,427,506
X188,246,268,356,378,405,407
X189,171,300,330,365,417,571
X190,290,305,368,379,444,509
X191,314,322,337,420,472,549
X192,149,425,466,545,570,586
X193,350,381,414,418,487,550
X194,375,453,498,542,562,576
OX0,164,165,172,174,176,180,184,192,194,199,202,203,206,207,214,216,218,219,225,226,228,241,243,247,248,251,252,256,258,263,264,265,266,267,269,270,271,273,277,278,279,280,282,284,285,286,288,297,299,301,302,304,305,307,308,313,315,319,320,321,323,324,325,326,329,330,332,336,339,341,342,343,348,353,354,355,356,358,359,361,362,363,364,366,371,373,376,382,383,387,389,390,393,400,401,405,406,407,408,411,413,416,421,422,423,425,427,429,430,433,438,439,440,444,448,450,452,453,459,460,464,467,468,470,471,472,474,477,479,480,481,484,486,493,495,500,503,504,505,506,507,508,509,510,511,512,515,518,519,520,521,522,523,524,525,528,529,531,532,534,535,536,540,543,544,545,547,550,552,556,557,566,570,572,575,577,578,579,584,585
OX1,170,175,177,178,180,182,187,193,194,196,197,202,207,214,215,220,223,236,269,272,274,276,277,289,297,318,325,327,330,344,361,371,382,386,387,388,390,435,440,442,448,449,452,456,457,479,483,496,505,513,528,530,535,556,559,586
OX2,141,172,179,198,199,208,217,218,219,220,222,242,248,251,257,258,259,263,272,273,309,313,317,319,321,324,339,343,349,353,354,356,361,369,382,399,400,402,412,413,424,425,426,427,430,433,438,439,440,447,452,459,464,466,480,486,490,497,501,503,504,506,508,523,526,531,536,543,544,545,552,557,565,570,575,579,581,586
OX3,165,175,178,180,182,184,193,197,199,202,206,207,208,217,223,225,226,236,238,239,241,242,243,245,247,248,250,251,252,257,258,262,263,266,267,269,270,272,273,274,275,276,278,279,280,281,285,286,288,289,294,295,297,300,301,303,305,307,308,309,313,316,317,325,329,330,331,332,334,336,339,341,342,343,344,348,349,352,355,359,362,364,365,369,373,374,376,382,383,385,386,388,390,401,402,404,406,411,412,413,416,417,419,420,421,422,423,426,429,430,431,432,434,435,440,441,444,447,448,450,452,457,460,461,463,466,468,470,474,475,482,483,484,489,490,491,494,495,496,500,501,502,505,507,508,509,510,511,512,515,517,518,520,522,524,525,526,528,529,532,533,535,536,546,547,549,550,554,555,556,557,559,561,564,565,566,570,571,576,578,579,581,585,586
OX4,174,175,176,177,178,180,182,193,194,197,199,208,214,215,217,223,228,236,239,241,242,245,248,249,251,253,256,258,259,260,261,262,273,274,275,276,277,279,281,289,295,297,299,300,303,313,316,325,326,327,328,338,339,340,343,344,349,352,355,358,362,365,371,374,382,386,387,388,393,402,408,410,412,413,417,419,420,428,430,432,434,435,441,447,448,449,451,452,454,457,460,461,463,468,471,476,477,478,479,482,483,489,493,494,496,502,508,513,517,534,535,546,549,554,555,557,559,561,564,570,571,576,577,579,581,587
OX5,172,199,208,217,218,222,242,251,257,258,259,272,273,309,317,319,321,324,339,343,349,353,354,356,361,369,382,399,400,402,412,413,425,426,427,430,433,438,439,440,452,459,464,466,480,486,490,497,501,503,504,506,508,517,523,526,529,531,536,543,544,545,552,565,567,570,575,579,581,586
OX6,175,178,180,184,187,193,194,197,199,206,208,214,215,217,223,225,226,232,236,238,239,241,242,243,245,247,248,250,251,252,256,257,258,262,263,266,267,270,272,273,274,275,276,278,279,280,281,285,286,288,289,294,295,297,300,301,303,305,307,308,313,316,317,318,329,331,332,336,339,341,342,343,344,348,349,352,355,359,362,364,365,369,373,374,376,382,383,385,386,388,401,402,404,406,411,412,413,416,417,419,420,421,422,423,426,429,430,431,432,434,435,441,442,444,447,448,450,452,457,460,461,463,466,468,470,474,475,477,479,482,483,484,489,490,491,493,494,495,496,500,501,502,507,508,509,510,511,512,513,515,517,518,520,522,524,525,526,529,532,533,536,546,547,549,550,554,555,557,559,561,564,565,566,570,571,576,578,579,581,585
OX7,176,178,180,187,193,196,197,199,202,207,208,217,223,228,229,236,239,241,242,243,248,251,253,259,260,261,269,272,273,274,276,279,281,289,297,299,300,303,313,316,318,326,328,330,339,340,343,344,349,361,362,365,371,382,386,387,388,390,402,408,412,413,417,428,430,434,435,440,441,442,447,451,452,454,455,456,460,468,476,477,478,483,488,489,493,494,496,502,505,508,528,534,546,551,554,555,556,559,564,570,571,579,580,581,586,587
OX8,177,178,180,182,184,187,193,197,206,214,217,225,226,228,232,236,238,242,245,247,248,250,252,253,256,257,258,260,261,262,263,266,267,270,274,275,276,277,278,280,285,286,288,289,294,295,297,299,301,303,305,307,308,313,316,317,318,325,327,328,329,331,332,336,339,340,341,342,343,344,348,352,355,359,361,364,369,373,374,376,382,383,385,386,388,401,402,404,406,411,413,416,419,420,421,422,423,426,428,429,430,431,432,434,435,442,444,449,450,451,452,454,455,461,463,466,470,474,475,476,477,478,482,483,484,488,489,490,491,493,495,496,500,501,507,509,510,511,512,515,517,518,520,522,524,525,526,529,530,532,533,535,536,547,549,550,554,557,559,561,565,566,570,571,576,578,579,581,585,587
OX9,182,184,192,194,196,198,199,208,215,219,220,223,232,239,241,242,243,245,248,251,252,253,256,260,261,273,278,279,281,298,300,309,313,325,328,334,336,340,349,355,358,361,362,365,366,374,402,412,417,428,441,447,451,454,455,460,463,468,476,477,478,479,488,493,494,502,508,512,513,517,529,530,535,546,555,557,564,567,576,587
OX10,187,207,214,215,218,225,232,256,269,276,278,309,318,325,330,334,336,346,366,390,401,440,466,477,479,493,505,507,512,513,528,535,556,586
OX11,179,198,202,215,218,219,220,225,232,248,256,260,263,276,278,281,286,309,313,325,328,334,336,346,354,366,401,424,442,447,466,470,477,478,493,503,507,512,513,517,529,531,535,553,557,564,567,587
OX12,184,192,196,198,199,202,218,219,220,225,228,242,245,248,251,252,259,276,281,298,299,313,339,343,346,354,355,358,361,374,401,402,430,442,463,466,503,507,517,529,557,567,576,579
OX13,193,197,199,202,218,225,251,259,274,276,281,339,343,344,346,354,401,430,442,456,466,503,507,579
OX14,203,208,217,219,220,222,248,265,271,282,304,313,320,331,345,349,384,389,399,412,440,453,460,481,491,514,517,519,529,533,536,557,567,572,581,584
OX15,178,192,194,195,198,199,201,202,208,214,217,218,219,220,221,222,225,229,232,233,243,245,247,249,251,253,263,265,266,267,269,271,272,273,277,285,286,287,288,289,298,300,301,303,304,305,311,320,322,326,337,338,339,340,341,343,346,348,349,351,352,353,354,355,357,358,360,361,364,365,367,368,369,371,373,376,379,381,382,386,388,390,393,401,408,410,412,413,414,417,418,420,421,422,433,434,435,441,444,448,450,452,453,454,455,460,463,465,467,470,471,472,477,479,480,483,484,486,488,489,491,493,495,496,498,499,503,508,509,517,518,519,524,529,531,534,538,545,546,547,548,549,551,553,557,559,560,562,566,567,569,570,571,574,578,580,581,585
OX16,198,199,208,215,217,218,219,220,222,225,232,234,236,241,248,249,251,256,259,260,261,263,276,277,278,286,309,313,316,325,328,334,336,338,341,349,357,360,362,364,366,374,401,410,412,418,421,422,428,430,431,433,440,447,451,458,468,470,476,477,478,493,512,513,517,529,531,535,536,542,545,553,557,564,567,579,581,587
OX17,180,192,194,195,196,201,202,206,207,208,217,218,219,220,229,232,233,242,243,245,248,255,257,258,259,260,261,263,265,266,267,271,279,286,287,289,291,292,294,295,297,298,300,301,303,304,305,309,311,313,317,318,320,321,322,324,326,328,330,337,341,348,349,351,352,355,356,358,360,362,365,367,373,381,383,388,393,399,400,402,406,408,411,412,414,417,418,420,421,426,427,428,430,431,432,434,437,438,440,444,448,450,453,455,459,460,462,463,464,465,467,468,470,471,472,476,477,478,483,484,488,489,490,491,493,496,497,499,501,504,505,506,507,509,517,519,520,523,524,528,529,533,534,537,538,543,544,548,549,550,551,552,553,558,559,565,567,569,571,574,575,578,579,580,581,587
OX18,206,207,218,219,220,223,228,229,234,243,247,248,255,257,258,260,261,263,269,285,286,289,291,292,294,295,299,300,303,305,309,311,313,317,318,321,324,326,328,330,333,339,341,343,353,356,360,362,365,373,374,383,388,390,393,399,400,406,408,411,417,418,421,426,427,428,432,434,437,438,444,455,458,459,460,462,464,468,470,471,476,477,478,480,483,486,488,489,490,491,493,494,496,497,498,501,502,504,505,506,507,509,515,517,518,519,520,523,528,529,533,534,536,537,542,543,544,547,550,551,552,553,554,555,558,559,560,562,565,567,571,575,580,587
OX19,199,202,218,220,225,242,251,259,272,281,339,343,346,354,361,371,401,402,430,442,466,503,507,579
OX20,194,202,214,218,219,220,223,228,229,232,234,241,243,248,249,253,257,258,263,277,286,288,289,291,295,299,300,303,305,309,311,313,317,321,324,326,333,338,339,340,341,343,353,356,360,364,365,368,373,374,379,388,393,399,400,408,410,417,418,421,422,426,427,431,432,434,437,438,440,442,444,450,451,454,455,458,459,460,462,464,470,471,474,477,479,480,483,486,488,489,490,491,493,494,496,497,498,501,502,504,506,507,509,515,517,519,523,524,526,529,534,536,537,542,543,544,551,552,553,554,555,556,559,560,562,565,567,571,575,578,580,586
OX21,155,197,201,207,208,214,219,221,225,229,234,239,241,242,245,248,249,257,258,259,260,261,263,272,273,274,277,279,286,288,289,293,295,302,303,307,309,311,313,315,317,322,323,324,325,326,328,333,337,338,341,344,346,349,353,354,356,361,362,364,368,371,374,379,393,396,399,400,401,402,408,410,411,412,418,419,421,422,426,430,431,432,434,440,441,447,450,456,458,463,464,465,466,468,470,471,476,477,480,486,489,490,491,493,496,497,498,501,503,505,506,507,508,510,515,517,519,521,522,523,526,528,529,530,532,534,536,537,540,542,546,551,552,554,556,559,562,564,565,567,571,574,575,580,586,587
OX22,214,215,220,221,223,225,228,229,232,234,241,243,248,256,257,260,261,263,276,277,278,286,288,289,299,300,303,305,311,313,317,321,324,325,326,328,333,334,336,339,341,343,346,353,356,360,362,364,365,366,368,373,374,379,388,393,399,400,401,408,417,418,421,422,426,427,428,431,434,437,438,440,444,458,459,460,464,466,468,470,471,476,478,479,480,483,486,488,489,490,491,494,496,497,498,501,502,504,506,509,512,513,515,517,519,523,526,529,534,535,536,537,542,543,544,551,552,553,554,555,556,559,562,565,567,571,575,580,586,587
OX23,192,195,202,208,218,221,222,223,225,228,233,236,239,241,247,248,253,258,259,260,262,263,266,267,269,270,273,275,277,279,281,284,285,286,291,295,299,301,313,316,320,328,330,331,340,341,345,349,351,357,360,364,370,371,374,381,384,390,391,399,401,412,418,421,422,430,431,432,433,434,436,441,453,454,456,461,462,465,470,474,479,481,484,488,489,491,494,500,502,508,514,518,519,530,531,533,538,542,545,546,547,548,553,554,555,557,561,567,571,572,579,584
OX24,195,196,208,215,217,218,220,221,225,228,232,233,234,245,247,248,249,253,256,258,261,262,266,267,269,270,275,276,278,284,285,291,295,298,299,300,301,309,313,320,325,330,331,334,336,338,340,345,346,349,351,355,358,362,365,366,370,374,381,384,390,391,399,401,410,412,417,428,432,434,436,440,442,451,453,454,455,456,458,460,461,462,463,465,466,468,474,476,477,478,481,484,489,491,493,500,507,512,513,514,518,519,533,535,536,538,547,548,554,557,561,567,571,572,576,581,584,587
OX25,201,208,216,218,219,221,225,228,232,234,239,249,253,256,258,260,261,264,265,266,267,269,271,272,273,276,278,279,284,287,291,295,299,300,302,304,309,318,320,322,325,328,329,332,333,334,336,337,338,340,346,349,352,353,354,361,362,365,366,367,381,390,401,405,407,408,410,412,414,417,420,428,431,432,441,442,447,448,451,453,454,458,460,462,466,468,474,476,477,478,479,480,484,486,488,493,498,499,503,507,508,512,515,518,525,530,534,535,538,540,542,546,547,548,549,554,562,564,569,574,576,587
OX26,216,221,232,241,264,291,302,303,329,342,356,367,405,406,407,450,459,462,464,474,510,520,540,552,559,560
OX27,196,218,219,225,228,245,248,260,262,267,270,275,284,298,299,300,313,320,328,330,331,345,346,355,358,365,371,374,384,391,399,401,417,434,442,453,456,460,461,463,466,481,489,491,500,507,514,517,519,529,533,538,548,557,561,567,571,572,576,584
OX28,223,239,242,259,272,300,305,339,343,359,361,402,417,427,430,437,440,450,460,479,494,504,517,529,536,539,556,574,579,586
OX29,207,220,225,228,234,239,241,242,243,247,249,255,256,257,259,261,263,267,269,270,272,284,285,286,289,291,292,294,299,300,303,308,309,317,318,320,321,326,331,332,333,338,341,345,346,352,353,356,358,360,361,371,373,374,384,388,390,401,402,406,408,410,411,416,417,418,419,420,421,426,430,438,440,442,444,450,451,453,458,459,460,462,464,466,470,476,477,478,479,480,481,482,483,486,490,493,496,497,498,499,500,501,502,505,509,511,514,515,518,520,525,528,534,535,538,539,542,543,544,547,548,549,550,552,553,554,555,556,558,559,560,562,565,569,574,577,579,586
OX30,219,221,249,258,288,291,295,311,324,332,338,362,391,410,428,432,451,455,462,468,499,506,525,535,569,587
OX31,208,215,217,218,222,225,232,234,236,241,242,249,256,260,261,263,272,276,277,278,286,309,316,325,328,334,336,338,339,341,343,349,357,360,361,362,364,366,374,401,402,410,412,418,421,422,428,431,433,440,451,458,468,470,476,477,478,493,512,513,517,529,531,535,536,542,545,553,581,587
OX32,218,221,226,229,239,241,250,255,256,260,276,278,280,284,288,291,292,300,303,308,311,320,328,330,333,336,345,352,358,365,384,391,393,399,401,413,416,417,419,420,423,429,434,453,460,462,471,477,481,482,488,489,490,491,500,511,512,514,533,538,548,549,558,567,571,572,577,584
OX33,197,215,217,221,222,228,232,234,236,241,248,256,258,261,262,263,267,270,273,274,275,276,277,278,279,284,286,288,291,295,299,300,305,309,311,313,316,320,324,325,330,331,332,334,336,339,341,343,344,345,346,354,355,357,359,360,364,366,371,374,384,399,417,418,421,422,427,431,432,433,434,437,441,442,447,450,453,458,460,461,462,466,470,476,477,478,481,488,489,491,493,499,500,502,503,504,506,507,508,512,513,514,519,521,525,530,531,533,538,539,542,545,546,548,553,555,556,557,561,564,567,569,571,572,574,581,584,586
OX34,217,221,225,226,229,239,241,248,250,255,256,260,276,278,280,284,288,291,292,300,308,311,313,320,326,328,330,333,336,345,352,358,365,371,384,391,393,399,416,417,419,420,423,429,453,460,462,471,481,482,488,490,491,500,511,512,514,533,538,545,548,549,551,558,567,570,571,572,577,580,581,584
OX35,215,220,225,232,234,236,241,242,249,256,258,260,261,263,272,276,277,278,286,316,324,325,328,334,336,338,339,341,343,353,356,357,360,361,362,364,366,371,374,382,400,402,410,413,418,421,422,427,428,431,438,451,452,458,464,468,470,476,477,478,480,486,490,493,497,501,504,506,508,512,513,526,531,535,542,543,544,545,552,553,575,587
OX36,220,226,228,242,243,248,250,253,255,256,257,259,260,263,266,269,272,276,277,278,280,284,286,288,289,291,292,299,300,308,309,311,313,317,318,320,321,325,326,328,332,336,340,341,345,352,353,356,358,359,360,361,362,364,368,370,373,374,379,381,384,388,390,400,401,402,408,413,416,417,418,419,420,421,422,423,426,428,429,430,431,436,438,440,444,450,453,454,459,460,462,464,468,470,474,479,480,481,482,483,484,486,493,496,497,498,499,500,501,502,505,507,509,511,512,514,515,518,519,523,525,526,528,533,534,535,537,538,539,542,543,544,547,548,549,551,552,553,555,556,558,559,562,565,569,572,574,575,577,579,580,584,586,587
OX37,221,222,225,226,228,229,236,242,248,249,250,255,257,261,263,265,266,267,269,271,273,277,279,280,284,286,287,288,291,292,299,303,304,308,309,311,313,316,317,318,319,321,325,326,330,332,334,338,339,341,342,343,345,346,353,354,356,357,358,360,362,364,366,369,371,374,381,384,390,391,393,401,402,406,408,410,414,416,418,419,420,421,422,423,425,426,429,433,439,440,441,442,447,448,450,451,455,459,462,464,468,470,471,476,477,478,479,480,481,482,484,486,490,491,493,498,499,500,503,507,508,511,514,515,517,518,520,523,525,529,530,533,534,535,536,543,545,546,547,549,551,552,553,554,558,559,560,562,564,565,569,571,572,574,576,577,580,584,586,587
OX38,226,229,234,236,241,242,248,255,258,259,261,265,266,267,271,272,276,277,278,280,284,287,288,291,292,298,301,303,304,305,307,308,311,313,316,318,319,321,324,325,326,330,332,334,336,339,343,345,346,357,358,360,361,364,365,366,369,370,371,374,382,384,391,393,400,402,406,408,413,414,416,418,419,420,422,423,425,429,431,434,436,437,438,439,440,442,451,452,458,459,462,471,474,476,477,478,479,481,482,484,488,489,491,493,498,499,502,506,507,508,510,511,512,514,515,517,520,522,523,525,526,529,532,533,534,535,539,544,549,551,553,555,556,558,559,560,562,569,570,571,572,575,576,580,584,587
OX39,222,225,229,236,239,241,243,248,250,253,260,261,263,265,266,267,271,272,273,276,278,279,286,289,298,300,301,303,304,305,307,309,313,316,318,321,326,328,332,333,336,339,340,341,342,343,346,353,354,356,357,359,361,362,365,368,371,373,379,388,393,399,400,408,417,421,427,430,431,433,437,438,440,441,442,444,447,448,451,454,455,459,464,466,468,470,471,476,477,478,479,480,483,484,486,490,491,493,496,498,499,500,503,504,505,508,509,510,512,515,519,522,523,525,526,528,530,531,532,534,535,536,537,538,543,544,546,548,551,552,554,559,562,564,567,569,570,575,577,579,580,587
OX40,228,229,232,234,236,239,241,243,250,256,258,263,265,267,269,271,286,287,288,289,298,299,300,301,304,307,309,311,316,320,321,325,332,333,334,339,341,342,343,346,348,352,353,357,362,366,367,368,373,379,381,382,388,390,391,393,399,414,417,421,427,430,434,440,442,444,450,451,452,453,458,459,466,468,470,471,474,477,479,483,486,488,489,491,494,496,497,500,501,502,504,505,508,509,510,518,519,522,523,525,528,531,532,535,536,537,539,542,545,547,548,555,556,559,567,576,577,579,586,587
OX41,225,234,236,241,242,249,258,260,261,263,265,267,271,272,277,286,300,304,305,309,316,324,328,330,338,339,341,343,353,356,357,359,360,361,362,364,365,374,382,391,400,402,410,413,417,418,421,422,428,431,437,438,442,450,451,452,458,464,468,470,476,478,480,486,490,497,501,505,506,508,517,526,528,529,531,536,538,539,542,543,544,545,548,552,553,571,574,575
OX42,232,239,248,253,257,260,261,267,270,288,311,313,317,319,321,324,328,330,331,332,333,340,342,348,356,365,367,369,371,399,401,406,413,425,426,428,439,440,442,450,454,459,460,464,466,474,476,477,478,479,480,494,502,505,506,520,523,525,528,531,535,538,543,545,551,552,555,556,559,560,565,567,570,571,580,587
OX43,239,253,260,261,265,267,271,304,324,328,330,332,333,340,365,440,442,454,460,476,478,479,494,499,505,506,525,528,535,538,548,556,569,571,586,587
OX44,229,236,238,243,245,248,253,256,259,261,262,265,267,271,275,276,278,284,288,289,291,295,298,303,304,305,309,311,313,316,317,320,329,332,334,336,339,340,342,343,345,346,355,356,357,358,362,366,367,368,373,374,379,382,384,388,391,393,401,406,426,430,432,437,442,444,450,452,453,454,455,456,459,461,462,463,464,466,468,471,474,475,476,477,478,480,481,483,488,494,496,499,505,508,509,510,512,514,515,520,525,528,533,535,536,538,539,543,545,552,554,557,560,561,562,565,569,572,576,579,584,587
OX45,234,241,242,243,248,256,266,267,269,270,276,278,287,300,305,306,309,313,318,320,321,324,325,330,331,334,336,342,352,353,356,359,362,365,366,371,381,388,390,402,406,408,413,414,417,427,431,437,438,442,448,451,453,458,464,468,480,483,484,486,493,494,498,502,504,505,506,512,515,517,518,520,529,534,536,539,542,543,547,551,552,553,554,555,559,560,562,571,576,580
OX46,241,243,248,253,256,259,260,261,265,270,271,272,276,278,287,288,298,301,304,306,307,309,311,313,318,320,321,325,328,331,332,334,336,339,340,342,343,352,353,356,359,361,362,366,370,371,388,406,408,413,414,431,436,438,448,450,451,453,454,464,468,474,476,478,480,483,486,493,494,498,499,502,512,515,520,522,525,528,532,534,535,536,538,539,542,543,548,551,552,553,555,559,560,562,569,574,576,577,580,587
OX47,253,259,260,261,265,266,267,269,271,288,298,300,301,304,307,311,316,324,325,328,330,332,340,346,359,365,370,381,390,417,421,436,442,454,466,474,476,478,484,499,506,507,518,522,525,532,535,536,538,539,545,547,548,554,569,571,577,587
OX48,256,257,259,272,276,278,287,288,298,300,301,303,307,309,311,317,318,319,320,321,330,332,334,336,339,342,343,352,353,356,359,361,365,366,369,370,391,399,401,406,408,414,417,425,426,428,431,436,439,448,450,453,459,464,466,474,477,480,486,493,494,498,499,502,512,515,520,522,523,525,531,532,534,535,536,539,542,543,545,552,555,559,560,562,565,567,569,570,571,574,576,577,586,587
OX49,238,242,287,300,305,317,320,326,329,352,353,359,367,370,371,399,401,402,414,417,426,427,431,436,437,440,448,450,453,459,460,475,479,486,491,498,500,504,510,515,517,519,529,536,538,542,556,562,565,567,576,586
OX50,202,242,243,245,248,250,258,260,262,263,266,267,270,275,276,278,279,281,284,286,291,295,298,305,306,313,320,325,328,330,331,336,339,341,342,343,345,346,354,355,358,359,362,371,374,384,388,391,402,421,427,431,432,437,438,440,441,447,448,450,453,456,459,461,462,463,466,468,470,479,481,483,484,488,494,497,498,501,502,503,504,505,507,508,510,512,514,517,523,529,530,531,533,537,538,545,548,553,555,557,561,564,570,571,572,574,576,584
OX51,236,242,245,248,249,257,258,262,265,266,269,270,271,275,287,289,291,294,300,301,303,304,306,307,309,313,315,317,319,323,324,325,326,331,338,339,342,343,345,352,353,355,356,357,362,368,369,371,373,374,379,381,382,384,390,401,402,406,410,414,417,419,420,421,425,426,427,430,431,434,438,439,440,444,448,452,456,459,460,461,462,463,464,466,468,477,479,480,481,484,486,489,491,494,496,504,505,506,507,508,509,514,515,517,518,519,520,522,523,529,531,532,536,543,545,547,549,551,552,553,556,560,561,562,565,570,574,576,579,580
OX52,248,265,270,271,276,278,294,303,304,313,315,323,331,334,336,345,366,371,384,413,477,481,512,514,551,580
OX53,242,257,265,267,271,276,278,287,294,303,304,305,315,317,319,320,321,323,325,334,336,342,345,352,353,359,366,369,370,384,399,401,402,414,425,426,427,428,431,436,437,439,442,443,448,450,453,459,464,466,480,481,486,494,498,504,505,508,512,514,515,517,523,528,529,531,536,538,539,542,543,545,562,565,567,570,576,586
OX54,243,245,250,257,258,260,262,263,266,267,270,275,276,278,284,286,287,291,295,306,317,319,321,325,326,328,330,331,336,339,341,343,345,352,353,355,362,365,369,370,374,384,388,391,399,401,413,414,421,425,426,428,432,434,436,438,439,440,442,443,455,456,461,462,463,464,466,468,470,477,479,480,481,483,484,486,489,497,501,505,508,510,512,514,515,533,537,539,542,543,545,548,551,553,556,557,561,562,565,567,570,571,572,574,580,584
OX55,247,249,250,255,258,259,263,265,266,267,269,271,277,285,286,287,291,292,295,298,300,301,304,305,306,308,321,325,326,334,338,341,345,353,360,362,364,366,368,370,373,374,379,384,390,400,406,410,413,414,416,417,419,421,422,427,428,431,432,436,437,440,442,443,444,450,455,459,462,464,465,468,470,477,478,479,480,481,482,484,486,497,498,500,501,504,507,508,509,510,511,514,518,520,526,528,531,532,533,536,538,543,544,547,550,551,556,557,558,560,572,574,575,576,577,580,584,586
OX56,245,249,258,260,262,266,267,270,275,284,291,295,303,319,320,325,328,330,331,338,339,342,343,345,355,362,365,369,374,384,391,399,410,413,421,425,432,434,439,440,442,453,455,456,461,462,463,466,468,477,479,481,484,489,494,498,500,505,514,528,533,537,538,545,548,551,556,557,561,567,570,571,572,576,580,584
OX57,258,260,265,269,270,271,277,284,289,294,295,300,301,304,305,306,307,309,315,319,321,323,324,325,326,328,330,331,342,356,357,359,364,365,368,369,370,373,379,381,382,390,391,406,417,419,420,425,428,430,431,432,435,436,437,438,439,441,443,444,450,452,460,466,477,491,494,496,500,505,506,507,509,518,519,520,522,532,533,537,539,542,545,547,548,549,551,552,553,557,560,570,571,572,574,576,579,580,584,586
OX58,259,260,261,265,266,267,269,271,287,288,298,300,301,303,304,307,309,311,316,319,320,321,325,326,328,330,332,342,346,352,356,357,359,360,365,369,374,381,382,390,399,400,413,414,417,418,421,422,425,427,428,435,438,439,441,442,443,452,453,455,459,474,476,478,484,494,498,499,500,504,507,510,515,518,522,523,525,526,532,535,536,544,547,548,552,553,554,562,567,569,570,571,574,575,576,577,586,587
OX59,257,265,270,271,276,278,294,303,304,315,317,319,321,323,331,334,336,345,366,369,384,399,401,425,426,428,439,443,459,464,466,480,481,508,512,514,523,531,543,545,565,567,570,586
OX60,250,263,265,267,269,271,277,286,287,300,301,303,304,305,306,307,320,321,325,326,334,341,342,345,352,353,359,360,364,366,368,370,373,374,379,384,390,399,400,406,414,417,419,422,427,428,431,436,437,440,442,443,444,450,453,459,460,464,470,478,479,480,481,486,491,497,500,501,504,507,508,509,510,514,515,518,519,520,522,526,528,531,533,538,539,542,543,544,547,550,556,560,562,567,572,575,584,586
OX61,249,260,265,266,267,269,271,272,277,284,287,289,291,294,301,303,304,305,306,307,309,315,319,320,321,323,324,326,328,330,338,339,342,343,352,353,356,357,359,361,362,364,365,368,369,373,379,381,382,390,391,399,406,410,413,414,419,420,421,425,428,430,435,437,438,439,440,441,442,443,444,448,450,452,453,455,462,466,468,479,484,486,494,496,498,500,506,507,509,515,518,520,522,528,532,533,537,538,539,545,547,548,549,552,553,556,560,562,567,570,571,572,579,584
OX62,266,272,287,320,339,343,352,353,361,370,414,421,431,436,448,453,484,486,494,498,515,538,542,562,574,576
OX63,265,267,271,294,300,304,315,323,325,345,346,369,384,417,419,440,442,460,478,479,481,491,494,505,507,514,519,528,556,586
OX64,260,267,270,284,289,294,295,309,315,321,323,324,326,328,330,331,342,345,346,356,360,365,370,374,381,382,384,391,400,419,420,422,427,428,430,432,436,437,438,440,442,443,452,455,466,477,479,481,496,498,500,504,505,506,507,514,523,526,528,532,537,539,542,544,545,548,549,550,551,552,553,557,562,570,571,575,579,580
OX65,261,267,270,284,287,289,294,295,300,315,319,320,323,324,325,331,332,342,345,346,348,352,357,367,369,381,384,391,399,413,414,417,418,419,420,425,430,432,435,437,439,440,441,442,443,453,459,464,476,477,478,479,481,494,496,502,505,506,507,508,510,514,515,525,528,532,535,537,542,548,549,550,551,555,557,567,574,576,579,580,586,587
OX66,267,269,270,288,294,301,303,311,315,316,323,331,345,346,348,367,370,373,381,384,390,419,436,442,443,444,464,465,466,474,478,481,499,502,508,509,514,518,545,547,548,554,555,569
OX67,269,288,294,300,301,303,308,311,315,316,320,323,325,342,345,346,348,352,367,373,384,390,416,417,419,422,440,443,444,453,464,465,466,474,478,479,481,482,494,498,499,502,505,508,509,511,514,515,518,526,528,542,545,547,548,550,554,555,556,562,569,574,576,586
OX68,294,315,320,323,346,369,419,453,460,478,491,507,519,533,572,584
OX69,276,277,278,287,288,300,303,305,306,307,311,316,317,319,320,325,326,334,336,342,345,348,352,353,359,360,364,366,367,368,374,379,381,384,399,400,401,406,414,417,419,422,425,426,427,431,437,439,440,443,450,453,459,460,464,465,474,478,479,481,486,491,499,500,502,504,508,510,512,514,515,519,520,522,523,526,528,533,538,539,542,544,548,550,554,555,556,560,562,565,567,569,570,572,575,584
OX70,288,298,300,305,307,308,311,316,319,320,321,326,342,345,348,352,357,358,359,360,365,367,368,374,379,382,384,400,406,416,417,425,427,428,434,435,438,439,440,441,450,452,453,455,465,474,479,480,481,482,488,489,494,499,504,505,508,511,514,515,520,522,523,528,533,536,542,543,544,548,553,554,556,559,560,569,570,572,575,584
OX71,289,298,307,319,346,359,373,425,430,439,444,465,466,496,498,509,522,532,536,537,539,545,570,577,579,586
OX72,300,320,330,345,365,384,417,453,481,494,514,533,548,571,572,584
OX73,305,320,346,368,369,373,379,444,453,460,491,498,509,519,542,562,574,576
OX74,284,295,298,303,307,308,320,342,346,352,357,359,370,373,381,399,413,416,420,422,432,435,436,437,441,444,453,459,460,465,466,477,482,491,498,509,510,511,515,519,522,526,536,539,542,545,549,550,551,556,557,567,570,574,576,577,580,586
OX75,306,307,319,320,360,368,369,374,379,425,427,437,439,450,453,460,465,466,491,504,505,519,522,537,542,544,545,562,570,586
OX76,277,298,307,308,309,319,321,324,325,326,330,342,345,352,353,358,360,364,370,373,374,381,382,384,413,416,422,425,427,428,431,434,436,438,439,440,443,444,452,464,465,479,481,482,486,488,489,502,504,506,507,508,509,511,514,515,522,526,533,536,537,542,544,548,550,553,555,559,562,571,572,574,584,586
OX77,262,295,298,307,309,319,321,324,325,326,342,346,356,359,360,369,370,373,374,381,382,400,420,422,425,427,428,432,434,436,437,438,439,443,444,452,455,460,465,477,478,489,491,494,504,506,509,519,522,523,526,536,538,542,544,549,550,551,552,553,556,557,562,575,577,580
OX78,298,307,319,321,325,326,342,346,356,357,358,359,360,365,368,370,374,379,381,382,400,422,425,427,428,434,435,436,438,439,441,443,450,452,455,465,466,480,488,489,502,504,507,522,523,526,536,542,543,544,545,550,552,553,555,570,575,586
OX79,301,308,316,318,325,330,332,345,348,352,365,367,369,370,373,381,384,391,408,416,422,436,440,444,460,465,466,479,481,482,491,493,494,498,505,507,509,511,514,515,519,525,526,528,533,534,535,538,542,545,548,550,554,556,562,571,572,574,576,584,586,587
OX80,309,324,330,345,346,365,368,369,373,379,384,413,437,440,443,444,450,460,464,479,480,481,491,494,498,506,508,509,514,519,533,538,542,543,548,556,562,571,572,576,584,586
OX81,287,308,381,414,416,422,482,511,526,550
OX82,303,308,319,320,326,342,352,357,370,381,399,416,422,425,435,436,437,439,441,443,453,455,459,460,464,482,491,498,500,510,511,515,519,523,526,539,542,550,556,567,574,576
OX83,308,320,332,348,352,367,370,381,391,416,422,436,453,482,494,498,511,515,525,526,535,538,542,550,562,574,576,587
OX84,263,286,321,330,332,341,345,346,348,356,365,367,368,369,370,373,379,381,382,384,391,400,422,427,428,433,436,437,438,440,443,444,450,452,460,470,479,480,481,491,494,498,504,508,509,514,519,525,526,531,533,535,538,542,543,544,548,550,552,556,562,571,572,575,576,584,586,587
OX85,321,325,330,332,345,348,356,360,365,367,368,369,370,373,374,379,381,382,384,391,400,422,427,428,436,438,440,443,444,450,452,460,466,479,480,481,491,494,498,504,507,508,509,514,519,525,526,533,535,538,543,544,545,548,550,552,553,570,571,572,575,576,584,587
OX86,295,320,330,357,365,369,413,432,435,440,441,443,453,460,464,466,477,479,491,498,502,508,519,542,545,551,555,557,570,571,576,580
OX87,326,330,345,346,359,365,368,369,373,379,384,399,427,437,440,444,450,459,479,481,498,500,504,509,510,514,533,539,542,548,556,562,567,571,572,576,584,586
OX88,319,320,330,346,357,359,365,368,369,373,379,425,427,435,439,440,441,444,450,453,455,460,479,491,498,502,504,508,509,519,523,542,555,571,576,586
OX89,320,324,345,384,453,480,481,494,502,506,514,533,538,543,548,555,572,584
OX90,307,324,332,342,348,357,367,368,369,379,391,399,427,434,435,437,441,450,455,459,465,466,480,489,500,504,506,508,510,522,525,535,543,545,556,562,567,570,586,587
OX91,324,330,345,346,357,359,365,368,369,373,379,384,427,435,437,440,441,444,450,455,460,479,480,481,491,494,504,506,508,509,514,519,523,533,537,538,543,548,556,562,571,572,584,586
OX92,325,332,342,346,348,367,391,399,434,459,460,466,489,491,494,500,505,507,510,519,525,528,535,538,545,556,567,570,586,587
OX93,330,345,365,384,437,440,479,481,498,514,533,542,548,556,562,571,572,576,584,586
OX94,342,345,346,356,360,368,369,370,373,374,379,381,382,384,399,400,422,427,434,436,438,443,444,450,452,459,481,489,498,500,502,504,508,509,510,514,526,533,544,548,550,552,555,567,572,575,576,584
OX95,332,348,359,367,369,370,381,391,400,422,436,437,460,466,491,494,498,519,523,525,526,535,537,538,542,545,550,556,562,570,575,576,586,587
OX96,345,346,356,359,360,368,373,374,379,382,384,427,437,438,443,444,450,452,466,481,502,504,508,509,514,523,533,537,542,544,545,548,552,555,556,562,570,572,584,586
OX97,356,357,360,374,382,435,438,441,443,452,455,542,544,552
OX98,346,359,368,373,379,427,437,444,450,466,498,504,509,523,537,542,545,556,562,570,576,586
OX99,359,360,374,382,406,427,438,450,452,498,504,520,523,537,544,559,560,576
Z0,0,105,164,363
Z1,1,276,371,401
Z2,2,19,199,251
Z3,3,361,402,448
Z4,4,146,158,403
Z5,5,42,382,452
Z6,6,188,206,383
Z7,7,294,384,533
Z8,8,82,96,445
Z9,9,13,265,304
Z10,10,61,278,512
Z11,11,225,466,545
Z12,12,235,426,565
Z13,13,95,269,390
Z14,14,30,81,394
Z15,15,87,98,398
Z16,16,38,106,469
Z17,17,78,101,527
Z18,18,102,142,573
Z19,19,108,138,190
Z20,20,263,341,424
Z21,21,90,178,386
Z22,22,214,330,571
Z23,23,143,423,429
Z24,24,109,245,463
Z25,25,94,249,410
Z26,26,128,228,299
Z27,27,30,350,487
Z28,28,97,253,454
Z29,29,287,350,414
Z30,27,122,296,582
Z31,31,397,518,547
Z32,32,186,215,513
Z33,33,313,557,580
Z34,34,203,240,282
Z35,35,218,225,490
Z36,36,180,297,395
Z37,37,252,272,361
Z38,38,226,491,519
Z39,39,117,177,327
Z40,36,40,108,415
Z41,41,72,572,584
Z42,42,209,317,565
Z43,43,190,499,569
Z44,44,161,185,310
Z45,45,162,420,549
Z46,46,66,286,470
Z47,47,165,334,366
Z48,48,270,331,389
Z49,49,180,279,530
Z50,50,346,373,507
Z51,14,51,103,157
Z52,52,95,184,252
Z53,53,194,202,281
Z54,54,198,399,567
Z55,55,206,533,572
Z56,56,78,495,566
Z57,57,151,233,351
Z58,1,58,76,380
Z59,59,76,83,395
Z60,60,62,197,274
Z61,61,132,275,461
Z62,60,199,503,564
Z63,63,175,277,364
Z64,64,127,181,204
Z65,65,96,177,449
Z66,46,163,183,210
Z67,67,142,242,402
Z68,68,388,438,452
Z69,69,227,307,522
Z70,70,150,345,384
Z71,71,269,301,318
Z72,41,85,155,396
Z73,73,406,560,578
Z74,74,425,556,586
Z75,75,319,439,583
Z76,59,68,80,563
Z77,77,235,238,475
Z78,17,53,107,132
Z79,79,169,234,458
Z80,80,120,123,372
Z81,81,158,275,561
Z82,82,140,159,312
Z83,83,92,197,344
Z84,84,147,160,485
Z85,72,115,125,473
Z86,16,86,100,397
Z87,87,245,355,521
Z88,88,254,400,575
Z89,89,139,255,292
Z90,21,219,295,557
Z91,91,185,408,534
Z92,92,145,200,409
Z93,93,201,314,337
Z94,94,200,322,337
Z95,52,126,139,347
Z96,65,207,535,587
Z97,97,328,391,587
Z98,15,54,104,377
Z99,0,99,216,264
Z100,100,271,304,392
Z101,101,205,393,471
Z102,102,152,179,424
Z103,103,188,291,462
Z104,104,161,248,313
Z105,105,294,315,411
Z106,106,288,311,383
Z107,26,107,349,412
Z108,2,18,339,343
Z109,109,156,403,568
Z110,110,432,441,455
Z111,111,230,231,492
Z112,112,178,297,467
Z113,113,124,362,468
Z114,34,114,191,392
Z115,85,160,261,476
Z116,116,363,481,514
Z117,117,256,477,551
Z118,118,154,376,495
Z119,75,119,195,351
Z120,120,214,318,534
Z121,121,300,330,479
Z122,116,122,416,511
Z123,123,182,194,524
Z124,124,421,458,484
Z125,125,311,333,569
Z126,9,332,348,499
Z127,127,135,340,454
Z128,128,480,508,555
Z129,129,189,203,389
Z130,98,130,315,323
Z131,33,131,217,581
Z132,56,168,524,578
Z133,133,192,355,561
Z134,134,292,527,558
Z135,135,137,354,503
Z136,136,216,268,405
Z137,64,155,293,409
Z138,138,172,273,546
Z139,89,167,368,379
Z140,8,62,372,516
Z141,141,312,447,564
Z142,40,191,209,583
Z143,23,293,430,579
Z144,144,159,300,417
Z145,145,360,374,463
Z146,4,84,338,410
Z147,63,147,492,541
Z148,148,370,436,469
Z149,149,346,369,466
Z150,70,369,399,491
Z151,57,79,111,573
Z152,152,208,440,479
Z153,153,166,308,511
Z154,118,357,542,562
Z155,115,244,324,506
Z156,24,174,517,529
Z157,10,51,266,484
Z158,146,154,295,432
Z159,144,435,441,530
Z160,137,226,280,394
Z161,130,290,373,509
Z162,162,176,229,471
Z163,163,259,339,421
Z164,164,193,344,521
Z165,47,73,268,378
Z166,166,439,523,537
Z167,167,381,547,550
Z168,168,221,288,474
Z169,35,169,247,285
Z170,170,223,239,333
Z171,171,365,502,548
Z172,172,321,428,451
Z173,173,244,427,504
Z174,126,174,416,482
Z175,55,77,175,457
Z176,91,170,176,387
Z177,39,243,249,362
Z178,43,112,502,555
Z179,179,298,529,536
Z180,49,114,345,514
Z181,181,187,207,411
Z182,165,182,243,483
Z183,183,326,489,500
Z184,184,193,276,336
Z185,45,551,568,580
Z186,32,259,532,579
Z187,187,390,516,518
Z188,6,90,405,407
Z189,20,129,133,582
Z190,44,67,140,446
Z191,192,198,279,447
Z192,99,314,467,472
Z193,58,119,289,496
Z194,195,285,423,558
Z195,196,289,498,576
Z196,110,189,208,412
Z197,25,274,456,461
Z198,201,254,480,543
Z199,22,202,267,442
Z200,204,237,444,509
Z201,50,205,280,429
Z202,5,404,497,501
Z203,12,210,332,525
Z204,211,320,460,494
Z205,29,212,353,486
Z206,213,321,531,553
Z207,215,473,525,535
Z208,134,136,336,512
Z209,131,303,413,464
Z210,74,151,376,585
Z211,219,459,462,567
Z212,196,220,242,517
Z213,221,241,451,585
Z214,222,233,349,546
Z215,223,251,430,496
Z216,224,260,283,328
Z217,11,267,271,331
Z218,86,273,281,354
Z219,227,298,358,577
Z220,228,347,358,488
Z221,229,365,488,571
Z222,230,418,422,550
Z223,231,341,433,501
Z224,232,474,493,554
Z225,71,218,317,401
Z226,148,234,316,554
Z227,66,113,385,404
Z228,236,357,435,563
Z229,237,360,433,544
Z230,238,246,329,407
Z231,239,446,460,519
Z232,240,382,552,559
Z233,241,291,468,485
Z234,220,248,371,475
Z235,173,437,505,556
Z236,143,157,302,540
Z237,246,356,443,464
Z238,247,368,444,465
Z239,250,398,490,497
Z240,37,329,348,367
Z241,253,325,528,553
Z242,93,213,388,483
Z243,255,308,526,575
Z244,256,323,334,419
Z245,257,286,415,531
Z246,258,443,455,508
Z247,186,301,465,522
Z248,260,262,419,478
Z249,261,340,418,487
Z250,262,284,420,472
Z251,28,141,263,470
Z252,153,264,302,396
Z253,265,283,481,548
Z254,266,342,367,436
Z255,222,282,422,526
Z256,270,303,342,434
Z257,272,299,343,456
Z258,277,431,445,448
Z259,48,250,278,366
Z260,224,296,434,489
Z261,284,500,510,540
Z262,257,335,459,510
Z263,211,287,352,482
Z264,290,305,515,574
Z265,7,31,406,520
Z266,69,306,438,544
Z267,121,306,505,528
Z268,217,440,570,586
Z269,305,379,450,560
Z270,307,359,400,504
Z271,232,309,427,450
Z272,310,316,545,570
Z273,88,356,378,552
Z274,149,319,335,425
Z275,150,320,375,453
Z276,322,532,549,577
Z277,324,428,476,543
Z278,325,442,478,507
Z279,326,536,539,581
Z280,327,408,493,513
Z281,156,352,393,515
Z282,212,309,413,477
Z283,353,391,506,538
Z284,236,364,520,559
Z285,359,426,523,539
Z286,3,370,381,414
Z287,171,417,494,538
Z288,374,541,542,576
Z289,375,437,562,574
Z290,377,385,449,457
Z291,380,386,387,566
Z292,453,498,537,584
OZ0,203,208,271,273,280,281,288,296,304,311,328,341,350,363,383,389,391,392,394,397,412,416,424,432,441,442,454,455,469,470,478,481,487,491,503,507,511,514,519,528,553,587
OZ1,293,308,350,394,396,416,423,429,430,439,487,523,537,579
OZ2,197,207,243,249,268,269,273,274,276,282,285,289,296,299,301,302,304,313,316,317,323,330,333,334,335,337,341,344,347,351,358,367,368,369,370,371,372,376,378,379,384,385,386,387,388,389,390,392,393,394,395,396,403,412,413,425,427,428,429,430,432,434,435,437,438,439,440,442,443,445,448,449,450,451,452,454,455,456,458,459,463,464,465,468,471,473,474,480,481,483,484,486,487,488,491,495,496,497,501,503,504,505,506,507,512,514,515,516,519,526,527,532,534,540,543,544,545,546,547,549,550,554,555,556,559,561,562,567,569,570,571,573,574,576,577,579,580,581,582,583,584,586
OZ3,206,243,249,268,285,291,295,301,321,323,329,332,334,335,337,339,350,351,362,363,366,373,376,378,379,383,384,388,394,397,398,400,404,405,406,407,411,415,416,425,426,429,443,449,450,457,458,464,465,467,470,472,473,475,480,483,484,487,489,495,500,509,510,511,513,515,518,520,522,532,533,535,536,539,540,543,547,552,553,556,557,558,560,565,567,574,575,579,581,586
OZ4,199,249,251,276,285,289,306,312,330,333,335,337,344,346,351,360,369,371,401,409,410,417,423,425,430,435,439,441,456,460,461,463,466,479,503,505,519,528,530,532,541,542,549,558,564,576,577,583
OZ5,208,271,273,279,281,282,301,317,321,323,329,332,335,339,341,350,352,356,362,369,373,379,386,389,395,397,398,399,405,406,411,412,413,414,419,420,424,426,427,428,432,434,437,441,442,443,449,451,452,454,455,457,458,459,460,464,465,467,468,472,473,474,475,477,482,484,486,491,493,494,495,497,498,501,502,503,506,507,509,513,515,518,520,522,528,530,531,532,533,535,536,537,538,539,540,547,548,552,553,554,555,559,560,562,579,581,583,584,585,587
OZ6,207,249,271,273,280,281,285,288,291,302,304,308,313,323,331,333,337,350,351,352,360,363,366,367,368,373,381,384,385,389,390,392,393,396,406,409,413,418,425,427,428,429,432,433,434,435,436,437,440,443,444,445,448,449,450,454,455,459,464,469,473,482,484,485,486,490,491,492,497,503,504,505,506,508,511,512,516,519,526,527,532,540,541,542,543,544,549,550,559,560,562,563,567,568,569,570,574,575,577,580,581,584
OZ7,243,249,251,269,273,282,301,304,306,316,317,321,323,331,334,341,346,350,352,356,360,362,370,373,376,379,381,386,387,390,392,395,397,400,401,405,406,408,409,411,412,417,419,427,428,430,435,436,437,438,439,441,442,443,445,448,449,451,452,454,458,459,460,465,466,467,471,472,473,474,477,479,480,482,486,490,491,493,495,496,501,503,504,506,507,508,509,513,515,518,520,523,528,531,532,533,534,535,537,540,541,542,544,545,546,547,549,551,552,553,554,556,557,559,560,562,567,568,569,571,573,577,584,587
OZ8,249,251,280,296,299,306,308,330,333,337,346,347,350,352,358,363,368,373,379,381,387,394,403,410,417,423,432,441,455,460,461,471,479,480,481,482,487,488,496,505,507,508,511,514,515,519,526,528,532,547,549,550,555,558,561,568,575,577,579,582
OZ9,251,268,269,273,282,301,302,304,306,308,316,317,331,337,341,346,350,352,360,363,366,370,376,378,381,384,385,386,387,388,390,392,395,396,398,401,408,409,412,417,419,427,428,430,435,436,437,438,441,442,443,445,448,449,450,451,452,454,458,459,460,465,466,471,473,474,477,479,482,483,486,490,491,493,495,496,501,503,504,506,507,508,511,513,528,532,534,535,540,541,542,543,544,545,546,549,551,554,556,557,559,562,567,568,569,571,573,574,575,577,584,587
OZ10,280,285,313,323,331,346,350,351,362,363,366,367,376,379,384,385,389,393,394,397,406,411,413,416,425,434,436,440,450,464,468,471,484,487,490,495,497,507,509,511,512,515,518,520,527,533,547,556,557,558,560,566,570,574,580,581
OZ11,271,273,281,282,285,301,304,318,328,349,351,368,376,390,391,392,418,425,433,442,444,454,465,470,478,492,501,503,507,526,528,546,550,553,556,585,586,587
OZ12,285,288,296,301,304,311,313,328,329,331,332,335,339,346,351,356,366,367,373,376,383,385,389,393,397,398,404,405,413,415,419,420,425,426,436,440,443,449,457,458,459,465,467,469,470,471,472,473,475,478,481,490,491,495,497,502,507,512,513,519,522,527,531,532,535,536,539,540,548,555,556,557,558,565,566,570,579,580
OZ13,268,269,273,282,296,299,301,302,304,313,316,317,330,333,341,346,347,358,360,367,368,370,376,378,379,384,385,389,390,392,393,394,396,401,403,408,409,410,412,413,419,423,427,428,429,430,432,434,435,437,440,442,443,445,448,449,450,451,454,455,458,459,461,464,465,466,468,471,473,474,477,480,481,484,486,487,488,491,493,495,497,501,503,504,505,506,507,512,513,514,515,519,526,527,534,535,540,541,542,543,544,545,546,547,550,551,554,555,556,558,559,561,562,563,566,567,569,570,571,573,574,579,580,581,582,584,586,587
OZ14,273,276,282,299,308,315,316,317,321,328,329,330,331,332,333,335,337,339,341,344,346,347,358,360,363,366,368,370,376,379,388,392,393,394,397,398,400,401,403,404,406,408,409,410,411,412,415,420,423,426,427,428,429,430,432,434,435,436,437,439,442,445,448,450,451,454,455,457,461,464,466,468,470,471,474,475,477,478,483,484,486,487,488,490,491,493,495,501,502,503,504,505,506,507,511,512,514,515,518,519,520,521,522,523,526,527,532,533,534,536,537,539,541,542,544,545,546,548,550,551,552,553,554,556,557,558,559,561,562,563,565,566,567,569,571,573,574,575,581,582,584,587
OZ15,269,276,282,295,301,311,315,318,323,328,333,337,344,349,352,360,362,363,366,376,379,381,384,386,388,391,393,394,395,408,409,416,419,427,428,429,432,435,437,438,439,442,443,445,448,449,452,455,465,470,473,477,478,482,483,485,486,487,493,501,504,505,506,507,508,509,511,512,513,515,520,521,523,527,528,532,533,535,537,541,542,543,544,546,547,549,551,553,556,559,562,568,569,572,575,577,584,585
OZ16,296,299,301,308,313,315,331,335,339,343,347,352,356,366,368,370,379,384,385,389,393,397,398,402,403,404,405,406,411,413,414,415,416,426,434,436,440,443,448,449,456,457,458,459,463,465,467,470,473,475,481,482,489,490,497,499,500,502,510,512,513,514,515,517,518,520,521,522,526,527,529,531,532,533,535,536,539,550,555,557,558,561,565,568,570,575,579,580,582,586
OZ17,276,289,315,335,344,346,350,363,369,371,376,384,387,394,397,401,406,411,416,423,429,439,466,487,495,496,511,518,520,521,533,547,556,566,583,586
OZ18,291,299,302,304,311,315,321,328,329,332,337,343,346,347,350,352,356,367,368,370,373,379,383,384,388,394,396,400,402,403,405,411,414,419,420,429,434,439,448,451,456,463,467,468,469,471,474,478,480,482,483,485,487,489,491,495,499,500,507,510,514,515,517,518,519,520,521,523,526,529,531,533,537,540,543,548,550,552,553,558,560,561,566,568,582,585
OZ19,299,301,304,308,313,315,318,323,328,329,331,332,343,347,350,352,362,363,366,370,373,385,389,390,393,394,402,403,413,414,419,420,429,436,440,444,448,450,456,463,464,465,468,472,478,482,484,487,489,490,497,499,500,509,510,511,512,514,517,521,526,527,529,540,547,548,550,557,560,561,568,570,574,575,580,581,582,586
OZ20,304,308,313,315,318,328,329,331,332,339,346,352,356,366,367,369,376,379,381,384,385,387,389,390,393,397,398,403,404,405,406,411,413,415,416,419,420,423,426,436,439,440,443,444,449,457,458,459,463,466,467,470,472,473,475,478,482,490,495,496,497,498,502,512,513,514,515,518,520,521,522,526,527,531,532,533,535,536,539,540,548,550,555,556,557,561,565,566,568,570,575,576,579,580,582,583
OZ21,315,350,360,363,384,394,397,406,409,411,416,423,429,430,463,487,511,518,520,521,533,541,542,547,576,579
OZ22,282,312,328,349,386,391,395,418,433,442,454,470,478,492,495,501,507,526,528,530,546,550,553,564,585,587
OZ23,289,308,316,317,321,323,329,330,331,332,333,335,339,341,346,349,362,363,366,368,370,371,373,376,385,391,392,393,394,397,400,403,404,406,408,411,412,415,418,420,423,426,427,428,429,430,433,434,436,437,438,439,445,448,451,452,457,464,466,468,471,474,475,477,480,484,486,487,490,491,492,493,495,498,502,504,505,506,508,509,511,512,514,518,519,520,522,523,527,528,533,534,536,537,539,544,545,546,548,549,551,552,554,555,556,557,558,559,560,561,562,565,566,567,569,571,573,575,577,581,582,584
OZ24,301,321,323,329,332,335,337,339,350,362,363,373,378,379,384,388,394,397,398,400,404,405,406,411,415,416,423,426,429,430,443,449,450,457,458,459,464,465,467,468,470,473,475,480,483,484,487,489,500,509,510,511,513,515,518,520,522,533,535,536,539,543,547,549,552,553,560,565,574,575,577,581
OZ25,349,386,395,412,432,435,455,495,546,585
OZ26,279,288,308,311,318,321,323,329,332,337,339,360,362,363,376,378,381,383,386,387,388,389,390,391,392,394,395,398,399,400,403,404,405,406,409,411,413,414,415,423,426,427,429,437,439,443,444,449,457,458,459,460,464,466,467,468,469,470,471,473,474,475,477,480,483,484,486,487,489,493,494,495,496,500,506,507,509,510,511,513,514,518,519,520,522,526,530,533,535,536,537,538,539,541,542,543,549,550,552,553,554,556,560,561,562,565,568,577,579,581,582,583,584,586
OZ27,288,295,308,321,323,337,356,362,363,373,379,383,384,385,388,397,398,400,405,411,439,450,451,459,467,472,474,480,483,485,495,509,511,515,518,520,523,531,533,537,540,543,547,552,553,557,567,572,574,575,584,585
OZ28,308,350,360,394,397,406,409,411,416,423,429,430,433,439,444,487,509,518,520,523,533,537,544,547,579,584
OZ29,312,317,323,328,329,332,343,350,356,358,360,362,363,367,370,373,378,379,381,384,385,386,391,394,395,397,398,400,402,404,406,409,410,411,414,415,416,418,423,428,429,430,432,433,435,438,442,448,450,451,454,455,456,461,470,478,487,488,492,495,497,499,502,507,508,509,511,515,517,518,520,526,528,529,530,531,533,541,542,543,547,550,559,560,563,564,565,574,575,576,579,583,585,587
OZ30,295,311,313,323,329,331,332,335,339,346,350,356,362,363,366,367,368,378,379,384,389,393,394,397,404,406,411,413,415,416,417,420,423,426,429,430,434,436,440,443,444,449,450,451,457,458,469,470,472,473,474,475,485,487,488,489,490,491,494,495,497,500,502,507,509,510,511,512,513,515,518,519,522,527,531,534,535,536,538,539,540,548,551,558,565,567,568,570,571,572,574,577,585,586
OZ31,317,321,323,328,329,332,333,339,343,346,352,358,363,367,370,376,378,384,385,386,391,394,395,398,402,404,405,410,414,415,416,417,420,423,427,429,430,437,439,442,443,445,449,450,452,456,458,459,461,467,468,469,470,472,473,474,478,480,482,484,486,487,491,494,495,497,499,504,505,506,511,513,517,519,522,523,528,529,534,535,537,538,540,543,544,548,551,552,553,556,557,562,563,565,567,569,571,574,575,576,577,580,583,584
OZ32,302,360,396,397,406,409,411,433,444,472,509,518,520,532,533,544,547,549,577,584
OZ33,316,321,323,329,332,343,350,356,358,360,362,363,367,370,373,378,379,381,384,385,386,394,395,397,398,400,402,406,408,409,410,411,414,416,417,420,423,429,430,432,438,441,448,450,452,455,456,461,471,479,487,494,499,508,509,511,515,517,518,520,529,531,533,534,538,541,542,543,545,547,548,549,551,552,553,560,563,566,568,571,574,575,576,579,580,586
OZ34,313,318,321,323,328,330,335,337,341,346,350,352,356,360,362,366,367,368,369,370,373,376,378,381,384,385,386,387,388,389,390,392,393,394,395,400,403,404,408,409,411,413,417,418,419,423,429,433,435,440,441,442,450,452,458,464,468,469,471,472,478,479,480,482,483,484,487,488,489,492,494,495,496,498,500,509,510,512,514,518,523,527,531,532,537,538,540,541,542,543,547,551,553,554,555,556,557,558,559,560,561,570,573,574,577,581,582,583,584,586
OZ35,311,318,329,332,339,356,360,373,376,378,379,381,384,385,387,389,390,391,392,394,397,403,404,406,409,413,414,415,423,426,427,429,437,443,444,449,450,451,457,458,460,464,466,468,469,470,471,472,473,475,477,484,485,486,487,489,493,494,496,500,506,507,510,513,514,515,519,522,523,526,531,535,536,538,539,540,541,542,547,549,550,554,556,560,561,562,565,568,572,574,575,577,579,581,582,583,585,586
OZ36,318,328,330,335,341,343,350,352,358,369,373,378,379,381,390,391,397,400,402,405,406,410,417,418,426,427,428,432,435,437,438,440,442,443,444,448,451,455,456,458,459,460,461,466,467,468,469,470,471,472,473,474,478,482,484,486,491,492,495,498,499,502,506,508,513,515,517,520,526,529,533,535,536,537,539,540,541,542,543,544,547,549,550,553,555,557,559,560,562,563,566,567,568,573,575,576,583,584,585,586
OZ37,321,323,328,330,331,337,341,350,352,356,362,369,370,373,378,379,385,386,388,389,391,395,397,398,400,404,406,408,411,413,414,418,419,420,427,433,434,435,436,437,441,442,451,452,458,459,460,466,469,474,477,478,479,480,482,483,485,486,489,490,491,492,493,494,495,497,498,500,502,506,509,510,515,518,520,526,531,533,534,537,538,543,547,548,550,553,555,559,560,562,571,573,575,584,585,586
OZ38,328,329,330,331,332,337,341,343,352,358,360,363,367,369,381,384,386,388,389,391,394,395,402,404,408,409,410,413,416,418,419,420,423,427,429,430,432,433,434,436,437,438,441,442,448,450,451,455,456,458,459,460,461,466,469,474,477,478,479,480,482,483,485,486,487,488,489,490,491,492,493,494,495,497,498,499,500,506,508,510,511,517,526,529,534,537,538,541,542,548,550,552,555,559,562,563,571,573,574,576,579,584,585,586
OZ39,306,323,330,331,333,335,343,358,360,362,370,378,381,385,389,398,400,402,404,405,408,409,410,413,414,417,419,426,428,432,434,435,436,438,440,443,448,452,455,456,460,461,467,468,470,472,473,477,484,485,488,489,490,493,497,500,505,508,510,513,517,519,528,529,532,535,536,539,540,541,542,543,549,551,552,553,555,557,563,567,569,575,576,577,580,583
OZ40,330,331,333,335,337,339,341,350,360,362,363,366,368,369,370,373,378,387,388,391,392,393,398,403,405,408,409,416,417,418,419,427,428,430,432,434,436,437,438,439,441,443,444,445,448,449,451,452,455,459,467,468,470,473,474,479,483,484,486,488,489,490,491,492,494,495,496,497,498,500,504,505,506,508,510,511,512,513,514,519,522,527,528,532,535,538,543,547,549,551,553,554,555,557,558,559,560,561,562,566,567,568,569,573,580,582,583,585
OZ41,323,329,331,332,337,346,362,367,368,376,378,379,381,384,385,386,387,388,391,392,393,394,395,397,398,400,403,404,405,406,408,411,414,419,426,427,428,429,430,433,434,435,436,437,440,441,443,444,450,451,459,460,466,467,468,470,473,474,479,480,483,484,486,487,489,490,491,494,496,497,500,506,509,510,513,514,515,518,520,523,526,532,533,535,536,538,539,541,542,543,544,549,550,551,552,553,554,556,557,558,561,562,566,567,568,574,577,579,580,582,585,586
OZ42,329,331,332,337,346,350,358,363,367,369,373,376,378,379,384,387,388,389,394,397,400,404,405,406,408,411,413,416,419,423,426,428,429,432,434,436,439,440,441,443,450,455,466,467,468,470,472,473,477,479,483,484,485,487,488,489,490,493,495,496,497,498,500,508,509,510,511,513,515,517,518,520,529,533,535,536,539,540,543,547,551,552,553,555,556,557,560,566,567,574,575,576,580,586
OZ43,335,346,350,352,358,360,368,369,376,379,381,386,387,393,394,395,397,406,409,411,429,430,432,433,435,444,455,466,471,480,482,487,488,495,496,498,508,509,515,517,518,520,523,526,529,533,537,544,550,555,556,558,575,576,579,583,584,586
OZ44,331,337,352,356,360,363,367,368,373,381,384,385,386,388,389,393,395,400,405,406,409,413,415,416,419,423,428,430,433,434,435,436,439,440,441,444,449,450,457,459,464,467,468,471,472,474,475,477,479,480,482,483,484,485,490,493,497,511,523,526,531,537,540,543,544,547,550,551,552,553,554,557,558,565,566,567,574,579,580,581,583,584
OZ45,337,339,341,343,346,356,366,367,368,369,376,381,385,386,387,388,395,397,398,402,405,410,411,414,415,417,418,420,426,430,436,438,439,443,448,449,456,457,459,461,464,466,467,468,470,471,473,475,483,484,488,489,492,494,495,496,498,499,500,509,510,512,513,518,522,526,527,531,534,535,536,538,539,541,542,544,548,550,551,552,555,556,558,559,563,565,568,571,573,577,580,581,583,586
OZ46,350,352,360,364,366,368,379,381,386,393,394,395,397,398,404,406,409,411,418,423,429,430,433,439,444,452,471,482,487,492,501,509,512,515,518,523,527,533,537,541,544,552,558,563,566,575,579,584
OZ47,346,358,364,366,369,376,385,387,398,415,418,423,426,432,435,439,449,452,455,457,459,466,470,475,480,488,489,492,495,496,498,500,501,508,510,512,517,520,526,527,529,531,536,539,541,550,552,555,556,563,565,566,576,581,583,586
OZ48,333,339,341,360,364,370,373,376,378,379,381,384,385,386,387,389,391,392,394,395,403,404,405,408,409,413,414,415,417,420,423,426,427,429,433,436,437,444,449,450,451,457,460,466,467,468,470,472,475,477,484,485,486,487,488,489,493,496,499,500,501,506,507,510,514,515,519,522,523,526,531,533,534,536,539,540,542,548,550,551,555,556,559,560,561,562,563,565,566,569,571,573,574,575,577,579,580,581,582,583,585,586
OZ49,339,341,343,356,360,362,367,369,376,379,384,389,391,392,393,394,397,402,403,405,409,410,411,413,417,420,423,427,429,430,432,435,436,437,439,445,449,450,451,455,456,460,461,464,467,468,473,474,477,484,485,487,488,491,493,498,499,501,506,508,509,513,514,515,518,520,522,523,526,532,533,534,535,541,542,544,547,548,549,550,551,554,555,557,559,561,563,567,568,571,573,574,575,580,582,585
OZ50,356,358,362,364,366,367,368,381,387,397,398,404,405,411,414,417,418,420,430,432,433,435,436,443,445,448,449,452,455,464,467,468,471,473,480,484,492,494,496,499,501,508,509,512,513,517,518,520,522,526,527,529,532,534,535,538,542,544,548,549,550,551,552,558,563,568,571,576,579,580
OZ51,358,360,362,366,368,369,376,379,381,384,386,389,391,392,393,394,395,398,403,404,409,413,414,418,423,427,429,430,437,439,443,445,448,449,450,451,452,460,471,474,477,480,485,487,488,491,492,493,494,498,501,506,512,514,515,517,520,523,527,529,533,538,547,552,554,555,557,558,561,563,566,567,574,575,576,579,582,585
OZ52,362,364,368,369,376,379,381,384,386,389,391,392,393,394,395,403,413,414,427,429,432,435,437,439,443,445,448,449,450,451,455,460,471,474,477,485,487,491,493,494,498,506,508,514,515,523,526,533,538,542,547,550,554,557,558,561,566,567,574,575,582,585
OZ53,360,368,379,397,409,411,423,430,433,444,509,518,544,547,558,579
OZ54,352,363,367,368,369,373,376,379,381,385,386,387,389,391,392,394,395,397,400,403,404,406,411,413,415,416,417,418,419,420,427,428,429,430,432,435,436,437,438,444,449,455,457,460,464,468,471,473,475,480,482,484,485,487,488,491,492,495,496,498,499,501,506,508,509,511,513,514,515,518,520,522,526,531,532,533,534,535,537,541,542,543,548,549,550,553,555,557,558,561,565,567,568,571,575,579,580,582,583,584
OZ55,369,381,384,389,391,392,393,394,403,406,413,414,423,427,429,430,437,439,450,459,460,472,474,477,486,487,491,493,494,498,506,514,515,520,523,526,532,533,538,540,547,549,550,554,561,562,568,574,575,577,579,582
OZ56,368,376,379,385,404,406,418,423,430,432,435,443,445,448,449,452,455,459,471,472,486,492,495,501,508,526,532,540,541,542,549,550,552,557,558,562,563,566,567,568,577,579
OZ57,341,364,366,370,378,386,394,395,398,404,405,406,427,428,429,433,436,437,451,452,458,467,469,473,474,487,495,499,502,504,505,506,512,520,526,527,541,543,550,552,555,556,560,563,573,585
OZ58,343,364,370,379,385,386,387,395,402,404,408,410,417,418,420,430,436,444,445,449,452,456,461,468,477,484,488,492,493,494,496,501,502,520,522,526,532,534,538,541,547,548,549,550,551,552,563,566,571,579
OZ59,367,379,381,385,386,387,395,400,404,406,414,417,420,428,430,436,438,443,444,445,448,449,452,464,468,470,473,474,477,480,484,485,488,493,494,496,499,513,522,532,534,535,538,543,547,548,549,551,552,553,554,555,560,563,566,571,575,579
OZ60,364,366,376,398,400,404,413,423,430,432,435,437,443,450,452,455,459,471,472,474,477,493,495,501,504,505,508,512,520,527,532,540,542,549,552,554,556,557,562,563,566,567,568,575,577,579
OZ61,366,378,379,387,394,398,404,405,406,408,417,420,427,428,429,430,437,444,451,452,467,469,473,474,477,487,488,493,494,495,496,499,501,504,505,506,512,522,526,527,532,534,538,543,547,548,549,550,551,552,555,556,559,560,566,571,579,585
OZ62,376,378,379,386,387,394,395,400,403,405,406,408,413,417,419,423,427,428,429,432,433,434,435,442,443,444,450,451,455,459,467,469,470,473,487,488,489,494,496,499,500,501,506,507,508,510,522,526,528,534,538,541,542,543,547,548,550,551,553,554,555,557,560,561,562,566,567,571,575,577,582,585
OZ63,378,379,387,405,406,408,417,420,427,428,430,437,444,451,467,469,473,474,477,488,493,494,495,496,499,504,505,506,522,532,534,538,543,547,548,549,551,555,556,560,566,571,579,585
OZ64,403,420,434,472,489,500,510,540,551,561,580,582
OZ65,418,433,452,492,526,550,552,559
OZ66,373,384,385,387,389,391,392,397,404,406,411,415,417,419,427,428,430,434,437,444,449,450,451,457,469,470,472,473,475,477,488,489,493,494,495,496,499,500,502,504,505,506,509,510,513,514,515,518,520,522,531,532,533,534,535,538,540,543,549,551,554,556,560,565,566,571,574,579,583,585
OZ67,370,379,387,408,417,420,430,436,444,451,468,477,484,485,488,493,494,495,496,502,522,532,534,538,547,548,549,551,566,571,579,585
OZ68,379,381,385,387,394,400,404,406,413,414,417,419,423,428,429,435,438,440,441,442,443,444,445,448,449,451,459,473,474,477,479,480,487,488,489,493,494,495,496,499,500,501,507,510,513,522,526,528,534,535,538,543,547,548,550,551,554,555,557,559,560,563,566,567,571,575,577,580,581,585
OZ69,381,386,394,395,408,414,419,420,423,428,429,430,435,437,438,440,441,442,443,450,451,452,459,473,477,479,480,486,487,489,493,495,499,500,502,504,505,507,510,513,526,528,532,535,543,547,549,550,552,555,556,557,559,560,567,577,579,580,581,585
OZ70,385,404,415,449,457,470,475,531,565,583
OZ71,400,413,415,437,445,448,450,452,457,470,474,475,477,486,493,501,504,505,531,552,554,556,559,565,575,583
OZ72,394,419,420,423,429,430,442,452,470,487,501,507,526,528,532,549,550,552,553,559,577,579
OZ73,414,415,445,448,452,457,470,475,501,526,531,550,552,559,565,583
OZ74,386,395,406,469,471,477,493,547,554,559,563,566,568,580
OZ75,387,420,430,471,496,532,549,551,568,577,579,580
OZ76,384,389,391,392,406,408,420,427,428,434,437,451,469,471,472,473,489,495,499,500,504,505,506,510,513,514,520,533,535,540,543,547,548,551,554,556,566,568,580,585
OZ77,420,459,472,540,551,557,567,580
OZ78,406,432,435,455,459,469,472,477,480,488,493,508,540,547,549,554,555,557,559,563,567,580
OZ79,391,413,415,417,426,432,437,438,440,441,442,445,448,450,452,455,457,466,470,474,475,477,479,480,486,488,493,494,501,508,513,522,523,528,531,534,535,536,538,539,544,552,554,555,556,559,565,571,575,577,583,586
OZ80,408,417,459,472,477,488,493,494,502,534,538,540,548,549,557,567,571,580
OZ81,415,419,427,438,442,443,445,448,450,457,469,470,473,475,477,480,486,493,499,501,502,506,507,528,531,547,551,554,555,560,565,583
OZ82,393,397,411,413,419,426,427,432,438,440,441,442,443,444,452,455,473,474,477,479,488,493,499,502,506,507,508,509,515,518,522,523,528,536,539,547,551,552,554,559,560,568,574,575,577,580
OZ83,397,411,432,435,444,452,455,459,469,472,477,480,488,493,508,509,518,540,544,549,554,555,557,563,567,580
OZ84,432,435,452,455,480,488,508,522,544,555,563,577
OZ85,417,419,427,428,435,437,439,440,441,442,451,452,470,471,472,479,488,489,494,495,500,501,502,504,505,506,507,510,513,520,523,528,533,534,535,537,538,540,543,548,549,551,552,553,556,563,566,568,571,575,580,581,584,585
OZ86,413,427,438,443,450,469,470,473,477,480,493,499,501,502,506,547,553,554,555,560
OZ87,427,433,438,439,443,445,448,450,457,459,469,470,472,473,475,477,480,486,493,498,499,501,502,506,522,540,541,542,544,547,549,553,554,555,557,560,565,567,577,580
OZ88,428,433,437,439,442,443,445,448,450,451,452,457,466,469,470,471,475,477,480,486,488,493,495,501,504,505,520,522,528,533,537,541,542,543,544,547,553,554,555,559,560,562,565,566,568,577,580,584,585,586
OZ89,419,438,442,459,472,507,522,528,540,544,549,551,557,567,577,580
OZ90,433,439,442,443,445,448,452,457,466,469,470,474,475,480,486,488,501,520,522,528,533,537,541,542,544,547,553,555,556,559,560,562,565,577,584,586
OZ91,435,438,441,442,452,466,479,528,563,586
OZ92,426,438,440,443,445,448,452,457,469,470,474,475,480,486,488,498,501,520,522,533,536,537,539,544,547,553,555,556,559,560,562,565,577,584
OZ93,437,443,445,448,450,457,459,469,472,475,477,480,486,488,493,498,520,523,533,537,540,547,549,552,554,555,557,560,562,565,567,575,580,584
OZ94,439,440,442,466,470,472,489,500,501,510,520,522,523,528,533,537,540,544,549,552,553,575,577,581,584,586
OZ95,438,440,442,466,472,489,500,510,522,528,540,544,549,577,581,586
OZ96,440,452,472,489,498,500,510,520,522,533,537,540,544,549,556,559,562,577,581,584
OZ97,443,445,448,452,457,475,480,486,488,522,523,544,552,555,559,565,575,577
OZ98,442,452,466,469,470,474,498,501,520,528,533,537,547,553,556,559,560,562,584,586
OZ99,469,474,547,560
