X0,0,59,80,92,192,396
X1,1,26,31,33,134,447
X2,2,43,206,229,253,449
X3,3,17,32,131,157,168
X4,0,4,5,28,33,135
X5,4,42,141,146,347,359
X6,6,14,110,128,152,329
X7,7,17,53,254,312,448
X8,8,102,105,123,153,574
X9,9,44,91,147,157,252
X10,5,10,122,125,148,212
X11,11,182,322,459,467,548
X12,12,85,126,150,443,445
X13,13,127,151,158,446,547
X14,14,147,195,198,242,477
X15,15,70,112,196,249,296
X16,16,112,130,151,246,253
X17,7,30,35,137,158,449
X18,11,18,46,135,149,342
X19,19,114,133,169,473,564
X20,20,24,90,109,246,343
X21,21,46,152,222,257,475
X22,2,22,27,36,153,448
X23,23,94,239,378,438,537
X24,24,92,121,155,212,255
X25,25,32,48,346,374,379
X26,1,252,262,346,353,537
X27,27,165,190,259,274,469
X28,28,64,96,164,191,204
X29,6,29,34,85,136,400
X30,29,30,193,194,460,514
X31,31,48,57,88,263,342
X32,25,93,156,234,327,491
X33,26,189,240,359,406,440
X34,34,60,99,273,425,528
X35,35,61,131,269,287,426
X36,36,74,159,266,279,356
X37,37,76,86,392,397,431
X38,38,139,161,179,306,522
X39,39,78,174,394,433,480
X40,40,79,217,395,406,411
X41,41,90,120,228,329,528
X42,42,143,164,249,417,450
X43,43,144,165,248,416,451
X44,9,97,110,247,407,442
X45,45,93,143,366,504,564
X46,21,57,103,120,344,530
X47,47,119,293,391,422,555
X48,10,105,221,223,254,256
X49,49,99,264,278,304,443
X50,50,265,269,354,547,553
X51,51,59,60,109,185,206
X52,52,197,207,218,407,475
X53,3,104,155,214,221,581
X54,54,198,286,334,476,548
X55,55,121,199,216,301,320
X56,18,56,113,115,132,396
X57,56,200,315,327,345,470
X58,58,119,192,347,420,464
X59,22,51,58,289,361,421
X60,61,374,380,429,494,504
X61,62,237,325,385,509,532
X62,63,95,168,203,298,477
X63,64,83,184,398,435,583
X64,65,89,97,205,400,471
X65,66,130,156,369,390,561
X66,67,169,299,319,402,427
X67,68,179,428,456,481,488
X68,69,133,232,328,472,515
X69,15,40,111,129,141,391
X70,71,82,203,274,397,580
X71,72,209,405,417,429,583
X72,73,208,416,430,511,580
X73,74,142,190,276,314,463
X74,75,236,326,386,403,420
X75,76,196,218,370,466,517
X76,38,77,313,368,393,432
X77,78,286,493,505,518,552
X78,70,86,163,209,258,343
X79,80,199,202,339,468,470
X80,81,175,183,240,434,474
X81,41,82,142,163,238,242
X82,83,288,337,373,457,497
X83,84,263,290,358,482,549
X84,12,95,301,332,439,581
X85,37,138,160,319,371,585
X86,87,208,373,437,555,560
X87,88,101,322,399,494,550
X88,89,150,214,245,338,386
X89,71,117,304,332,389,582
X90,23,91,154,215,476,490
X91,20,103,104,377,379,561
X92,45,146,167,183,326,533
X93,8,62,94,148,243,447
X94,63,175,295,454,495,558
X95,96,125,241,294,401,441
X96,44,77,145,159,166,312
X97,98,310,382,403,445,519
X98,49,115,185,227,311,423
X99,100,171,404,444,478,492
X100,101,238,334,405,500,524
X101,102,259,376,378,551,582
X102,53,193,251,362,393,549
X103,106,134,268,358,368,485
X104,107,174,178,204,273,292
X105,108,235,245,275,291,377
X106,16,111,170,248,364,560
X107,113,222,250,410,544,573
X108,19,162,256,338,503,533
X109,116,247,353,404,440,538
X110,117,239,320,341,472,521
X111,118,354,357,490,505,568
X112,47,224,289,352,484,574
X113,55,280,300,364,395,587
X114,122,297,316,348,381,385
X115,123,188,349,434,480,503
X116,124,154,213,455,467,551
X117,126,194,414,486,510,570
X118,13,282,315,369,568,573
X119,127,128,250,418,487,514
X120,129,161,257,355,370,496
X121,66,219,279,291,318,351
X122,132,138,284,459,557,563
X123,114,223,251,294,372,543
X124,106,243,352,419,479,529
X125,136,211,340,362,508,522
X126,137,176,316,360,486,516
X127,79,216,272,299,462,515
X128,139,144,230,308,365,424
X129,140,145,321,408,442,556
X130,149,191,197,213,244,337
X131,124,201,233,350,469,489
X132,160,255,258,267,272,381
X133,69,308,325,357,375,438
X134,166,187,215,260,282,318
X135,167,181,234,261,495,526
X136,67,217,275,344,355,481
X137,170,261,390,452,559,575
X138,171,219,302,330,436,562
X139,172,224,303,383,388,553
X140,173,270,331,333,536,585
X141,107,244,264,349,376,531
X142,73,81,287,298,461,512
X143,176,231,324,409,413,523
X144,177,260,288,330,422,455
X145,178,225,305,450,501,534
X146,68,75,235,356,361,577
X147,180,268,307,413,435,499
X148,181,271,317,458,483,542
X149,182,297,309,371,489,506
X150,184,310,441,453,507,539
X151,186,276,351,414,524,575
X152,187,293,313,419,496,544
X153,188,265,437,461,484,552
X154,189,384,462,485,512,520
X155,195,367,458,465,487,558
X156,52,333,392,497,511,556
X157,54,363,394,465,501,557
X158,200,284,305,366,427,488
X159,201,241,348,463,510,519
X160,98,177,202,350,464,478
X161,108,205,411,538,546,562
X162,116,207,474,531,545,576
X163,87,220,398,493,500,559
X164,72,267,360,384,426,499
X165,210,311,410,529,532,572
X166,211,323,388,539,543,584
X167,100,262,339,483,491,521
X168,220,236,507,526,540,541
X169,172,277,307,453,479,569
X170,225,281,296,367,383,446
X171,226,309,502,536,567,578
X172,227,389,412,431,527,563
X173,228,283,292,314,387,401
X174,229,230,237,423,516,571
X175,231,281,454,466,569,576
X176,232,408,424,430,432,520
X177,233,300,451,468,502,566
X178,84,186,285,399,436,460
X179,50,335,375,380,473,584
X180,173,266,321,387,415,433
X181,180,270,302,457,482,535
X182,271,341,363,412,525,586
X183,277,278,382,492,545,572
X184,280,295,409,439,452,570
X185,283,290,331,372,402,530
X186,210,285,317,418,444,565
X187,303,340,421,425,456,534
X188,306,324,517,527,554,571
X189,226,336,523,535,546,587
X190,323,513,540,542,567,579
X191,335,506,509,513,550,565
X192,336,471,508,525,554,579
X193,118,345,365,428,498,566
X194,415,498,518,541,577,578
OX0,60,115,144,152,153,159,163,185,192,203,230,237,238,239,242,246,248,250,253,257,259,270,276,278,279,290,292,293,304,307,320,321,329,332,333,340,341,343,347,352,356,361,372,382,383,388,389,391,397,401,402,410,416,420,422,423,425,433,448,449,451,453,456,463,464,469,472,475,479,484,492,498,516,518,521,528,530,534,536,541,544,545,553,555,569,571,572,573,574,577,578,580,582,585
OX1,125,143,146,151,156,161,163,192,199,204,213,216,217,241,244,246,247,248,253,255,257,260,261,262,279,291,294,296,297,299,302,305,315,318,319,322,327,333,343,347,350,351,353,354,355,357,359,360,364,365,366,369,373,381,382,384,391,395,397,398,401,403,405,406,407,411,422,426,427,428,429,431,435,436,440,444,445,450,452,453,455,457,462,464,466,467,468,471,474,475,483,488,489,490,491,492,496,498,499,502,505,506,507,508,511,515,517,519,521,523,525,531,535,536,538,539,545,546,548,554,556,557,559,560,561,562,563,566,567,568,575,576,578,579,585,587
OX2,103,104,120,144,150,152,155,161,204,217,221,223,230,236,244,247,251,254,256,264,273,281,286,291,292,294,296,299,305,312,313,319,321,324,325,326,344,349,355,356,357,361,365,367,368,372,375,376,379,383,393,394,400,402,403,407,411,420,427,428,430,433,438,446,448,450,456,471,472,473,480,488,493,501,503,505,515,517,518,520,522,527,531,533,534,538,543,546,552,554,556,561,562,564,571,577,581,586
OX3,143,144,146,150,151,152,153,156,163,213,230,236,241,246,248,251,253,257,260,261,262,264,278,279,281,286,292,293,295,300,301,302,307,312,313,315,316,318,320,321,322,324,325,326,327,329,333,340,343,344,348,349,350,351,352,353,354,356,359,360,366,367,368,369,372,373,375,376,377,384,385,388,393,394,397,398,400,401,402,405,406,409,426,429,430,431,433,435,436,438,439,440,444,445,446,448,455,457,462,466,467,468,472,473,474,475,479,480,483,484,489,490,491,493,496,498,499,501,502,503,506,507,508,511,518,519,520,521,522,523,525,527,528,533,535,536,539,543,548,552,553,555,557,559,560,561,563,564,566,567,568,569,570,571,572,574,575,576,577,578,579,581,585,586
OX4,151,153,159,161,163,183,192,204,214,217,223,237,238,239,240,244,246,247,248,253,256,257,259,269,270,276,279,282,290,291,293,294,295,296,299,301,305,307,311,313,315,316,319,320,325,326,333,334,341,343,344,347,349,352,355,357,360,363,365,368,369,373,374,375,376,377,380,382,391,397,398,401,403,407,409,410,411,412,413,414,418,422,426,427,428,429,431,434,437,438,439,445,448,450,451,453,458,460,461,463,464,466,469,471,473,474,475,476,479,480,484,488,492,494,495,498,500,503,504,505,507,508,510,511,512,513,515,517,520,521,523,526,530,531,533,536,538,539,542,544,545,546,547,548,549,552,553,554,556,557,559,560,562,563,564,567,568,570,572,574,576,578,579,581,582,584,585,586
OX5,144,150,152,153,161,192,204,214,217,223,230,236,244,247,251,256,264,278,281,286,291,292,293,294,296,299,305,307,312,313,319,321,324,325,326,329,340,344,347,349,352,355,356,357,365,367,368,372,375,376,377,382,388,391,393,394,400,402,403,407,411,422,427,428,430,433,438,446,448,450,453,464,471,472,473,479,480,484,488,492,493,501,503,505,515,517,518,520,522,527,528,531,533,538,543,545,546,552,553,554,555,556,562,564,569,571,572,574,577,586
OX6,150,152,159,161,163,203,204,214,217,223,236,237,238,239,242,244,246,247,248,251,253,256,259,264,270,273,276,279,281,286,290,291,294,296,299,304,305,312,313,319,320,324,325,326,329,332,333,341,343,344,349,355,357,361,365,367,368,375,376,377,383,389,393,394,397,400,401,403,407,411,416,420,423,427,428,430,438,446,449,450,451,456,463,469,471,473,480,488,493,498,501,503,505,515,516,517,520,521,522,527,528,530,531,533,534,536,538,541,543,546,552,554,556,562,564,578,580,582,585,586
OX7,153,159,161,163,168,183,192,194,204,214,217,223,237,238,239,240,242,244,246,247,248,250,253,256,257,259,270,276,279,281,286,287,290,291,293,294,295,296,299,301,305,307,311,313,319,320,324,325,326,333,341,343,344,347,349,352,355,357,365,367,368,373,375,376,377,382,391,394,397,398,401,403,407,410,411,412,414,422,427,428,431,434,437,438,439,445,446,448,449,450,451,453,454,461,463,464,469,471,473,474,475,477,479,480,484,486,488,492,495,498,500,501,503,505,507,508,510,511,512,513,515,516,517,520,521,526,530,531,533,536,538,539,542,544,545,546,549,552,553,554,556,558,559,560,562,563,564,567,569,570,572,573,574,578,579,581,582,584,585,586
OX8,142,168,192,236,238,242,269,273,278,287,290,292,293,307,314,331,340,347,352,354,361,372,373,375,380,382,383,387,388,391,398,401,402,416,420,422,430,453,456,464,473,477,479,492,493,500,506,507,509,511,512,513,526,530,534,540,541,545,547,550,552,559,560,565,569,572,580,584
OX9,110,147,152,157,159,192,199,213,214,216,221,237,239,241,252,254,259,260,269,270,272,273,278,282,295,299,301,302,313,318,320,325,329,340,347,348,349,350,354,358,361,364,368,375,376,380,382,383,384,385,388,391,395,409,413,420,422,434,435,437,438,439,448,451,452,453,455,456,457,461,463,464,467,468,469,473,476,480,482,489,490,492,496,499,502,503,506,510,512,513,515,519,520,528,529,532,534,535,537,544,545,547,550,552,555,565,566,569,570,572,581,582,584,587
OX10,141,152,156,157,158,159,168,183,192,199,203,213,221,235,236,237,239,240,241,242,248,252,254,257,259,260,261,262,264,269,270,273,275,279,281,286,287,304,311,313,315,316,320,324,325,329,330,332,334,338,339,340,347,348,349,350,351,354,358,360,361,363,367,368,373,375,376,377,380,382,383,384,385,386,388,389,394,398,404,406,410,411,412,414,416,418,420,422,423,430,431,435,436,438,444,445,446,448,449,451,453,455,456,457,458,460,462,463,464,466,467,468,469,473,474,475,478,480,482,483,489,490,491,493,495,496,499,500,501,502,503,506,507,511,513,516,519,520,521,523,526,527,528,529,532,534,535,537,540,541,545,548,550,552,557,561,562,563,565,566,568,572,575,576,580,582,584,587
OX11,152,159,161,163,203,204,217,221,223,236,237,238,239,242,244,246,247,248,253,254,256,259,264,270,273,276,279,281,286,290,291,294,296,299,304,305,313,319,320,324,325,326,329,332,333,340,341,343,344,349,355,357,361,365,367,368,375,376,377,383,388,389,394,397,401,403,407,411,416,420,423,427,428,430,438,446,448,449,450,451,456,463,469,471,473,480,488,493,498,501,503,505,508,513,515,516,517,520,521,527,528,530,531,533,534,536,538,539,540,541,542,546,549,552,554,556,562,564,567,578,579,580,582,584,585,586
OX12,217,221,223,254,256,275,294,299,308,312,319,325,340,344,355,357,372,375,388,393,402,408,424,427,430,432,438,448,471,472,473,481,508,513,515,520,522,539,540,542,549,564,567,579,584,586
OX13,157,158,159,163,199,203,213,214,216,221,236,237,241,246,252,253,254,259,260,269,270,272,274,282,293,295,299,301,302,304,307,313,318,325,332,341,343,348,349,350,352,358,364,368,373,374,376,380,384,385,389,395,397,398,409,413,416,426,429,430,434,435,437,438,439,448,451,452,455,457,461,463,467,468,469,472,476,477,479,480,482,489,490,493,494,496,499,500,502,503,504,507,509,510,511,515,519,520,521,526,529,532,535,537,540,541,544,555,559,560,566,570,581,587
OX14,158,163,168,203,239,246,253,269,274,287,304,320,332,341,343,374,380,389,397,426,429,472,477,494,504,521,580,582
OX15,156,161,163,168,192,194,199,213,216,221,223,240,242,246,247,248,249,250,253,254,255,256,257,260,261,262,269,275,279,281,282,286,287,288,291,294,296,297,302,305,308,310,312,316,318,322,324,325,327,333,334,337,340,343,344,347,350,351,353,354,359,363,364,365,366,367,372,374,375,380,381,382,384,388,391,393,394,395,397,402,403,405,406,407,408,409,411,413,417,418,422,424,428,430,431,432,436,438,440,444,445,446,448,449,452,454,455,458,460,462,464,467,468,472,473,475,476,477,481,483,486,488,489,490,491,492,494,496,497,498,499,501,502,504,505,506,511,513,516,517,519,520,521,522,525,535,536,538,539,540,542,546,547,549,554,556,558,559,560,561,562,563,564,566,569,573,575,576,578,583,584,585,586,587
OX16,159,163,183,192,194,199,203,204,213,214,216,221,223,237,238,242,244,246,248,249,250,253,254,255,256,259,260,269,270,274,276,279,281,286,288,290,291,293,294,295,297,301,304,307,310,311,313,315,322,324,325,327,330,332,337,338,339,343,344,347,349,350,352,353,359,360,366,367,368,376,377,380,381,384,389,391,394,395,397,401,403,404,405,406,410,412,414,416,417,426,429,430,434,437,438,439,440,446,448,449,450,451,453,454,455,461,462,463,464,466,467,468,469,472,474,478,479,480,486,489,490,492,493,495,496,497,499,501,502,503,509,510,511,516,519,520,523,525,530,531,533,535,539,540,541,542,544,545,547,548,549,550,555,557,558,562,564,565,566,568,569,570,572,573,581,583,586,587
OX17,115,168,183,194,199,203,214,216,260,264,272,278,287,288,295,299,301,304,310,311,326,330,332,338,339,350,353,359,373,382,389,395,396,398,404,406,412,414,416,422,423,430,431,434,437,439,440,454,455,461,462,468,470,474,477,478,486,493,495,500,507,510,511,512,515,519,526,527,540,541,546,555,558,559,560,562,563,570,580,581
OX18,168,183,194,203,214,235,236,240,247,250,257,264,275,278,287,291,295,301,304,311,332,338,373,377,386,389,398,407,410,411,412,414,416,423,430,431,434,437,439,445,454,461,474,475,477,486,493,495,500,507,510,511,512,526,527,538,540,541,544,546,555,558,559,560,562,563,570,573,580,581
OX19,183,194,196,199,213,214,216,239,250,255,257,260,264,274,278,288,295,297,299,301,305,310,311,315,319,320,322,326,327,330,333,337,338,339,341,350,353,354,357,359,360,365,366,370,373,381,382,384,395,398,404,406,410,412,414,416,422,423,427,428,430,434,437,439,440,454,455,461,462,466,467,468,471,472,474,478,486,488,489,490,493,495,497,498,499,500,502,505,506,507,508,510,512,515,517,519,521,523,525,526,527,535,536,540,541,544,548,554,555,556,557,558,559,560,562,566,567,568,570,573,578,579,581,582,585,587
OX20,161,196,199,214,216,221,223,235,249,254,255,256,257,291,294,295,296,299,300,301,308,312,319,320,325,338,340,344,357,360,364,370,372,375,377,381,384,386,388,393,395,402,405,408,409,417,424,426,427,429,430,432,438,439,448,452,471,472,473,481,496,499,508,513,515,520,522,539,540,542,549,564,567,570,579,581,583,584,586,587
OX21,192,199,204,214,216,235,236,244,255,269,273,275,278,291,292,293,295,300,301,307,320,338,340,347,352,353,354,360,361,364,373,375,377,380,381,382,383,384,386,388,391,395,398,404,409,411,416,420,422,430,439,440,452,453,456,464,473,474,479,492,493,499,500,506,507,509,511,512,513,526,531,534,540,541,546,547,550,552,559,560,562,565,569,570,572,576,580,581,584,587
OX22,163,196,199,204,214,216,223,236,237,244,246,248,249,253,255,256,257,264,273,281,286,291,292,294,295,299,300,301,305,313,319,320,321,324,325,326,340,343,344,349,356,357,360,361,364,365,367,368,370,372,375,376,377,381,383,384,388,394,395,397,402,403,405,409,416,417,420,423,426,427,428,429,430,433,438,439,446,449,450,451,452,456,471,472,473,480,488,493,496,499,501,503,505,508,513,515,516,517,518,520,527,531,533,534,539,540,542,549,552,554,556,564,567,570,577,579,580,581,583,584,586,587
OX23,104,155,214,235,291,338,379,386,561,581
OX24,203,204,238,239,242,244,259,270,275,276,290,291,304,320,321,332,333,341,353,356,372,377,389,401,402,404,411,433,440,463,469,472,474,498,518,521,530,531,536,541,545,546,562,576,577,578,582,585
OX25,194,199,204,213,216,223,237,240,244,247,248,249,255,256,257,260,262,264,273,275,276,279,286,288,292,294,297,302,310,313,315,316,318,321,322,325,327,333,337,338,340,344,349,350,351,353,354,356,359,361,366,367,368,372,375,376,381,382,383,384,388,394,395,402,403,405,406,407,409,411,413,414,416,417,420,422,423,426,429,430,431,433,436,438,440,444,445,446,450,451,454,455,456,462,467,468,472,473,475,480,483,486,489,490,491,492,493,496,497,498,499,501,502,503,506,511,513,518,519,520,521,524,525,527,531,533,534,535,536,538,539,540,542,546,548,549,552,557,562,563,564,566,568,569,575,576,577,578,580,583,584,585,586,587
OX26,204,235,236,244,273,275,291,292,326,353,361,377,386,403,404,411,420,421,425,440,474,531,545,546,562,576
OX27,199,214,216,235,236,255,260,269,278,279,293,295,300,301,307,318,320,338,340,352,354,360,364,373,375,380,381,382,383,384,386,388,395,398,409,416,421,425,430,439,452,453,456,473,479,492,493,499,500,506,507,509,511,512,513,526,534,540,541,545,547,550,552,555,559,560,565,569,570,572,580,581,584,587
OX28,221,235,236,251,254,255,260,269,272,278,279,293,299,307,308,312,318,325,338,352,354,357,360,373,380,381,382,383,384,386,393,398,408,416,421,424,425,432,438,448,453,456,471,472,473,479,492,493,499,500,506,507,508,509,511,512,515,520,522,526,534,539,541,542,543,545,547,549,550,552,555,559,560,565,567,569,572,579,580,586
OX29,236,249,251,260,269,278,279,281,290,291,293,296,307,318,344,352,354,367,373,375,377,380,382,398,405,416,417,426,429,430,446,453,473,479,492,493,500,506,507,509,511,512,526,530,539,541,542,543,545,547,550,552,555,559,560,565,567,569,572,579,580,583
OX30,214,223,240,241,249,255,256,260,272,273,292,294,295,297,299,300,301,315,316,320,327,330,337,339,348,350,353,354,357,359,361,364,365,366,373,381,382,385,398,401,403,404,406,409,417,420,421,422,425,427,428,435,439,440,445,450,452,453,455,457,462,468,478,488,490,497,498,505,507,515,519,539,546,562,566,568,570,581,583,587
OX31,196,235,237,239,240,247,248,249,250,251,255,260,262,272,273,274,275,276,278,279,281,286,290,291,292,296,300,302,305,310,311,313,315,316,318,319,321,325,326,327,337,341,349,350,351,353,354,356,359,361,364,366,368,370,372,375,376,377,381,382,384,386,394,401,402,403,406,407,410,411,412,413,417,420,421,422,425,431,433,434,435,436,437,438,440,444,451,452,453,455,457,461,462,466,468,471,473,475,480,483,490,491,492,495,496,497,498,499,500,501,503,508,510,511,512,517,518,519,520,523,524,526,530,538,539,540,541,543,544,545,549,552,554,555,556,558,559,560,562,563,564,566,568,569,573,575,577,580,582,583,586,587
OX32,213,223,235,237,239,240,241,250,256,260,262,264,270,274,275,276,278,279,288,290,291,294,300,305,307,311,313,315,318,322,326,327,333,337,338,340,341,348,350,351,354,356,357,358,359,361,364,365,366,367,368,372,373,377,382,383,385,386,388,398,402,403,404,406,410,411,412,416,420,421,422,425,430,434,435,436,437,444,446,452,455,457,461,462,467,468,471,472,473,474,482,483,489,490,491,492,493,495,496,497,498,500,502,505,506,507,508,510,513,519,520,522,524,525,526,530,533,534,536,539,541,542,544,546,548,555,556,557,558,559,560,562,564,566,568,569,573,575,576,577,578,582,584,585
OX33,235,249,251,260,269,270,273,278,279,281,291,292,293,296,307,318,321,326,333,344,352,354,356,361,367,372,373,375,377,380,382,386,398,401,402,403,405,416,417,420,421,425,426,429,430,433,446,453,473,479,492,493,498,500,506,507,509,511,512,518,526,536,539,542,543,545,547,550,552,555,559,560,565,567,569,572,577,578,579,580,583,585
OX34,237,247,249,250,251,257,275,281,290,296,311,316,340,344,360,367,383,384,388,405,407,410,411,417,421,425,426,429,446,456,475,499,513,530,534,538,539,540,542,543,544,546,562,567,573,579,583,584
OX35,223,256,264,273,275,281,286,291,292,294,296,305,338,349,353,356,367,376,377,383,394,401,404,411,440,446,450,474,480,493,498,501,503,505,533,534,541,545,546,552,562,576,577,578
OX36,241,248,249,259,264,269,270,274,275,278,286,288,290,293,300,302,305,321,325,326,340,344,348,349,350,352,353,354,357,358,361,365,373,376,380,382,383,384,388,394,398,403,404,405,411,413,417,420,421,422,425,426,429,433,435,438,440,450,453,455,457,463,468,469,471,472,473,474,479,480,482,489,492,499,500,501,502,503,505,506,507,508,509,510,511,513,518,519,522,526,530,533,534,535,540,541,546,547,549,550,555,556,559,560,562,565,566,569,572,576,580,583,584,586
OX37,255,260,264,269,270,272,275,278,279,281,286,291,293,296,305,307,318,319,321,326,333,340,349,352,353,354,360,361,367,373,375,376,377,380,381,382,384,388,394,398,403,404,411,416,420,430,433,440,446,450,453,456,473,474,479,480,492,499,500,501,503,505,506,507,509,511,512,513,518,526,533,536,540,541,546,547,550,555,559,560,562,565,569,572,576,580,584,585
OX38,239,240,251,259,273,279,281,288,291,292,295,296,297,299,304,315,316,318,319,327,330,337,339,340,341,344,353,354,357,359,360,361,364,365,366,367,372,373,377,382,383,384,385,388,389,398,401,402,403,404,405,406,409,420,426,427,428,429,435,439,440,445,446,450,451,452,453,456,457,462,463,469,472,478,488,489,490,497,498,499,502,505,507,510,513,515,521,534,540,542,543,546,562,567,568,570,579,582,584,587
OX39,238,248,251,259,274,276,297,302,307,322,325,333,334,340,357,358,365,375,384,388,413,416,430,435,438,451,457,463,469,472,482,489,499,502,506,512,513,522,523,525,539,540,542,543,546,549,554,556,578,584,586,587
OX40,248,251,259,264,269,274,275,278,286,288,291,293,296,297,300,302,305,307,310,316,324,325,326,333,349,350,352,353,354,356,357,358,360,361,365,367,373,376,377,380,382,385,394,398,403,404,411,413,420,422,435,438,440,446,450,454,455,456,457,463,466,468,469,471,472,473,474,479,480,482,489,492,498,500,501,502,503,505,506,508,509,510,511,519,522,523,526,533,542,543,547,549,550,555,556,559,560,562,565,566,567,572,577,578,579,580,586,587
OX41,273,281,290,292,307,324,361,372,401,402,403,420,421,425,453,454,466,507,523,530,535,536,539,546,569,576,585,587
OX42,240,251,261,269,278,279,290,291,293,295,296,299,300,310,315,317,318,319,324,327,330,337,341,344,350,352,353,357,359,363,364,365,366,367,375,377,380,404,405,406,409,412,416,422,426,427,428,429,430,435,439,440,445,446,450,452,453,454,455,457,458,462,466,468,473,478,479,483,488,490,491,492,493,495,497,498,500,505,506,507,509,511,512,515,519,523,525,530,535,536,539,541,543,545,547,550,552,555,559,560,562,565,566,567,568,570,572,576,579,580,585,586
OX43,251,262,264,270,275,276,278,279,290,295,302,304,307,318,321,324,326,330,333,339,340,344,351,353,356,373,384,388,389,398,409,411,412,413,416,430,431,433,434,436,437,439,440,444,445,453,454,461,474,478,483,491,492,493,495,498,499,500,510,511,512,513,517,518,521,522,524,526,530,533,535,542,543,554,555,558,559,560,563,567,570,575,577,578,579,580,584,587
OX44,259,264,269,275,278,286,288,291,293,296,297,299,300,304,305,308,310,316,319,324,325,326,340,341,349,350,352,353,354,356,357,360,361,367,373,376,377,380,382,384,385,388,389,394,398,403,404,408,411,416,420,422,424,432,438,440,446,450,451,454,455,456,463,466,468,469,472,473,474,479,480,489,492,498,499,500,501,502,503,505,506,509,510,511,512,513,515,519,520,523,526,533,535,536,539,540,547,550,555,559,560,562,565,566,572,577,578,580,582,584,585,587
OX45,249,261,264,275,281,286,288,291,296,305,315,317,326,327,337,341,349,353,354,356,357,361,363,365,366,367,373,376,377,383,394,398,403,404,411,412,417,420,421,425,427,428,435,440,446,453,457,458,474,480,483,488,490,491,493,495,497,501,503,507,525,526,533,534,539,541,542,545,546,552,562,566,568,576,577,578,583,586
OX46,250,261,262,264,269,274,275,278,279,281,282,286,288,291,295,297,299,300,307,308,310,311,316,317,318,319,322,326,330,333,339,341,350,353,354,357,360,363,364,367,373,377,380,384,385,394,398,405,408,409,410,411,412,424,426,427,428,429,430,431,432,434,435,437,439,440,445,446,452,455,457,458,461,466,468,471,474,476,478,483,488,489,490,491,492,493,495,498,499,501,502,505,507,508,511,515,517,519,520,521,523,526,529,532,533,535,536,540,541,546,547,548,550,554,556,557,563,564,565,569,570,572,573,576,580,582,585,586
OX47,216,261,262,264,269,270,272,275,276,291,293,296,300,302,304,307,310,315,317,319,321,326,327,333,337,339,340,341,350,351,352,353,356,357,363,364,365,366,367,373,375,377,380,384,388,389,395,398,405,411,413,422,426,427,428,429,431,433,434,435,436,437,440,444,446,450,452,455,457,458,461,466,468,473,474,479,488,490,497,499,505,506,507,509,510,513,517,518,519,521,522,523,524,525,526,533,536,539,541,542,545,546,547,550,552,554,558,563,565,566,568,572,575,576,577,578,584,585,586,587
OX48,260,261,262,270,276,278,286,295,297,300,302,304,305,307,315,316,317,321,324,327,330,333,337,339,341,349,350,351,354,357,360,361,363,365,366,376,385,389,394,403,404,405,409,413,416,420,422,426,427,428,429,430,431,433,434,435,436,437,439,444,445,451,454,455,456,457,458,461,468,478,480,488,489,490,492,497,498,500,501,502,503,507,510,511,512,517,518,521,522,524,525,535,540,541,542,545,546,552,554,555,558,559,560,562,563,568,570,575,576,580,586,587
OX49,261,262,264,269,270,275,276,279,286,291,293,295,297,300,302,304,305,315,316,317,318,321,324,327,330,333,337,339,340,341,350,351,352,353,357,360,361,363,365,366,375,377,380,382,383,385,388,389,394,403,405,409,411,413,416,420,421,422,425,426,427,428,429,430,431,433,435,436,439,440,444,445,451,453,454,455,457,458,468,473,474,478,479,488,489,490,497,498,500,501,502,506,507,509,510,511,512,513,517,518,521,522,524,525,534,535,540,541,542,545,547,550,554,555,558,559,560,563,565,568,569,570,572,575,580,584,586,587
OX50,270,279,281,307,310,318,321,324,330,333,356,382,433,445,453,454,466,478,498,507,518,519,523,535,539,541,546,569,576,577,578,587
OX51,262,279,286,295,296,297,299,305,307,308,310,315,316,318,319,324,326,327,330,339,354,356,357,360,361,364,367,373,382,383,384,385,394,398,403,404,408,409,416,420,421,424,425,432,434,437,439,445,446,450,451,452,453,454,461,466,478,489,490,498,499,500,501,502,511,512,515,519,520,521,523,526,533,534,535,536,539,540,552,555,559,560,562,566,568,569,570,576,577,578,580,585
OX52,269,278,288,293,297,300,307,316,340,350,352,360,374,380,382,383,384,385,388,421,422,425,426,429,451,453,455,456,468,479,489,492,494,499,502,504,534,545,547,566,569,572
OX53,279,310,318,330,340,356,361,382,388,403,420,427,428,445,456,473,478,488,513,519,539,540,542,564,567,577,579,584
OX54,276,278,281,288,296,297,299,302,304,307,308,310,315,316,319,324,326,327,337,349,351,360,364,365,366,367,376,382,383,385,389,405,408,412,413,416,421,424,425,426,427,428,429,431,432,435,436,444,446,450,451,452,454,456,457,480,483,488,489,490,491,492,493,495,497,498,500,502,503,505,507,510,511,512,515,517,519,520,522,524,526,533,534,535,536,540,541,545,552,554,555,558,559,560,563,568,575,576,580,585
OX55,288,296,299,307,308,319,324,325,337,365,366,367,373,374,383,398,405,408,421,424,425,427,428,430,432,435,438,446,450,454,456,457,466,471,472,473,488,494,497,498,504,506,508,509,513,515,520,522,523,534,535,536,546,550,565,566,569,576,584,585,586,587
OX56,264,274,275,286,290,299,300,302,304,305,307,308,319,326,333,337,340,341,344,349,350,353,354,357,358,366,376,384,388,389,394,404,405,408,411,413,424,426,429,430,432,440,451,453,455,468,471,473,474,480,482,497,499,500,501,503,505,508,511,513,515,520,522,526,530,533,535,536,542,545,546,549,556,559,562,564,566,567,576,578,579,580,582,584,585,586
OX57,274,286,300,304,305,326,337,340,341,350,366,388,389,394,405,426,429,430,434,435,437,451,453,455,457,461,468,471,473,497,500,501,505,508,511,512,513,522,526,533,542,552,559,564,566,567,578,579,580,582,584,586
OX58,290,302,307,325,333,340,357,358,365,375,384,388,402,413,427,428,430,435,438,457,471,472,473,482,488,498,499,508,512,513,522,530,535,536,539,540,542,549,556,564,566,567,579,584,585,586
OX59,278,286,293,297,300,305,307,316,326,337,350,352,357,360,365,366,374,375,382,384,385,394,405,416,422,430,434,435,437,451,455,457,461,468,479,489,492,494,497,499,500,501,502,504,505,506,509,511,512,526,533,542,545,550,552,555,559,560,564,565,567,569,572,578,579,580
OX60,291,295,297,299,307,308,311,319,325,333,341,344,354,356,357,361,363,373,377,382,384,398,402,403,405,408,409,410,412,413,414,416,418,420,424,426,427,428,429,430,432,435,438,439,445,456,457,458,460,472,473,488,489,492,493,495,499,502,507,509,510,511,513,515,520,522,523,529,532,540,541,542,552,554,555,556,560,564,567,570,572,577,578,579,580,584
OX61,247,257,275,281,286,296,302,305,307,308,313,321,325,326,333,340,344,358,361,365,367,368,373,374,383,384,388,394,398,402,403,407,408,411,413,416,420,421,424,425,426,427,428,429,432,433,434,435,437,438,446,450,457,461,471,472,475,482,488,494,496,498,499,500,501,504,505,506,507,508,509,511,518,522,526,533,534,535,536,538,539,541,542,546,550,552,555,559,560,562,564,565,566,567,579,580,585,586
OX62,286,296,297,305,307,316,324,326,340,360,367,373,383,384,385,388,394,398,416,421,425,427,428,430,434,437,446,450,453,454,456,461,466,471,473,488,489,498,499,500,501,502,505,508,511,512,513,525,526,533,534,542,552,554,555,559,560,564,569,576,580,584
OX63,297,299,308,316,319,325,340,360,365,374,384,385,388,408,424,426,427,428,429,430,432,438,472,488,489,494,498,499,502,504,506,509,515,520,522,523,525,535,536,539,540,542,546,550,554,564,565,566,578,585,586,587
OX64,218,257,281,302,307,313,321,324,340,358,361,368,388,392,403,420,427,428,433,453,454,456,466,473,482,488,496,498,507,511,513,518,523,540,541,542,546,556,564,567,569,576,578,579,584,587
OX65,295,302,310,317,325,340,341,351,354,357,363,365,373,374,382,388,398,409,412,416,426,427,428,429,430,436,438,439,444,445,458,471,472,488,492,493,494,495,498,500,504,506,507,508,509,511,512,519,522,525,539,541,546,550,552,555,560,564,565,566,567,570,575,579,580,587
OX66,281,282,293,300,304,305,313,316,322,333,337,341,349,350,354,360,366,367,374,375,376,383,384,385,389,416,419,421,422,425,426,427,428,429,431,434,437,446,451,455,456,461,466,468,471,473,476,480,488,490,494,496,497,498,499,503,504,508,509,511,513,517,522,534,544,548,550,552,555,556,557,560,563,565,566,580,584,586
OX67,282,293,300,302,305,308,313,321,322,324,325,337,341,350,352,358,361,365,366,367,368,383,384,403,408,412,413,416,420,421,422,423,424,425,427,428,430,432,433,435,438,446,451,453,454,455,457,468,472,476,479,482,488,490,496,497,498,499,506,507,509,511,512,517,518,523,527,529,532,534,539,541,544,546,548,555,556,557,560,569,576,578,580,587
OX68,308,325,340,365,374,388,408,424,426,427,428,429,430,432,438,471,472,488,494,498,504,506,508,509,512,522,539,540,542,550,564,565,566,567,579,586
OX69,304,310,311,317,321,325,349,351,352,354,358,361,368,375,376,389,403,405,410,412,414,418,419,420,423,426,427,428,429,430,431,433,434,436,437,438,444,456,460,461,471,472,473,479,480,482,488,498,500,503,508,510,512,513,518,519,522,527,541,552,556,563,564,572,575,578,584,586
OX70,310,311,317,321,325,340,341,351,352,357,358,361,365,368,375,388,403,405,410,412,414,418,419,420,423,426,429,430,431,433,436,438,444,456,460,472,479,482,500,510,512,518,519,527,539,540,541,542,556,563,566,567,572,575,578,579
OX71,299,302,307,316,319,325,333,341,352,358,360,368,385,412,413,419,423,430,431,435,438,457,472,479,482,509,515,520,527,529,532,535,536,556,563,585
OX72,316,322,326,340,360,361,373,384,385,388,398,403,416,420,427,428,430,434,437,456,461,473,476,488,498,499,500,505,506,507,511,512,513,526,533,539,542,548,552,555,559,560,564,567,578,579,580,584
OX73,296,300,302,307,322,324,325,326,337,341,350,352,357,358,361,365,366,367,368,374,375,383,403,405,412,419,420,421,423,425,427,428,431,434,435,437,438,446,450,451,454,455,457,461,466,468,472,473,476,479,482,488,494,497,498,500,504,505,507,513,523,526,527,529,532,533,534,540,546,548,550,552,559,563,565,569,576,578,584,587
OX74,275,293,311,317,333,340,341,344,351,353,358,368,382,384,388,402,404,405,410,411,412,413,414,416,418,419,422,423,426,427,428,429,431,435,436,440,444,445,453,457,460,473,474,482,488,492,498,499,500,510,511,513,522,523,525,527,535,536,554,555,556,560,562,563,564,567,569,575,576,578,579,580,584,585,586,587
OX75,311,315,317,325,327,341,351,352,354,357,358,365,368,374,382,405,410,412,414,418,419,423,427,428,431,436,438,445,460,472,479,482,483,488,490,491,492,494,498,500,504,505,506,509,510,527,550,563,564,565,566,568,572,575
OX76,293,300,315,322,324,327,333,337,350,351,354,358,361,364,368,373,375,384,398,403,413,419,420,422,423,427,428,430,436,444,452,454,455,456,468,473,476,482,483,488,490,491,493,495,497,498,499,500,506,507,509,512,513,517,522,527,529,532,540,541,542,548,552,554,556,558,564,567,568,569,572,575,576,578,579,584
OX77,300,302,315,317,321,322,324,327,337,340,341,350,352,353,358,363,368,374,388,404,412,419,423,426,427,428,429,430,433,435,440,451,453,454,455,457,458,468,474,476,479,482,483,488,490,491,494,497,498,504,512,517,518,522,525,527,529,532,541,548,550,554,556,558,562,564,565,566,567,568,579,586
OX78,302,307,315,317,327,341,351,363,364,373,384,398,412,413,416,430,436,451,452,453,458,471,483,490,491,493,495,499,500,505,508,511,512,523,539,540,541,542,546,552,554,555,560,566,567,568,575,578,579,580,586,587
OX79,305,307,317,321,322,326,333,340,341,357,361,363,365,366,367,373,375,383,384,388,398,403,412,413,416,420,421,423,425,427,428,430,431,433,434,435,437,444,446,457,458,461,471,476,488,498,499,500,505,506,507,508,509,511,512,518,522,526,527,529,532,533,534,539,541,542,548,552,555,557,558,559,560,563,566,567,572,579,580,586
OX80,307,321,325,357,361,365,375,384,403,413,420,430,433,438,453,456,471,472,499,507,508,512,518,522,539,541,556,566,578,586
OX81,321,324,325,326,341,353,357,361,364,365,373,375,398,403,404,412,416,420,431,433,434,437,438,440,451,452,454,456,461,471,472,474,493,495,500,507,508,511,517,518,522,523,525,526,533,540,546,555,556,558,559,560,562,563,567,579,580,587
OX82,324,341,353,364,404,412,431,440,451,452,454,474,495,517,523,525,546,558,562,563,566,567,578,579,586,587
OX83,315,317,322,325,326,327,333,340,351,352,357,358,361,363,364,365,368,374,375,388,403,419,420,423,426,427,428,429,430,431,434,435,436,437,438,451,452,453,456,457,458,461,472,476,479,482,483,488,490,491,493,494,495,498,504,507,512,525,526,527,529,532,533,540,541,548,550,556,559,563,564,565,567,568,575,578,579,586
OX84,322,325,333,340,341,351,352,358,361,368,388,403,405,412,419,420,423,426,427,428,429,430,431,435,436,438,453,456,457,472,473,476,479,482,488,493,498,500,505,506,507,509,512,513,527,529,532,540,541,542,548,552,556,563,564,567,575,578,579,584
OX85,317,325,326,333,340,351,352,358,368,373,374,388,398,405,416,419,434,435,436,437,438,444,453,457,461,471,472,473,479,482,493,494,504,506,508,509,511,513,522,526,533,541,542,550,555,556,559,560,565,567,572,575,579,580,584,586
OX86,325,340,341,353,354,357,363,364,365,373,374,384,388,398,404,405,412,413,416,427,428,430,438,440,451,452,458,472,474,488,493,494,495,498,499,504,506,509,511,512,522,523,539,540,541,542,546,550,552,554,555,560,562,564,565,567,569,576,578,579,580,587
OX87,326,333,405,426,429,430,434,435,437,453,457,461,493,500,512,526,533,539,540,541,556,559
OX88,333,340,357,361,365,373,374,375,388,398,403,405,416,420,427,428,435,453,456,457,488,494,498,504,506,507,509,511,540,542,550,555,556,560,564,565,566,567,579,580
OX89,341,353,354,363,364,374,375,384,404,412,413,426,429,440,451,452,458,471,473,474,493,494,495,499,504,506,508,509,513,523,541,546,550,552,554,562,565,566,569,576,578,584,586,587
OX90,351,352,354,358,361,363,364,368,374,375,403,405,419,420,423,427,428,431,436,451,452,456,458,471,479,482,488,493,494,495,498,500,504,506,507,508,509,522,525,527,529,532,540,541,542,550,552,563,564,565,566,575
OX91,353,364,404,440,451,452,454,471,474,495,508,523,525,546,554,558,562,566,567,578,579,587
OX92,340,361,388,403,420,456,507,539
OX93,361,364,367,383,403,420,421,425,427,428,446,451,452,473,488,495,498,507,513,534,540,542,558,564,566,567,579,584
OX94,357,365,367,373,374,375,383,384,398,405,413,416,421,425,427,428,430,446,454,456,471,488,494,498,499,504,506,508,509,511,512,522,525,534,542,550,555,560,564,565,566,569,576,580
OX95,354,367,373,374,375,383,384,398,405,413,416,421,425,427,428,430,446,454,456,471,488,493,494,498,499,504,506,508,509,511,512,522,525,534,541,542,550,552,555,560,564,565,569,576,578,580
OX96,373,398,405,416,426,429,430,511,512,555,560,580
OX97,427,428,473,488,498,513,542,564,567,578,579,584
OX98,364,367,383,421,425,446,451,452,456,471,495,508,522,525,534,558,566,567,578,579
OX99,367,374,383,384,413,421,425,426,429,446,454,456,471,473,494,499,504,508,513,522,525,534,542,569,576,584
Z0,0,5,92,212
Z1,1,31,48,346
Z2,2,27,43,165
Z3,3,32,104,379
Z4,0,4,192,347
Z5,5,33,148,447
Z6,6,29,128,514
Z7,7,30,53,193
Z8,8,94,102,378
Z9,9,44,145,442
Z10,10,125,223,294
Z11,11,18,132,459
Z12,12,126,439,570
Z13,13,127,250,573
Z14,14,128,195,487
Z15,15,16,111,112
Z16,16,130,170,390
Z17,3,17,221,254
Z18,18,46,113,222
Z19,19,133,162,328
Z20,20,90,103,120
Z21,21,46,57,342
Z22,2,22,51,206
Z23,23,154,378,551
Z24,24,59,92,109
Z25,25,93,374,504
Z26,26,134,189,485
Z27,27,36,74,190
Z28,28,135,149,191
Z29,6,34,329,528
Z30,30,137,194,486
Z31,31,33,135,342
Z32,32,157,252,346
Z33,4,28,42,164
Z34,34,85,99,443
Z35,35,158,269,547
Z36,36,159,312,448
Z37,37,138,431,563
Z38,38,139,424,432
Z39,39,140,321,433
Z40,40,129,217,355
Z41,41,142,228,314
Z42,42,45,143,146
Z43,43,144,229,230
Z44,44,91,166,215
Z45,45,93,167,234
Z46,21,120,152,329
Z47,47,58,119,289
Z48,1,26,353,440
Z49,49,227,304,389
Z50,50,61,269,380
Z51,51,60,421,425
Z52,52,197,337,497
Z53,53,77,312,393
Z54,54,78,286,394
Z55,55,79,216,395
Z56,56,132,200,284
Z57,11,149,213,467
Z58,58,75,361,420
Z59,20,24,104,155
Z60,22,153,289,574
Z61,50,354,357,375
Z62,62,243,529,532
Z63,63,81,175,298
Z64,64,164,417,583
Z65,65,471,525,586
Z66,66,351,390,575
Z67,67,344,402,530
Z68,68,361,421,456
Z69,69,239,438,472
Z70,70,112,246,343
Z71,71,259,274,582
Z72,61,72,426,429
Z73,73,430,512,520
Z74,74,266,314,387
Z75,75,235,245,386
Z76,76,431,517,527
Z77,77,145,408,432
Z78,54,195,198,465
Z79,55,199,300,468
Z80,80,192,202,464
Z81,63,95,295,439
Z82,82,86,163,397
Z83,83,87,373,398
Z84,84,302,436,482
Z85,85,89,150,400
Z86,37,86,160,258
Z87,83,180,435,457
Z88,48,88,374,494
Z89,29,136,193,362
Z90,41,90,163,343
Z91,9,14,110,147
Z92,59,115,185,396
Z93,25,156,379,561
Z94,62,94,325,438
Z95,81,188,434,461
Z96,96,204,292,401
Z97,65,97,140,442
Z98,98,382,478,492
Z99,89,108,205,245
Z100,100,317,444,483
Z101,101,322,334,548
Z102,102,123,349,376
Z103,103,275,344,377
Z104,84,88,263,399
Z105,8,10,105,148
Z106,106,313,368,419
Z107,107,174,349,480
Z108,108,217,275,411
Z109,109,206,246,253
Z110,110,152,407,475
Z111,111,391,555,560
Z112,70,209,249,417
Z113,113,115,311,410
Z114,114,473,543,584
Z115,57,263,290,530
Z116,116,207,247,407
Z117,117,341,389,412
Z118,118,315,345,568
Z119,119,141,347,391
Z120,121,155,301,581
Z121,122,212,255,381
Z122,123,188,484,574
Z123,124,259,469,551
Z124,122,125,241,348
Z125,126,445,510,519
Z126,13,130,151,369
Z127,23,91,252,537
Z128,15,129,196,370
Z129,127,367,446,487
Z130,131,168,287,298
Z131,56,80,396,470
Z132,133,169,299,515
Z133,106,134,243,447
Z134,136,400,471,508
Z135,137,229,449,516
Z136,138,182,371,459
Z137,38,161,313,496
Z138,39,162,480,503
Z139,47,293,352,419
Z140,142,238,276,524
Z141,143,305,366,450
Z142,144,365,451,566
Z143,49,60,99,185
Z144,146,183,240,359
Z145,147,157,168,477
Z146,105,153,254,448
Z147,12,150,214,581
Z148,151,158,253,449
Z149,154,467,476,548
Z150,121,216,255,272
Z151,156,315,327,369
Z152,7,17,35,131
Z153,159,166,279,318
Z154,82,203,242,477
Z155,161,179,355,481
Z156,19,114,223,256
Z157,160,272,299,319
Z158,64,96,184,441
Z159,165,274,416,580
Z160,167,236,326,526
Z161,169,366,427,564
Z162,170,280,364,452
Z163,171,177,330,478
Z164,172,224,352,479
Z165,173,283,331,387
Z166,174,178,394,501
Z167,175,454,474,576
Z168,176,360,413,499
Z169,124,177,350,455
Z170,178,273,425,534
Z171,139,230,306,571
Z172,180,268,358,482
Z173,181,234,483,491
Z174,182,322,506,550
Z175,183,434,503,533
Z176,184,307,435,453
Z177,186,194,414,460
Z178,187,282,544,573
Z179,71,95,203,332
Z180,79,189,406,462
Z181,190,201,463,469
Z182,107,191,204,244
Z183,186,219,351,436
Z184,78,415,433,518
Z185,196,281,296,466
Z186,197,207,244,531
Z187,198,238,242,334
Z188,199,320,339,521
Z189,200,345,428,488
Z190,201,297,348,489
Z191,202,233,350,468
Z192,97,205,247,538
Z193,52,76,218,392
Z194,208,248,416,560
Z195,72,209,258,267
Z196,210,250,410,418
Z197,211,251,362,543
Z198,213,288,337,455
Z199,214,221,256,338
Z200,215,282,490,568
Z201,218,257,370,475
Z202,219,260,318,330
Z203,220,261,526,559
Z204,222,257,496,544
Z205,224,265,484,553
Z206,225,303,383,534
Z207,226,336,567,579
Z208,227,423,527,571
Z209,228,273,292,528
Z210,179,340,456,522
Z211,231,307,413,569
Z212,69,232,308,424
Z213,233,309,489,502
Z214,181,458,495,558
Z215,235,279,291,356
Z216,236,310,403,507
Z217,237,316,385,516
Z218,239,262,521,537
Z219,116,240,440,474
Z220,241,310,441,519
Z221,248,300,364,451
Z222,225,249,296,450
Z223,210,444,492,572
Z224,211,303,340,388
Z225,171,404,538,562
Z226,187,260,293,422
Z227,261,295,452,495
Z228,100,262,353,404
Z229,264,304,376,582
Z230,265,354,505,552
Z231,266,356,415,577
Z232,267,316,360,381
Z233,268,384,485,499
Z234,270,333,457,497
Z235,271,363,458,465
Z236,276,414,463,510
Z237,277,545,569,576
Z238,264,278,531,545
Z239,280,409,523,587
Z240,281,367,454,558
Z241,283,294,372,401
Z242,284,305,501,557
Z243,285,418,460,514
Z244,286,476,490,505
Z245,287,384,426,512
Z246,288,373,422,555
Z247,251,290,372,549
Z248,66,291,377,561
Z249,173,321,333,556
Z250,220,493,518,541
Z251,297,385,506,509
Z252,73,208,437,461
Z253,117,301,320,332
Z254,302,535,546,562
Z255,278,382,443,445
Z256,306,508,522,554
Z257,231,324,466,517
Z258,118,308,357,365
Z259,309,371,536,585
Z260,237,311,423,532
Z261,232,462,515,520
Z262,317,513,542,565
Z263,319,331,402,585
Z264,101,405,429,494
Z265,323,507,539,540
Z266,324,336,523,554
Z267,325,335,375,509
Z268,326,338,386,533
Z269,327,339,470,491
Z270,328,341,472,586
Z271,226,270,535,536
Z272,323,335,513,584
Z273,67,427,481,488
Z274,172,388,453,539
Z275,87,437,493,552
Z276,176,409,486,570
Z277,68,428,498,577
Z278,271,525,542,579
Z279,358,368,393,549
Z280,380,473,504,564
Z281,40,141,359,406
Z282,383,446,547,553
Z283,392,397,511,580
Z284,395,411,546,587
Z285,398,405,500,583
Z286,285,399,550,565
Z287,408,430,511,556
Z288,363,412,557,563
Z289,277,479,529,572
Z290,498,502,566,578
Z291,500,524,559,575
Z292,540,541,567,578
OZ0,120,152,157,168,193,221,223,229,246,252,253,258,273,275,279,282,289,292,298,299,310,318,321,329,330,336,339,340,341,343,346,349,350,353,355,356,364,365,371,372,373,375,376,377,379,381,384,385,389,394,397,401,404,406,407,411,414,419,421,424,425,427,429,431,433,434,435,438,439,440,441,442,452,454,455,456,458,459,462,467,468,474,475,478,482,484,487,488,489,494,495,496,497,499,505,507,508,510,511,512,513,514,519,520,521,525,526,529,530,532,535,536,537,538,539,542,546,549,550,552,554,557,560,562,566,568,571,575,576,577,578,580,581,582,583,584,585,587
OZ1,152,185,203,206,238,242,246,247,253,258,272,299,310,314,316,329,331,334,336,338,339,343,347,349,350,353,357,359,365,366,369,370,373,374,379,385,386,394,401,402,403,404,405,407,410,413,414,417,422,423,424,425,428,429,434,435,438,440,441,444,450,453,455,458,462,463,464,466,467,468,472,474,475,477,480,488,489,494,495,496,497,502,503,504,506,507,510,511,513,515,516,520,521,523,524,526,527,528,531,532,534,536,537,542,544,548,550,554,555,557,558,561,563,565,568,569,580,583
OZ2,275,303,340,362,372,374,377,379,388,402,418,427,436,460,481,482,488,494,514,535,543,546,549,550,562,565
OZ3,216,217,229,238,242,245,246,253,258,279,282,289,298,303,313,316,318,320,330,334,339,343,347,353,355,356,357,359,369,370,373,377,381,386,388,393,394,405,410,411,413,414,415,416,417,418,420,421,422,428,429,430,433,435,436,438,440,444,450,451,452,453,454,456,457,460,461,462,465,466,468,473,476,477,482,484,490,492,493,502,504,507,509,513,514,516,518,520,521,523,524,532,534,537,541,544,545,546,549,555,558,559,561,564,566,567,569,570,576,577,583,584
OZ4,247,257,273,292,310,336,338,339,347,349,350,353,357,359,365,366,369,370,371,373,374,379,386,394,397,401,403,404,407,413,417,422,424,425,428,431,434,435,438,440,441,444,450,453,455,458,459,462,464,466,467,468,472,474,475,480,488,489,495,497,502,503,504,507,511,513,515,520,521,523,526,527,531,534,536,537,542,554,555,557,558,561,565,568,569,580,583,585
OZ5,149,153,203,217,223,229,238,242,244,245,246,253,254,258,263,273,274,279,282,289,292,303,316,318,321,331,332,334,336,342,343,346,347,350,355,356,357,359,364,369,370,372,374,375,376,377,378,381,384,386,387,388,404,406,410,413,414,415,417,419,420,421,422,425,428,429,433,434,439,444,448,450,453,455,456,457,461,465,466,469,473,474,476,477,478,480,482,490,492,493,494,495,497,499,501,502,504,512,516,523,526,529,536,537,538,539,541,544,545,546,550,551,552,555,556,558,559,560,561,564,565,566,567,569,570,574,575,577,578,579,582,587
OZ6,217,269,272,299,303,305,316,331,334,345,347,350,354,355,357,359,367,370,375,381,402,405,406,409,413,417,426,428,446,450,454,459,464,466,468,470,473,486,488,489,494,499,501,502,504,506,534,536,547,548,550,553,557,558,564,570
OZ7,203,229,238,242,246,253,258,272,274,299,313,331,334,340,343,348,355,365,371,385,397,402,405,414,416,424,429,431,432,451,456,459,469,477,481,489,494,496,508,509,510,524,548,550,554,563,566,571,580,585
OZ8,153,223,245,254,269,279,282,289,313,318,321,331,332,334,340,345,346,348,349,354,355,356,364,365,366,367,369,371,372,374,376,377,378,384,385,386,387,388,394,397,401,404,409,410,413,415,416,417,418,419,420,421,422,424,426,431,432,433,434,435,436,439,441,444,446,448,450,451,454,455,457,460,461,464,465,466,468,470,474,476,478,481,486,488,490,492,493,495,496,497,501,504,506,508,509,510,512,514,516,517,524,526,529,535,537,538,539,541,544,545,547,551,552,553,555,556,557,559,560,561,562,563,567,571,574,575,577,578,579,580,582,583,585,587
OZ9,166,185,206,223,229,245,254,257,269,273,282,292,312,316,321,331,332,334,345,346,348,349,354,364,365,366,367,369,371,372,374,376,377,378,384,386,388,394,397,401,404,407,409,413,416,417,418,419,420,422,423,424,425,426,430,431,433,434,435,436,439,441,442,444,446,450,451,454,455,456,457,460,461,464,465,466,468,470,474,475,476,478,486,488,490,492,493,495,496,497,501,504,506,509,510,511,512,514,517,524,526,529,532,535,537,538,539,541,545,547,551,552,553,554,555,557,559,560,561,562,563,567,575,578,579,580,582,583,585,587
OZ10,185,206,221,229,245,256,257,269,272,273,292,299,305,310,313,316,331,334,336,339,345,349,353,354,362,365,366,367,369,371,372,373,375,376,377,381,386,388,389,394,397,401,404,405,406,407,409,411,418,420,422,423,424,425,426,427,430,431,432,434,435,436,438,439,440,441,442,444,446,453,454,455,456,458,460,462,464,467,470,472,473,474,475,478,480,482,486,488,492,495,496,497,499,501,503,506,507,508,510,513,514,515,519,520,521,523,526,535,537,538,542,543,545,546,547,548,549,553,555,556,561,562,564,568,569,580,581,582,583,585
OZ11,157,168,229,244,246,252,253,258,269,272,273,282,292,293,298,299,305,318,330,331,334,336,337,343,346,349,351,366,367,371,373,374,384,394,401,402,405,413,414,417,425,426,429,435,436,441,446,450,453,455,460,466,467,480,486,487,494,501,504,506,512,514,516,517,523,534,544,547,548,550,554,555,569,573,583,585
OZ12,221,245,256,269,272,273,292,299,305,310,331,334,336,339,340,345,349,353,354,355,362,365,366,367,369,371,372,373,375,376,377,381,385,386,388,389,394,397,401,404,405,406,409,410,411,418,420,422,424,425,426,427,431,434,435,436,438,439,440,441,444,446,453,454,455,458,460,462,464,467,470,472,473,474,478,480,481,482,486,488,492,495,496,497,499,501,503,506,507,510,511,513,514,515,516,519,520,521,523,526,532,535,537,538,542,543,544,545,546,547,548,549,553,554,555,561,562,564,568,569,571,580,581,582,583,585
OZ13,193,223,244,256,269,274,282,289,293,299,305,313,314,318,321,332,334,336,337,340,341,346,350,351,355,362,367,373,374,376,378,384,397,401,404,413,415,417,421,426,427,430,431,432,434,435,436,439,441,446,450,452,453,454,456,459,460,461,463,465,466,467,469,472,473,474,476,478,481,484,486,490,493,495,496,501,503,504,505,510,511,512,515,516,517,523,524,525,526,534,537,538,541,543,544,547,551,555,556,559,562,563,564,569,571,573,576,582,583,584
OZ14,244,245,273,279,289,292,293,336,337,345,349,350,351,354,356,364,366,371,373,374,377,379,386,388,394,401,409,413,417,419,420,421,422,425,435,441,450,452,455,456,459,464,466,467,468,470,480,484,488,489,504,505,517,529,534,536,539,545,552,553,554,557,560,566,572,575,576,577,578,583,585,587
OZ15,229,238,242,245,246,253,258,269,272,279,282,289,298,299,305,318,330,331,343,345,350,354,356,364,367,369,377,384,386,388,394,402,405,409,410,414,415,418,419,420,421,422,426,429,433,436,444,446,452,453,456,459,460,464,465,468,470,476,477,484,486,488,489,490,492,494,501,506,512,514,516,518,523,529,536,539,544,545,547,548,550,552,553,555,557,560,561,566,569,575,576,577,578,587
OZ16,238,242,269,298,334,367,384,394,415,426,433,446,465,476,477,490,505,512,518,547
OZ17,245,269,273,292,305,313,332,334,340,345,348,349,354,355,364,365,367,369,371,376,377,384,385,386,387,388,394,397,404,409,410,416,418,419,420,422,424,425,426,431,432,433,434,436,439,444,446,451,453,454,455,460,461,464,465,467,468,470,474,478,481,486,488,492,493,495,496,501,506,508,509,510,512,514,516,523,524,526,529,536,538,539,541,544,545,547,548,552,553,554,555,557,559,560,561,562,563,568,569,571,575,578,580,582,585,587
OZ18,272,273,274,282,289,292,293,299,303,314,316,318,331,332,340,346,349,350,351,354,355,357,369,370,371,375,376,378,379,381,384,394,397,402,404,405,409,410,413,415,417,418,421,422,425,431,433,434,436,439,444,450,452,455,456,459,460,461,463,465,466,469,473,474,476,478,481,484,490,492,493,494,495,499,504,505,506,508,510,512,514,516,524,526,534,537,538,541,544,548,550,551,553,554,558,559,561,562,563,564,570,571,572,576,582,585
OZ19,274,279,293,313,314,330,340,346,348,351,355,356,365,369,378,379,385,387,410,414,415,416,418,422,424,432,436,444,451,456,460,463,467,469,476,481,486,489,490,492,496,506,508,509,514,516,537,544,548,551,554,561,566,568,571,572,577,580
OZ20,257,269,273,279,289,292,293,313,316,330,340,349,351,355,356,367,384,385,387,389,403,407,410,414,415,420,421,422,425,426,430,432,434,436,442,446,452,454,456,460,461,464,467,474,475,476,478,481,484,486,487,490,492,493,495,508,510,511,512,514,518,519,526,527,531,532,541,545,547,548,551,554,556,559,568,570,573,576,577,582
OZ21,269,273,279,282,289,292,310,318,338,339,345,349,353,356,357,365,367,376,384,386,387,403,404,410,415,418,421,424,425,426,438,446,458,461,462,467,470,472,476,484,487,490,492,495,503,507,512,513,515,520,521,526,537,542,547,548,551,558,565,572,573,577
OZ22,273,279,282,289,292,293,318,346,354,356,364,378,379,387,388,390,409,415,419,421,425,452,453,467,476,484,490,505,523,529,537,539,545,548,551,552,553,555,560,561,568,569,572,576,577,587
OZ23,282,293,310,318,330,338,339,345,351,353,357,365,386,403,404,410,414,418,422,424,434,436,438,452,454,458,460,462,470,472,474,492,493,503,507,513,514,515,518,520,521,537,541,542,544,558,559,565,568,570,572,576
OZ24,310,313,330,332,334,338,339,345,348,350,353,357,370,385,386,394,397,403,410,414,415,416,418,431,432,433,434,438,439,451,452,454,455,458,462,465,470,472,474,476,478,487,489,490,492,493,496,503,505,506,507,509,510,513,515,517,520,521,524,527,537,538,541,542,551,558,559,562,565,566,568,572,573,576,580,582
OZ25,293,299,303,316,330,331,332,336,338,339,340,346,349,350,355,366,369,371,373,374,376,378,385,386,388,390,393,394,397,402,403,406,411,414,415,428,430,431,432,433,439,440,444,452,454,455,456,457,458,459,465,468,472,473,476,478,481,482,488,489,490,493,494,495,496,501,503,508,510,515,516,518,519,521,526,527,532,534,537,538,541,542,545,546,548,549,550,551,555,557,559,562,564,565,566,567,568,571,572,575,576,578,580,582,584,585
OZ26,279,299,303,313,314,316,330,331,336,338,339,340,348,349,351,355,356,365,366,370,371,373,374,376,379,386,387,388,390,393,394,402,403,404,406,410,411,416,418,422,424,428,430,433,436,440,451,452,454,456,457,458,459,460,463,465,467,468,472,473,481,482,488,492,493,494,495,501,503,506,508,509,510,514,515,516,517,518,519,521,526,532,534,541,542,544,545,546,549,550,551,555,557,559,561,564,565,567,570,571,575,576,577,578,584,585
OZ27,289,299,303,305,314,316,321,331,338,339,346,348,349,354,364,365,369,370,371,373,376,378,379,386,393,401,402,403,404,406,409,411,413,414,415,416,417,419,421,424,428,432,435,440,441,444,450,451,454,457,458,459,463,465,466,468,472,473,476,482,484,486,488,490,493,494,495,496,503,504,505,506,509,510,511,515,518,519,521,526,529,532,537,539,541,542,546,548,549,550,552,553,556,557,559,560,561,564,565,567,568,570,575,578,583,584,585,587
OZ28,313,330,332,334,340,346,348,350,355,365,369,378,379,385,394,397,404,410,414,415,416,418,424,431,432,433,439,444,451,455,456,459,465,467,476,478,481,486,487,489,490,492,496,505,506,508,509,510,516,518,524,537,538,554,561,562,563,566,570,571,572,573,580,582
OZ29,305,332,339,340,341,345,355,370,389,428,439,456,458,465,470,481,486,488,501,508,516,517,521,525,527,542,554,570,571,579
OZ30,347,350,359,364,371,406,411,416,430,437,451,461,464,489,502,512,520,536,546,560,585,587
OZ31,223,256,321,330,332,334,340,346,348,350,365,366,369,378,379,385,394,397,404,410,414,415,416,418,424,430,431,439,444,451,455,456,459,465,467,473,476,478,480,486,487,488,489,490,492,503,505,506,508,509,510,511,516,518,524,537,538,543,554,556,561,562,563,564,566,570,571,572,573,580,582,584
OZ32,373,397,422,431,455,459,467,497,511,555,563,580
OZ33,299,330,332,334,340,341,346,348,350,362,365,369,378,379,385,393,394,397,404,410,414,415,416,418,424,427,431,432,433,439,444,451,455,456,459,465,467,472,476,478,486,487,488,489,490,492,505,506,509,510,515,516,518,524,525,537,538,554,561,562,563,566,570,571,572,573,580,582
OZ34,321,331,332,339,340,341,345,346,372,374,378,387,389,401,413,417,428,435,439,441,450,453,456,457,458,459,465,466,467,470,473,486,497,501,504,508,516,517,521,523,525,535,536,537,542,543,551,556,563,564,567,569,570,571,583,584
OZ35,314,334,336,338,345,350,355,366,369,370,371,374,379,386,401,410,413,414,415,417,418,420,428,433,435,441,444,450,453,456,463,464,465,466,468,470,476,480,481,487,488,489,490,492,502,503,504,505,510,518,523,524,527,534,536,554,557,561,563,569,572,573,583,585
OZ36,303,316,330,336,338,339,350,353,354,357,362,364,365,366,370,371,372,385,386,387,389,394,401,402,403,404,406,409,411,413,414,415,417,419,422,424,427,435,438,440,441,450,454,458,462,466,467,468,472,476,478,480,482,486,489,490,493,494,496,503,504,505,508,510,513,515,519,520,521,529,532,534,535,536,537,538,539,542,543,546,548,549,550,551,553,555,557,558,559,560,562,563,566,570,575,578,582,583,585,587
OZ37,316,340,355,370,375,378,385,438,456,459,467,481,507,508,509,513,516,517,527,539,541,551,554,563,567,571,578,584
OZ38,334,369,374,379,394,405,410,415,418,429,433,444,465,476,487,490,492,505,518,561,572,573
OZ39,332,340,341,353,355,370,378,389,404,439,444,456,458,459,465,467,481,483,486,508,513,516,517,521,525,527,537,551,554,557,565,570,571,579
OZ40,339,364,404,406,411,416,430,437,440,444,451,461,468,483,512,513,520,542,546,560,565,587
OZ41,330,336,338,340,348,350,355,357,365,366,369,370,374,378,379,385,386,403,404,413,417,424,428,434,435,438,450,452,453,454,455,456,458,462,466,472,474,478,481,483,486,488,489,493,501,503,504,506,507,508,509,515,516,518,519,520,521,523,527,538,541,551,557,558,559,561,562,563,568,569,570,571,576,583
OZ42,370,375,376,378,389,403,410,420,438,459,464,467,478,486,492,496,507,509,510,513,516,517,519,531,532,539,541,544,545,551,563,567,571,578,582,584
OZ43,336,338,340,341,353,355,357,364,365,366,369,375,376,378,386,390,397,404,405,409,410,413,414,417,420,424,428,429,430,431,434,435,437,444,450,453,454,456,461,462,464,465,466,472,474,478,481,488,492,493,496,501,503,504,508,509,512,515,517,518,524,525,527,531,532,537,539,544,545,558,559,560,565,567,568,569,570,576,578,579,580,583,584,587
OZ44,345,346,348,354,362,364,366,367,369,371,372,376,378,379,385,387,394,401,402,403,404,406,409,410,411,414,415,419,420,422,427,434,440,441,444,446,452,453,454,455,464,466,467,468,470,474,476,478,480,482,486,490,492,494,504,505,506,507,508,509,516,517,518,519,523,527,529,531,535,536,537,539,541,543,544,545,546,547,548,549,550,554,555,557,558,560,561,563,565,566,568,569,571,575,576,578,585,587
OZ45,346,369,375,376,379,389,403,410,420,438,464,478,486,492,507,509,510,513,516,519,527,531,532,537,539,541,545,561,567,571,573,578,582,584
OZ46,340,348,353,354,355,364,365,366,371,372,374,376,378,379,385,387,388,390,393,394,401,402,403,404,410,414,415,419,420,422,424,427,428,432,434,441,444,453,455,464,467,473,474,476,478,480,481,482,486,490,492,494,496,501,505,506,507,508,509,516,518,519,529,531,534,535,536,537,539,541,543,545,548,549,550,553,554,555,560,561,564,565,568,569,571,573,575,576,578,584,585,587
OZ47,331,341,355,362,369,371,374,375,378,379,384,394,397,402,405,410,415,418,419,422,427,431,433,435,437,438,444,455,457,459,462,465,472,476,481,482,487,488,490,492,493,494,496,497,499,505,506,507,508,509,511,513,515,518,524,525,529,532,539,541,548,549,550,551,552,555,559,561,563,567,572,573,575,578,580,583,584,585
OZ48,341,353,364,369,375,376,390,397,403,404,409,410,420,430,431,437,438,444,452,458,459,461,464,465,467,478,483,486,492,507,509,510,512,516,519,520,521,523,525,527,531,532,537,539,541,545,551,557,560,565,567,571,573,578,579,580,584,587
OZ49,348,349,354,357,362,372,374,378,379,384,385,387,388,390,394,401,402,403,404,406,409,411,413,414,415,417,418,420,427,428,429,438,440,441,450,452,459,461,464,466,467,473,478,480,482,486,487,488,493,494,495,499,501,502,504,508,509,512,513,516,517,519,526,527,531,535,539,541,543,546,549,550,551,552,553,554,558,559,561,563,564,565,566,567,571,575,576,584
OZ50,349,353,365,366,367,369,371,374,375,379,384,388,389,403,406,411,413,416,417,418,419,420,422,424,428,429,430,434,437,438,440,444,446,450,451,453,454,455,458,459,462,464,472,473,474,476,478,483,486,487,488,490,499,501,502,505,506,509,510,515,516,519,521,523,527,529,531,532,536,537,539,544,546,547,548,551,552,553,555,557,558,561,564,569,571,573,582,585
OZ51,353,357,362,364,367,374,379,388,390,393,409,410,414,416,418,428,430,432,436,437,438,444,446,451,452,454,456,458,460,461,462,466,472,473,483,486,492,493,495,501,504,508,512,514,515,516,517,518,521,523,526,527,534,537,538,541,547,553,554,557,559,560,561,562,563,564,566,568,571,572,573,575,584,587
OZ52,364,365,366,369,372,387,390,393,394,401,402,404,405,406,409,410,411,415,416,424,427,428,429,430,432,434,437,440,441,444,451,452,456,461,473,474,480,482,493,494,501,502,507,512,518,520,523,524,534,535,541,543,545,546,549,550,559,560,564,565,572,573,575,578,584,587
OZ53,354,357,362,365,366,369,372,374,376,378,379,387,388,394,401,402,403,404,405,406,411,415,418,420,424,427,429,434,438,440,441,454,458,462,464,466,472,474,478,480,482,483,486,487,493,494,495,502,504,505,507,508,510,515,516,517,519,520,521,524,526,527,531,535,543,546,549,550,553,554,557,559,561,563,565,566,568,571,575,578
OZ54,350,355,367,372,384,388,389,402,403,404,406,409,410,411,413,414,415,416,417,418,420,422,427,429,433,434,437,440,446,450,451,453,455,457,458,459,462,464,472,474,476,480,481,483,486,487,488,489,490,492,493,494,495,496,497,499,501,502,505,506,507,510,511,513,515,516,518,519,521,526,527,535,543,544,546,547,548,550,551,552,553,555,557,558,559,565,567,569,570,571,572,575,576,582
OZ55,338,357,362,371,372,374,375,376,379,384,386,390,393,394,402,404,410,413,415,416,417,420,422,427,428,429,432,433,434,436,437,444,450,451,452,453,454,455,457,459,460,464,466,473,474,476,478,486,487,488,490,492,494,497,499,501,503,504,505,506,508,509,511,514,516,517,520,523,527,531,532,535,536,538,539,543,545,548,550,551,552,554,555,558,561,562,563,564,565,566,568,569,570,571,573,576,578,585
OZ56,365,366,372,375,376,378,387,389,393,394,397,401,402,403,404,405,406,411,415,416,420,424,427,428,429,431,432,434,438,440,441,444,451,456,459,464,467,473,474,478,480,482,486,492,493,494,501,502,509,510,513,516,518,519,524,527,531,532,534,535,539,543,546,549,550,551,559,563,564,565,567,571,572,575,580,582
OZ57,403,406,411,420,440,452,454,464,478,492,493,495,510,518,519,526,538,541,545,559,570,576
OZ58,357,362,367,374,378,379,388,390,393,397,405,410,414,416,428,429,431,432,438,444,446,451,454,456,458,459,462,466,467,472,473,483,486,492,493,494,495,501,504,508,515,516,517,518,520,521,524,526,527,534,541,547,550,551,553,554,557,559,561,564,565,566,568,571,572,573,580,584
OZ59,367,388,405,406,411,414,418,429,440,446,452,453,454,487,493,494,495,518,524,526,538,539,541,547,550,553,559,565,569,570
OZ60,355,369,371,372,375,376,378,384,390,397,402,405,406,411,413,415,417,422,427,431,433,434,437,438,440,450,454,455,457,458,462,467,472,474,476,480,481,483,488,490,496,497,499,501,505,506,509,511,515,521,523,524,531,532,535,536,538,543,544,545,548,552,555,557,558,563,572,573,575,576,578,580,584,585
OZ61,375,378,387,393,394,401,405,409,410,413,414,417,419,429,430,432,433,435,438,441,444,450,453,457,459,466,467,482,492,494,497,501,507,509,511,513,517,524,527,529,532,539,541,544,549,550,551,563,565,567,569,570,572,578,583,584
OZ62,376,387,389,393,394,401,405,406,409,411,413,414,417,419,429,430,432,433,435,440,441,444,450,452,453,454,457,459,466,476,482,486,490,492,493,494,495,497,501,511,516,517,518,524,526,529,531,538,541,544,548,549,550,559,563,565,568,569,571,572,573,576,582,583
OZ63,371,372,374,379,384,389,390,394,397,402,404,405,406,409,411,414,415,422,427,431,433,435,436,437,440,444,452,453,455,456,457,458,459,460,462,465,466,472,476,483,486,487,488,490,494,495,497,499,501,505,506,511,513,514,515,516,517,521,523,524,526,534,535,536,539,541,543,548,550,551,552,555,557,558,561,562,565,567,569,571,580,582,583,585
OZ64,362,372,387,394,397,401,402,404,405,406,410,411,414,415,417,418,419,427,428,430,431,434,440,441,444,450,453,454,461,466,474,480,482,486,487,488,501,502,507,508,512,516,517,518,520,524,527,529,535,539,541,543,544,546,549,552,554,558,566,569,571,576,578,580
OZ65,366,369,372,374,379,387,394,401,402,404,405,406,410,411,415,418,427,428,429,434,436,440,441,444,456,460,473,474,480,493,501,502,507,514,518,524,534,541,543,545,559,561,562,564,566,572,573,575,578,584
OZ66,369,374,379,387,394,401,404,405,406,410,411,415,418,428,429,434,436,440,441,444,456,460,474,480,493,501,502,507,514,518,524,534,541,545,559,561,562,566,572,573,575,578
OZ67,405,406,410,411,414,419,429,440,444,452,454,492,493,494,495,518,524,526,529,538,541,544,545,550,559,565,570,576
OZ68,374,379,387,390,394,401,404,406,409,410,411,415,419,428,434,440,441,444,452,454,456,474,480,494,495,501,502,507,523,526,529,534,544,546,550,561,565,566,576,578
OZ69,397,406,411,414,417,418,419,429,430,431,440,450,452,454,459,461,465,476,487,490,494,495,501,512,518,520,526,529,538,541,544,545,548,550,552,563,565,568,570,572,573,575,576,580
OZ70,372,384,389,402,404,409,414,416,417,419,427,435,436,444,450,451,452,453,454,456,457,458,460,462,465,466,467,472,476,483,486,487,488,490,497,499,502,511,513,514,515,516,517,521,523,529,534,535,538,539,543,544,545,548,551,557,558,562,563,565,567,568,569,571,572,573,575,576,582,583
OZ71,393,404,409,410,413,415,416,417,418,422,428,432,433,434,435,436,437,444,450,451,452,453,455,456,457,460,461,466,467,474,476,480,482,490,493,497,507,511,512,514,517,518,520,534,538,541,545,548,549,554,555,559,562,566,567,568,569,572,573,578,579,583
OZ72,406,411,414,417,418,419,422,429,437,440,450,452,454,455,465,467,476,487,490,494,495,501,518,526,529,538,541,544,545,548,550,552,555,565,568,570,572,573,575,576
OZ73,409,410,416,417,429,430,436,444,450,451,452,459,460,461,465,476,487,490,492,493,494,501,502,512,514,520,523,527,546,548,550,552,554,559,562,563,565,567,568,572,573,579
OZ74,387,389,394,401,404,415,416,418,419,422,428,430,434,436,437,441,444,451,452,455,456,459,460,461,474,476,480,486,490,493,501,507,512,514,516,518,520,529,534,538,541,544,545,548,551,554,555,559,562,563,566,567,568,570,571,572,573,578,579,582
OZ75,410,418,444,459,465,476,487,490,492,548,557,568,572,573
OZ76,413,414,418,429,430,435,452,454,457,461,465,466,487,494,495,497,511,512,517,518,520,523,526,527,535,541,550,552,557,563,565,570,575,583
OZ77,384,389,404,415,419,422,428,429,430,433,434,435,437,444,452,453,454,455,456,457,459,474,476,480,486,490,493,494,495,497,499,501,502,507,511,516,520,526,527,529,534,535,538,544,545,546,548,550,551,552,555,557,559,565,566,568,569,570,571,572,573,578,582,583
OZ78,389,404,414,417,422,429,436,437,444,450,455,460,465,486,487,493,494,501,514,516,527,538,550,551,552,555,559,562,565,571,575,582
OZ79,404,416,417,418,429,430,436,450,451,454,460,461,492,494,495,501,502,512,514,518,520,526,527,538,541,545,550,552,554,557,562,563,565,567,576,579
OZ80,416,422,430,437,444,451,454,455,458,459,461,467,492,502,512,513,520,527,542,545,554,555,558,563,565,567,576,579
OZ81,394,415,417,422,429,433,437,444,450,455,458,467,476,490,492,494,495,501,505,509,513,526,532,541,542,548,550,552,555,558,565,572
OZ82,418,419,444,459,465,476,487,490,492,529,544,548,557,568,572,573
OZ83,414,415,419,422,428,430,433,434,436,437,452,453,454,455,456,457,460,461,465,467,474,476,480,487,490,495,497,501,502,507,511,512,514,520,526,529,534,535,544,545,546,548,555,562,566,568,569,570,572,573,575,578
OZ84,417,422,429,437,444,450,455,458,459,467,492,494,495,501,509,513,518,526,532,541,542,550,552,555,557,558,565,572
OZ85,415,422,428,430,433,434,436,437,452,453,454,455,456,457,458,459,460,461,465,467,474,480,486,487,493,497,501,502,507,509,511,512,513,514,516,518,520,527,532,534,535,541,542,545,546,555,558,559,562,563,566,569,570,571,572,578
OZ86,419,430,436,457,459,460,462,465,472,476,483,487,490,497,509,511,513,514,515,520,521,529,532,535,542,544,546,548,557,562,568,573
OZ87,422,428,430,436,437,453,455,456,457,458,460,461,465,467,476,487,490,495,497,501,502,505,507,509,511,512,513,514,518,520,526,532,534,535,542,545,546,548,555,558,562,566,569,572,576,578
OZ88,428,444,453,456,458,459,476,490,492,495,501,502,505,507,513,518,526,534,542,545,548,557,558,565,566,569,576,578
OZ89,453,454,466,495,507,509,513,517,526,532,545,554,569,572,576,579
OZ90,430,436,457,458,460,462,472,483,487,497,511,514,515,520,521,535,546,562
OZ91,444,492,509,532,565,572
OZ92,452,454,458,465,486,493,495,509,513,516,518,526,527,532,541,542,545,557,559,563,570,571,572,576
OZ93,459,465,476,490,495,505,518,526,541,548,557,558
OZ94,458,465,466,473,494,504,507,509,517,527,532,539,541,542,545,550,557,563,564,567,572,576,578,584
OZ95,454,465,473,494,504,507,509,527,532,539,541,545,550,554,557,558,563,564,567,572,576,578,579,584
OZ96,466,509,513,517,532,545,554,572,576,579
OZ97,473,494,504,507,513,539,541,550,564,567,578,584
OZ98,461,462,465,472,483,495,512,515,518,521,526,527,541,542,552,554,557,558,563,579
OZ99,465,495,526,527,541,554,557,558,563,567,578,579
