X0,0,3,8,21,22,24
X1,1,5,14,17,31,53
X2,0,2,20,45,47,50
X3,3,6,15,26,53,54
X4,4,5,13,16,19,23
X5,4,12,28,31,34,55
X6,6,16,18,21,25,43
X7,7,19,41,43,49,57
X8,8,18,30,33,36,54
X9,9,29,33,37,40,46
X10,10,36,37,38,41,59
X11,2,11,28,52,56,58
X12,1,10,15,39,51,57
X13,13,25,27,47,49,56
X14,14,23,24,44,45,55
X15,7,11,34,35,39,59
X16,17,26,32,42,46,51
X17,9,20,22,42,44,48
X18,27,29,30,38,50,52
OX0,18,21,23,25,28,36,37,38,40,45,46,49,52,54,56
OX1,19,22,25,28,29,30,33,34,35,37,39,40,41,42,43,44,45,46,47,48,49,50,52,56,57,58,59
OX2,16,24,53
OX3,22,26,33
OX4,25,26,28,29,30,35,38,40,42,44,45,46,47,48,49,50,51,52,56,58
OX5,26,28,35,36,37,40,41,42,44,49,51,52,54,55,56,59
OX6,21,23,28,31,32,38,39,40,47,48,49,55,56,58,59
OX7,31,32,39
OX8,36,37,38,41,46,54,59
OX9,35,37,51
OX10,28,38,48,49,52,55,56,58
OX11,40,52,59
Z0,0,8,30,50
Z1,1,5,19,57
Z2,2,28,45,55
Z3,3,22,26,42
Z4,4,7,19,34
Z5,5,6,16,53
Z6,6,15,43,57
Z7,7,11,49,56
Z8,8,9,22,33
Z9,9,20,29,50
Z10,10,15,36,54
Z11,4,13,28,56
Z12,12,44,48,55
Z13,13,23,45,47
Z14,14,17,42,44
Z15,1,31,34,39
Z16,10,37,46,51
Z17,12,17,31,32
Z18,18,25,27,30
Z19,16,21,23,24
Z20,2,20,48,58
Z21,0,21,25,47
Z22,3,14,24,53
Z23,18,36,41,43
Z24,26,33,46,54
Z25,27,38,41,49
Z26,29,40,52,58
Z27,32,35,39,51
Z28,35,37,40,59
OZ0,31,34,36,37,39,46,51,53,54
OZ1,28,37,40,41,42,45,48,50,51,52,55,57
OZ2,30,36,37,40,42,48,49,51,52,56,57
OZ3,38,41,47,49,50
OZ4,33,36,37,42,48,49,51,56,57,58
OZ5,34,41,45,49,50,52,55,56,59
OZ6,37,40,41,42,44,45,50,51,52,57,58
OZ7,44,45,47,48,56,58
OZ8,39,41,47,50,52,56,57,59
OZ9,42,48,49,51,56,57,58
OZ10,40,46,47,49,50,51,52,57,58
OZ11,47,50,52,56
