X0,0,316,393,436,455,553
X1,1,88,147,250,455,540
X2,2,238,253,291,364,486
X3,3,359,529,558,572,624
X4,4,75,89,246,488,607
X5,5,187,328,460,473,544
X6,6,112,132,347,571,598
X7,7,319,384,403,448,595
X8,8,229,291,396,423,473
X9,9,66,77,143,369,524
X10,10,50,65,555,586,619
X11,11,57,187,338,457,627
X12,12,64,213,463,509,598
X13,13,59,277,295,432,515
X14,14,29,150,418,470,639
X15,15,203,221,392,495,641
X16,16,67,202,289,354,590
X17,17,129,368,417,583,603
X18,18,108,304,421,462,499
X19,19,97,118,207,446,599
X20,20,245,403,478,506,601
X21,21,196,232,449,475,620
X22,22,217,329,342,477,587
X23,23,102,212,365,456,629
X24,24,28,193,235,451,572
X25,25,92,179,390,457,476
X26,26,100,270,272,296,445
X27,27,167,297,305,429,570
X28,24,232,546,613,614,646
X29,14,55,99,166,456,525
X30,30,191,341,574,602,626
X31,31,171,195,387,405,482
X32,32,241,377,509,540,617
X33,33,85,197,215,293,485
X34,34,134,367,465,483,601
X35,35,153,497,510,521,609
X36,36,105,289,389,390,434
X37,37,80,242,487,489,577
X38,36,38,233,379,391,628
X39,39,54,142,247,249,604
X40,40,151,380,513,530,581
X41,41,110,140,154,340,558
X42,42,163,164,283,314,584
X43,43,52,198,264,285,397
X44,44,169,308,359,382,538
X45,45,277,379,536,539,594
X46,46,269,293,378,494,618
X47,47,69,278,497,534,645
X48,48,164,166,170,523,545
X49,49,93,271,281,298,454
X50,50,52,144,330,569,636
X51,51,168,249,272,459,495
X52,43,116,510,527,583,619
X53,53,107,178,186,383,632
X54,54,121,136,261,526,612
X55,55,162,250,458,542,637
X56,56,103,182,466,537,643
X57,11,60,221,228,412,596
X58,18,58,100,330,520,563
X59,59,194,262,324,352,358
X60,41,60,104,193,257,261
X61,61,101,307,470,506,643
X62,62,78,185,240,284,353
X63,63,103,260,365,551,611
X64,64,71,74,257,630,641
X65,65,201,256,415,484,485
X66,66,216,263,401,452,623
X67,67,258,301,334,346,458
X68,68,157,268,276,362,631
X69,15,69,165,439,522,582
X70,70,225,322,430,567,578
X71,12,83,334,541,552,585
X72,72,131,192,255,468,602
X73,73,87,145,285,414,533
X74,2,74,146,382,616,635
X75,4,80,123,311,462,642
X76,76,144,152,312,467,514
X77,34,77,145,226,239,636
X78,30,78,146,190,419,437
X79,79,127,147,155,362,501
X80,37,126,210,247,622,631
X81,81,212,288,290,387,600
X82,82,217,288,335,487,646
X83,83,322,323,400,432,441
X84,84,255,401,420,519,589
X85,33,79,198,241,370,446
X86,72,86,93,218,507,579
X87,73,256,267,327,438,624
X88,88,266,286,394,504,511
X89,89,194,342,376,386,425
X90,90,279,297,304,519,561
X91,91,319,361,426,580,597
X92,92,120,139,141,245,516
X93,49,197,231,368,521,632
X94,94,278,296,303,557,569
X95,95,178,381,386,435,603
X96,21,96,416,451,508,612
X97,97,126,274,313,436,542
X98,98,252,371,409,427,465
X99,46,99,331,355,505,638
X100,26,40,149,244,392,610
X101,101,139,243,337,512,562
X102,23,202,482,515,554,642
X103,63,224,248,336,493,613
X104,57,214,240,320,550,635
X105,105,159,332,375,536,543
X106,106,160,173,417,503,628
X107,107,192,209,360,469,560
X108,108,205,211,290,604,614
X109,109,234,380,433,508,535
X110,104,276,294,302,385,616
X111,90,111,196,263,440,517
X112,85,112,176,397,426,504
X113,113,188,229,434,471,525
X114,114,321,327,555,606,621
X115,115,165,253,315,412,550
X116,47,116,270,370,565,644
X117,117,157,185,373,559,625
X118,118,222,227,406,511,639
X119,119,175,184,273,489,640
X120,120,160,381,528,534,627
X121,121,282,335,459,528,582
X122,53,122,219,449,450,597
X123,123,211,216,395,568,640
X124,124,142,351,498,517,546
X125,125,180,235,493,571,580
X126,75,206,259,360,400,429
X127,51,127,153,556,576,599
X128,128,176,339,484,490,593
X129,129,179,328,391,522,557
X130,130,191,366,441,570,581
X131,131,320,371,398,512,592
X132,6,183,236,575,578,620
X133,133,151,310,399,453,606
X134,84,134,280,292,363,584
X135,135,298,344,357,431,433
X136,136,244,251,333,351,566
X137,137,138,301,461,513,539
X138,137,259,295,399,428,444
X139,61,223,282,338,477,611
X140,110,317,356,361,475,496
X141,106,122,141,329,358,469
X142,124,281,325,326,523,535
X143,3,143,348,496,502,518
X144,10,94,195,311,375,564
X145,68,87,275,447,529,568
X146,8,62,283,349,589,592
X147,1,222,258,262,323,595
X148,148,341,344,428,464,621
X149,149,366,409,464,467,608
X150,13,16,29,547,573,637
X151,58,220,280,402,514,623
X152,70,152,265,279,531,610
X153,32,35,215,373,486,647
X154,133,140,233,234,408,491
X155,155,175,376,479,609,622
X156,156,307,367,406,591,608
X157,117,238,501,552,553,630
X158,158,163,268,313,395,524
X159,102,159,172,354,505,544
X160,115,161,213,265,443,445
X161,162,174,207,545,591,633
X162,42,199,200,218,440,548
X163,5,161,171,439,520,543
X164,48,113,158,393,590,615
X165,167,183,219,350,420,579
X166,156,168,312,407,424,565
X167,169,273,294,318,438,625
X168,98,148,150,309,466,634
X169,31,224,422,490,492,638
X170,38,271,310,383,481,549
X171,173,177,384,388,450,472
X172,174,269,299,309,326,474
X173,119,206,425,437,468,559
X174,128,248,418,474,532,629
X175,20,177,264,394,518,588
X176,86,95,209,284,479,647
X177,17,300,303,332,411,453
X178,111,180,421,492,575,600
X179,181,208,314,369,389,480
X180,182,190,252,267,372,442
X181,27,236,324,413,448,560
X182,184,204,275,374,586,605
X183,71,130,138,254,443,567
X184,109,186,230,350,498,548
X185,154,287,345,388,476,480
X186,188,200,299,331,349,454
X187,28,56,189,237,308,339
X188,114,189,372,431,532,618
X189,19,76,239,266,478,644
X190,170,199,205,210,343,452
X191,125,237,317,415,533,588
X192,132,355,364,377,500,593
X193,9,220,374,414,499,564
X194,135,201,411,481,494,527
X195,172,315,410,422,423,463
X196,96,203,251,254,306,491
X197,45,204,300,321,554,607
X198,181,316,348,385,404,447
X199,81,242,352,488,551,573
X200,208,214,292,337,460,471
X201,44,82,336,526,537,596
X202,223,228,243,419,427,538
X203,225,347,405,410,561,563
X204,7,227,260,516,547,587
X205,230,287,356,416,503,549
X206,231,353,378,396,500,507
X207,22,39,435,556,577,645
X208,246,318,442,444,605,626
X209,274,325,343,424,566,576
X210,91,286,413,430,541,617
X211,0,302,306,340,461,585
X212,305,398,402,483,531,574
X213,333,357,407,530,633,634
X214,345,346,404,408,594,615
OX0,205,206,211,218,222,226,229,233,247,250,252,255,258,259,260,262,263,265,266,268,271,277,279,283,288,290,292,293,295,301,310,311,312,314,315,318,319,322,324,325,326,332,334,341,342,344,346,347,348,349,355,358,359,360,363,365,367,369,371,375,376,378,379,383,384,386,387,389,390,391,393,400,402,403,405,406,409,418,420,422,423,424,425,427,428,429,430,432,436,440,442,444,446,448,454,462,463,464,466,467,470,471,474,478,481,482,483,487,489,494,496,502,511,516,518,519,523,529,531,536,543,544,548,549,551,554,558,561,563,566,567,568,572,576,577,578,587,589,591,595,599,600,601,605,607,610,615,618,621,622,624,626,628,629,631,633,634,638,640,644
OX1,213,216,220,224,226,228,229,239,240,248,252,253,254,255,256,257,259,263,268,273,275,276,280,282,283,284,285,292,294,295,301,308,318,321,322,323,334,336,338,341,348,349,353,362,363,364,366,367,369,373,374,396,399,400,418,419,420,423,428,431,432,437,442,443,444,447,452,461,463,465,466,473,474,477,483,486,493,496,499,501,502,509,513,518,519,524,533,537,538,539,541,553,555,558,559,564,567,568,570,572,574,581,584,585,592,598,601,602,606,611,613,616,618,621,623,626,629,631,635,636,641,643
OX2,211,216,226,228,229,233,234,239,248,252,255,259,260,263,265,268,275,279,280,281,282,283,284,285,287,290,294,295,297,298,301,303,308,310,311,314,315,320,321,322,323,325,326,328,334,335,336,337,338,339,341,344,346,349,353,356,359,361,362,363,364,365,367,373,374,375,380,382,387,388,389,393,396,400,401,405,407,409,411,416,419,420,422,423,428,432,433,436,437,438,440,442,444,449,453,455,457,462,463,464,465,466,467,471,476,481,482,483,484,485,486,490,494,497,498,501,502,508,509,510,518,522,523,524,526,528,532,534,535,537,539,541,543,544,551,557,559,561,563,566,567,568,570,571,574,575,580,583,584,586,588,592,594,596,598,600,601,602,608,610,611,615,618,620,621,625,626,627,631,633,634,636,638,643,645,646
OX3,218,219,220,224,226,233,235,237,245,247,248,249,255,259,260,263,269,270,272,273,275,279,280,281,288,292,295,296,297,298,299,300,301,304,309,310,311,313,315,317,318,321,323,325,326,330,332,334,342,346,347,348,350,358,359,360,361,362,363,368,369,373,374,375,377,383,384,386,387,389,390,391,394,395,398,400,402,403,405,407,415,421,422,423,426,430,432,434,436,437,440,442,444,445,454,455,456,459,463,465,467,468,470,474,478,479,481,482,486,487,493,495,496,497,499,501,502,504,505,506,509,510,514,518,519,520,523,524,529,533,539,541,543,544,547,548,549,556,558,559,560,561,566,568,570,571,572,574,575,577,578,579,584,586,588,589,590,594,597,600,601,604,608,610,611,614,620,623,624,626,628,629,631,632,633,639,643,647
OX4,222,226,228,234,239,248,255,260,263,265,266,269,279,280,282,284,285,287,293,297,299,300,303,307,309,312,319,320,322,324,325,326,328,329,332,337,338,339,353,355,356,358,360,363,364,368,371,377,378,380,383,386,388,390,391,394,396,401,405,406,410,411,413,416,418,419,420,424,426,427,429,430,433,435,440,446,449,453,457,467,468,470,476,477,479,483,484,485,490,498,502,504,508,511,518,522,523,528,532,534,535,538,547,549,557,561,563,566,567,570,571,574,575,576,583,587,588,591,592,595,597,598,599,601,602,610,611,620,627,628,629,632,633,636,639,643,644,647
OX5,207,210,216,221,228,232,234,235,237,239,247,248,249,253,254,261,263,269,273,279,280,284,285,287,288,292,293,294,299,300,303,304,306,307,308,309,313,315,317,318,320,322,323,324,326,328,332,334,336,337,338,339,342,343,347,348,353,355,356,358,360,362,364,367,368,369,371,377,378,380,382,383,384,386,388,390,391,394,396,400,401,402,403,411,412,413,415,418,419,421,426,427,429,432,433,436,438,441,448,451,452,453,457,459,463,465,468,470,475,476,478,479,484,485,487,490,491,492,493,496,498,501,504,509,516,517,522,523,524,529,531,532,533,534,535,537,541,542,549,550,553,556,557,558,561,570,572,574,577,578,580,582,583,584,585,587,589,591,592,596,597,600,602,611,624,625,627,628,629,631,632,633,636,641,643,645,646,647
OX6,200,219,220,224,228,233,234,235,237,239,245,247,249,255,259,260,263,269,270,272,273,275,279,281,282,283,284,285,287,288,292,293,295,296,298,299,301,303,304,307,309,310,311,313,315,317,318,320,321,323,324,325,326,328,329,330,334,337,338,339,342,346,348,350,353,355,356,359,361,362,364,367,369,371,373,374,375,378,380,387,388,389,395,396,398,400,401,405,407,411,413,415,416,418,419,421,422,423,427,429,430,432,433,434,435,436,437,440,442,444,445,448,449,453,454,455,456,457,459,463,467,476,477,481,482,484,485,486,487,490,493,495,496,497,498,499,501,505,506,508,509,510,514,516,520,522,523,524,528,529,531,532,533,534,535,538,539,541,543,544,547,556,557,558,559,560,561,566,568,572,577,579,583,584,586,590,592,594,598,600,601,602,604,608,610,614,623,624,626,627,631,633,636,639
OX7,219,221,228,232,234,235,237,242,249,252,253,254,260,261,263,264,268,273,279,284,287,288,291,292,294,297,300,303,304,306,307,308,309,313,314,315,317,318,322,323,328,329,332,334,336,337,338,341,342,344,348,350,352,353,356,362,365,368,369,371,380,382,383,384,386,388,390,391,393,394,396,400,403,409,411,412,415,418,419,421,423,428,432,433,434,438,440,441,451,453,457,459,463,464,465,466,471,473,475,476,478,479,488,489,491,492,493,496,498,501,509,512,516,517,519,522,529,533,534,535,537,541,547,548,549,550,551,553,556,557,558,561,568,571,572,573,575,580,582,583,585,590,596,597,598,600,601,611,615,620,621,622,624,625,627,628,629,632,634,639,640,641,643,645,646,647
OX8,220,221,224,229,232,233,239,242,247,253,254,255,259,260,261,264,268,270,272,275,281,283,285,291,294,295,296,297,298,301,303,306,307,308,309,310,311,314,320,321,322,324,325,326,328,330,336,339,346,349,352,359,361,364,365,367,371,373,374,375,382,383,384,386,387,393,394,395,398,401,403,405,407,411,412,413,416,417,418,422,429,430,435,436,437,438,441,442,444,445,448,449,451,453,455,457,467,473,475,478,479,481,482,484,485,486,487,488,489,490,491,492,494,495,497,499,508,510,512,514,516,517,519,520,522,523,524,528,531,532,537,538,539,543,544,547,548,549,550,551,553,557,559,560,566,571,573,575,577,579,580,582,583,584,585,586,587,592,594,596,597,602,603,604,608,610,614,615,618,620,622,623,625,626,627,628,629,631,632,633,636,638,639,640,641,645,646,647
OX9,206,221,228,229,232,234,235,237,239,245,247,248,249,250,252,253,254,255,258,261,262,265,271,273,275,277,280,281,282,283,284,285,287,288,292,298,300,304,306,307,315,317,320,321,324,325,326,329,334,335,337,338,339,341,344,348,349,353,356,358,359,360,361,364,367,368,369,373,374,376,379,380,383,386,388,389,395,396,400,401,405,407,409,410,412,415,417,419,420,421,425,428,429,432,433,435,437,441,451,455,456,459,463,464,465,466,467,470,471,475,476,483,484,485,486,487,490,491,492,493,494,496,497,498,505,506,510,516,517,519,523,524,526,529,532,533,534,535,536,538,539,549,550,553,554,556,558,559,563,566,567,568,570,572,574,577,582,584,585,586,592,594,600,601,602,603,604,605,607,608,610,614,618,621,624,628,629,633,634,636,638,641
OX10,216,224,228,229,233,234,235,237,239,248,249,252,255,259,264,270,272,273,279,281,283,284,285,287,292,295,296,297,298,300,301,304,310,311,313,315,317,318,320,321,323,325,326,329,330,332,334,337,338,341,342,344,346,347,348,349,353,355,356,359,361,362,367,368,369,373,375,377,380,387,388,390,391,396,400,402,405,407,409,416,417,418,419,420,421,422,423,426,428,430,432,433,434,435,436,437,440,442,444,445,449,452,455,459,463,464,465,466,467,471,474,476,481,482,483,484,485,486,493,494,495,496,497,498,500,501,504,508,509,510,514,520,523,524,528,529,534,535,538,539,541,543,544,556,558,559,561,564,566,570,571,572,574,575,578,584,586,587,590,592,594,600,601,602,603,608,610,611,618,620,621,624,626,629,631,633,634,636,638,643
OX11,221,224,228,235,237,242,245,247,248,251,252,253,254,259,261,264,265,268,281,284,287,291,292,297,300,303,306,309,313,314,315,317,323,324,325,326,328,329,332,334,335,337,338,341,344,348,352,353,356,357,358,359,362,366,368,369,371,383,384,386,388,390,391,392,393,394,396,398,399,402,403,407,411,412,413,415,416,418,419,420,423,430,432,433,434,435,441,444,448,449,453,457,463,465,466,467,470,471,473,476,477,478,479,483,487,488,489,491,493,495,496,501,506,508,509,512,513,517,522,523,526,529,531,533,534,538,541,546,547,548,549,550,553,557,558,566,567,568,570,571,572,573,574,575,577,579,580,581,582,583,585,587,590,597,598,601,604,608,610,612,615,620,621,622,624,627,628,629,632,633,639,640,641,647
OX12,191,224,226,228,232,234,242,247,248,249,252,259,261,263,264,273,279,282,284,287,291,294,295,301,304,306,307,308,309,318,322,324,329,336,337,338,341,342,344,352,353,356,359,363,366,371,380,382,383,384,386,388,389,394,396,398,399,402,403,409,413,417,418,419,420,421,423,429,430,433,438,440,441,444,448,451,459,461,464,465,466,471,473,475,476,477,478,479,483,487,488,491,492,498,502,512,513,516,517,518,519,531,534,535,537,539,547,548,549,556,560,561,573,574,577,579,581,582,588,596,597,600,601,603,604,611,614,621,625,628,629,632,634,639,643,645,646,647
OX13,224,226,228,235,237,245,248,260,264,279,282,300,303,317,324,328,332,337,338,347,363,365,368,381,384,388,390,391,394,398,402,403,405,410,411,413,415,419,427,429,448,449,453,457,476,477,478,483,493,502,503,506,512,518,522,528,531,533,534,538,551,557,560,561,563,570,571,574,575,578,580,583,597,601,603,620,627,628
OX14,226,228,229,233,234,242,247,248,255,259,265,281,282,283,284,287,291,293,294,295,298,301,303,304,308,309,310,311,313,315,321,322,323,325,326,328,329,334,335,336,337,338,339,346,349,352,353,356,358,359,360,361,362,363,364,373,375,378,380,382,387,388,389,396,398,400,405,407,411,415,416,418,419,421,422,427,432,433,434,436,437,438,442,444,449,453,455,457,463,465,467,468,470,473,476,481,482,486,487,488,490,494,497,498,500,501,502,508,509,510,512,518,522,523,526,528,532,533,534,535,537,539,541,543,544,547,548,557,559,560,563,564,566,567,570,571,573,574,575,577,579,580,583,586,587,588,589,590,594,596,598,600,604,608,610,611,614,618,620,625,626,627,629,631,633,638,639,643,645,646
OX15,229,234,242,245,247,248,255,265,281,283,284,287,291,293,294,295,298,300,301,304,307,308,309,311,313,315,321,322,323,325,326,332,334,335,336,339,349,352,353,356,359,360,361,362,364,368,373,375,378,380,381,382,387,389,390,391,396,398,404,405,407,415,416,418,421,422,428,429,432,433,434,436,437,438,442,449,453,455,463,465,467,468,472,473,476,477,480,481,482,486,487,488,490,494,497,498,500,501,503,506,508,509,510,516,518,523,526,532,533,535,537,538,539,541,543,544,547,548,559,563,564,566,567,570,571,573,574,575,577,579,580,586,587,588,589,590,596,598,600,603,604,606,608,610,614,615,618,620,625,626,628,629,631,633,638,639,645,646
OX16,233,234,235,237,239,245,248,259,260,268,280,282,284,285,287,293,297,300,303,310,313,314,320,324,328,332,346,347,353,355,356,360,364,365,367,368,371,377,378,380,381,383,384,386,389,390,391,393,394,395,396,400,401,402,403,404,411,413,416,417,426,428,433,434,435,444,448,449,457,465,468,472,476,477,478,479,480,484,485,490,498,503,504,506,508,512,517,518,519,522,524,531,535,546,549,551,557,560,570,571,574,575,578,583,584,588,589,590,592,594,597,598,602,606,613,614,620,627,632,636,646,647
OX17,228,234,235,237,239,247,248,260,280,284,285,287,288,292,293,297,307,313,320,324,329,337,338,347,348,353,355,356,358,359,360,364,365,367,369,371,377,378,380,383,384,386,388,389,393,394,395,396,401,402,403,413,416,417,419,426,427,429,433,434,435,448,449,465,468,470,476,478,479,484,485,487,489,490,496,498,504,508,516,517,519,524,528,529,531,534,535,538,546,549,551,558,568,570,571,572,574,575,577,578,584,588,589,590,592,597,598,602,603,604,611,613,615,620,622,624,628,631,632,636,640,643,646,647
OX18,238,240,242,245,248,252,253,254,256,257,259,264,265,273,276,281,284,288,292,297,298,303,304,309,311,313,314,317,318,320,322,324,325,326,328,329,335,337,341,348,352,353,358,359,361,362,364,366,369,371,375,381,382,383,384,386,387,388,389,394,396,398,399,400,402,403,404,405,407,411,413,415,418,420,421,422,423,427,430,431,434,435,436,438,444,447,448,455,457,461,465,466,467,470,472,477,478,479,480,481,482,483,484,485,486,488,490,494,496,497,501,503,506,510,513,517,518,522,523,526,528,531,534,538,543,544,546,547,548,549,552,555,557,558,563,564,566,567,570,572,573,574,579,581,583,585,586,587,588,590,596,597,600,601,603,608,610,614,615,616,621,625,627,629,630,631,632,633,635,638,639,641,645,647
OX19,235,237,239,240,242,249,251,253,254,255,257,259,261,263,268,276,280,284,285,288,295,297,298,300,301,307,309,311,313,314,316,320,321,322,324,329,332,342,352,353,355,357,359,366,367,368,371,373,375,377,381,382,384,385,387,388,389,390,391,392,393,394,395,396,398,399,401,402,403,404,409,410,413,420,422,423,426,429,430,433,434,435,437,438,440,441,442,444,448,449,453,459,461,464,474,476,478,480,481,482,484,485,486,488,492,493,494,495,496,497,500,503,504,510,512,513,516,517,524,531,538,539,543,544,546,547,556,558,559,560,564,571,572,573,575,581,584,586,588,589,590,596,597,598,602,603,606,612,614,615,616,618,620,625,626,628,634,635,636,638,639,641
OX20,259,277,295,318,442,444,554,605,607,626
OX21,232,234,239,240,242,247,253,254,255,257,261,262,265,268,273,276,279,280,281,284,285,294,295,298,300,301,304,307,308,309,311,313,314,316,317,318,319,320,321,322,324,325,326,329,332,335,336,352,353,355,358,367,368,371,373,375,377,380,381,385,387,388,389,390,391,393,394,395,396,398,401,402,404,407,410,413,415,416,420,421,422,423,426,428,430,432,433,434,437,442,451,453,461,467,474,475,476,477,478,480,481,482,484,485,486,487,488,494,496,497,498,500,503,504,508,510,512,517,519,523,524,526,531,533,535,537,539,543,544,547,558,559,561,564,566,567,572,573,577,580,584,586,587,589,590,597,598,600,602,603,604,606,608,610,614,615,616,618,626,628,633,635,636,638,639,641,645,646
OX22,234,242,245,252,260,277,279,282,284,287,288,290,291,295,297,300,303,307,309,322,328,332,341,344,347,352,353,356,365,368,371,380,381,383,386,387,389,390,391,396,400,405,409,410,411,416,417,418,420,423,427,428,430,433,435,441,453,457,464,465,466,471,473,477,479,482,488,498,503,506,508,516,522,535,547,548,549,551,554,557,561,563,573,578,579,583,587,600,611,621,627,629,632,634,639,642,643,647
OX23,210,247,249,265,270,272,273,280,281,288,294,296,308,318,322,326,329,330,335,336,342,343,347,359,382,401,402,405,410,420,430,435,438,445,459,477,487,495,498,514,519,520,523,526,535,537,538,548,556,567,577,578,579,587,596,625,645,646
OX24,239,240,245,249,251,252,253,254,256,257,261,262,263,267,268,275,276,277,280,284,285,290,291,293,295,297,298,301,311,314,316,319,322,324,327,332,339,341,342,344,353,355,357,358,359,360,366,367,368,371,373,374,375,377,378,379,381,382,385,388,389,390,391,392,394,395,396,399,401,402,404,410,413,415,420,422,426,427,428,429,430,432,433,435,437,438,440,441,449,453,459,461,465,466,468,471,473,476,478,480,481,486,489,492,493,494,495,496,497,503,504,506,510,513,516,524,531,532,536,538,543,544,548,554,556,558,559,564,571,572,575,579,581,584,587,588,589,592,594,596,597,598,600,603,606,611,612,613,616,618,620,621,622,625,628,631,635,636,638,640,641,642,643,646
OX25,240,242,247,249,251,252,253,254,257,261,262,263,265,271,276,277,281,282,284,290,291,292,294,295,300,303,304,308,309,313,314,315,319,320,323,325,326,328,329,334,335,336,337,339,341,342,344,346,347,348,352,353,357,361,362,366,368,369,371,375,379,381,384,386,387,388,389,392,396,399,400,403,405,407,410,411,415,417,420,421,423,427,428,430,433,434,436,440,441,447,448,449,455,457,459,461,463,465,466,467,470,474,476,479,481,482,487,488,492,493,495,496,501,503,509,513,516,519,522,523,526,532,533,536,537,541,543,544,547,548,554,556,557,558,563,566,567,571,572,573,575,577,578,579,580,581,583,588,590,594,598,604,606,608,610,612,613,614,616,620,621,627,628,631,632,633,635,639,641,642,645,647
OX26,242,245,248,250,252,255,256,258,262,263,267,271,277,288,290,291,293,297,300,301,304,309,311,315,320,321,322,327,332,334,339,341,344,352,355,360,364,375,377,378,383,384,389,390,391,393,394,400,402,403,404,405,409,413,421,422,426,427,429,430,432,436,440,441,442,448,449,453,456,463,464,465,466,468,470,471,472,473,474,476,478,480,481,483,484,485,488,490,504,505,506,512,518,519,531,532,533,539,543,544,547,548,549,554,563,564,570,571,573,574,575,579,586,588,592,597,598,601,602,606,620,621,626,628,629,634,639,642
OX27,245,248,250,258,260,262,265,271,275,277,279,295,301,304,311,313,315,318,322,329,332,334,339,355,358,364,365,374,375,377,379,383,384,387,389,390,391,394,398,402,403,404,405,413,415,418,421,422,423,426,428,429,430,432,434,436,442,445,448,449,453,456,463,472,474,476,478,480,481,482,483,489,490,500,504,505,506,518,520,531,532,533,536,543,544,549,551,554,560,561,564,567,570,571,574,575,587,588,590,594,597,598,600,601,605,606,607,615,620,622,626,628,631,640
OX28,247,248,252,256,260,262,263,267,268,275,281,282,288,290,291,294,298,300,301,303,304,308,311,313,314,315,318,319,320,323,325,326,327,328,329,334,335,336,339,341,344,347,358,359,361,362,364,365,373,374,375,379,382,383,384,386,395,403,404,407,409,410,411,417,420,421,422,427,429,430,434,435,436,437,438,440,442,445,448,449,455,457,463,464,466,467,471,472,473,476,479,480,481,484,485,486,487,489,490,494,497,501,509,510,512,516,518,519,520,522,523,524,526,532,533,536,537,538,541,543,544,548,549,551,557,559,560,563,564,566,570,571,574,575,577,578,579,580,583,584,588,589,590,592,594,596,598,602,603,604,605,606,607,608,610,611,614,615,618,620,621,622,625,626,627,628,632,633,634,638,640,642,643,645,646,647
OX29,248,249,252,256,260,263,267,268,270,272,273,275,277,278,281,282,291,298,300,301,304,311,313,314,315,320,323,325,326,327,328,329,332,334,339,341,342,344,347,361,362,364,365,373,374,375,383,386,387,395,400,404,407,409,410,411,417,420,421,422,427,430,432,434,436,437,440,442,445,449,455,457,459,463,464,466,467,471,472,473,476,477,479,480,481,482,484,485,486,489,490,494,495,497,501,509,510,512,518,519,520,522,523,524,532,533,539,541,543,544,548,549,551,554,556,559,563,564,566,570,571,574,575,578,579,580,583,584,587,588,589,590,592,598,600,602,603,605,606,607,608,610,611,615,618,620,621,622,626,627,628,632,633,634,638,640,643,647
OX30,260,262,263,264,265,268,270,271,272,273,277,278,282,292,294,297,303,307,308,313,316,317,319,320,324,335,336,337,339,346,347,348,359,365,369,375,382,383,385,390,391,393,394,395,398,400,402,405,410,413,415,418,428,429,432,434,438,440,441,442,445,447,449,453,470,471,472,473,474,476,478,481,483,495,517,518,519,520,524,526,528,531,532,533,537,538,539,543,544,546,549,551,554,557,560,567,570,571,574,575,578,580,582,584,589,590,592,596,597,601,605,606,607,611,614,620,625,626,628,629,643,646
OX31,292,320,337,584,589,592
OX32,249,250,252,256,258,262,263,265,267,268,271,273,279,281,291,298,300,303,307,314,318,320,322,323,325,326,327,328,329,332,341,342,344,347,355,361,362,373,377,384,386,389,390,391,394,395,398,402,403,405,407,409,410,411,413,415,417,418,420,423,426,427,428,437,440,448,453,455,456,457,459,464,466,467,470,471,473,474,478,479,483,484,485,486,494,497,500,501,504,505,509,510,512,516,519,522,523,524,528,531,541,548,556,557,559,561,563,566,567,578,579,580,582,583,584,589,592,597,601,602,603,608,610,618,621,627,631,632,633,634,638,647
OX33,250,251,254,256,257,258,261,268,271,273,275,276,277,279,295,298,300,301,304,307,308,315,319,322,329,334,336,339,344,348,355,357,358,359,364,368,369,374,377,379,382,383,389,392,394,395,398,400,402,413,417,418,421,423,426,428,429,430,431,433,438,441,442,447,449,455,456,461,463,470,471,472,473,474,476,478,483,484,485,489,492,493,494,495,497,500,504,505,510,518,524,531,532,533,534,536,537,538,549,553,554,555,560,561,570,571,574,575,582,585,586,587,588,594,596,597,598,600,601,603,605,606,607,611,612,613,616,620,622,625,626,628,631,638,640,641,643,645
OX34,270,272,278,282,295,303,329,332,358,379,400,429,477,495,528,536,539,557,560,582,587,594
OX35,262,265,278,279,280,295,296,297,303,319,329,330,332,358,379,384,401,402,403,429,432,441,445,448,514,516,519,520,536,539,557,560,561,563,567,594
OX36,251,254,257,261,263,265,271,273,276,281,290,291,294,295,300,301,303,304,315,316,323,325,326,328,334,339,346,347,348,357,359,361,362,364,368,369,371,373,375,379,381,385,386,387,388,389,392,395,405,407,410,411,415,417,419,420,421,427,430,431,432,433,435,437,440,441,449,457,461,463,465,467,471,473,476,479,481,482,486,489,492,493,495,496,501,503,509,519,522,523,524,528,529,532,533,536,538,539,541,543,544,548,553,557,558,559,563,566,567,568,570,571,572,574,575,578,579,580,582,583,585,588,594,596,598,602,605,606,607,608,610,612,613,615,616,618,620,621,622,624,627,628,632,633,634,640,641,642,646,647
OX37,252,267,268,275,277,303,314,316,318,320,327,328,332,335,341,359,368,371,374,379,381,385,388,390,391,395,404,409,411,419,428,447,453,457,464,465,466,472,477,480,489,496,503,512,518,522,524,526,528,529,534,536,538,539,554,555,557,558,572,583,584,586,589,592,594,596,603,605,606,607,611,622,624,627,628,631,640,643
OX38,255,256,264,265,268,271,273,277,278,280,291,293,294,296,297,300,301,307,308,309,313,314,315,316,317,321,323,324,328,329,330,332,334,336,339,344,347,358,360,365,368,371,375,378,381,382,383,384,385,388,389,393,394,395,400,401,403,405,411,413,419,422,427,428,429,432,438,441,442,445,447,448,449,456,457,463,468,471,473,474,476,478,481,483,484,485,496,500,503,505,514,516,517,519,520,522,524,528,529,531,532,533,534,537,539,543,544,546,547,548,549,551,554,555,558,567,570,571,572,574,575,578,579,580,583,584,589,597,601,602,603,605,607,614,620,621,624,625,626,627,629,634,639,646
OX39,287,316,317,356,359,361,385,388,404,447,475,476,480,496,529,558,572,624
OX40,263,265,322,347,405,410,420,430,440,445,519,520,548,567,578,579
OX41,277,279,290,295,297,322,347,387,400,405,410,420,430,441,482,517,546,548,554,561,563,578,579,600,614,642
OX42,319,324,329,358,384,403,448,516
OX43,265,278,279,280,282,295,296,297,300,301,323,328,329,330,334,346,358,368,379,389,390,391,401,402,411,417,429,432,434,441,445,453,457,477,514,519,520,522,536,539,560,561,563,567,583,587,590,594,603,627
OX44,264,273,278,280,294,295,296,297,303,304,307,308,316,317,318,324,329,330,332,335,336,347,358,361,379,382,384,385,394,398,400,401,403,404,405,410,413,421,438,447,448,470,472,476,477,478,480,483,492,493,496,514,516,518,519,526,529,531,536,537,538,539,557,558,563,570,572,574,578,588,594,596,597,600,601,611,613,624,625,643
OX45,275,276,279,290,294,295,297,303,314,316,318,320,321,322,328,332,347,359,368,374,379,381,382,385,387,388,390,391,395,400,404,405,410,411,419,420,427,430,438,441,453,457,472,480,482,496,503,512,517,518,522,524,528,534,536,539,546,548,557,558,561,563,568,572,578,579,583,584,586,589,592,594,600,603,605,607,614,627,628,642
OX46,279,282,300,301,303,322,323,328,329,332,334,346,347,358,368,389,390,391,398,400,402,405,410,411,417,429,430,432,434,441,453,457,477,483,522,531,557,560,561,563,570,574,578,583,587,590,603,627
OX47,215,241,268,271,276,282,290,301,307,308,312,313,314,316,318,320,323,332,334,335,336,360,367,373,375,377,379,381,383,385,386,387,388,389,390,391,393,395,400,406,407,417,419,424,427,428,429,432,435,437,442,446,453,468,471,472,473,479,481,482,486,496,497,503,509,510,512,518,521,524,526,528,534,536,537,538,540,543,544,549,558,559,572,576,584,589,591,592,594,596,599,600,605,606,607,608,617,625,626,642,644,645,646,647
OX48,254,257,269,281,282,290,291,293,294,298,299,301,307,308,312,313,314,316,318,320,322,332,335,336,348,355,360,362,364,367,368,369,373,375,378,379,381,383,385,386,387,388,390,391,404,406,407,410,417,419,422,423,424,427,428,429,435,436,437,441,442,446,447,453,455,461,468,472,479,480,481,482,486,494,496,497,501,503,509,510,512,518,526,528,534,536,537,538,541,543,544,549,558,559,572,576,584,589,591,592,594,596,598,599,600,605,606,607,608,616,618,625,626,631,632,638,641,642,644,645,646,647
OX49,271,278,280,282,290,295,296,297,300,304,315,316,318,322,328,329,330,332,339,346,347,358,359,361,368,375,383,385,387,398,400,401,405,411,415,417,418,421,422,423,428,429,430,441,442,447,449,456,457,463,474,477,481,482,483,492,493,496,505,514,519,522,529,531,532,533,539,543,544,549,558,560,563,570,571,572,574,575,578,580,583,587,588,603,605,606,607,613,615,620,624,626,627,628,642,646
OX50,267,268,276,281,284,291,294,295,306,309,316,317,321,323,325,326,327,334,335,344,346,353,357,359,361,365,381,382,383,385,386,388,396,404,407,416,418,423,432,433,434,435,438,461,470,471,473,475,476,477,479,480,489,491,496,503,508,523,526,538,539,547,549,551,555,558,566,568,572,590,596,603,606,611,621,622,629,631,632,633,639,640,643,647
OX51,278,280,282,295,296,300,301,304,315,316,322,323,328,329,330,334,339,346,347,358,359,361,368,379,385,390,391,401,402,404,405,411,415,417,418,420,421,422,423,429,430,432,434,441,447,449,453,456,457,463,471,473,474,477,480,492,493,496,505,514,517,519,522,529,532,533,536,539,546,548,558,560,563,571,572,575,578,579,580,583,587,588,590,594,600,603,613,614,620,624,627,646
OX52,272,281,282,297,325,326,329,358,398,402,420,424,429,446,477,483,495,498,523,528,531,535,548,560,565,566,570,574,576,579,582,587,599,644
OX53,281,284,291,295,300,303,306,309,314,315,316,317,320,323,325,326,328,332,334,335,344,346,348,353,357,361,365,368,369,383,385,386,389,390,391,396,404,407,410,411,416,419,422,427,431,432,433,434,435,447,453,456,457,461,463,470,472,474,475,476,477,479,480,491,505,508,512,518,522,523,526,528,534,538,539,547,549,551,557,566,583,584,589,590,592,596,611,618,627,628,629,632,633,639,643,647
OX54,269,276,282,290,293,295,298,299,301,306,307,308,312,314,315,316,317,318,320,325,326,332,335,336,346,348,355,357,359,360,361,367,368,369,375,378,379,385,387,390,391,400,406,410,416,417,419,422,423,424,427,428,429,433,437,442,446,453,461,463,468,472,475,476,481,482,491,494,497,508,510,512,518,523,526,528,529,534,536,537,538,539,543,544,559,566,576,584,589,591,592,594,596,599,600,603,605,606,607,608,615,618,624,625,626,633,634,638,642,644,645,646
OX55,195,276,290,294,297,301,303,311,313,314,316,318,320,321,323,328,334,346,359,368,375,381,382,385,387,388,390,391,393,395,398,400,402,404,411,419,420,427,432,438,453,457,472,480,482,483,489,496,503,512,517,518,522,524,528,531,534,546,548,557,558,564,568,570,572,574,579,583,584,586,589,592,600,603,605,607,614,615,622,627,628,631,640,642
OX56,273,276,284,291,294,309,313,315,316,318,335,342,344,348,353,358,360,365,369,382,385,386,389,393,395,396,404,410,422,431,434,437,438,456,463,468,470,474,477,479,480,489,505,524,526,529,538,547,551,559,560,568,590,596,611,615,618,622,624,629,631,634,639,640,643,647
OX57,268,282,291,294,298,300,306,308,311,313,316,317,321,322,323,329,332,334,336,339,344,355,357,358,361,362,368,371,375,382,385,387,389,390,391,400,405,410,416,417,418,419,423,427,428,429,431,432,433,434,436,437,438,441,442,445,447,453,455,456,461,465,467,474,475,477,481,482,484,485,489,491,492,493,494,496,497,500,501,505,508,509,510,520,528,529,532,534,537,541,543,544,558,559,560,564,568,570,572,574,586,587,590,598,602,603,606,608,610,613,615,622,624,625,626,638,640,645
OX58,256,293,321,355,378,415,418,431,456,474,484,485,505,555,606,618,621,638
OX59,332,346,375,379,389,404,471,473,480,536,543,544,594,615
OX60,276,290,291,295,298,300,301,306,308,311,314,317,318,320,321,322,323,329,334,335,336,339,342,346,355,359,360,361,362,366,368,379,383,389,390,391,395,399,404,405,409,410,416,418,419,423,427,428,429,431,432,435,437,441,442,445,447,453,456,461,464,467,468,471,472,473,474,475,476,477,480,481,484,485,489,491,492,493,494,497,498,500,501,505,508,509,510,512,513,517,518,520,524,526,529,532,535,536,537,538,539,541,546,549,553,559,564,568,581,584,585,586,587,589,592,594,596,598,600,605,606,607,608,610,613,614,615,621,622,624,625,626,628,632,638,640,642,645
OX61,284,298,300,308,309,311,313,314,315,320,321,322,323,329,334,336,339,342,346,348,353,355,357,360,362,365,368,369,371,379,381,386,387,388,390,391,393,396,400,404,405,418,422,423,428,429,432,433,434,438,441,442,445,453,463,465,467,468,470,471,472,473,479,480,481,482,484,485,492,493,494,496,497,500,501,503,509,510,512,518,520,529,532,536,537,541,547,551,553,558,564,570,572,574,584,585,586,587,589,590,592,594,598,602,603,606,608,610,611,613,618,624,626,628,629,631,634,638,639,643,645,647
OX62,290,294,295,297,301,307,308,312,318,336,342,344,357,358,359,366,367,368,371,382,383,387,388,393,398,399,400,402,404,406,407,409,419,420,424,427,429,433,435,436,437,438,446,455,464,465,476,480,482,483,497,498,503,510,513,531,535,537,539,548,549,553,559,560,576,579,581,585,591,599,600,602,605,607,608,621,625,632,642,644,645,646
OX63,282,291,293,294,295,297,300,309,311,312,313,321,322,335,339,360,361,362,365,366,367,378,379,381,382,384,387,388,389,394,398,399,400,402,403,405,407,409,410,417,418,420,423,424,426,429,431,436,437,441,445,446,455,464,467,468,470,471,473,476,478,482,483,484,485,492,493,500,501,503,504,509,513,516,517,520,526,528,531,532,534,536,538,539,541,546,547,548,551,559,564,570,574,576,579,580,581,586,587,594,596,597,598,599,601,610,611,613,614,618,621,625,628,629,631,633,639,643,644,646
OX64,291,293,294,295,297,303,307,308,309,311,315,321,322,328,329,335,336,339,342,344,346,348,357,359,360,361,362,365,366,369,375,378,381,382,383,384,387,390,391,393,394,395,398,399,400,402,403,404,405,406,409,411,420,422,426,429,433,434,435,436,437,441,445,453,455,456,457,463,464,467,468,470,471,473,474,477,478,480,482,483,484,485,489,492,493,497,498,500,501,504,505,509,510,513,516,520,522,524,526,528,529,531,532,534,535,537,538,539,541,543,544,547,548,549,551,557,559,564,568,570,574,579,580,581,583,586,590,591,596,597,598,601,603,608,610,611,613,621,622,624,625,627,628,629,632,633,639,640,643,645
OX65,293,294,295,297,298,308,309,312,323,334,336,344,346,355,357,359,361,365,366,367,368,371,378,381,382,384,388,389,390,391,393,394,398,399,402,403,404,407,409,419,420,424,426,427,428,432,433,434,436,437,438,442,446,453,455,456,464,465,470,474,476,478,480,481,483,494,497,503,504,505,510,513,516,517,531,537,539,546,547,548,551,553,559,576,579,580,581,585,587,590,597,599,601,602,603,606,608,611,614,618,621,625,626,628,629,633,638,639,643,644,645,646
OX66,300,303,328,346,368,375,379,381,388,389,390,391,404,411,453,457,471,473,476,480,503,522,528,534,536,543,544,557,583,594,603,615,627,628
OX67,294,306,313,317,329,335,348,358,359,360,361,369,382,389,395,404,416,434,436,437,455,461,468,475,477,480,489,491,496,508,524,526,529,538,553,558,559,560,568,572,585,587,590,596,615,622,624,625,631,640
OX68,295,303,307,308,312,313,315,328,336,342,344,346,348,357,358,359,367,368,369,375,381,383,389,393,395,400,404,406,407,410,417,418,422,423,424,429,431,433,434,435,446,456,457,463,474,480,489,497,498,505,510,517,522,524,528,529,534,535,537,539,543,544,546,549,557,560,568,576,590,591,599,608,614,618,622,624,627,628,631,632,640,644,645,646
OX69,304,315,329,335,339,342,344,357,359,360,361,371,381,383,388,389,410,415,418,419,421,422,423,427,428,429,433,435,438,442,445,449,456,463,465,467,468,471,473,474,476,477,492,493,496,498,503,505,517,520,526,532,533,535,538,546,549,558,563,570,571,572,574,575,580,587,588,596,600,602,603,608,610,613,614,620,621,626,632,646
OX70,297,306,315,316,317,342,344,357,358,359,361,381,383,385,388,393,398,402,404,410,416,418,420,422,423,429,431,433,434,435,436,447,455,456,461,463,471,473,474,475,476,480,483,491,496,498,503,505,508,529,531,535,548,549,553,558,560,570,572,574,579,585,590,603,615,618,624,632
OX71,298,309,311,312,313,315,317,321,322,329,358,359,362,365,367,373,377,383,386,387,394,404,407,410,411,415,417,422,423,424,426,428,429,434,435,436,438,441,442,446,455,456,463,470,471,472,473,474,476,478,479,480,481,482,484,485,486,492,493,494,496,497,498,501,504,505,509,510,517,518,533,535,541,546,547,549,551,558,560,564,572,576,580,583,586,587,588,590,599,601,603,606,608,611,613,614,615,618,626,628,629,631,632,633,639,643,644,645,646,647
OX72,303,308,312,314,317,320,323,328,334,336,339,342,348,355,357,358,359,360,364,367,369,371,375,377,383,389,393,394,400,404,405,407,410,415,417,418,424,426,432,433,435,436,445,446,455,456,457,465,467,468,471,473,474,478,480,498,500,504,505,512,517,520,522,528,529,532,533,534,535,537,543,544,546,549,553,557,560,570,574,576,580,584,585,588,589,592,598,599,601,602,603,610,614,624,627,628,632,633,634,638,644,646
OX73,307,308,312,313,314,315,320,336,342,344,357,358,360,367,368,371,383,388,393,395,398,406,407,410,418,422,423,424,431,433,434,435,446,456,463,468,471,472,473,474,489,496,497,498,503,505,510,512,517,518,524,535,537,546,549,558,560,568,572,576,584,589,590,591,592,599,602,608,614,615,618,622,631,632,640,644,645,646
OX74,301,306,316,317,322,323,329,334,335,342,346,347,355,360,361,364,371,373,385,386,393,400,404,405,410,416,418,419,427,428,429,430,431,432,436,438,441,442,445,447,455,456,461,465,467,468,472,474,475,476,477,479,480,486,491,500,505,508,518,520,526,529,538,553,570,574,578,585,587,596,602,608,610,615,618,621,624,626,638,647
OX75,280,306,314,317,320,344,348,355,357,359,360,361,364,369,371,373,381,383,386,388,389,393,401,416,418,420,429,431,433,434,435,436,455,456,461,468,474,475,476,479,483,486,491,496,498,500,503,505,508,512,519,529,535,548,549,553,558,570,572,574,579,584,585,589,590,592,602,603,615,618,624,632,638,647
OX76,306,312,313,315,335,339,348,355,360,361,364,367,368,369,371,377,381,389,394,395,405,406,407,415,416,419,422,423,424,426,427,428,429,431,436,438,442,445,446,455,461,463,465,467,468,470,471,472,473,475,476,477,478,489,491,497,500,504,508,510,518,520,524,526,529,532,533,538,553,568,570,574,576,580,585,588,591,596,598,599,601,602,603,610,611,618,621,622,624,626,631,638,640,643,644,645
OX77,389,404,434,480,590,615
OX78,311,312,314,315,316,317,318,320,321,322,329,339,342,347,348,359,360,367,369,371,373,377,381,385,386,390,391,394,398,406,407,410,411,415,417,418,422,423,424,426,429,430,434,438,441,446,447,453,456,463,468,470,471,472,473,474,476,478,479,486,496,497,504,505,510,512,518,532,533,558,564,572,576,578,580,583,584,586,587,588,589,590,591,592,598,599,601,602,605,607,608,611,615,642,643,644,645,647
OX79,312,329,358,398,406,407,424,429,446,465,470,560,570,574,576,587,591,599,608,611,643,644
OX80,341,361,365,367,384,394,403,409,418,426,428,431,464,470,474,478,504,516,547,551,580,587,597,601,611,618,621,629,639,643
OX81,322,329,342,348,355,359,361,362,364,367,368,369,373,381,384,386,393,394,395,398,403,404,410,422,426,436,441,455,465,472,476,478,479,480,486,489,496,497,500,501,504,509,510,516,518,524,529,541,558,568,570,572,574,580,597,598,601,603,622,624,638,640,645,647
OX82,308,313,314,320,329,336,342,357,360,366,371,383,388,390,391,393,395,399,404,406,409,411,417,429,433,435,453,464,465,468,470,472,480,489,496,497,498,503,510,512,513,517,518,524,535,537,546,549,558,568,570,572,574,581,583,584,587,589,591,592,602,603,606,611,614,622,631,632,633,634,640,643,645,646
OX83,314,315,317,318,320,324,329,335,344,355,357,358,359,361,362,364,367,373,383,386,387,388,390,391,393,394,395,405,411,413,417,419,422,423,426,427,430,433,434,435,436,438,445,448,449,453,455,463,467,471,473,476,477,478,479,482,486,489,492,493,496,497,498,500,501,503,504,509,510,512,517,520,524,526,535,538,541,546,549,558,568,571,572,575,583,584,587,589,590,592,596,598,601,603,605,606,607,608,610,613,614,615,620,621,622,632,638,640,642,645,646,647
OX84,324,339,342,344,347,358,366,367,368,373,377,384,386,390,391,394,399,403,406,409,411,413,415,417,426,431,448,449,453,464,470,472,476,478,479,486,504,513,516,518,532,533,571,575,578,581,583,587,588,591,597,598,601,603,606,611,618,620,633,634,643,647
OX85,315,317,318,329,335,339,347,348,355,357,358,360,361,362,364,366,368,369,371,377,381,384,387,393,395,398,399,403,405,406,409,415,419,422,423,427,430,431,433,434,436,438,445,455,463,464,467,468,470,471,473,477,482,489,492,493,497,498,500,501,509,510,513,516,517,520,524,526,529,532,533,535,538,541,546,560,568,578,581,588,590,591,596,597,602,603,605,607,608,610,611,613,614,615,618,621,622,624,633,634,638,640,642,643,645,646
OX86,388,390,391,476,503,628
OX87,309,317,318,329,342,344,347,348,355,357,361,362,364,365,366,368,369,377,383,384,387,390,391,393,395,399,403,404,405,406,409,410,415,430,433,435,436,438,445,455,456,464,467,474,480,482,484,485,489,492,493,494,497,498,500,501,505,509,510,513,516,517,520,524,529,533,535,541,546,547,549,551,568,578,581,588,591,597,605,607,608,610,613,614,618,621,622,624,628,629,632,633,638,639,640,642,645,646
OX88,317,318,329,335,339,342,347,348,355,357,362,364,365,366,367,368,369,371,377,383,387,390,391,393,394,395,399,404,405,406,409,410,415,419,426,427,430,431,433,435,436,438,445,455,456,464,465,467,477,478,480,482,489,492,493,497,498,500,501,504,505,509,510,513,517,520,524,526,529,532,533,535,538,541,546,547,549,551,568,578,580,581,587,588,591,596,601,605,607,608,610,613,614,618,621,622,624,628,629,632,633,634,638,639,640,642,645,646
OX89,342,355,358,360,361,364,365,367,373,384,386,394,398,403,426,456,465,468,470,478,479,486,500,504,505,516,547,551,560,580,587,597,601,602,611,629,638,639,643,647
OX90,316,318,335,339,344,347,348,355,357,359,361,362,364,365,369,371,373,383,385,386,387,393,395,405,411,415,417,418,419,422,427,430,433,435,436,438,445,447,449,453,455,465,467,470,474,477,479,482,486,489,492,493,496,497,498,500,501,509,510,517,520,524,526,532,533,535,538,541,546,547,549,551,558,568,571,572,575,578,580,583,588,596,598,603,605,606,607,608,610,611,613,614,620,621,622,628,629,632,638,639,640,642,643,645,646,647
OX91,313,329,344,348,358,359,361,366,369,381,390,391,393,395,398,399,404,406,409,411,415,417,429,431,449,453,464,465,470,480,484,485,489,494,496,497,510,513,524,529,533,558,560,568,570,571,572,574,575,580,581,583,587,588,591,606,611,620,622,624,631,633,634,640,643,645
OX92,329,344,355,358,364,366,368,373,381,383,386,398,399,406,409,411,417,418,429,431,435,453,456,464,465,470,474,479,486,500,505,513,549,560,570,574,581,583,587,591,606,611,618,628,632,633,634,638,643,647
OX93,344,355,361,364,366,367,368,373,381,383,384,386,394,399,403,406,409,411,417,418,426,431,435,453,456,464,470,474,478,479,486,500,504,505,513,516,549,580,581,583,587,591,597,601,606,611,618,628,632,633,634,638,643,647
OX94,318,335,347,348,355,357,361,362,364,366,369,371,373,383,386,387,393,395,399,404,406,409,411,415,417,418,419,427,430,433,435,436,438,449,453,455,456,464,465,470,472,474,476,477,479,480,482,484,485,486,489,492,493,494,497,498,500,501,505,509,510,513,517,518,524,526,529,533,535,538,541,546,549,568,571,575,578,580,581,583,588,591,596,598,603,605,606,607,611,613,614,618,620,622,624,628,632,633,634,638,640,642,643,645,646,647
OX95,361,373,377,381,383,386,390,391,410,415,418,422,435,449,456,472,474,476,479,484,485,486,494,505,518,533,549,571,575,580,588,598,603,618,620,628,632,647
OX96,339,359,366,368,390,391,399,405,409,411,417,418,422,428,431,438,442,445,453,456,464,467,472,474,476,484,485,494,496,505,513,518,520,532,558,572,581,583,603,606,608,610,621,626
OX97,347,348,362,366,369,381,390,391,393,395,399,404,405,409,411,417,418,422,428,430,431,436,438,442,445,453,455,456,464,467,474,480,489,497,501,505,509,510,513,520,524,529,541,568,578,581,583,598,606,608,610,618,621,622,624,626,640,645
OX98,383,417,549,603,628,632
OX99,355,359,360,364,377,381,390,391,410,411,417,422,428,429,438,442,453,468,472,476,496,497,500,510,518,558,570,572,574,583,598,602,606,626,638,645
OX100,323,334,359,360,365,367,373,377,381,384,386,390,391,393,394,398,400,403,404,410,415,417,422,426,428,429,431,432,435,436,438,442,449,455,456,465,468,470,478,479,480,484,485,486,494,496,504,505,516,533,547,551,553,558,571,572,575,585,587,588,597,598,601,602,611,620,621,626,629,639,643,647
OX101,359,365,366,367,373,377,381,384,386,390,391,394,399,403,409,410,417,422,426,428,435,438,442,449,456,464,470,472,476,478,479,486,496,504,505,513,516,518,547,551,558,571,572,575,581,587,597,598,601,611,620,626,629,639,643,647
OX102,360,366,368,373,377,386,390,391,399,405,409,410,415,417,429,431,435,445,464,467,468,472,476,479,484,485,486,494,497,510,513,518,520,533,570,574,581,588,598,602,603,608,610,621,645,647
OX103,368,373,377,386,390,391,410,415,417,418,422,435,456,472,474,476,479,484,485,486,494,497,505,510,518,533,588,598,603,618,645,647
OX104,348,362,366,369,373,377,386,393,395,399,404,405,409,410,411,415,428,431,435,436,438,442,445,453,455,464,467,472,476,479,480,484,485,486,489,494,497,501,510,513,518,520,524,529,533,568,581,583,588,598,606,608,610,621,622,624,626,640,645,647
OX105,365,367,381,384,390,391,394,403,405,411,415,417,422,426,431,445,449,453,456,467,470,472,476,478,484,485,494,497,504,505,510,516,518,520,533,547,551,571,575,583,587,588,597,601,606,608,610,611,620,621,629,639,643,645
OX106,366,381,390,391,399,405,409,411,415,417,418,422,445,453,456,464,467,472,474,476,484,485,494,497,505,510,513,518,520,533,581,583,588,606,608,610,618,645
OX107,373,377,381,386,390,391,410,415,417,418,422,435,456,472,474,476,479,484,485,486,494,505,518,533,588,598,618,647
OX108,381,390,391,411,415,417,431,453,472,476,484,485,494,497,510,518,533,583,588,606,621,645
OX109,335,367,371,384,394,403,419,426,427,449,465,477,478,504,516,526,538,571,575,587,596,597,601,620
Z0,0,552,553,585
Z1,1,88,222,511
Z2,2,253,550,635
Z3,3,348,447,529
Z4,4,554,607,642
Z5,5,328,439,522
Z6,6,225,347,578
Z7,7,222,227,595
Z8,8,188,229,349
Z9,9,66,220,623
Z10,10,374,564,586
Z11,11,223,228,338
Z12,12,509,541,617
Z13,13,16,202,515
Z14,14,29,55,637
Z15,15,165,221,412
Z16,16,67,458,637
Z17,17,411,527,583
Z18,18,304,561,563
Z19,19,370,446,644
Z20,20,177,384,403
Z21,21,356,416,475
Z22,22,217,487,577
Z23,23,212,387,482
Z24,24,235,493,613
Z25,25,92,139,562
Z26,26,272,392,495
Z27,27,167,183,236
Z28,28,125,235,237
Z29,29,227,547,639
Z30,30,437,468,602
Z31,31,405,410,422
Z32,32,364,377,486
Z33,32,33,215,241
Z34,34,239,478,601
Z35,35,197,215,521
Z36,36,105,379,536
Z37,37,175,489,622
Z38,38,133,233,310
Z39,39,51,249,556
Z40,40,244,333,530
Z41,41,193,558,572
Z42,42,200,283,349
Z43,43,50,52,619
Z44,44,228,538,596
Z45,45,277,515,554
Z46,46,269,299,331
Z47,47,116,497,510
Z48,48,113,166,525
Z49,49,93,231,507
Z50,43,116,198,370
Z51,51,168,424,576
Z52,52,145,285,636
Z53,53,186,219,350
Z54,54,121,249,459
Z55,14,418,456,629
Z56,56,182,189,372
Z57,57,187,214,460
Z58,58,144,330,514
Z59,59,262,323,432
Z60,60,261,526,596
Z61,61,101,223,243
Z62,8,62,353,396
Z63,63,103,336,537
Z64,12,64,552,630
Z65,65,201,527,619
Z66,66,216,395,524
Z67,13,59,352,573
Z68,68,268,395,568
Z69,69,278,522,557
Z70,70,225,279,561
Z71,71,203,254,641
Z72,72,255,420,579
Z73,73,87,529,624
Z74,74,104,257,616
Z75,75,246,259,444
Z76,76,312,565,644
Z77,77,143,226,502
Z78,78,146,240,635
Z79,79,147,241,540
Z80,80,123,489,640
Z81,81,242,288,487
Z82,82,121,335,526
Z83,83,258,323,334
Z84,84,283,584,589
Z85,85,176,484,485
Z86,86,284,353,507
Z87,73,256,415,533
Z88,88,286,540,617
Z89,89,194,352,488
Z90,90,263,401,519
Z91,91,319,413,448
Z92,25,388,472,476
Z93,93,200,218,454
Z94,94,303,332,375
Z95,95,107,178,209
Z96,96,136,251,612
Z97,97,162,207,542
Z98,98,182,252,466
Z99,99,102,456,505
Z100,100,161,445,520
Z101,101,139,245,506
Z102,23,102,202,354
Z103,63,248,365,629
Z104,2,74,238,630
Z105,105,159,289,354
Z106,106,120,141,160
Z107,53,107,122,469
Z108,108,123,211,462
Z109,109,124,498,535
Z110,3,110,496,558
Z111,90,111,304,421
Z112,112,132,176,593
Z113,48,158,163,164
Z114,114,267,327,372
Z115,115,161,165,439
Z116,47,270,278,296
Z117,117,157,362,501
Z118,19,118,266,511
Z119,119,175,376,425
Z120,106,122,173,450
Z121,54,136,142,351
Z122,92,120,457,627
Z123,108,290,421,600
Z124,124,325,351,566
Z125,125,317,361,580
Z126,126,268,313,631
Z127,79,127,446,599
Z128,128,189,339,532
Z129,129,391,417,628
Z130,130,138,513,581
Z131,131,255,589,592
Z132,132,377,509,598
Z133,133,151,234,380
Z134,134,280,402,483
Z135,135,431,494,618
Z136,96,234,491,508
Z137,137,151,399,513
Z138,130,322,441,567
Z139,61,103,611,643
Z140,140,306,340,491
Z141,141,329,516,587
Z142,142,546,604,614
Z143,9,77,145,414
Z144,18,58,220,499
Z145,143,181,348,369
Z146,78,185,437,559
Z147,127,153,155,609
Z148,148,344,357,634
Z149,149,152,467,610
Z150,150,309,418,474
Z151,137,277,295,539
Z152,152,402,514,531
Z153,153,497,556,645
Z154,140,154,345,408
Z155,155,362,622,631
Z156,156,407,591,633
Z157,157,276,294,625
Z158,158,313,393,436
Z159,5,159,543,544
Z160,160,381,417,603
Z161,100,296,330,569
Z162,97,274,576,599
Z163,113,289,434,590
Z164,42,164,170,199
Z165,15,459,495,582
Z166,55,162,166,545
Z167,167,297,420,519
Z168,168,270,272,565
Z169,169,359,438,624
Z170,170,325,343,523
Z171,171,195,375,543
Z172,172,423,473,544
Z173,173,287,388,503
Z174,174,326,523,545
Z175,119,273,559,625
Z176,112,426,571,580
Z177,177,472,502,518
Z178,178,368,603,632
Z179,179,187,328,457
Z180,6,180,571,575
Z181,181,345,404,480
Z182,98,148,409,464
Z183,183,219,449,620
Z184,184,273,318,605
Z185,185,284,373,647
Z186,186,230,383,549
Z187,11,57,412,550
Z188,99,188,331,525
Z189,128,224,248,490
Z190,190,252,419,427
Z191,191,341,366,464
Z192,192,206,360,468
Z193,193,261,451,612
Z194,75,89,206,425
Z195,195,311,482,642
Z196,196,232,517,546
Z197,35,479,609,647
Z198,33,85,198,397
Z199,199,263,440,452
Z200,163,314,369,524
Z201,201,293,485,494
Z202,67,346,590,615
Z203,64,71,213,443
Z204,204,321,555,586
Z205,205,210,247,604
Z206,72,86,192,209
Z207,118,207,406,591
Z208,208,292,314,584
Z209,194,329,342,358
Z210,126,210,274,343
Z211,4,80,242,488
Z212,81,212,365,551
Z213,203,244,251,392
Z214,214,320,337,512
Z215,197,231,293,378
Z216,205,211,216,452
Z217,217,282,335,477
Z218,218,350,548,579
Z219,27,360,429,560
Z220,76,144,239,636
Z221,60,221,257,641
Z222,1,250,258,458
Z223,36,179,390,391
Z224,44,56,308,537
Z225,70,265,443,567
Z226,34,134,226,363
Z227,7,245,403,516
Z228,180,224,492,493
Z229,229,460,471,473
Z230,109,230,416,508
Z231,10,50,94,569
Z232,111,196,575,620
Z233,233,379,408,594
Z234,82,336,613,646
Z235,28,308,359,572
Z236,236,413,430,578
Z237,237,339,415,484
Z238,117,238,373,486
Z239,146,382,419,538
Z240,49,271,383,632
Z241,147,455,501,553
Z242,243,371,427,512
Z243,40,149,366,581
Z244,62,240,320,592
Z245,204,246,605,607
Z246,37,39,247,577
Z247,38,503,549,628
Z248,250,436,455,542
Z249,115,213,315,463
Z250,30,190,442,626
Z251,253,291,315,423
Z252,138,254,306,461
Z253,131,398,574,602
Z254,87,275,374,414
Z255,41,104,302,340
Z256,83,322,430,541
Z257,259,295,400,432
Z258,260,547,551,573
Z259,262,324,448,595
Z260,21,24,232,451
Z261,264,394,397,504
Z262,26,265,445,610
Z263,20,266,394,478
Z264,267,318,438,442
Z265,68,276,385,447
Z266,46,355,378,500
Z267,135,271,298,481
Z268,184,275,568,640
Z269,65,256,327,555
Z270,45,300,332,536
Z271,69,528,534,582
Z272,279,297,305,531
Z273,84,280,401,623
Z274,281,298,433,535
Z275,282,338,528,627
Z276,264,285,533,588
Z277,91,286,426,504
Z278,110,154,287,356
Z279,288,290,614,646
Z280,291,364,396,500
Z281,292,337,363,562
Z282,169,294,382,616
Z283,281,299,326,454
Z284,269,474,532,618
Z285,300,321,453,606
Z286,301,334,461,585
Z287,0,302,316,385
Z288,17,129,303,557
Z289,191,305,570,574
Z290,307,367,506,601
Z291,174,309,633,634
Z292,310,411,453,481
Z293,311,462,499,564
Z294,156,312,467,608
Z295,208,389,434,471
Z296,316,393,404,615
Z297,317,496,518,588
Z298,114,344,431,621
Z299,319,384,450,597
Z300,324,358,469,560
Z301,150,466,470,643
Z302,333,407,424,566
Z303,301,346,539,594
Z304,22,342,386,435
Z305,341,428,444,626
Z306,347,410,463,598
Z307,355,490,593,638
Z308,357,380,433,530
Z309,361,449,475,597
Z310,307,406,470,639
Z311,368,510,521,583
Z312,371,398,465,483
Z313,171,405,520,563
Z314,381,435,534,645
Z315,31,387,492,600
Z316,389,390,476,480
Z317,399,428,606,621
Z318,400,429,441,570
Z319,367,409,465,608
Z320,172,422,505,638
Z321,440,498,517,548
Z322,260,477,587,611
OZ0,296,315,322,330,340,366,382,385,393,404,412,419,428,437,439,441,443,444,445,451,459,463,464,468,495,509,520,526,538,541,553,558,567,569,572,582,585,596,602,612,615,616,617,626,630,641
OZ1,374,405,439,462,482,497,499,510,520,528,534,563,582,586,619,642
OZ2,283,284,289,313,320,337,353,363,369,373,382,390,393,396,419,436,437,460,473,476,480,524,538,559,562,584,590,592,635,647
OZ3,239,270,274,276,284,304,322,323,325,328,331,332,336,337,338,342,346,349,351,352,353,354,358,359,362,364,365,380,384,385,386,391,393,394,403,404,405,407,409,410,411,417,419,421,432,435,437,438,441,443,445,448,456,458,461,463,465,469,470,471,472,478,482,486,492,500,501,502,506,508,509,511,512,513,515,518,520,522,523,525,526,527,528,530,538,541,542,543,544,545,546,547,553,556,557,559,560,561,563,565,566,567,569,573,576,581,582,583,585,587,590,591,592,595,601,608,611,612,613,617,624,625,627,628,636,638,639,647
OZ4,290,293,304,313,315,320,325,328,329,330,336,337,338,340,344,351,352,358,359,362,364,366,372,373,380,384,385,386,394,395,396,403,405,407,409,412,414,415,419,421,423,425,428,431,435,437,439,442,444,447,451,459,460,461,462,464,465,468,470,472,478,482,485,486,487,489,494,495,499,500,501,502,506,508,510,511,512,513,518,520,523,527,529,530,533,534,538,542,545,546,547,551,555,557,558,559,561,565,566,569,572,581,582,586,587,591,596,600,601,602,605,608,609,611,613,614,616,621,622,626,627,630,631,635,637,639,640,641,642,644,645,646
OZ5,276,284,304,315,323,325,328,329,330,331,336,337,338,340,346,349,351,353,354,359,362,364,365,366,376,380,382,384,386,394,403,405,407,409,410,412,421,428,432,435,438,444,448,451,456,458,459,461,464,465,468,469,470,471,472,478,482,486,492,495,497,500,501,502,506,508,511,512,513,515,518,523,525,528,530,544,545,546,547,557,558,559,560,561,563,565,566,569,572,581,587,590,591,592,595,596,601,602,608,609,611,613,615,616,624,625,626,627,630,637,638,639,641,644,645,647
OZ6,325,370,384,394,403,409,446,465,470,472,478,502,506,511,518,523,545,576,591,599,601,608,639,644
OZ7,270,272,295,304,306,320,321,328,329,330,332,337,340,342,352,358,366,370,376,379,392,402,408,411,412,428,446,451,460,462,467,481,488,491,495,497,503,512,513,514,515,526,531,536,539,549,550,556,557,558,561,563,569,572,581,594,596,599,607,609,610,612,621,628,642,645
OZ8,248,272,297,308,315,320,328,337,339,340,359,366,372,382,385,392,393,404,410,419,428,437,442,443,444,445,459,460,464,468,490,492,493,509,512,522,531,532,538,541,550,553,558,561,567,570,571,574,575,578,582,585,598,602,610,615,616,617,630,641
OZ9,362,364,377,455,479,486,501,540,553,622,631,647
OZ10,293,304,315,327,330,332,340,343,359,370,391,393,404,407,411,412,414,415,417,419,437,438,439,446,447,451,452,459,463,467,485,494,495,499,509,514,526,529,533,538,541,543,553,555,557,558,559,561,563,565,569,572,576,582,583,585,591,596,599,608,612,615,617,619,623,625,628,630,633,641
OZ11,272,289,295,306,308,321,322,323,329,331,336,337,338,339,340,344,345,346,348,349,350,351,354,356,365,366,370,372,373,378,379,380,382,386,390,391,392,394,396,408,410,412,416,417,425,426,428,431,432,435,436,439,441,442,443,445,446,447,448,449,455,456,458,461,463,469,471,473,476,478,479,481,483,488,491,492,493,494,495,496,498,500,502,503,504,507,508,510,518,519,522,525,529,530,531,534,536,539,540,541,542,543,544,547,549,550,555,558,559,560,561,562,566,567,571,573,575,576,579,583,585,586,587,589,591,593,594,595,596,597,598,599,601,605,607,608,609,610,611,617,620,627,633,635,638,644,645,647
OZ12,284,289,295,304,306,308,315,321,322,323,327,329,330,331,332,336,337,338,339,343,344,345,346,348,349,353,354,356,359,360,365,370,372,373,376,377,379,380,382,383,384,390,393,396,403,404,407,408,409,411,413,414,415,419,420,425,426,429,430,431,432,435,436,437,438,441,442,444,446,448,449,451,452,455,456,458,459,461,463,464,465,467,469,470,471,472,473,476,481,483,484,488,491,492,493,495,496,499,500,503,504,506,507,511,514,521,522,523,525,526,530,533,534,535,536,538,539,540,542,544,545,547,550,553,557,561,562,563,565,569,570,571,572,573,574,575,576,579,582,583,586,587,589,591,594,595,597,598,599,603,605,607,608,609,611,612,615,619,620,623,625,626,627,628,630,632,635,638,639,641,645,647
OZ13,289,308,315,320,323,328,329,330,331,336,338,339,340,343,344,345,346,348,349,350,351,354,356,365,366,372,373,378,380,385,386,390,393,394,396,402,404,407,410,412,416,419,425,426,428,431,432,435,436,437,439,442,444,447,448,449,452,455,456,458,459,460,461,464,468,469,471,473,476,478,479,483,488,492,493,494,495,496,498,500,502,504,507,508,509,510,512,513,515,518,519,520,525,527,529,530,534,538,540,542,544,547,553,554,555,557,558,559,560,561,562,565,566,569,571,573,575,579,581,582,586,587,589,593,595,596,597,598,601,602,605,607,609,611,615,616,620,621,623,626,627,630,635,638,641,644,645,647
OZ14,295,306,321,322,323,327,328,329,330,331,332,336,337,338,340,346,349,350,354,359,360,365,373,377,378,379,380,382,383,384,393,394,396,402,403,404,405,407,408,409,411,412,413,414,415,416,420,421,423,429,430,432,435,438,439,441,444,447,448,451,456,458,461,463,464,465,467,469,470,471,472,478,479,481,482,484,491,492,494,497,498,499,502,503,506,509,510,511,512,514,518,519,520,521,523,525,527,528,529,530,533,535,536,539,544,545,546,547,550,552,553,554,555,557,558,561,565,569,570,572,574,582,583,585,587,590,591,592,593,594,595,596,601,603,608,609,611,613,619,621,625,626,627,628,632,635,637,638,639,644,645,647
OZ15,274,329,342,352,358,364,370,376,377,394,403,413,426,446,448,450,472,478,479,486,502,504,518,542,573,576,597,599,617,637,644,647
OZ16,297,320,323,327,329,331,332,338,343,344,346,349,350,354,359,360,365,366,370,373,377,378,382,383,384,391,393,394,396,403,404,405,411,413,414,415,416,417,419,420,421,427,428,429,430,432,433,435,437,438,444,446,447,448,452,456,458,460,461,465,466,467,468,469,470,471,472,473,478,479,482,484,493,494,497,498,499,502,505,506,509,510,511,513,514,515,518,519,520,521,522,523,525,526,528,529,533,535,537,543,545,546,547,549,552,553,555,563,571,575,576,578,581,582,585,587,590,592,593,595,598,599,601,602,603,609,611,612,613,619,623,625,626,627,628,632,633,634,635,637,639,644,645,647
OZ17,304,306,308,313,320,328,329,336,337,339,340,342,343,350,352,358,364,369,370,372,373,377,378,380,385,394,396,401,403,404,405,408,409,410,413,414,416,417,421,425,426,427,431,433,435,442,446,448,451,452,455,457,460,462,463,464,466,473,476,478,480,482,486,491,492,494,497,498,499,500,503,504,505,507,510,512,519,522,524,527,528,530,533,537,538,540,541,542,544,546,552,553,555,558,559,571,572,573,576,579,580,582,586,588,593,598,599,603,605,613,616,621,627,634,635,637,638,642,644,645
OZ18,313,315,320,327,328,337,340,345,348,359,369,372,373,376,377,380,385,393,396,398,405,409,412,419,423,425,431,433,437,438,439,442,455,459,460,464,465,466,479,480,482,483,488,495,497,500,502,510,520,522,524,528,530,534,537,538,540,542,552,554,558,562,563,573,585,586,596,605,607,615,616,619,621,625,630,634,635,637,641,647
OZ19,306,308,320,327,330,331,332,336,339,340,345,348,349,350,359,364,383,385,391,394,398,401,403,407,408,410,411,413,414,416,418,419,421,423,426,427,431,433,435,437,438,448,457,465,466,467,470,473,476,478,479,481,483,486,490,491,492,498,499,500,502,503,504,505,507,509,512,514,519,520,521,523,526,532,533,534,535,543,544,545,546,555,557,558,559,561,562,565,569,571,579,580,583,588,591,592,598,603,608,609,612,613,616,617,619,623,625,627,628,632,634,635,643,644,645,647
OZ20,322,323,327,328,329,330,331,336,337,338,346,349,350,354,359,360,365,366,373,377,378,383,384,385,394,396,402,403,405,407,409,412,413,414,415,416,419,420,421,423,429,430,432,435,437,438,439,441,447,448,456,458,463,465,467,468,469,470,471,472,478,479,482,484,492,494,497,498,499,502,506,508,509,510,511,512,514,515,518,519,520,521,523,525,527,528,529,530,533,535,538,544,545,546,547,549,550,555,557,561,565,569,570,574,581,582,583,587,590,591,592,593,595,596,601,602,603,608,609,611,613,615,616,619,625,627,632,635,637,638,639,644,645,647
OZ21,308,315,320,327,329,330,332,336,337,339,340,342,345,346,348,350,352,354,358,359,364,376,378,391,393,394,398,401,403,404,407,410,411,413,414,416,419,421,423,426,427,435,437,438,439,448,457,458,459,460,463,465,467,473,476,478,479,483,486,492,494,495,498,499,502,503,504,505,507,514,519,520,526,533,534,536,541,546,550,553,555,557,558,559,561,562,565,569,571,573,579,580,582,583,585,588,590,591,593,594,598,603,608,612,613,619,623,625,627,628,630,633,637,638,641,644,645,647
OZ22,323,327,328,332,338,342,343,345,348,351,352,356,358,365,373,376,377,380,382,385,391,396,398,405,411,414,415,416,418,421,427,431,432,433,438,439,448,449,450,452,456,457,460,465,466,467,469,470,471,472,473,476,479,481,482,483,484,490,493,496,497,499,500,503,505,508,509,510,512,514,515,520,523,525,528,530,532,533,534,535,536,538,544,545,546,547,549,555,560,562,563,566,571,573,575,582,587,591,594,595,598,608,611,613,616,619,620,623,625,628,634,638,643,647
OZ23,320,327,329,330,332,337,342,344,345,346,348,350,352,354,356,358,364,376,378,380,382,385,391,394,398,401,403,407,409,411,412,413,414,415,419,421,426,433,435,437,438,448,449,457,458,460,464,465,466,467,476,478,479,483,484,486,493,494,496,498,499,502,503,504,507,509,514,518,519,530,533,534,536,537,538,544,546,550,555,557,559,561,562,563,565,569,571,573,575,579,583,590,591,593,594,596,597,598,603,608,613,615,616,617,619,620,623,625,627,628,633,634,637,644,645,647
OZ24,315,364,373,382,396,419,423,437,486,500,538,550,559,635
OZ25,327,329,330,332,336,342,344,350,352,358,359,364,376,378,380,382,385,391,401,403,407,409,410,411,413,415,417,419,421,423,427,433,437,438,447,448,450,462,464,466,467,472,473,478,479,484,486,488,492,494,498,502,505,507,509,514,518,519,520,529,530,537,543,544,546,554,555,557,559,561,565,569,571,579,580,583,588,591,593,597,598,607,608,613,616,617,619,623,625,628,633,634,638,642,644,647
OZ26,328,336,340,345,346,348,354,356,359,364,373,382,385,393,394,396,398,404,410,414,417,419,426,427,435,437,447,449,450,451,457,458,459,462,463,465,472,473,476,483,486,488,492,493,495,496,499,500,503,504,505,509,512,520,522,526,529,533,534,536,541,543,553,554,558,559,562,563,572,573,575,580,582,585,588,590,594,603,607,612,616,617,620,627,630,637,638,641,642,645
OZ27,329,330,331,332,337,342,344,345,348,349,350,352,356,358,359,364,365,366,373,377,380,382,383,385,386,391,393,396,398,401,403,404,407,409,411,413,414,416,421,428,433,435,444,447,448,449,456,457,461,465,466,467,468,471,473,476,478,483,486,493,496,498,499,502,503,505,507,510,513,514,518,519,521,525,526,527,529,530,533,534,536,537,544,546,549,551,552,553,557,559,561,562,563,565,569,575,579,580,581,585,588,591,592,594,597,602,608,612,613,615,616,617,620,623,626,627,628,632,633,634,644,645
OZ28,330,331,332,337,338,340,344,349,350,354,364,376,378,379,382,384,394,398,402,403,405,407,410,411,412,416,421,423,425,426,427,431,435,436,439,449,451,455,456,459,462,465,467,468,471,472,473,478,479,482,486,490,493,494,495,497,498,502,503,504,506,507,509,510,512,514,518,519,522,525,528,532,537,538,540,542,543,544,546,550,551,552,555,557,558,561,563,565,569,571,572,573,575,579,583,585,586,589,590,591,593,594,596,597,598,601,602,603,605,608,611,613,615,620,621,626,627,628,629,630,633,635,637,638,641,642,643,644,645,647
OZ29,331,332,337,338,340,342,343,344,346,349,354,356,364,369,373,378,380,383,385,386,391,393,394,395,396,407,409,410,411,412,414,418,419,424,426,427,431,437,439,447,449,450,452,457,458,459,460,462,463,464,467,470,472,473,476,480,481,486,487,488,489,490,492,493,494,495,496,497,499,502,503,504,505,509,512,514,520,521,522,523,524,527,528,529,530,532,533,534,535,536,537,541,545,547,550,551,553,554,558,559,563,575,580,583,585,587,588,590,591,592,593,594,596,603,607,608,611,613,616,617,620,623,628,630,632,635,637,640,641,642,643,646
OZ30,332,336,340,342,343,344,354,356,365,366,369,373,378,379,382,383,384,385,393,395,396,398,401,402,405,407,411,413,417,424,425,427,428,431,435,436,439,444,447,448,452,455,457,459,461,464,465,467,472,473,476,479,480,482,487,488,489,494,495,496,502,506,513,514,520,521,524,529,532,534,536,537,538,540,542,544,547,549,551,553,554,555,558,559,563,581,582,586,587,589,590,591,592,601,603,605,607,608,609,613,616,617,621,627,628,629,630,632,633,637,640,641,643,645,646,647
OZ31,338,344,354,356,364,365,366,369,378,379,383,384,386,391,395,398,401,402,404,405,413,419,423,425,427,428,431,436,437,444,447,448,451,455,457,461,463,464,465,472,473,476,479,480,482,486,488,489,494,496,500,502,506,509,513,520,521,522,524,526,527,528,529,532,534,536,537,540,541,542,543,544,549,554,555,563,572,573,577,581,582,583,585,586,589,590,592,601,603,605,607,609,611,612,615,621,623,629,632,637,640,643,645,647
OZ32,340,344,345,348,359,369,373,380,385,393,394,395,396,398,409,410,412,414,419,426,433,436,437,439,455,459,462,463,464,465,466,473,479,480,483,488,489,490,495,497,499,500,502,504,505,512,520,524,530,533,537,538,540,541,542,544,550,553,554,558,559,562,563,571,573,577,580,582,585,588,593,596,598,607,609,615,616,617,630,634,635,637,638,640,641,642,645,647
OZ33,344,345,348,359,364,369,385,392,393,394,395,398,402,409,410,412,414,419,423,426,428,433,436,437,439,444,451,455,459,461,462,465,466,467,468,473,479,480,483,486,488,489,490,495,497,499,502,504,505,508,509,512,513,514,520,524,530,531,533,537,538,540,542,544,550,552,553,554,562,563,571,572,573,577,580,582,585,588,593,596,598,602,607,609,610,615,616,626,634,635,637,638,640,642,645,647
OZ34,345,346,348,354,359,365,369,378,383,395,398,404,427,431,433,451,458,465,466,480,481,483,489,490,494,497,500,502,505,512,521,523,524,526,532,535,537,538,545,551,562,572,573,577,590,593,612,615,629,632,633,634,637,638,640,645
OZ35,364,373,380,385,392,393,396,402,404,412,423,428,444,461,463,464,467,468,486,500,508,509,513,514,526,531,541,550,553,559,585,596,602,610,612,615,616,617,626,630,635,641
OZ36,346,354,365,366,376,377,378,380,386,392,394,401,403,413,416,418,420,423,426,431,433,448,450,456,458,460,463,466,467,470,471,472,473,481,483,490,494,502,504,505,507,508,509,510,514,518,523,525,531,532,535,541,545,549,551,552,573,579,581,583,590,593,597,601,603,609,610,615,623,630,633,634,637,638,641,643
OZ37,378,394,401,402,403,410,413,414,415,420,423,426,436,439,448,450,455,462,472,473,483,484,488,490,494,497,499,502,504,505,507,510,518,520,527,528,533,534,540,542,544,554,563,573,579,582,597,601,607,617,623,637,638,642
OZ38,321,336,356,366,369,376,377,379,380,382,383,386,395,401,402,403,404,410,411,412,413,414,416,417,418,419,420,435,437,439,447,448,449,451,453,456,457,459,460,462,463,464,468,470,471,476,480,481,483,489,492,493,495,496,497,499,500,505,507,508,509,510,518,520,521,524,525,526,529,533,534,537,538,541,544,550,552,554,555,563,572,575,577,579,580,581,582,583,586,588,594,596,597,601,602,605,606,609,612,620,621,623,626,627,628,629,630,632,635,638,640,641,642,643
OZ39,336,356,365,372,382,384,412,413,415,416,419,426,436,437,442,448,449,450,455,468,470,484,490,492,493,496,504,511,518,526,532,537,538,540,542,550,551,573,575,580,588,596,602,612,617,620,626,629,635,637,639,643
OZ40,343,354,356,360,372,382,383,385,393,394,401,402,404,405,407,409,413,416,419,420,423,424,426,428,429,431,432,433,437,439,441,442,444,449,452,463,464,465,466,467,468,473,481,482,487,490,492,493,496,500,504,506,507,508,510,513,514,515,518,520,521,527,528,530,534,538,539,541,544,552,553,560,563,570,571,574,575,577,579,582,590,591,593,594,597,598,601,602,608,613,616,620,632,633,634,643,645,646
OZ41,350,365,366,372,373,376,380,383,384,386,392,396,402,410,413,415,416,418,423,426,436,439,442,448,449,450,455,456,459,460,467,468,471,475,479,484,490,493,495,496,498,504,505,507,508,510,511,514,518,520,521,525,531,532,540,542,544,546,549,551,559,563,573,579,580,581,582,583,588,602,603,610,613,617,626,632,637,638,639,647
OZ42,356,365,366,372,373,376,377,382,383,384,385,386,393,394,396,401,402,403,404,414,415,418,419,420,428,437,442,444,450,456,460,461,462,464,471,473,479,483,484,488,496,499,507,509,510,511,513,518,521,525,532,533,538,549,551,552,553,554,559,571,579,580,581,583,585,593,597,598,601,603,607,615,616,623,632,639,642,647
OZ43,354,360,370,372,377,380,383,402,405,409,410,413,414,420,421,424,429,431,432,433,439,441,442,446,449,461,463,465,466,467,475,481,482,487,492,493,496,499,500,505,506,507,509,510,514,515,518,519,520,521,527,528,530,533,534,539,541,560,561,563,565,570,574,576,577,579,580,582,585,588,590,594,597,599,601,613,615,626,632,634,638,643,645,646
OZ44,366,372,373,376,377,380,383,385,386,393,396,401,402,403,404,409,410,412,413,414,416,418,419,420,423,427,428,431,433,436,437,439,442,444,448,450,455,456,460,461,462,466,470,471,472,479,483,488,490,497,499,502,505,507,509,513,518,520,521,525,526,528,530,533,534,540,542,544,549,550,552,553,554,555,559,563,571,573,579,580,581,582,583,585,588,593,596,597,598,601,603,607,612,615,616,617,619,621,623,629,632,634,635,637,638,642,643,647
OZ45,377,380,382,383,384,385,390,398,404,409,410,413,414,416,417,419,420,423,426,434,435,436,437,438,448,455,457,460,462,464,465,470,471,472,473,481,483,488,489,497,499,500,502,503,504,507,509,511,518,520,521,523,526,527,529,530,533,534,535,536,537,538,540,542,543,545,554,555,559,563,568,571,573,577,579,580,588,589,592,594,598,603,607,612,616,617,619,621,624,625,627,632,633,637,639,640,642,643
OZ46,373,382,390,392,393,396,398,402,410,412,414,416,417,419,420,428,431,433,434,435,436,437,438,444,450,455,457,460,461,462,463,467,468,471,472,473,479,483,488,489,494,497,499,502,503,506,507,508,513,514,518,520,527,529,530,531,533,534,536,537,538,540,541,542,543,550,553,554,555,563,568,571,573,577,579,580,585,588,589,591,592,594,596,597,598,601,602,603,607,608,609,610,615,617,618,619,621,624,625,626,627,630,633,635,637,640,641,642,643,647
OZ47,342,360,369,376,379,380,383,386,391,392,394,395,398,401,402,404,410,413,414,418,420,421,425,428,429,432,435,439,441,444,447,450,451,456,457,460,463,468,471,472,475,476,480,481,488,489,490,496,497,499,500,502,505,507,508,510,511,513,515,519,521,522,524,525,527,529,531,533,534,536,539,541,543,544,547,552,554,555,560,561,570,571,572,573,574,575,577,579,580,586,587,588,589,592,593,594,597,598,602,605,607,609,610,620,621,623,627,629,630,632,638,639,640,641
OZ48,365,369,379,380,382,390,392,393,395,398,402,404,410,412,414,415,420,423,427,428,431,433,434,438,444,447,451,459,460,461,462,464,465,466,467,468,471,473,476,480,481,483,484,488,495,497,499,500,503,507,508,510,513,514,520,523,524,527,528,531,532,533,534,535,536,537,538,543,545,549,550,551,552,553,554,559,563,568,572,579,585,589,592,593,596,602,607,610,615,624,625,626,628,629,633,634,635,642
OZ49,370,424,446,565,576,599
OZ50,376,380,382,385,392,393,394,402,404,410,419,423,425,426,428,437,438,439,444,449,450,451,459,461,464,467,468,472,473,487,492,493,495,497,502,504,505,508,513,514,518,520,531,538,544,552,553,559,563,572,575,577,580,582,585,602,609,610,613,615,616,620,624,625,626,638,645,646
OZ51,359,380,383,384,392,393,394,402,404,405,409,410,413,419,423,428,431,433,436,437,438,444,447,448,449,451,455,459,461,464,465,467,470,472,473,481,482,487,488,492,493,494,495,502,505,506,508,510,511,513,514,518,521,523,528,529,531,534,535,538,540,542,544,545,552,553,554,559,572,573,575,577,580,585,586,591,597,601,605,607,608,610,613,615,617,618,619,620,624,625,632,637,638,639,645,646
OZ52,380,383,384,392,393,394,402,404,405,409,410,413,423,428,431,433,436,444,447,448,449,451,455,459,461,464,465,467,470,472,473,481,482,487,488,492,493,494,495,502,505,506,508,510,511,513,514,518,521,523,528,529,531,534,535,540,542,544,545,552,553,554,572,573,575,577,580,585,586,591,597,601,605,607,608,610,613,615,617,618,619,620,632,637,638,639,645,646
OZ53,351,372,383,384,385,386,390,393,394,398,401,402,403,405,407,411,412,414,417,418,419,421,423,424,425,427,428,431,433,434,435,436,437,442,444,447,450,453,455,456,457,459,461,463,465,466,473,482,487,488,489,492,495,497,499,503,505,511,513,520,521,523,525,527,528,530,533,535,536,537,540,541,542,543,544,545,546,549,550,553,554,563,566,568,571,573,580,583,585,588,589,592,594,596,597,598,601,606,607,615,616,617,621,623,627,629,630,632,633,634,635,637,638,639,640,641,645,646
OZ54,369,379,383,392,395,401,402,404,414,416,417,421,435,439,447,451,457,459,475,476,480,489,495,496,497,499,518,519,520,521,524,529,531,533,534,549,561,563,572,575,577,582,588,594,603,610,620,623,627,628,632,640
OZ55,360,372,382,384,386,393,394,402,403,404,405,407,411,412,413,416,418,420,423,425,427,429,430,431,433,436,438,442,447,453,455,456,459,460,461,463,465,466,467,471,472,473,478,481,482,487,488,490,492,493,495,500,502,506,507,511,513,514,518,519,523,525,526,528,529,534,535,538,540,541,542,545,549,550,553,554,555,559,560,561,565,570,571,573,574,575,577,578,579,581,583,585,591,593,596,598,601,603,606,607,608,612,613,615,617,619,624,625,626,629,630,634,635,637,639,641,643,644,645,646
OZ56,402,407,467,478,483,514,565,591,601,608,633,644
OZ57,372,383,386,390,392,393,394,398,401,407,409,414,417,418,419,423,425,426,427,428,434,435,436,437,439,442,444,449,451,455,456,457,461,462,463,464,466,467,470,473,478,487,488,489,492,493,494,497,499,503,504,505,506,513,514,521,525,526,527,528,529,530,531,533,536,537,540,541,542,543,544,549,553,554,565,568,571,572,573,575,582,583,585,588,589,591,592,594,597,598,607,608,610,612,613,615,617,618,620,623,627,629,630,632,633,634,637,638,640,641,642,644,645,646
OZ58,384,385,386,390,391,392,404,407,409,411,412,413,414,416,420,425,426,430,431,432,433,434,438,439,441,448,449,453,457,459,460,462,464,465,470,471,472,478,483,489,490,494,495,497,499,500,502,503,504,505,506,507,510,511,513,515,518,519,520,522,523,526,528,529,531,533,535,539,544,545,550,559,561,563,565,568,577,578,579,581,583,588,593,594,596,597,603,606,610,612,616,618,620,621,624,625,627,628,633,635,638,639,640,642,644,645
OZ59,382,390,391,393,394,396,403,407,411,412,413,419,420,423,426,428,430,432,434,436,437,439,441,444,448,450,451,453,455,457,459,460,461,463,468,471,472,478,481,487,488,489,492,493,495,502,503,504,505,507,515,518,519,520,522,526,528,529,530,538,539,540,541,542,544,549,550,553,554,561,563,565,568,571,572,573,575,578,579,581,585,594,596,597,598,602,606,607,612,613,615,617,621,626,627,628,630,635,637,638,640,641,644,646
OZ60,348,383,385,386,390,391,392,393,401,403,405,410,411,412,413,414,416,420,421,423,425,428,430,432,434,438,441,444,448,450,453,457,459,460,461,467,471,472,473,475,481,482,483,487,489,490,492,493,495,496,497,499,500,502,503,507,514,515,518,521,522,526,529,530,531,533,534,539,550,552,553,559,568,578,579,580,581,582,583,585,586,588,591,593,594,596,597,601,603,605,606,608,610,612,613,615,616,619,620,621,623,624,625,627,628,632,633,635,640,646
OZ61,383,385,392,394,405,407,411,412,421,426,439,447,449,450,451,453,459,462,464,472,478,481,482,483,487,493,495,497,502,504,518,520,521,526,529,531,550,563,565,572,575,577,580,582,591,596,601,606,608,610,612,613,616,620,621,632,633,635,642,644,645,646
OZ62,385,391,392,398,401,405,407,410,411,412,416,417,420,423,430,431,432,433,435,438,441,447,449,453,459,467,468,473,478,481,482,490,494,495,497,500,505,506,507,508,509,510,513,514,515,519,520,522,527,529,531,536,537,539,543,544,549,550,555,559,561,563,565,571,578,579,580,581,582,586,589,591,592,593,596,597,598,602,603,605,606,608,610,616,617,618,620,623,624,625,626,628,633,635,638,643,644,645
OZ63,337,379,386,390,391,392,393,398,403,411,413,416,421,425,428,430,431,432,433,434,439,441,444,448,449,450,451,453,457,459,461,462,464,468,471,472,475,481,489,494,495,496,497,502,506,508,510,512,515,522,526,527,528,529,530,531,536,537,539,543,549,552,553,555,568,572,575,577,578,581,583,585,591,594,602,603,606,608,610,612,615,618,619,626,627,633,640,642,643,645
OZ64,386,390,398,401,404,405,415,417,418,425,434,435,436,447,450,455,457,460,464,466,467,468,470,471,472,481,482,483,484,488,489,490,494,497,502,503,505,506,508,509,510,514,518,520,523,526,532,534,535,536,537,540,542,543,544,545,549,554,555,563,568,571,573,577,580,583,586,588,589,592,594,597,598,601,602,605,607,612,618,621,623,626,627,633,634,637,638,640
OZ65,390,393,398,410,411,414,415,416,417,418,420,421,423,428,434,435,444,449,451,453,457,460,461,464,466,470,471,473,483,484,487,489,493,494,499,500,503,506,507,508,513,520,523,526,529,530,532,533,534,535,536,537,543,545,552,553,555,563,568,572,575,579,580,585,586,589,591,592,593,594,597,601,603,605,606,608,612,613,615,618,620,627,634,640,645,646
OZ66,391,394,403,405,407,413,414,415,417,418,421,426,428,431,433,436,444,448,450,455,466,470,472,478,482,484,488,490,492,497,499,502,504,510,513,518,520,522,523,528,530,532,533,534,535,536,539,540,542,543,545,554,555,563,565,573,582,583,586,597,605,607,617,621,628,633,634,637,643,644
OZ67,393,394,401,403,404,405,407,413,414,415,418,421,426,428,436,444,447,448,450,451,455,461,464,466,467,470,472,478,482,484,488,490,492,494,499,502,504,508,513,514,518,519,523,527,529,530,532,533,535,540,542,545,552,553,554,561,565,572,573,585,586,597,605,607,615,617,618,619,623,633,634,637,643,644
OZ68,394,396,401,403,407,410,413,414,415,418,420,426,431,433,436,439,448,450,455,459,462,463,466,467,470,472,473,478,484,488,490,495,499,502,504,505,507,509,514,518,520,523,532,533,535,540,541,542,544,545,552,554,563,565,573,579,582,591,597,607,608,623,630,634,637,638,641,642,643,644
OZ69,388,396,398,401,411,414,415,419,420,421,427,428,431,433,437,438,439,444,451,453,456,457,460,465,466,467,471,472,473,476,483,484,490,492,499,507,512,513,514,523,525,526,527,528,530,532,533,535,536,537,539,543,545,559,562,572,579,582,586,591,605,606,608,612,619,621,623,624,625,627,629,634
OZ70,401,403,405,407,413,421,423,430,432,436,441,448,449,455,461,462,463,467,473,478,482,488,492,505,513,514,515,519,540,541,542,544,554,561,565,571,573,578,580,581,585,591,597,598,607,608,617,620,623,633,637,638,642,644
OZ71,396,403,405,407,411,413,414,415,418,420,428,430,431,432,433,436,439,441,444,448,449,453,455,459,461,462,466,470,473,478,482,484,488,490,495,499,505,507,509,515,519,523,527,530,532,533,535,536,539,540,542,543,544,545,552,554,561,565,571,573,578,579,580,581,582,585,586,597,598,605,606,607,619,620,621,630,633,634,637,638,641,642,643,644
OZ72,392,403,405,413,421,423,430,432,436,439,441,448,449,455,459,461,462,463,473,482,483,488,492,495,505,513,515,520,531,540,541,542,544,554,563,571,573,578,580,581,582,585,597,598,601,607,610,617,620,637,638,642
OZ73,403,405,407,411,413,421,423,430,431,432,433,436,438,439,441,448,449,451,453,455,461,462,463,464,468,473,478,482,488,492,494,497,505,508,510,513,515,520,528,534,540,541,542,544,554,559,563,565,571,572,573,578,580,581,582,585,586,591,597,598,602,605,606,607,608,617,618,619,620,621,624,625,626,633,637,638,642,644
OZ74,398,405,410,411,415,416,418,420,423,424,426,428,430,432,435,441,444,450,453,466,472,473,478,481,482,483,484,487,492,493,494,497,500,502,504,505,507,509,510,511,515,518,526,527,530,532,537,544,549,556,565,571,575,576,577,578,579,581,583,586,588,589,592,593,597,598,601,603,605,606,612,613,617,618,619,621,634,638,639,644,645,646
OZ75,411,414,421,424,426,428,431,433,439,444,449,450,453,470,472,478,487,493,494,497,499,502,504,506,510,511,513,518,523,528,530,533,534,535,536,539,543,545,556,565,575,576,577,580,582,586,588,605,606,613,618,619,620,621,633,639,644,646
OZ76,418,423,431,433,456,459,460,463,466,470,471,473,494,495,497,509,510,523,525,527,528,534,535,541,545,552,617,618,629,630,633,634,641,643
OZ77,405,410,414,415,456,459,460,462,463,471,482,484,490,494,495,497,499,505,509,510,525,527,528,532,533,534,541,544,552,617,618,629,630,638,641,642
OZ78,407,410,414,426,428,430,432,438,441,444,449,450,451,461,462,463,464,468,470,472,478,499,502,504,506,508,511,515,518,520,523,530,533,535,536,539,541,543,545,559,563,565,571,572,578,580,581,585,588,591,598,602,608,620,624,625,626,639,642,644
OZ79,423,428,430,431,432,433,436,439,441,444,451,459,461,463,464,473,487,488,489,492,493,494,495,505,508,515,527,529,530,536,539,541,542,543,544,553,554,568,571,572,573,575,578,581,582,585,586,591,598,605,607,608,613,618,619,630,633,637,638,640,641,646
OZ80,414,415,416,419,420,427,431,433,435,436,437,449,451,456,460,461,462,465,466,468,471,481,484,487,488,489,492,493,497,499,500,505,506,507,510,519,520,523,525,527,529,532,533,535,536,539,542,543,544,545,549,552,553,554,561,563,568,572,573,575,579,580,583,585,586,593,597,601,602,603,605,607,613,619,620,626,629,633,634,637,638,640,642,643,645,646
OZ81,416,424,426,428,431,433,435,438,444,449,450,451,459,461,468,470,472,475,478,481,487,493,494,495,496,502,504,506,511,513,523,528,530,534,535,545,549,552,555,556,559,565,572,576,577,580,583,585,602,603,613,618,619,621,624,625,626,630,633,639,641,644,645,646
OZ82,421,428,436,444,459,462,464,475,488,495,496,497,502,510,512,513,519,520,528,530,534,536,539,542,543,553,554,561,562,563,573,575,586,589,591,592,605,607,608,619,620,630,633,637,641,642
OZ83,419,420,424,426,427,430,431,432,433,436,437,439,441,449,450,451,461,464,465,466,468,470,472,475,478,488,489,490,492,494,496,497,500,502,504,507,508,509,510,511,513,515,519,520,527,528,529,534,542,552,553,554,555,556,561,563,565,568,571,572,573,575,576,577,578,579,580,581,582,585,586,591,593,598,601,602,605,607,608,617,618,621,626,633,634,637,639,640,643,644
OZ84,428,438,444,449,464,468,475,487,489,493,496,502,512,513,519,520,529,530,536,539,543,559,561,562,563,568,580,589,591,592,597,602,608,613,624,625,626,633,640,646
OZ85,352,358,413,436,455,469,540,542,560,573,617,637
OZ86,410,430,431,433,451,459,463,475,487,489,493,494,495,496,497,502,508,510,512,519,527,528,529,534,541,552,561,562,568,571,572,578,589,592,598,613,618,620,630,640,641,646
OZ87,439,459,461,495,536,539,543,552,582,585,630,641
OZ88,415,431,432,433,436,441,449,450,451,455,456,460,471,472,475,484,487,488,489,490,493,496,505,508,509,512,513,515,518,519,520,525,529,532,536,539,540,542,543,544,554,561,562,563,568,571,572,573,581,588,589,592,598,607,613,629,637,638,640,646
OZ89,424,431,432,433,436,438,441,461,468,478,488,489,494,506,508,513,515,526,527,529,537,542,552,553,554,556,559,565,568,573,576,577,581,585,586,602,605,607,612,618,619,624,625,626,637,640,643,644
OZ90,379,459,461,481,495,497,503,510,527,528,534,539,549,552,585,628,630,641
OZ91,466,508,523,526,535,537,545,612,633,634
OZ92,431,432,433,436,441,449,450,451,455,456,460,471,472,487,488,489,492,493,505,508,509,512,513,515,519,520,525,529,532,536,539,540,542,543,544,554,561,562,563,568,571,572,573,575,581,589,592,598,607,613,620,629,637,638,640,646
OZ93,409,420,426,430,450,451,459,461,464,465,470,472,487,489,490,492,493,495,497,500,504,506,507,508,509,510,511,512,513,523,528,529,530,534,535,545,552,555,562,568,571,572,575,578,579,585,589,592,593,597,598,601,613,617,619,621,630,633,639,640,641,646
OZ94,420,426,430,449,450,459,461,464,470,472,475,490,492,495,496,497,500,502,504,507,508,509,510,511,519,520,523,526,528,534,535,536,537,539,543,545,552,555,561,563,571,575,578,579,580,585,591,593,598,608,612,617,619,621,630,639,641,643
OZ95,426,430,450,451,456,459,460,461,470,471,472,487,489,492,493,494,495,497,504,505,509,510,511,512,519,520,525,526,527,528,529,532,534,536,537,539,543,544,552,561,562,563,568,571,572,575,578,585,589,592,597,598,612,613,617,618,629,630,638,639,640,641,643,646
OZ96,432,436,441,455,461,488,513,515,540,541,542,554,573,581,585,607,617,637
OZ97,455,540,541,552,553,617
OZ98,438,450,451,461,464,468,472,508,509,512,519,520,523,535,536,539,541,543,545,555,559,561,562,563,571,572,580,585,586,589,591,592,597,598,602,605,608,617,621,624,625,626
OZ99,449,451,456,460,464,471,487,489,492,493,494,505,508,523,525,527,529,532,535,544,545,555,568,572,575,580,591,597,608,613,618,619,620,621,629,638,640,646
OZ100,450,461,464,472,483,506,508,509,512,519,520,523,526,535,536,537,539,541,543,545,555,561,562,563,571,574,580,585,586,589,591,592,597,598,601,605,608,612,617,621,626,643
OZ101,430,459,475,483,495,496,497,502,506,508,510,512,513,519,520,523,526,528,530,534,535,536,537,539,541,543,545,552,561,562,563,574,578,586,589,592,601,605,612,619,620,626,630,633,641,643
OZ102,456,460,464,471,475,492,494,496,502,505,512,513,519,520,525,527,530,532,536,539,543,544,555,561,562,563,575,589,591,592,608,618,619,620,621,629,633,638
OZ103,459,461,483,495,497,506,508,510,513,523,526,528,530,534,535,537,545,552,574,585,586,601,605,612,619,626,630,633,641,643
OZ104,451,464,489,497,508,510,523,529,535,545,555,568,572,577,591,608,619,621,640,645
OZ105,461,464,487,493,497,509,510,513,530,541,555,571,577,585,591,598,608,613,617,619,621,633,645,646
OZ106,464,483,506,508,523,526,535,537,545,555,574,586,591,601,605,608,612,621,626,643
OZ107,435,497,510,583,603,645
OZ108,417,481,503,527,549,583
OZ109,404,447,483,489,497,506,508,510,513,523,526,530,535,537,539,545,568,574,577,586,594,601,605,612,619,626,633,640,643,645
