X0,0,91,124,167,184,352
X1,1,87,200,257,407,526
X2,2,36,38,353,514,591
X3,3,29,256,413,440,446
X4,4,73,155,213,561,638
X5,5,100,161,355,441,451
X6,6,17,45,442,494,634
X7,7,257,288,317,478,630
X8,8,60,341,393,397,412
X9,9,243,247,334,335,544
X10,10,44,112,342,433,601
X11,11,190,343,447,482,594
X12,12,16,150,240,430,627
X13,13,29,47,220,438,538
X14,14,188,239,392,571,626
X15,15,166,175,484,513,645
X16,12,59,245,278,375,553
X17,17,53,98,242,294,491
X18,18,243,369,454,482,496
X19,19,34,176,244,379,597
X20,20,72,141,166,360,637
X21,21,129,139,313,562,596
X22,22,23,403,470,528,645
X23,23,141,174,275,595,639
X24,24,218,221,404,420,586
X25,4,25,203,354,515,633
X26,26,121,399,508,534,607
X27,27,33,300,371,472,634
X28,28,123,399,458,536,614
X29,3,111,116,556,558,563
X30,30,125,201,377,408,631
X31,31,68,86,119,411,585
X32,32,134,241,375,543,554
X33,27,122,153,500,535,647
X34,34,182,312,418,473,611
X35,35,58,94,264,296,481
X36,36,88,202,297,464,635
X37,37,74,238,339,393,619
X38,38,75,114,256,609,625
X39,39,89,204,218,224,632
X40,40,77,154,285,437,622
X41,41,78,361,584,600,624
X42,42,60,490,602,613,631
X43,43,183,351,369,453,577
X44,10,68,122,314,374,551
X45,6,14,174,415,479,585
X46,11,46,107,274,341,552
X47,47,225,242,246,479,540
X48,48,199,258,405,518,582
X49,49,135,138,336,533,640
X50,50,107,259,389,450,581
X51,51,408,424,525,527,569
X52,52,250,282,309,472,551
X53,53,363,383,588,612,630
X54,54,248,409,418,425,613
X55,55,56,84,212,589,625
X56,56,66,100,158,254,506
X57,57,149,226,340,427,622
X58,58,160,247,267,280,599
X59,16,241,261,276,502,537
X60,42,173,209,386,549,598
X61,61,65,87,205,394,647
X62,62,156,162,252,367,617
X63,63,251,403,487,517,527
X64,64,322,508,528,560,610
X65,61,127,303,467,586,603
X66,2,55,231,348,522,610
X67,67,255,392,401,518,529
X68,31,35,379,383,419,486
X69,69,72,178,210,378,643
X70,70,360,459,488,615,628
X71,71,140,178,212,492,560
X72,20,295,365,402,465,492
X73,73,416,426,473,499,629
X74,74,260,331,448,480,523
X75,75,151,308,506,569,607
X76,76,229,245,321,333,524
X77,7,40,90,356,406,495
X78,0,78,240,301,417,644
X79,79,103,110,192,254,463
X80,80,221,310,323,395,608
X81,81,220,272,294,337,558
X82,82,159,371,498,521,522
X83,83,323,429,441,583,591
X84,84,161,201,251,366,475
X85,67,85,211,219,324,561
X86,44,296,335,368,443,594
X87,1,97,142,206,217,395
X88,71,88,96,165,230,587
X89,39,76,269,295,463,618
X90,80,90,187,232,376,457
X91,70,91,211,233,325,483
X92,92,103,144,249,384,493
X93,93,145,250,530,578,603
X94,86,171,303,405,422,500
X95,95,133,156,196,248,356
X96,96,381,487,488,566,589
X97,65,105,222,253,396,404
X98,98,160,332,507,590,636
X99,99,144,289,424,510,520
X100,5,115,149,316,514,620
X101,101,172,208,398,534,538
X102,102,147,159,163,387,636
X103,79,180,310,440,605,621
X104,104,128,146,280,284,619
X105,97,154,394,457,546,592
X106,106,109,185,253,272,431
X107,37,46,194,216,382,638
X108,108,129,273,343,435,555
X109,109,114,320,387,599,621
X110,105,110,271,307,505,608
X111,111,185,191,255,277,432
X112,112,117,146,190,498,641
X113,24,113,126,142,148,618
X114,77,106,421,449,583,605
X115,115,238,300,437,464,573
X116,116,177,269,307,315,572
X117,117,147,285,339,429,609
X118,118,249,301,366,511,579
X119,119,331,442,519,547,581
X120,120,333,358,445,466,564
X121,121,214,278,329,400,557
X122,33,130,266,380,519,635
X123,8,49,50,123,139,439
X124,41,181,349,351,485,545
X125,125,143,223,432,559,571
X126,126,170,299,302,501,616
X127,127,365,390,434,524,575
X128,104,162,186,382,449,592
X129,26,108,299,410,439,469
X130,130,226,326,372,476,627
X131,131,152,176,275,334,515
X132,132,170,206,436,477,555
X133,133,357,362,478,502,541
X134,32,184,289,315,409,416
X135,135,194,286,292,354,615
X136,136,227,327,494,536,646
X137,137,291,420,575,604,623
X138,63,138,208,308,397,549
X139,21,64,209,400,450,517
X140,22,59,120,140,318,516
X141,51,66,180,347,532,556
X142,113,118,234,447,577,642
X143,30,57,359,362,386,480
X144,54,99,172,304,336,532
X145,93,102,231,443,455,489
X146,128,320,337,456,626,633
X147,143,145,261,444,445,512
X148,148,164,192,306,510,544
X149,45,69,153,346,580,623
X150,150,165,293,355,497,509
X151,151,322,413,428,565,590
X152,152,381,401,456,504,637
X153,92,95,328,490,496,525
X154,155,186,304,461,576,602
X155,62,207,396,546,582,629
X156,157,330,349,422,452,611
X157,83,158,302,376,493,642
X158,52,82,210,291,353,587
X159,163,197,235,288,368,428
X160,18,164,168,182,350,570
X161,15,229,350,520,572,597
X162,167,345,461,499,533,567
X163,169,205,327,486,491,548
X164,132,137,535,548,606,632
X165,171,207,213,325,485,644
X166,101,177,298,347,373,554
X167,173,305,389,391,471,595
X168,134,157,175,321,352,574
X169,131,267,270,474,552,641
X170,94,168,200,425,588,617
X171,179,309,402,489,516,604
X172,124,215,330,414,430,562
X173,9,19,89,465,484,550
X174,183,263,313,388,539,579
X175,181,305,311,314,414,547
X176,25,48,219,222,284,421
X177,187,268,316,326,468,537
X178,188,246,279,380,448,598
X179,189,214,357,385,468,593
X180,28,216,270,436,462,640
X181,191,225,266,340,512,541
X182,193,258,283,364,444,624
X183,195,274,374,388,435,545
X184,196,228,283,338,359,559
X185,197,228,328,370,481,570
X186,198,223,279,470,471,566
X187,199,282,433,453,467,600
X188,203,224,459,474,503,643
X189,204,237,287,378,477,614
X190,169,252,407,411,426,452
X191,85,198,236,361,377,504
X192,189,317,358,370,531,578
X193,215,263,385,423,553,616
X194,217,227,290,460,542,606
X195,81,239,244,264,332,639
X196,136,287,292,298,438,567
X197,230,324,451,511,584,628
X198,232,417,497,501,539,620
X199,233,237,286,297,509,580
X200,234,273,306,462,503,550
X201,235,281,363,410,542,557
X202,236,364,384,454,475,568
X203,193,431,434,505,529,530
X204,195,259,260,342,521,573
X205,262,265,277,344,540,543
X206,43,338,455,531,568,601
X207,265,293,345,372,373,483
X208,268,406,423,460,469,526
X209,262,271,276,390,563,564
X210,179,281,348,466,565,593
X211,290,398,446,458,507,612
X212,311,318,319,329,513,596
X213,312,319,391,415,419,574
X214,367,412,427,495,523,576
OX0,162,185,192,202,207,208,218,228,239,242,244,246,249,252,255,256,264,266,269,272,277,283,289,294,298,302,304,307,310,315,323,328,332,336,337,338,340,344,346,347,356,357,359,362,373,376,384,396,398,404,409,412,413,418,420,424,425,427,432,438,440,446,476,478,479,490,495,496,502,510,512,520,523,525,532,534,540,546,554,556,559,563,572,576,582,586,608,613,617,618,629,639,642,646
OX1,168,192,224,229,237,244,245,247,249,267,269,270,273,275,287,295,299,301,302,319,321,333,335,350,366,369,378,379,381,391,401,415,418,419,436,447,454,456,462,463,465,473,474,482,484,496,501,503,504,510,511,515,524,552,555,570,574,577,579,597,611,614,616,637,641,642
OX2,160,174,180,192,200,202,207,213,224,225,229,237,239,244,245,249,254,256,264,269,270,273,275,279,280,287,291,295,296,299,301,303,310,319,321,323,325,333,335,344,346,350,366,369,376,378,380,381,383,391,392,401,404,405,411,413,418,422,425,436,438,440,446,447,448,454,456,462,463,465,473,474,476,481,482,484,485,486,493,496,501,503,504,510,511,515,524,535,538,540,552,555,570,571,574,575,577,579,586,588,597,598,599,604,608,611,614,616,617,623,626,637,641,644,646,647
OX3,174,180,208,219,224,225,228,242,243,244,246,247,254,255,256,264,266,267,273,276,279,280,282,287,288,289,292,293,294,296,299,301,302,308,315,316,317,319,322,323,325,326,328,332,336,338,339,340,344,345,354,357,359,362,364,365,366,369,372,376,380,382,383,384,387,391,392,408,409,412,413,416,417,420,422,423,427,428,429,432,433,436,437,438,440,444,446,447,448,452,453,454,456,458,459,461,462,468,469,474,477,479,481,482,483,485,490,491,493,494,497,499,502,507,511,512,515,518,523,524,527,529,530,534,536,537,538,539,540,542,543,544,550,554,555,559,561,564,565,567,570,571,574,575,577,579,583,588,590,598,599,600,602,603,607,609,611,612,613,616,619,620,622,624,630,632,638,639,642,643,644,646
OX4,153,185,192,201,202,207,210,212,213,222,225,226,231,242,243,244,246,247,249,251,252,255,264,267,269,272,273,275,280,285,287,288,292,294,296,298,299,301,302,308,317,319,320,322,323,325,326,332,340,344,347,348,353,355,356,360,363,365,369,376,378,387,390,391,396,398,405,408,415,417,418,420,421,422,423,424,425,426,428,429,432,434,436,437,440,442,447,449,451,452,454,458,462,463,467,468,469,473,475,476,477,478,479,481,482,485,495,496,497,503,510,511,512,520,522,524,525,527,532,536,537,538,539,540,541,542,544,546,550,555,556,565,567,570,572,574,575,577,579,580,585,587,589,592,603,605,607,609,610,611,616,617,621,622,623,632,634,636,637,642,643,644
OX5,180,192,200,202,207,208,213,218,219,224,228,239,242,244,246,249,253,254,255,264,266,269,277,282,284,287,288,289,291,292,294,303,307,308,310,315,316,317,320,322,323,326,328,332,336,337,338,339,340,344,346,354,357,359,362,364,365,373,376,382,384,387,390,404,405,408,409,411,412,416,417,418,420,421,423,425,427,428,429,432,433,437,440,444,452,453,458,459,461,468,469,473,474,476,479,486,490,491,493,494,496,497,499,501,502,503,505,507,510,512,515,518,520,523,524,527,529,530,534,535,536,537,539,540,542,554,559,561,563,565,567,572,583,586,590,599,600,602,603,604,605,607,608,609,612,613,617,618,619,620,621,622,623,624,630,633,638,639,643,647
OX6,185,192,202,207,208,213,218,219,222,228,239,242,244,246,249,252,255,256,264,266,269,272,277,282,289,294,298,302,307,310,315,323,328,332,336,337,338,340,344,346,347,356,357,359,362,364,373,376,384,396,398,404,405,409,412,413,416,418,420,421,424,425,426,427,431,432,433,434,438,440,444,446,449,453,461,467,473,476,478,479,490,495,496,499,502,505,510,512,518,520,523,525,529,530,532,534,540,546,554,556,559,561,563,572,586,592,600,602,608,613,617,618,624,639,642,646
OX7,192,200,202,207,208,213,218,219,228,229,239,242,243,244,245,246,247,249,253,255,256,264,266,267,269,270,277,282,284,288,289,291,294,295,298,302,303,307,308,315,316,317,320,321,322,326,328,332,333,335,336,337,338,339,340,344,346,350,354,357,359,360,362,364,365,373,381,382,384,387,390,401,405,408,409,411,412,413,416,417,418,421,423,425,427,428,429,432,433,437,444,446,452,453,456,458,459,461,465,468,469,473,476,477,479,484,486,490,491,494,496,497,499,501,502,503,504,505,507,510,512,518,523,527,529,530,534,535,536,537,538,539,540,542,544,550,552,554,559,561,563,565,583,590,597,599,600,602,603,604,605,607,609,612,613,614,617,618,619,620,621,622,623,624,630,632,633,638,639,641,642,647
OX8,165,201,208,212,223,225,226,228,229,242,243,244,245,246,247,251,253,255,261,264,266,267,273,275,278,280,282,284,285,286,287,288,294,295,296,297,298,299,305,308,313,314,317,321,322,324,326,328,329,332,333,336,344,350,357,358,359,362,372,377,378,380,383,385,387,388,391,401,402,403,408,412,420,421,427,428,429,431,433,436,437,438,444,445,447,448,451,455,456,458,459,462,465,466,468,469,471,477,479,481,482,484,488,490,491,494,503,504,507,511,516,520,523,524,527,528,530,531,533,534,536,540,541,542,544,545,547,550,555,559,560,562,565,566,567,570,571,572,575,580,584,588,589,590,595,596,597,598,599,601,602,603,607,609,612,613,615,622,627,628,630,632,633,637,643,646
OX9,218,224,253,256,276,277,284,286,292,293,298,307,310,344,345,372,373,390,404,413,420,421,446,459,463,474,483,503,505,515,538,540,543,563,564,567,586,605,608,615,618,621,633,643
OX10,202,219,224,226,228,229,238,241,243,247,250,251,255,261,267,270,279,286,287,288,289,295,297,300,301,305,310,314,315,316,318,319,321,325,328,329,335,340,345,348,349,350,351,358,359,362,363,364,366,368,370,375,384,386,387,392,404,408,409,410,414,416,417,420,427,428,429,432,437,443,444,454,455,456,459,461,465,470,471,474,477,480,481,483,484,485,487,489,497,499,509,511,512,513,515,518,520,524,529,530,533,542,543,544,545,547,550,552,554,557,559,561,564,565,567,568,570,571,572,573,578,583,586,593,596,597,600,603,608,609,614,615,620,622,624,631,632,635,636,641,643,644
OX11,219,225,226,228,229,238,239,241,242,243,244,246,247,250,251,253,261,264,266,267,270,284,287,288,289,292,294,295,297,298,300,301,305,310,314,315,316,318,319,321,325,328,329,332,335,344,345,346,348,349,350,351,358,359,362,363,364,366,368,370,375,380,384,386,387,404,408,409,410,414,416,417,420,421,427,428,429,431,437,438,443,444,448,454,455,456,461,465,470,471,476,477,479,480,481,483,484,485,487,489,497,499,503,509,511,513,518,520,524,529,530,533,540,541,542,543,544,545,547,550,552,554,557,559,561,564,565,568,570,572,573,578,583,586,593,596,597,598,600,603,608,609,614,620,622,624,626,631,632,633,635,636,639,641,644,646
OX12,223,224,225,226,229,238,239,240,241,242,243,244,246,250,251,253,255,264,266,270,276,279,280,284,287,292,293,294,295,296,297,298,300,310,316,317,320,321,324,332,335,337,344,346,348,350,357,359,360,362,366,368,370,375,377,380,385,386,387,392,401,404,408,420,421,427,428,429,430,431,437,438,443,444,448,455,465,468,474,475,476,477,479,480,484,487,488,489,497,502,504,509,511,515,520,524,530,531,537,540,541,544,550,552,553,559,564,565,566,567,572,573,583,584,586,597,598,603,608,609,614,620,622,627,628,631,632,633,635,636,639,641,643,646
OX13,208,212,224,225,228,229,238,240,241,242,243,244,246,250,251,253,255,261,264,266,273,275,276,278,282,284,286,287,288,293,294,295,297,298,299,300,305,308,313,314,320,321,322,324,328,329,332,336,337,339,340,344,348,350,354,355,358,368,370,375,378,380,382,383,386,388,391,401,402,403,412,420,421,430,431,432,433,436,438,443,445,447,448,451,458,462,465,466,469,471,474,476,477,479,480,481,482,484,488,489,490,491,494,497,502,504,507,509,511,512,515,516,520,523,524,527,528,533,534,536,537,540,541,542,544,545,547,550,553,555,560,562,564,566,567,570,572,573,575,580,584,588,589,590,595,596,597,598,599,601,602,607,612,613,615,619,626,627,628,630,631,632,633,635,636,637,638,646
OX14,209,238,257,260,273,288,299,313,316,317,322,326,343,356,389,400,417,423,435,437,460,468,469,478,495,497,508,517,526,528,537,539,555,560,562,581,596,610,616,620,622,630
OX15,224,229,237,245,249,273,287,295,299,301,302,321,333,350,366,378,436,447,462,465,484,501,503,511,520,524,555,572,577,579,597,614,616,642
OX16,201,225,228,229,237,239,240,242,244,245,246,247,249,251,255,256,261,264,266,267,269,273,277,279,280,285,287,288,294,295,296,297,299,301,302,307,315,316,317,320,321,324,326,328,332,333,337,339,340,345,346,350,354,357,358,363,373,378,380,381,382,385,390,392,410,413,430,431,432,436,438,446,447,448,456,459,462,465,468,474,475,479,481,483,484,487,488,497,501,502,505,509,512,515,520,524,531,537,538,541,542,553,554,555,557,563,564,566,570,571,577,578,579,583,584,593,597,598,605,614,616,619,620,621,628,638,639,642,643,646
OX17,194,212,216,225,228,229,237,240,241,242,244,246,247,249,250,257,260,261,264,267,273,275,276,282,286,287,292,293,294,295,297,298,300,301,302,314,316,320,321,324,326,328,332,335,337,339,343,344,348,350,355,356,357,360,366,368,375,381,382,383,385,386,388,402,410,412,417,420,423,430,433,435,437,438,443,445,451,456,459,460,462,465,466,469,474,476,477,478,479,480,481,482,484,487,488,489,490,491,494,495,501,502,507,509,515,516,520,523,524,526,531,539,540,542,545,547,552,553,557,564,566,567,570,572,573,575,577,578,579,580,581,584,588,589,590,593,597,599,601,602,610,612,613,614,615,619,620,622,626,627,628,631,632,635,636,637,638,641,642,646
OX18,226,238,239,250,253,255,257,275,279,282,284,288,299,300,309,314,316,317,320,331,337,340,342,346,356,360,363,371,372,374,378,383,392,417,420,421,423,431,432,436,437,448,456,460,468,469,472,476,477,478,491,494,495,497,507,512,521,526,537,539,541,547,551,555,571,573,575,580,581,588,590,598,599,604,612,616,620,622,627,632,633,635,636,637,639,643
OX19,200,207,212,213,225,229,238,240,244,245,250,253,256,257,261,269,275,277,278,282,284,288,291,295,297,299,300,303,307,309,310,314,315,316,317,318,320,321,324,325,326,331,333,337,342,345,350,355,356,358,360,363,365,371,372,373,374,378,379,380,381,390,402,403,404,405,411,413,415,417,418,419,420,421,422,423,425,430,436,437,438,445,446,451,456,460,465,466,468,469,470,472,473,476,477,478,483,484,485,486,487,488,491,494,495,502,505,507,509,511,513,516,520,521,526,528,535,538,539,547,551,553,554,555,560,563,566,573,574,580,581,584,586,589,590,595,597,599,605,608,611,612,616,617,620,621,622,623,626,627,628,632,633,635,636,637,643,644,646,647
OX20,225,228,229,237,245,247,249,255,256,266,267,269,276,277,280,286,287,288,292,295,296,298,299,301,302,307,310,315,317,320,321,328,333,337,338,340,343,350,351,357,358,363,366,369,378,388,390,404,410,413,420,423,431,432,435,446,447,453,455,456,459,462,465,468,474,477,481,484,501,505,511,512,515,520,524,538,539,541,542,543,554,555,557,563,564,567,568,570,578,586,593,597,601,605,608,614,615,621,626,632,642,643
OX21,207,213,222,229,237,241,242,243,246,247,248,249,251,252,253,256,257,264,267,273,276,279,280,284,287,289,294,295,296,299,301,302,304,305,309,313,315,317,318,321,323,325,329,331,332,338,342,343,347,348,350,351,357,358,360,366,368,369,370,371,373,374,375,376,378,379,380,381,383,386,387,391,392,396,401,405,408,409,410,412,413,415,419,420,422,423,424,426,428,429,433,434,435,438,440,443,446,449,452,453,455,460,465,467,468,469,470,471,472,473,474,477,479,480,482,484,485,487,489,490,491,494,503,504,505,507,511,513,515,520,521,523,524,525,526,532,533,538,539,542,544,545,546,550,551,554,555,556,557,562,564,565,567,568,571,572,574,575,578,581,583,588,590,592,593,596,597,599,602,603,604,609,611,612,614,616,617,631,632,633,642,643,644,646
OX22,229,238,239,243,245,247,250,257,267,270,275,279,282,286,287,288,295,300,309,314,317,320,321,331,333,335,337,342,346,350,356,363,371,372,374,378,381,383,392,401,420,423,437,448,459,460,465,468,469,472,476,477,478,484,491,494,495,503,504,507,520,521,524,526,537,544,547,550,551,552,571,572,573,575,580,581,588,590,597,598,599,604,612,614,615,622,627,632,635,636,637,639,641,643
OX23,212,228,238,240,241,242,244,245,246,247,248,250,251,255,256,261,264,266,267,270,273,275,278,279,282,286,288,289,292,294,297,298,299,300,304,305,308,310,313,314,315,320,322,324,328,329,332,333,335,337,339,340,345,348,354,355,358,360,368,370,372,375,378,381,382,383,386,388,390,391,392,398,402,403,404,409,412,413,418,425,430,431,432,433,436,438,443,445,446,447,451,458,462,466,469,471,476,479,480,481,482,483,488,489,490,491,494,497,502,505,507,509,511,512,516,523,527,528,533,536,537,541,542,543,545,547,552,553,554,555,560,562,566,570,571,573,575,580,584,586,588,589,590,595,596,599,601,602,605,607,608,612,614,615,619,621,626,627,628,630,631,635,636,637,638,641,643,646
OX24,238,239,241,243,245,247,250,257,267,270,275,279,282,286,287,288,295,300,309,314,315,317,320,331,333,335,337,342,346,350,356,363,371,372,374,375,378,381,383,392,401,420,423,437,448,459,460,465,468,469,472,476,477,478,484,491,494,495,503,504,507,520,521,524,526,537,543,544,547,550,551,552,554,571,573,575,580,581,588,590,597,598,599,604,612,614,615,622,627,632,635,636,637,639,641,643
OX25,237,243,247,249,256,267,270,273,292,298,299,301,302,310,335,360,366,378,381,401,404,413,420,436,446,447,456,462,474,477,501,503,504,511,515,538,544,550,552,555,567,577,579,586,605,608,616,621,632,641,642,643
OX26,222,228,240,241,242,244,245,246,251,257,264,269,273,275,277,279,283,284,286,292,293,294,297,298,299,307,309,310,314,315,317,320,328,331,332,333,337,338,342,343,344,348,351,356,358,359,361,362,366,368,369,370,371,372,374,375,378,380,381,383,384,385,386,387,388,390,392,401,404,405,408,410,417,421,427,428,429,430,433,434,435,438,443,454,456,459,460,467,468,469,470,471,472,478,479,480,481,487,489,491,494,495,502,504,507,509,511,521,526,531,540,541,542,543,547,551,553,554,555,557,559,563,565,567,570,571,572,575,577,578,579,580,581,582,583,584,586,588,590,593,599,600,601,603,604,608,609,612,615,624,626,631,633,637,643,646
OX27,241,245,249,253,269,273,276,277,284,286,287,289,293,295,297,299,301,302,307,315,333,344,350,366,372,373,375,378,390,409,416,421,436,447,459,461,462,465,474,484,499,501,505,509,511,515,520,524,533,540,554,555,563,564,567,572,577,579,580,597,614,615,616,633,642,643
OX28,228,247,253,261,267,269,273,277,280,284,288,293,296,299,307,315,316,317,320,326,328,337,338,343,344,345,351,357,358,363,369,372,373,388,390,410,417,421,423,435,453,455,456,468,481,483,497,502,505,537,540,542,554,555,557,563,564,568,570,572,577,578,579,593,601,620,626,633
OX29,243,247,249,261,267,270,273,276,278,289,297,301,302,313,315,316,326,329,335,338,345,351,360,366,369,378,381,385,388,401,409,416,417,423,447,453,455,456,461,462,474,483,497,499,501,502,503,504,509,511,515,531,533,537,543,544,550,552,554,562,567,568,580,596,601,616,620,641,642,643
OX30,242,244,246,248,251,257,264,269,270,275,277,279,280,286,288,292,293,294,295,296,297,298,304,307,308,309,313,316,319,320,322,326,332,335,337,338,339,342,343,344,348,349,350,351,354,356,357,358,360,365,368,369,370,371,372,374,378,380,382,386,391,392,398,410,412,414,415,416,417,418,422,425,433,435,436,437,442,443,447,452,453,455,458,460,461,462,465,470,471,472,478,479,480,482,484,487,489,490,495,497,499,509,519,520,521,523,526,527,536,537,538,540,545,551,552,557,562,563,567,568,571,572,574,577,578,579,580,585,593,597,602,604,607,611,614,615,619,620,622,626,630,631,637,638,641,643
OX31,239,255,266,269,275,276,277,279,289,293,297,307,340,344,360,372,373,378,380,390,392,409,416,431,432,448,461,499,505,509,512,533,540,541,543,563,564,567,571,572,580,598,626,637,639,643
OX32,253,269,270,276,277,280,284,289,293,297,307,320,337,344,360,372,373,378,381,390,401,409,416,421,461,474,499,504,505,509,515,533,540,543,552,563,564,567,572,580,626,633,641,643
OX33,213,244,252,270,273,275,278,280,283,284,291,296,303,305,313,318,319,320,325,331,335,337,338,343,349,358,359,362,363,369,379,381,383,385,396,401,405,410,411,414,418,419,420,425,435,436,442,449,452,454,468,473,474,477,481,482,485,486,496,502,504,513,515,519,531,535,541,542,546,552,557,559,562,570,575,578,581,582,585,588,592,593,604,617,623,626,629,630,632,633,637,641,644,647
OX34,250,251,255,260,261,266,273,279,282,289,297,298,300,305,308,309,313,314,315,320,322,331,337,340,342,343,345,346,363,371,372,373,374,380,383,390,391,392,398,400,403,409,416,420,431,432,435,436,461,471,472,476,477,483,487,491,494,499,502,505,507,508,509,512,521,527,528,533,534,537,538,541,547,551,554,560,562,564,567,571,573,575,588,590,595,596,599,604,610,612,626,627,630,632,635,636
OX35,255,266,269,270,276,277,279,280,289,293,297,307,320,337,340,344,360,372,373,378,380,381,390,392,401,409,416,431,432,448,456,461,474,499,504,505,509,512,515,533,540,541,543,552,563,564,567,571,572,580,598,626,641,643
OX36,247,249,251,256,260,261,266,267,269,277,278,279,280,282,283,285,287,288,292,293,295,300,301,302,305,307,308,309,310,314,316,322,326,329,331,335,339,340,342,343,344,345,346,348,350,351,354,358,366,368,370,371,374,378,380,382,383,385,387,388,391,392,398,400,403,404,410,413,417,423,428,429,435,436,443,444,446,447,453,454,456,459,462,465,471,472,474,476,481,482,483,484,487,489,491,494,496,497,501,507,508,511,515,520,521,524,527,528,530,531,534,540,541,542,547,551,557,560,563,564,565,567,568,570,571,572,573,575,578,580,586,588,590,593,595,597,599,601,603,604,605,608,609,610,612,614,616,619,620,621,627,630,635,638,642,643
OX37,256,257,286,288,292,298,299,310,316,317,326,339,354,356,382,404,413,417,420,423,436,437,446,460,468,469,477,478,495,497,526,537,538,539,555,567,586,605,608,615,616,619,620,621,622,630,632,638
OX38,251,261,269,273,276,277,293,298,299,305,307,308,313,315,316,322,326,331,343,344,345,372,386,391,398,400,403,412,417,435,448,471,480,483,487,490,497,502,508,523,527,528,534,537,538,539,540,543,554,555,560,562,563,572,581,595,596,598,602,610,613,616,620,631
OX39,210,231,248,249,257,270,273,278,279,280,287,288,289,291,292,295,300,301,302,304,309,314,329,331,339,342,346,350,353,354,356,357,363,366,370,372,374,378,382,383,385,392,400,402,409,410,418,420,423,425,436,437,445,447,448,456,458,459,460,465,466,474,476,477,478,484,489,491,494,495,501,507,508,511,515,516,520,521,522,524,526,531,533,534,536,537,547,552,557,564,571,575,577,578,579,580,581,587,588,590,593,597,598,599,607,612,613,616,619,622,627,632,635,636,638,641,642,643
OX40,249,260,261,270,276,278,279,280,289,297,301,302,313,315,316,320,326,329,331,337,338,342,343,345,351,360,366,369,374,378,381,385,386,392,401,409,412,416,417,423,435,447,448,453,455,456,461,474,480,483,490,497,499,501,502,504,509,511,515,521,523,531,533,537,543,545,552,554,562,567,568,571,573,580,596,598,601,602,613,616,620,626,631,641,642,643
OX41,269,277,278,289,293,307,313,329,338,344,345,351,369,372,385,388,409,416,423,453,455,461,483,499,531,533,539,540,562,563,567,568,572,577,579,596,601,616
OX42,248,273,279,293,295,297,298,299,300,304,305,309,314,315,317,319,320,337,338,342,343,348,349,350,351,357,358,360,363,365,369,370,372,373,374,378,381,383,388,392,400,401,403,410,414,415,416,418,422,423,425,435,436,438,442,448,452,453,455,456,458,461,462,465,468,469,470,474,476,484,489,491,494,499,504,507,508,509,515,519,520,521,528,534,536,539,547,554,555,557,560,568,571,574,577,578,579,580,585,588,590,593,595,596,597,598,599,601,604,607,610,611,612,613,614,616,626,630,635,636,643,646
OX43,289,315,373,409,416,461,499,533,554,567
OX44,260,273,279,286,287,295,297,308,309,310,315,322,331,342,343,345,347,348,350,358,373,374,378,386,388,392,402,404,408,412,420,424,435,440,445,448,456,459,462,465,466,474,477,480,483,484,489,490,509,515,516,520,521,523,524,525,527,532,545,554,556,564,571,573,580,586,597,598,602,604,605,607,608,613,614,615,621,631,632,643
OX45,240,301,305,313,314,318,319,329,338,361,369,385,388,417,423,430,453,455,513,531,539,545,547,553,562,568,577,579,584,596,600,601,616,624
OX46,296,335,369,454,481,482,496,570
OX47,270,280,320,337,456,474,515,552,626,641
OX48,266,279,340,380,432,448,512,541,571,598
OX49,257,288,299,310,317,324,339,354,355,356,360,361,364,366,372,382,384,404,417,420,423,429,436,437,451,454,459,460,464,468,469,476,477,478,488,495,497,514,526,537,539,555,568,583,586,591,608,616,619,622,627,628,630,632,635,638
OX50,261,273,276,283,288,297,299,316,317,326,343,345,351,357,358,359,360,362,363,369,373,378,381,388,392,401,410,417,423,432,435,453,455,468,483,497,502,504,509,512,537,541,542,543,555,557,559,568,577,578,579,580,593,601,620,643
OX51,283,287,288,292,298,320,337,338,359,362,370,383,392,398,432,438,446,458,491,494,512,536,541,559,567,588,590,599,626,630,636,646
OX52,273,278,288,310,313,316,317,326,329,338,343,355,357,358,363,366,372,384,385,404,410,420,429,435,436,451,454,464,468,476,477,514,531,542,557,562,568,578,583,586,591,593,596,608,620,627,632,635
OX53,244,252,275,278,284,287,288,291,292,293,297,298,299,303,304,305,316,318,319,320,326,331,337,356,357,358,360,363,370,378,379,385,396,398,405,410,411,412,416,417,418,419,420,425,426,427,436,438,442,446,449,452,456,458,461,468,477,478,486,491,494,495,497,499,509,513,519,523,531,535,536,539,542,546,555,557,567,575,578,580,581,582,585,590,592,593,599,602,604,616,617,620,623,626,627,632,633,636,637,643,646,647
OX54,285,288,309,324,338,339,348,354,360,361,363,364,370,382,387,402,410,428,429,459,466,488,489,516,542,557,565,593,604,609,619,628,636,638
OX55,279,286,287,288,293,297,300,314,324,331,338,343,361,363,364,368,369,370,371,372,378,381,388,392,398,401,433,435,443,446,447,448,454,458,459,472,476,481,488,496,504,507,509,536,545,547,551,570,571,580,581,598,601,612,615,628,635,643
OX56,286,287,293,295,299,305,308,309,310,313,314,315,316,318,319,322,326,329,345,347,348,350,358,360,373,381,388,401,402,404,408,417,420,424,440,445,456,459,462,465,466,474,477,483,484,489,497,504,513,515,516,520,524,525,527,532,539,545,547,554,555,556,562,564,586,596,597,604,605,607,608,614,615,616,620,621,627,632
OX57,278,313,329,338,351,369,385,388,423,453,455,531,539,562,568,577,579,596,601,616
OX58,299,310,323,376,404,420,436,477,501,555,586,608,616,632
OX59,288,295,298,300,301,314,315,316,317,318,319,320,324,326,329,331,337,339,342,346,347,350,354,357,361,366,369,372,373,374,378,381,382,383,384,387,391,400,403,412,417,423,424,427,428,429,436,437,440,445,446,448,453,454,455,456,458,459,462,465,468,471,474,476,484,488,490,491,494,497,508,511,513,515,520,521,523,524,525,528,532,534,536,538,539,547,554,556,560,564,565,566,577,578,579,580,581,583,588,590,595,597,598,599,600,601,602,605,607,609,610,613,614,616,619,620,621,622,624,626,627,628,630,635,638,643
OX60,293,295,305,308,309,310,313,314,315,318,319,322,323,324,329,345,347,348,350,355,358,361,364,366,372,373,376,381,384,388,401,402,404,408,417,420,424,429,436,440,445,451,454,456,462,464,465,466,474,476,477,483,484,488,489,497,501,504,513,514,515,516,520,524,525,527,532,539,545,547,554,556,562,564,568,583,586,591,596,597,604,605,607,608,621,628,632,635
OX61,252,284,287,291,292,298,303,304,305,310,316,317,318,320,326,329,331,337,338,349,355,356,366,370,372,384,391,396,398,404,405,411,412,414,415,416,418,422,425,426,427,429,438,442,446,449,451,454,456,458,461,464,476,478,486,491,494,495,499,513,514,519,523,535,536,546,567,568,574,575,581,582,583,585,586,590,591,592,596,599,602,604,608,611,617,620,623,626,627,633,635,636,646,647
OX62,386,412,480,490,523,602,613,631
OX63,297,298,301,305,308,309,313,314,317,320,322,323,337,338,339,342,343,345,346,348,354,357,358,360,363,364,366,368,370,371,374,376,381,382,383,384,387,391,398,400,401,402,403,408,412,423,427,428,429,433,435,437,443,447,453,455,459,466,468,470,472,481,483,489,490,491,494,496,501,504,507,508,509,511,516,521,523,527,528,534,538,547,551,560,562,565,570,577,578,579,583,588,590,595,596,599,600,602,604,609,610,612,613,616,619,622,624,626,630,638
OX64,276,282,287,292,295,298,304,309,310,314,315,317,319,320,323,331,337,338,339,348,350,351,354,355,357,359,360,362,364,365,366,369,370,372,376,381,382,384,387,391,392,401,402,404,410,412,415,416,417,427,428,432,433,436,437,442,444,445,446,451,454,455,456,459,461,462,464,465,466,469,473,474,476,484,489,497,499,501,504,512,514,515,516,519,520,523,530,537,538,541,543,545,547,554,557,559,565,567,574,575,577,578,579,581,585,586,590,591,593,597,599,600,601,602,603,604,608,609,611,614,616,619,622,624,626,627,635,638
OX65,287,292,295,305,310,313,314,315,323,324,339,342,346,347,350,351,354,358,361,368,369,371,373,374,376,378,381,382,387,388,391,400,401,403,404,410,412,420,424,427,428,429,433,436,437,438,440,443,445,446,454,456,458,459,462,465,470,472,474,477,481,484,488,490,496,501,504,507,508,515,520,521,523,524,525,528,532,534,536,538,539,542,547,551,554,556,557,560,562,564,565,567,570,577,579,580,583,586,593,595,596,597,600,601,602,605,607,608,609,610,612,613,619,621,622,624,628,632,636,638,643,646
OX66,295,298,300,301,314,315,316,318,319,320,323,324,326,329,331,337,338,339,342,346,347,350,354,355,358,361,363,369,373,374,376,378,381,382,383,387,391,400,403,410,412,423,424,427,428,436,437,440,445,446,448,451,453,455,456,458,459,462,464,465,468,471,474,484,488,490,491,494,501,508,511,513,514,515,520,521,523,524,525,528,531,532,534,536,537,538,542,547,554,556,557,560,564,565,566,568,577,579,580,581,588,590,591,593,595,597,598,599,600,601,602,605,607,609,610,613,614,616,619,620,621,622,624,626,628,630,638,643
OX67,300,301,305,309,310,313,316,318,319,320,326,329,331,337,338,348,351,355,368,371,388,398,401,402,404,410,420,423,428,429,433,443,446,448,451,453,454,455,458,464,466,468,470,471,472,477,481,489,496,504,507,511,513,514,516,531,536,537,539,542,551,557,562,565,566,568,570,581,583,586,591,593,596,598,599,604,608,612,614,616,620,626,632,636
OX68,301,323,355,372,376,417,423,429,451,464,468,476,497,501,511,514,537,583,591,616,627,635
OX69,305,309,314,317,318,320,329,337,343,348,349,357,358,370,388,391,401,402,414,422,423,428,435,447,452,466,468,470,489,504,513,516,531,539,545,547,565,566,574,577,578,579,595,596,599,604,611,616,626,636
OX70,282,304,314,316,317,319,320,323,324,326,331,337,339,343,354,357,359,360,361,362,363,365,370,376,382,383,387,388,391,392,398,412,415,416,417,420,427,429,432,433,435,437,438,442,444,445,447,453,458,459,461,469,473,477,488,491,494,497,499,501,512,519,523,524,530,531,536,537,538,541,542,545,547,559,564,574,575,577,578,579,581,583,585,588,599,600,602,603,609,611,614,616,619,620,622,624,626,628,630,632,638,646
OX71,309,314,317,320,331,337,343,348,357,358,370,388,401,402,415,423,428,435,442,447,466,468,470,489,504,516,519,531,539,545,547,565,566,577,578,579,581,585,595,599,604,616,626,636
OX72,284,308,314,317,322,323,331,338,343,347,355,357,358,359,362,363,365,366,370,372,376,383,384,387,388,396,398,401,405,408,410,415,417,420,423,424,428,435,438,440,442,444,445,447,449,451,454,456,458,464,467,468,470,476,477,491,494,497,501,502,504,514,519,524,525,527,530,532,536,537,538,541,542,545,546,547,556,557,559,564,565,566,568,575,577,579,581,582,585,588,591,592,593,595,603,605,607,609,614,616,621,627,630,632,633,635,636,646
OX73,304,308,310,314,316,319,322,323,324,326,331,338,339,343,347,354,359,360,361,362,363,364,376,382,383,387,388,390,391,398,404,408,412,415,416,417,420,424,427,428,429,434,435,437,438,440,442,444,445,447,458,459,461,469,473,477,488,491,494,497,499,501,502,519,523,525,527,530,531,532,536,537,538,541,542,545,547,556,559,564,565,574,577,578,579,581,583,585,586,588,602,605,607,608,609,611,614,616,619,620,621,622,628,630,632,636,638,646
OX74,310,313,316,317,319,324,326,338,339,342,343,349,351,354,355,357,358,360,361,364,366,368,370,371,372,374,382,384,391,398,404,410,414,415,420,422,423,427,429,433,435,437,442,443,446,447,448,451,452,453,455,458,459,464,468,472,476,477,480,481,488,496,507,514,519,521,536,539,542,545,551,557,562,570,574,577,578,579,583,585,586,591,593,608,611,612,614,616,619,620,622,627,628,632,635,638
OX75,314,316,317,319,320,323,324,326,331,337,339,342,349,354,355,357,358,360,361,363,364,366,368,369,370,371,372,374,376,382,383,384,391,398,400,401,410,414,422,423,427,429,433,437,438,443,448,451,452,459,464,468,469,470,472,476,480,481,488,491,494,496,501,504,507,508,514,521,531,534,538,539,547,551,557,566,568,570,574,577,578,579,581,583,588,590,591,593,595,596,599,601,607,611,612,619,620,622,626,627,628,630,635,636,638,646
OX76,316,317,326,357,358,370,410,417,469,497,531,537,539,557,578,593,616,620
OX77,358,365,402,445,466,516,524,564
OX78,291,303,319,320,337,363,365,383,390,391,401,411,434,452,467,470,486,504,507,524,535,566,574,588,590,595,599,603,604,611,612,623,626,630,636,647
OX79,319,320,337,342,343,349,356,357,363,368,369,371,374,383,388,391,392,398,400,414,415,422,427,432,433,435,438,442,443,447,448,452,454,472,478,480,481,491,494,495,496,502,507,508,512,519,521,534,538,545,551,570,574,585,588,590,596,599,601,607,611,612,626,630,636,646
OX80,303,313,327,338,342,343,349,351,356,357,365,368,371,374,390,392,398,401,411,414,415,420,422,427,432,433,434,435,442,443,446,447,448,453,454,455,458,467,469,470,472,477,478,480,481,486,491,495,496,502,504,507,512,519,521,524,531,536,539,542,545,548,551,562,566,568,570,575,577,579,585,595,603,612,614,616,632,647
OX81,317,342,343,349,356,365,368,369,370,371,374,388,392,398,400,401,402,410,411,414,415,422,423,427,432,433,435,438,442,443,445,447,448,454,466,468,469,470,472,478,480,481,486,491,494,495,496,502,504,508,512,516,519,521,524,531,534,538,545,551,557,564,566,570,578,585,593,595,596,601,607,646
OX82,318,329,349,414,422,452,513,574,596,611
OX83,338,343,351,369,388,435,447,453,455,531,568,601
OX84,298,308,313,320,322,337,339,346,349,351,354,355,356,357,364,366,372,378,382,384,387,388,392,403,408,412,414,415,416,417,422,423,432,437,438,442,448,451,452,454,459,461,464,468,470,473,476,478,480,490,495,497,499,502,512,514,519,523,527,528,533,537,539,560,562,567,568,580,585,591,595,599,600,602,607,609,610,613,616,619,622,624,626,627,635,638,643,646
OX85,342,343,349,356,357,368,369,371,374,388,392,398,400,401,411,414,415,422,427,432,433,435,438,442,443,447,448,454,470,472,478,480,481,486,491,494,495,496,502,504,508,512,519,521,534,538,545,551,566,570,585,595,596,601,607,646
OX86,320,323,337,343,351,355,365,366,369,372,376,384,388,392,402,410,417,429,432,435,445,447,451,453,454,455,464,466,476,497,501,502,507,512,514,516,524,537,539,542,557,564,578,583,590,591,593,599,601,612,626,627,635,636
OX87,356,357,392,401,427,432,470,471,478,480,495,502,504,512,566,598
OX88,324,339,343,351,354,360,361,364,365,369,372,382,387,388,392,401,402,410,427,432,435,437,445,447,453,455,459,464,466,470,471,476,480,488,502,504,507,512,514,516,524,537,542,557,564,566,568,578,590,591,593,598,601,609,612,619,622,627,628,635,636,638
OX89,313,343,349,363,372,383,387,411,414,422,423,435,447,464,468,476,486,507,514,537,539,562,577,579,588,590,591,609,612,616,627,630,635,636
OX90,308,322,323,347,349,372,376,387,400,402,408,410,411,414,420,422,423,424,428,438,440,446,458,464,466,468,476,477,486,491,494,501,507,508,514,516,525,527,532,534,536,537,538,542,556,557,565,575,591,593,596,605,609,612,614,616,621,627,632,635,636,646
OX91,363,372,383,387,423,438,446,464,468,469,476,491,494,514,537,538,542,588,590,591,609,627,630,635,636,646
OX92,339,346,347,354,364,365,369,372,378,382,392,398,401,403,412,415,420,424,427,428,429,432,437,438,440,442,445,448,453,455,458,459,464,469,471,476,477,490,502,504,507,512,514,519,523,524,525,528,532,536,537,538,539,542,556,560,564,565,566,568,575,577,578,579,580,583,585,590,591,595,598,600,601,602,605,610,612,613,614,616,619,621,622,624,627,632,635,638,643,646
OX93,372,387,398,402,410,420,423,446,458,464,466,468,469,476,477,514,516,536,537,557,575,590,591,593,609,614,627,632,635,636
OX94,323,346,349,360,361,365,366,369,376,378,381,384,387,392,398,400,401,402,410,411,414,422,423,429,432,445,446,453,454,455,466,468,469,486,491,494,501,502,504,508,511,512,516,524,534,539,557,564,577,578,579,580,583,584,590,593,596,600,601,607,609,624,636,643
OX95,349,398,400,411,414,422,438,486,491,494,508,534,538,596,607,646
OX96,343,346,351,359,360,362,364,365,369,378,381,388,390,392,398,401,420,432,434,435,438,444,447,458,477,504,512,524,530,536,538,541,559,568,575,580,600,614,624,632,643,646
OX97,355,359,361,362,364,365,369,390,398,417,420,423,434,444,446,451,458,468,469,477,497,502,507,511,524,530,536,541,542,559,568,575,577,579,584,612,614,632
OX98,346,359,360,362,364,365,368,378,381,390,392,398,401,420,432,434,438,443,444,453,454,458,477,481,496,504,512,524,530,536,538,541,559,568,570,575,580,600,601,614,624,632,643,646
OX99,359,361,362,364,366,368,369,384,390,423,434,443,444,445,455,468,481,496,502,511,530,539,541,559,564,568,570,577,578,579,584,616
OX100,415,442,448,471,519,585,595,598
OX101,365,368,369,398,420,443,445,446,454,455,458,469,477,481,496,507,524,536,539,542,564,570,575,577,578,579,612,614,616,632
OX102,361,366,368,384,443,453,481,496,511,570,584,600,601,624
OX103,347,364,368,387,398,402,403,410,412,420,424,428,429,440,443,446,453,454,458,466,470,471,477,480,481,490,496,507,516,523,525,528,532,536,542,556,557,560,565,568,570,575,583,593,598,600,601,602,605,609,610,612,613,614,621,624,632,636
OX104,364,368,392,401,403,423,428,432,443,453,454,468,469,481,496,502,504,507,512,528,542,560,565,566,568,570,590,600,601,610,612,624
OX105,392,401,403,423,428,432,468,469,502,504,507,512,528,542,560,565,566,590,610,612
OX106,178,231,348,353,401,402,403,420,436,456,462,474,477,492,504,515,522,528,560,566,575,587,610,632
OX107,398,402,410,420,446,458,466,477,507,516,536,542,557,575,593,612,614,632
OX108,322,402,410,420,428,458,466,477,507,516,534,536,542,557,565,575,590,593,607,612,614,632
OX109,401,402,403,410,420,428,436,456,462,466,474,477,504,507,515,516,528,542,557,560,565,566,575,590,593,610,612,632
Z0,0,124,240,430
Z1,1,87,97,394
Z2,2,38,55,625
Z3,3,180,440,556
Z4,4,194,354,638
Z5,5,441,514,591
Z6,6,119,442,585
Z7,7,257,406,526
Z8,8,49,138,397
Z9,9,306,544,550
Z10,10,195,342,374
Z11,11,190,552,641
Z12,12,16,241,375
Z13,13,136,438,646
Z14,14,174,239,639
Z15,15,175,229,321
Z16,12,215,430,553
Z17,17,327,491,494
Z18,18,328,496,570
Z19,15,19,484,597
Z20,20,72,178,492
Z21,21,329,400,596
Z22,22,140,528,560
Z23,23,470,471,595
Z24,24,39,218,618
Z25,4,25,219,561
Z26,26,123,399,439
Z27,27,45,153,634
Z28,28,49,123,640
Z29,3,29,220,558
Z30,30,125,359,559
Z31,31,415,419,585
Z32,32,134,184,352
Z33,33,300,464,635
Z34,34,182,350,597
Z35,35,94,383,588
Z36,36,88,353,587
Z37,37,46,341,393
Z38,38,429,591,609
Z39,24,142,221,395
Z40,40,90,154,457
Z41,41,78,485,644
Z42,42,60,397,549
Z43,43,369,454,568
Z44,44,112,190,594
Z45,45,346,494,646
Z46,46,216,270,552
Z47,47,220,242,294
Z48,48,222,396,582
Z49,8,50,107,341
Z50,21,50,139,450
Z51,51,66,506,569
Z52,52,82,371,472
Z53,53,98,507,612
Z54,54,99,289,409
Z55,2,82,353,522
Z56,56,84,100,161
Z57,57,340,362,541
Z58,58,160,264,332
Z59,59,120,245,333
Z60,60,412,576,602
Z61,61,303,500,647
Z62,62,252,426,629
Z63,63,308,527,569
Z64,64,121,400,508
Z65,65,394,396,546
Z66,51,99,424,532
Z67,67,85,401,504
Z68,68,86,122,500
Z69,69,210,291,623
Z70,70,233,286,615
Z71,71,96,212,589
Z72,72,360,459,643
Z73,73,155,461,499
Z74,74,238,260,573
Z75,75,151,256,413
Z76,76,295,365,524
Z77,77,285,429,583
Z78,41,351,453,600
Z79,66,79,180,254
Z80,80,83,323,376
Z81,81,239,337,626
Z82,55,212,560,610
Z83,83,100,158,441
Z84,56,75,506,625
Z85,85,324,361,584
Z86,68,119,314,547
Z87,87,169,205,407
Z88,88,165,297,509
Z89,89,224,503,550
Z90,40,427,495,622
Z91,91,167,345,483
Z92,92,384,454,496
Z93,93,250,309,489
Z94,35,244,264,379
Z95,95,248,490,613
Z96,96,230,488,628
Z97,80,97,395,457
Z98,53,383,486,491
Z99,54,304,602,613
Z100,84,251,487,589
Z101,101,298,438,538
Z102,102,159,231,522
Z103,103,158,254,493
Z104,104,284,421,449
Z105,105,253,431,505
Z106,106,109,605,621
Z107,107,195,259,274
Z108,108,129,139,439
Z109,109,272,320,337
Z110,110,269,307,463
Z111,111,185,272,558
Z112,112,342,498,521
Z113,113,148,234,306
Z114,114,147,387,609
Z115,115,149,437,622
Z116,116,177,347,556
Z117,117,146,339,619
Z118,118,183,577,579
Z119,86,411,422,452
Z120,120,179,466,516
Z121,26,121,410,557
Z122,27,122,472,551
Z123,64,403,517,528
Z124,124,157,330,352
Z125,125,198,223,377
Z126,126,142,170,206
Z127,127,434,530,603
Z128,128,280,320,599
Z129,108,170,299,555
Z130,130,202,476,635
Z131,131,247,267,334
Z132,132,204,477,632
Z133,133,196,359,362
Z134,134,245,321,375
Z135,135,292,533,567
Z136,13,47,344,540
Z137,137,218,420,632
Z138,138,172,208,336
Z139,28,436,477,614
Z140,22,318,513,645
Z141,141,152,275,637
Z142,113,126,302,642
Z143,143,283,444,559
Z144,103,144,192,510
Z145,145,358,445,578
Z146,117,147,159,498
Z147,146,267,280,641
Z148,148,192,463,618
Z149,149,226,316,326
Z150,150,293,372,627
Z151,151,322,508,607
Z152,152,456,515,633
Z153,6,17,242,479
Z154,90,187,268,406
Z155,155,186,382,638
Z156,156,248,425,617
Z157,0,91,325,644
Z158,1,217,460,526
Z159,102,163,368,443
Z160,58,247,296,335
Z161,161,366,451,511
Z162,162,186,367,576
Z163,163,428,590,636
Z164,164,350,510,520
Z165,165,230,355,451
Z166,20,166,465,484
Z167,157,312,574,611
Z168,168,182,418,425
Z169,92,144,424,525
Z170,129,313,388,435
Z171,171,207,405,582
Z172,101,172,347,532
Z173,173,209,389,450
Z174,174,391,415,595
Z175,175,319,513,574
Z176,176,244,275,639
Z177,32,177,315,554
Z178,71,178,210,587
Z179,179,231,348,489
Z180,29,398,446,538
Z181,181,330,349,414
Z182,34,312,379,419
Z183,183,351,388,545
Z184,167,184,416,499
Z185,185,255,431,529
Z186,62,162,546,592
Z187,187,232,316,620
Z188,14,188,246,479
Z189,189,317,357,478
Z190,44,443,455,601
Z191,191,225,277,540
Z192,31,169,411,486
Z193,145,193,444,530
Z194,25,128,284,633
Z195,10,282,433,551
Z196,95,196,228,328
Z197,197,296,368,481
Z198,198,381,504,566
Z199,199,303,405,467
Z200,200,252,407,617
Z201,201,236,377,475
Z202,202,297,346,580
Z203,131,203,474,515
Z204,204,224,378,643
Z205,205,535,548,647
Z206,132,206,217,606
Z207,171,349,422,485
Z208,208,308,534,607
Z209,173,279,471,598
Z210,69,237,378,580
Z211,70,211,324,628
Z212,52,291,309,604
Z213,211,213,325,561
Z214,214,281,557,593
Z215,215,263,313,562
Z216,37,104,382,619
Z217,137,153,535,623
Z218,48,67,219,518
Z219,136,287,536,614
Z220,105,221,404,608
Z221,106,222,253,421
Z222,30,42,386,631
Z223,143,191,432,512
Z224,36,115,464,514
Z225,227,327,548,606
Z226,228,338,370,531
Z227,9,19,176,334
Z228,130,226,266,340
Z229,114,256,440,621
Z230,232,302,376,501
Z231,233,293,483,509
Z232,234,273,343,447
Z233,235,288,363,630
Z234,236,361,364,624
Z235,237,286,287,292
Z236,238,285,339,437
Z237,81,98,294,332
Z238,150,240,417,497
Z239,241,262,276,543
Z240,79,110,310,608
Z241,243,335,482,594
Z242,94,168,481,570
Z243,59,278,318,329
Z244,225,246,266,380
Z245,160,387,599,636
Z246,7,133,356,478
Z247,249,366,384,475
Z248,250,282,467,603
Z249,201,251,408,527
Z250,200,257,588,630
Z251,135,194,216,640
Z252,111,262,277,563
Z253,116,271,307,563
Z254,73,207,213,629
Z255,199,258,600,624
Z256,259,260,331,581
Z257,74,393,412,523
Z258,261,276,445,564
Z259,16,326,537,627
Z260,255,392,432,571
Z261,203,354,459,615
Z262,265,373,543,554
Z263,23,141,166,645
Z264,76,229,269,572
Z265,268,385,423,468
Z266,270,462,474,503
Z267,271,390,434,505
Z268,39,89,295,465
Z269,273,436,462,555
Z270,11,274,343,435
Z271,263,501,539,616
Z272,261,502,512,541
Z273,214,278,385,553
Z274,63,209,517,549
Z275,235,281,428,565
Z276,93,455,531,578
Z277,283,338,364,568
Z278,77,154,449,592
Z279,156,356,367,495
Z280,197,288,317,370
Z281,289,315,520,572
Z282,290,363,542,612
Z283,298,345,373,567
Z284,299,423,469,616
Z285,33,442,519,634
Z286,301,417,539,579
Z287,193,258,518,529
Z288,304,336,461,533
Z289,305,311,319,391
Z290,310,323,583,605
Z291,305,389,547,581
Z292,181,314,374,545
Z293,189,358,466,593
Z294,140,402,492,516
Z295,311,414,562,596
Z296,322,348,565,610
Z297,227,290,458,536
Z298,18,164,243,544
Z299,331,380,448,519
Z300,333,390,524,564
Z301,57,427,480,523
Z302,265,344,372,476
Z303,118,249,493,642
Z304,5,355,497,620
Z305,357,468,502,537
Z306,61,65,404,586
Z307,360,381,488,637
Z308,365,402,575,604
Z309,78,301,511,584
Z310,369,447,482,577
Z311,300,371,521,573
Z312,386,448,480,598
Z313,392,401,456,626
Z314,398,399,458,534
Z315,403,470,487,566
Z316,408,490,525,631
Z317,409,416,418,473
Z318,410,460,469,542
Z319,413,446,507,590
Z320,127,420,575,586
Z321,426,452,473,611
Z322,43,433,453,601
OZ0,277,291,293,294,296,297,307,308,309,312,315,316,321,325,326,329,330,332,337,342,345,347,348,353,361,362,363,364,368,370,372,375,380,381,383,384,385,388,389,391,397,402,412,415,416,428,429,430,432,434,441,445,447,448,450,451,454,465,467,468,471,472,476,478,479,480,481,482,483,484,485,486,487,490,491,493,494,497,499,502,504,505,507,512,513,514,517,521,522,524,525,537,539,540,541,545,553,554,556,557,563,564,565,566,568,569,571,574,576,578,580,584,589,595,600,601,602,603,609,611,612,623,624,625,626,627,630,634,635,639,642,646
OZ1,254,291,292,294,295,296,297,306,312,323,324,329,332,334,335,336,342,345,346,347,348,350,353,361,362,363,368,373,374,375,377,378,379,381,382,383,384,385,388,389,391,399,405,406,407,415,418,419,422,424,425,427,428,430,434,437,438,440,444,445,446,447,452,454,456,458,459,463,467,468,470,471,472,476,479,480,481,484,486,487,491,492,493,494,495,496,502,505,506,507,510,514,515,519,523,525,526,527,531,532,533,534,536,537,538,539,540,543,546,550,551,553,557,558,560,561,562,563,564,565,569,570,573,575,576,578,580,581,582,583,584,588,592,594,595,596,597,600,601,602,603,605,608,610,612,614,615,620,622,624,627,631,633,634,635,638,639,642,643,645
OZ2,217,284,287,292,293,297,307,308,313,316,321,324,325,329,332,334,336,338,341,345,346,347,349,359,361,363,367,368,373,374,376,377,379,380,381,382,383,384,385,387,389,391,393,394,395,397,399,402,406,411,412,414,415,417,419,421,424,425,428,434,438,442,448,449,450,452,454,455,456,457,458,459,460,461,462,468,471,472,480,482,483,486,489,492,493,495,497,498,499,501,503,507,508,510,513,514,515,517,518,522,524,527,528,529,532,534,535,536,538,539,544,545,547,548,551,552,557,560,561,562,566,567,572,574,576,580,582,583,584,585,590,591,594,595,597,605,607,608,610,613,614,615,616,617,619,621,629,631,633,634,635,636,638,639,640,641,644,645,646,647
OZ3,291,293,296,309,313,329,353,363,368,370,372,385,394,396,404,405,428,429,430,441,442,444,445,451,464,466,467,468,472,478,481,488,497,500,501,502,513,514,518,519,521,522,528,529,530,537,539,546,557,562,565,573,578,586,589,600,604,609,610,616,620,624,625,627,628,630,634,635,645,647
OZ4,224,280,296,306,307,308,312,315,316,321,325,329,330,334,335,336,341,346,348,350,354,363,368,373,374,375,376,378,380,383,385,388,393,394,397,399,402,406,407,411,412,415,416,417,419,427,428,429,434,437,438,441,442,448,450,451,453,454,457,458,459,462,464,465,466,467,468,470,472,474,481,482,483,484,487,488,495,499,505,507,508,510,514,515,517,520,523,524,526,531,532,534,535,536,538,539,551,552,553,554,556,557,562,563,564,566,567,568,570,574,577,578,581,583,585,589,590,591,594,596,599,603,604,605,607,609,610,611,614,615,619,621,622,623,625,628,632,634,635,640,642,643,644,645,646,647
OZ5,269,287,292,293,295,306,321,324,325,330,332,334,335,338,346,350,359,362,363,370,374,378,379,381,382,383,389,402,405,406,407,419,422,425,442,452,456,458,459,461,472,473,478,482,483,484,485,486,488,490,495,496,499,507,509,510,513,515,520,524,526,531,536,542,545,546,548,550,551,561,562,570,572,574,575,576,580,581,582,588,592,594,595,596,597,604,606,611,613,615,628,630,633,634,638,639,643,646
OZ6,465,484,492,528,560,645
OZ7,280,287,292,308,309,313,315,316,323,324,332,336,338,341,348,354,359,361,362,363,364,372,373,375,377,380,381,382,383,389,393,397,399,412,416,418,424,427,429,430,437,438,441,442,444,445,448,450,451,456,461,462,470,472,473,474,486,488,497,501,502,503,505,508,509,517,518,519,520,521,522,523,527,528,529,532,534,537,538,539,542,546,548,552,553,554,556,561,562,563,564,565,566,567,568,572,573,576,580,582,583,584,589,590,592,595,599,604,605,606,607,608,609,613,614,616,619,620,621,622,623,625,627,628,631,633,634,638,639,640
OZ8,284,307,312,313,320,321,325,330,335,336,337,338,339,342,345,346,347,348,350,359,362,367,368,370,375,387,402,406,407,417,418,421,424,428,434,441,442,443,447,449,451,452,453,454,455,461,464,466,467,478,483,488,492,494,495,496,499,501,505,510,514,519,524,525,526,532,533,539,544,546,553,554,558,560,562,563,564,568,570,572,573,574,577,578,588,589,590,591,592,594,601,602,603,604,609,610,613,616,617,619,620,623,625,628,629,630,635,636,644,646
OZ9,287,292,296,307,308,312,315,316,320,321,323,324,325,330,332,334,335,337,338,339,341,345,346,347,350,359,361,362,364,368,372,373,377,380,381,382,389,393,397,399,402,412,416,417,424,427,428,429,430,434,437,438,443,444,445,448,450,456,458,459,462,464,466,470,481,483,489,492,497,498,499,502,503,507,508,509,514,515,517,518,520,522,523,524,527,528,529,533,534,536,537,538,546,552,556,558,560,561,565,566,567,568,570,574,576,580,582,583,584,591,592,595,602,605,607,608,610,611,614,615,621,622,627,631,633,635,638,639,640,641,644,646
OZ10,308,336,341,345,347,373,397,438,462,474,503,532,534,538,552,567,607,640
OZ11,312,315,320,335,336,337,338,350,359,362,367,370,379,394,406,407,411,415,416,449,461,473,478,482,486,490,495,496,510,520,526,531,532,533,535,544,548,556,558,570,572,585,588,592,594,597,602,605,617,621,630,647
OZ12,307,313,320,321,325,330,335,336,337,342,345,346,347,348,350,362,364,367,370,375,379,396,397,402,404,405,406,407,411,412,415,417,434,441,442,447,448,449,451,453,454,461,464,466,473,478,480,483,486,487,488,492,494,495,496,499,500,501,505,510,514,518,519,520,524,525,526,527,529,530,531,532,533,535,539,544,546,548,549,553,554,558,560,562,563,564,570,572,573,574,576,577,585,586,588,591,592,594,597,598,600,601,603,604,605,610,611,616,617,620,621,623,624,628,630,635,644,646
OZ13,293,294,296,297,309,313,320,329,330,335,337,338,349,350,359,361,362,364,367,368,373,374,377,383,384,385,388,396,397,404,405,406,407,411,412,414,417,425,427,428,429,430,437,444,445,448,449,453,458,466,467,468,476,479,481,482,485,486,488,490,491,493,495,496,497,500,501,502,510,513,514,518,519,520,521,522,523,526,528,529,530,531,535,536,537,540,542,543,544,546,547,549,551,554,557,562,565,570,573,576,577,578,580,584,585,586,589,591,592,594,598,602,604,605,606,609,610,612,613,616,617,620,621,622,623,625,627,628,631,635,642,644,645,646
OZ14,315,320,336,337,383,394,405,416,418,422,424,425,449,461,486,490,520,525,532,533,535,548,556,558,572,582,588,592,602,605,611,621,629,647
OZ15,297,320,330,335,336,337,338,342,346,349,350,359,361,362,364,367,370,374,377,383,384,388,391,394,397,406,407,411,412,414,415,417,425,427,429,437,447,448,449,454,455,462,467,470,471,472,474,478,485,486,488,489,490,493,494,495,496,497,498,503,509,510,514,519,520,522,523,526,528,532,535,539,544,547,548,549,551,556,558,568,570,573,576,578,584,585,589,591,592,594,598,600,601,602,603,604,605,609,610,613,617,620,621,622,623,624,625,628,630,631,634,635,640,641,642,644,646,647
OZ16,302,309,316,336,339,343,345,347,373,374,376,380,385,393,406,412,423,427,429,435,437,438,443,447,448,449,450,453,454,457,462,467,468,474,482,489,495,498,501,503,517,519,521,523,527,531,532,534,538,551,567,568,569,573,577,578,581,583,592,594,603,607,620,622,640,641
OZ17,342,346,442,447,453,454,455,464,467,482,489,494,519,531,568,573,577,578,601,603,604,623,635,646
OZ18,320,330,335,336,337,338,349,350,359,362,367,370,374,383,391,394,406,407,411,414,415,425,442,449,462,470,471,472,474,478,482,486,490,495,496,498,503,510,520,522,526,528,531,532,535,544,545,547,548,551,556,558,570,585,592,594,605,610,613,617,621,630,634,640,641,647
OZ19,335,338,350,359,362,370,406,407,425,452,461,473,478,482,490,495,496,499,510,520,526,531,544,570,576,588,594,611,613,630
OZ20,292,294,296,309,316,324,325,332,334,336,339,348,349,361,363,364,368,370,373,374,377,379,380,381,382,383,391,393,406,407,412,415,417,427,428,429,430,434,437,438,443,444,445,448,450,452,456,458,459,462,466,470,476,478,479,481,482,483,489,490,491,495,496,497,502,503,509,510,513,514,515,517,518,519,520,521,522,523,526,527,529,531,532,534,536,537,538,540,542,543,544,545,546,548,551,554,556,558,561,562,566,568,569,573,575,580,581,582,584,590,591,592,594,595,596,597,606,607,612,615,622,623,627,630,631,633,638,639,640,644,645,646
OZ21,294,296,309,313,329,336,367,368,370,372,373,374,379,383,385,389,391,394,396,404,415,417,418,422,424,428,444,445,458,461,462,464,466,467,468,474,476,478,479,481,485,490,491,497,498,499,500,501,502,503,509,518,519,520,521,525,529,530,532,536,537,539,540,542,543,545,546,548,551,554,556,557,558,565,573,576,578,580,581,582,586,588,596,597,600,604,606,611,612,613,616,617,623,624,629,630,635,640,641,644,646,647
OZ22,324,361,367,382,383,394,401,405,422,461,473,486,499,504,518,535,548,561,576,584,588,592,611,617,638,647
OZ23,296,313,329,330,349,363,368,370,377,379,385,389,391,396,401,404,411,414,415,417,418,422,424,428,441,444,445,451,452,466,467,468,473,478,481,485,486,487,488,500,501,502,504,514,520,527,529,530,535,537,539,547,548,557,565,578,581,585,586,591,596,597,600,613,616,620,624,628,629,630,631,644
OZ24,306,313,323,330,332,334,339,341,345,347,349,361,363,368,372,374,375,377,378,379,381,383,387,391,393,399,414,418,419,424,428,430,434,438,442,443,456,461,466,472,473,486,487,488,489,490,498,499,501,503,505,508,515,520,522,525,527,534,538,539,542,544,545,547,548,551,552,553,554,556,562,563,564,565,567,569,575,583,584,589,595,597,602,604,605,606,607,608,609,610,613,614,616,621,625,627,628,631,633,634,636,639,641,643
OZ25,313,326,330,336,346,349,367,372,373,374,375,377,383,391,394,401,411,414,415,430,441,442,445,451,452,461,462,470,471,472,473,474,476,486,487,488,490,497,498,499,501,502,503,504,509,512,514,518,522,525,527,528,532,535,537,539,541,545,546,547,548,551,553,554,556,562,563,564,576,580,582,585,588,591,610,611,616,617,620,627,628,631,634,640,641,647
OZ26,309,316,326,330,349,367,374,377,383,391,394,397,401,411,412,414,415,427,429,437,441,442,448,451,452,461,470,471,473,476,486,488,494,497,499,504,509,518,521,522,523,528,535,545,546,547,548,549,551,573,580,582,585,588,589,598,602,604,609,610,611,617,620,622,623,625,628,631,646,647
OZ27,326,329,336,346,362,363,364,367,368,372,373,374,375,377,379,385,389,394,397,401,406,407,412,417,418,424,428,430,442,443,444,448,452,455,462,466,468,470,471,472,474,476,480,485,486,490,495,497,498,503,504,509,512,518,520,522,525,526,528,532,535,541,545,546,548,549,551,553,554,556,557,562,563,564,565,568,576,580,581,582,588,596,597,598,602,610,611,613,617,627,631,634,640,641,644,647
OZ28,316,321,325,332,334,338,341,348,349,359,362,364,367,372,374,377,379,380,381,383,387,389,391,401,402,412,414,417,427,429,430,434,437,438,441,442,443,444,445,448,449,450,451,456,462,464,466,471,472,473,482,483,484,488,489,490,492,496,498,502,504,510,515,517,520,522,523,524,527,528,529,533,534,537,538,544,545,546,547,550,551,552,560,566,567,568,569,574,588,589,592,594,595,597,605,607,609,611,617,620,621,622,625,627,628,629,631,633,634,635,636,639,640,641,644,645
OZ29,323,325,329,330,339,341,345,346,347,361,362,363,364,374,375,377,378,385,387,391,393,397,399,406,407,411,412,414,415,418,425,434,438,441,442,444,445,448,451,455,458,459,468,470,471,472,480,483,485,488,489,490,495,497,498,502,505,507,508,509,513,514,522,525,526,534,536,537,538,545,547,549,551,552,553,554,556,557,563,564,567,568,569,575,580,583,584,585,588,589,591,598,604,605,607,608,609,610,611,614,620,621,625,631,634,636,641,643,645,646
OZ30,321,325,329,332,334,338,343,345,346,347,348,349,359,363,368,374,375,381,383,385,387,391,394,397,402,406,407,412,414,418,424,427,428,434,435,437,443,445,447,448,449,452,453,454,455,456,462,464,467,468,470,472,473,480,483,484,485,486,492,494,495,496,502,510,512,515,518,519,524,525,526,529,531,533,535,537,541,544,547,548,549,550,551,553,554,556,557,560,562,563,564,565,566,568,574,576,577,578,582,592,595,596,598,602,603,604,605,610,613,621,622,623,629,633,634,635,636,639,640,645,646,647
OZ31,332,336,341,343,345,347,363,372,374,380,383,391,397,415,427,435,437,438,441,442,443,447,450,451,453,454,458,462,464,467,472,474,476,479,482,486,487,488,489,490,497,503,507,509,514,517,525,531,532,534,536,538,540,542,543,548,549,551,552,554,567,568,569,576,577,578,580,581,591,594,595,598,602,603,604,606,607,620,622,623,628,634,635,639,640,646
OZ32,349,367,377,383,394,401,417,441,451,461,473,485,486,487,488,490,499,504,514,518,525,527,535,546,548,576,582,588,591,611,617,620,628,631,644,647
OZ33,325,329,330,334,336,341,346,364,367,368,372,374,375,377,380,381,383,385,387,389,390,394,396,397,401,404,405,406,407,411,414,418,424,428,434,438,441,445,449,450,451,456,458,461,466,467,468,471,472,474,476,479,482,483,484,485,486,487,488,490,494,495,496,497,499,500,502,503,504,507,509,510,512,513,514,515,517,518,519,526,530,531,532,533,534,536,537,538,540,541,542,543,544,545,547,548,549,550,551,552,553,556,557,563,565,566,567,568,569,578,580,585,586,588,591,592,594,598,600,602,605,606,607,611,613,617,620,621,624,628,629,631,633,634,636,647
OZ34,330,346,372,373,374,411,414,417,442,452,472,476,479,485,497,509,540,543,545,547,551,554,580,585,634,644
OZ35,329,338,343,345,347,348,359,367,368,372,375,383,385,387,394,397,405,406,407,411,412,415,417,419,422,427,428,430,434,435,437,442,443,445,447,448,449,453,454,455,458,459,461,462,464,467,468,470,473,480,485,488,490,494,495,496,497,499,502,503,507,509,512,518,519,526,528,529,531,533,535,536,537,541,542,545,549,553,554,556,557,562,563,564,565,566,568,575,577,578,580,585,588,592,596,598,602,603,605,606,610,611,617,621,622,623,627,635,636,640,644,647
OZ36,367,379,405,411,415,419,422,424,425,452,461,490,499,520,525,576,582,585,597,613,617,629
OZ37,338,359,364,377,383,396,397,401,404,412,422,425,443,448,455,467,473,480,482,486,490,496,500,504,529,530,531,535,548,549,568,576,578,586,588,594,598,600,602,611,613,624,629,631
OZ38,346,372,373,377,383,391,394,401,405,415,422,425,441,451,461,462,470,471,473,474,476,479,486,487,488,490,497,498,503,504,509,514,518,522,525,527,528,533,535,540,543,546,548,554,580,588,591,602,610,611,613,620,628,629,631,640,641,647
OZ39,343,348,384,390,436,443,447,454,462,466,482,484,489,493,528,550,555,564,575,594,604,610,642,645
OZ40,336,341,345,347,348,373,374,377,380,383,384,390,394,397,401,405,422,425,427,435,436,437,438,442,443,450,453,464,466,467,472,473,474,482,484,486,489,490,493,496,503,504,517,518,527,528,531,532,534,535,538,546,548,549,550,551,552,555,564,567,568,569,575,576,577,578,581,588,594,598,602,603,604,607,610,611,613,622,629,631,634,635,640,642,645,647
OZ41,341,348,374,380,384,390,397,427,435,436,437,442,443,450,453,461,464,466,467,472,474,482,484,489,493,496,503,517,525,527,528,531,533,549,550,551,552,555,564,568,575,576,577,578,581,594,598,603,604,610,622,634,635,640,642,645
OZ42,379,383,424,425,490,520,525,588,597,613
OZ43,334,337,345,347,348,363,372,387,390,391,405,411,419,422,424,425,438,441,449,451,452,458,466,470,471,474,476,479,484,486,487,488,490,497,498,503,507,509,510,514,515,522,525,527,534,536,538,540,542,543,544,546,548,550,554,556,558,564,567,569,575,580,582,585,588,591,592,605,606,607,613,620,621,623,628,633,636,641,645,646
OZ44,337,345,347,348,362,372,374,381,384,389,390,391,394,396,397,404,405,412,415,427,435,436,437,438,441,443,444,448,451,453,455,456,461,464,466,470,472,474,476,479,480,482,484,487,488,490,493,494,496,497,498,500,503,509,512,514,518,519,522,527,529,530,533,534,538,540,541,543,546,549,550,551,554,555,556,558,564,566,567,568,569,575,577,580,581,586,591,594,598,600,602,603,607,620,622,623,624,628,634,635,640,641,642,645,646,647
OZ45,339,348,361,368,372,373,374,377,378,380,384,387,390,391,393,397,399,415,427,428,435,436,437,438,440,442,443,446,450,453,458,459,464,466,467,470,471,472,474,476,479,484,487,489,493,498,503,517,522,531,533,534,536,538,540,543,549,550,551,554,555,564,567,568,575,576,577,578,581,584,589,590,598,602,603,604,609,614,621,622,625,628,631,634,635,636,640,641,642,643,645,646
OZ46,361,368,372,373,378,383,387,391,397,399,401,405,406,407,411,412,419,422,425,428,429,438,440,446,448,449,458,459,462,470,471,473,474,476,479,482,487,495,496,498,503,504,518,522,523,525,526,527,528,533,534,536,538,540,543,546,549,554,567,576,583,584,585,588,589,590,592,594,598,602,609,610,611,613,614,621,625,628,629,636,640,641,643,646
OZ47,348,374,377,383,384,390,394,397,401,405,412,422,425,427,435,436,437,442,443,448,453,462,464,466,467,472,473,482,484,486,489,490,493,496,504,518,519,523,528,531,535,546,548,549,550,551,555,564,568,575,576,577,578,588,594,598,602,603,604,610,611,613,622,629,631,634,635,642,645,647
OZ48,362,363,372,373,377,383,384,387,390,391,397,401,405,412,415,417,422,427,430,434,435,436,437,438,442,443,445,448,449,453,458,459,461,464,467,471,473,479,480,482,484,485,486,488,489,493,494,496,497,499,503,504,507,509,512,513,519,525,529,531,533,534,536,538,540,541,542,543,545,546,548,549,550,554,555,562,564,566,567,568,569,577,578,580,582,592,594,596,598,602,603,604,605,606,607,611,621,622,623,627,631,635,636,640,642,644
OZ49,359,363,372,373,377,384,387,390,391,396,397,404,405,412,415,417,425,427,430,434,435,436,437,438,442,444,445,448,449,453,455,456,458,459,461,464,471,479,480,484,485,488,489,490,493,494,497,499,500,503,504,507,509,513,519,525,530,533,534,535,536,538,540,542,543,545,546,549,550,554,555,559,562,564,566,567,568,569,571,577,580,582,586,588,592,596,598,600,602,603,604,605,606,607,613,621,622,623,624,626,627,629,631,635,636,640,642,644
OZ50,345,347,373,377,390,401,434,438,490,504,525,529,534,538,556,563,567,569,607,631
OZ51,354,372,373,374,377,381,383,389,390,391,394,396,401,404,405,411,417,419,425,430,434,438,442,444,445,452,455,456,461,462,467,472,473,479,484,485,488,489,490,497,499,500,504,509,513,518,525,530,531,533,534,538,540,543,545,546,550,551,554,562,564,567,569,578,580,581,585,586,588,596,600,602,604,607,611,613,615,623,624,627,631,633,634,640,644,647
OZ52,364,368,372,373,377,385,387,388,389,390,391,397,400,401,405,406,407,411,412,418,419,422,428,430,434,435,436,438,441,442,444,448,449,451,455,458,459,461,462,466,468,470,474,479,482,484,486,487,489,494,495,496,497,498,501,502,504,507,509,512,513,514,517,522,523,525,526,528,529,534,536,537,538,539,540,541,542,543,546,548,549,550,554,555,557,562,564,565,566,567,568,569,576,580,581,582,585,591,592,594,596,598,604,605,606,607,610,611,613,616,620,621,623,627,628,631,636,641
OZ53,383,390,396,404,422,425,434,443,444,445,455,467,473,482,486,490,496,500,530,531,535,548,564,578,586,588,594,600,611,613,624,629
OZ54,375,377,384,388,389,391,394,397,399,401,405,411,412,417,418,419,422,427,436,437,441,448,451,452,453,461,464,467,470,473,477,479,485,486,488,493,501,504,508,514,518,519,523,528,531,533,535,539,540,543,545,546,548,549,553,566,568,576,577,578,581,585,591,598,603,613,614,616,620,622,628,629,631,635,640,642,644,647
OZ55,372,373,377,381,389,391,397,412,415,441,442,443,448,451,461,462,470,474,476,479,482,487,488,489,494,496,497,498,503,504,509,514,522,523,525,527,528,533,540,543,549,554,566,580,581,591,594,598,602,604,610,620,623,628,631,640,641,646
OZ56,390,434,444,445,467,530,564,600,603,624
OZ57,363,377,381,384,387,389,396,397,404,405,406,407,412,417,427,430,435,436,437,438,441,444,448,449,451,452,453,458,459,461,462,464,470,471,473,474,476,478,484,485,487,493,495,498,500,504,507,512,513,514,519,522,523,526,527,528,531,534,535,536,538,541,542,545,546,549,550,555,562,567,568,569,577,578,581,582,586,591,592,596,598,600,602,603,605,606,607,610,611,620,621,622,624,627,628,629,630,631,635,636,641,642,644,646
OZ58,394,411,415,419,452,473,486,535,546,548,585,611,629,647
OZ59,368,377,387,396,401,404,405,411,415,419,428,429,443,452,455,473,486,487,490,500,504,518,525,527,531,535,548,578,583,585,586,589,590,603,605,609,611,621,625,629,631,636
OZ60,374,378,381,384,389,399,401,427,435,436,437,438,440,441,443,446,449,451,453,458,461,462,464,467,471,472,482,487,488,489,493,494,496,497,503,509,514,518,519,525,527,531,534,536,538,546,551,555,566,567,568,576,577,578,580,581,582,591,592,594,603,604,605,614,620,622,623,628,634,635,642,643
OZ61,384,387,396,399,404,405,406,417,427,430,435,436,437,440,442,443,444,446,453,458,459,460,462,464,470,474,476,478,482,484,485,488,489,493,494,495,496,497,498,500,507,509,512,513,519,522,525,528,531,535,541,545,550,555,562,566,568,569,577,578,580,582,586,594,596,600,603,604,606,607,610,612,621,622,623,624,627,630,635,636,641,642,644,646
OZ62,377,381,385,388,400,405,406,407,411,415,418,419,422,425,429,430,435,436,438,443,444,449,455,458,459,467,476,478,482,484,486,487,488,495,496,501,503,504,507,512,513,517,525,526,531,533,534,536,538,539,541,542,546,548,550,555,557,562,565,567,569,576,578,582,583,585,588,589,590,592,593,594,596,600,602,603,606,607,609,611,616,624,625,627,630,631,640,646
OZ63,347,378,385,388,389,391,397,399,400,405,406,407,411,412,418,419,422,425,429,430,435,436,440,441,442,445,446,448,451,455,459,461,470,476,478,479,486,489,494,495,497,501,507,509,512,513,514,517,518,523,526,527,529,530,531,533,539,540,541,542,543,548,549,554,555,556,557,562,563,564,565,566,569,576,578,580,581,583,585,588,589,590,591,593,596,598,604,605,606,607,609,611,614,616,620,623,625,627,628,630,640,643,645,646
OZ64,405,407,452,460,473,500,526,535,582,606,611,629
OZ65,378,387,389,396,397,404,406,412,418,422,438,441,442,443,444,448,449,451,459,460,461,467,471,474,478,482,484,487,489,490,494,495,496,497,498,500,503,507,509,512,514,522,523,527,528,534,535,536,538,541,546,549,550,566,567,569,576,580,581,586,591,592,594,598,600,604,605,606,607,610,611,612,613,614,620,621,623,624,628,630,636,641,643,645
OZ66,385,387,388,399,400,407,425,429,430,435,436,438,440,446,449,452,460,461,462,473,476,484,487,501,513,517,526,534,536,538,539,542,546,550,555,557,562,565,567,583,588,589,590,592,593,596,602,609,611,612,613,616,621,625,627,629,636,646
OZ67,350,370,381,389,397,401,412,424,425,443,444,445,447,448,453,454,455,461,462,464,466,468,471,474,478,496,498,502,503,519,520,521,523,525,529,530,533,537,549,566,568,570,573,577,578,581,588,593,594,598,600,602,613,624,630,635,640,641
OZ68,381,387,396,399,401,404,406,422,438,440,444,446,458,459,460,461,462,467,473,478,488,495,499,500,503,507,512,518,533,534,535,538,541,567,576,582,586,600,606,611,612,621,624,630,636,640
OZ69,418,461,473,499,602,613
OZ70,376,387,388,389,407,417,422,425,436,440,442,443,444,446,449,452,453,454,457,460,461,462,468,471,474,477,482,485,487,489,494,497,498,499,500,502,503,508,509,512,514,518,522,526,527,529,530,531,535,536,537,539,541,545,565,566,568,569,577,578,580,581,582,583,588,590,591,592,593,594,600,602,604,606,607,610,612,613,614,620,621,623,624,629,636,641,642,644
OZ71,387,389,399,406,407,411,415,419,422,427,437,440,443,444,446,455,458,459,462,464,467,471,473,478,482,486,488,495,496,499,500,503,507,512,519,525,526,531,533,535,541,548,566,569,578,581,585,594,600,603,607,611,612,621,622,624,630,635,636,640
OZ72,388,389,396,404,411,415,419,422,430,435,436,438,441,442,451,452,454,455,461,467,470,471,474,476,484,486,487,488,489,490,494,496,497,498,499,500,503,509,511,513,514,522,527,528,533,534,535,538,548,550,555,562,567,568,569,579,580,581,584,585,586,591,596,600,602,604,607,610,620,623,627,628,629,640,641,646
OZ73,407,411,415,419,460,486,526,548,585,606
OZ74,396,404,443,455,461,482,490,496,499,531,578,586,594,602,603,629
OZ75,389,391,397,411,412,415,427,430,437,438,441,442,443,448,450,451,452,461,462,464,473,474,476,482,487,488,489,494,496,497,498,499,503,509,513,514,517,519,522,523,525,528,533,534,538,549,562,567,569,576,580,585,591,594,596,598,604,607,610,611,620,622,623,627,628,635,640,641,645,646
OZ76,434,438,440,443,444,445,446,449,461,462,466,467,474,482,489,490,496,498,499,503,507,508,522,530,533,534,538,546,565,567,575,590,592,594,600,602,603,604,605,610,624,629,640,641
OZ77,391,397,399,406,411,412,415,422,429,430,438,441,442,444,448,449,450,451,452,455,458,459,460,461,462,467,471,476,478,489,494,495,497,499,500,503,508,509,512,513,514,517,523,527,528,531,533,534,535,538,541,546,549,562,566,567,569,576,578,580,581,583,585,589,591,592,596,598,600,603,604,606,607,609,612,620,623,624,625,627,628,629,630,640,645,646
OZ78,397,399,412,427,436,437,441,442,444,445,448,451,455,458,462,464,466,467,477,484,487,488,489,490,494,497,507,508,509,514,519,523,525,527,528,531,536,549,550,565,576,578,580,590,591,598,600,602,603,604,614,620,622,623,624,628,635,645
OZ79,430,438,443,444,445,455,458,461,466,467,470,474,476,482,484,487,490,496,498,503,507,513,522,527,528,531,534,536,538,550,562,565,566,567,569,578,590,594,596,600,602,603,607,610,624,627,641,646
OZ80,399,406,411,415,419,427,429,437,441,442,443,445,449,451,452,459,460,464,466,473,478,482,484,486,487,489,494,495,496,497,503,507,508,509,512,514,519,525,527,528,536,541,546,548,550,565,580,583,585,589,590,591,592,594,604,606,609,611,612,620,622,623,625,628,629,630,635,645
OZ81,400,406,411,415,419,423,427,429,436,437,438,441,442,443,445,451,452,459,461,464,466,470,473,477,478,482,484,486,489,490,494,495,496,497,499,501,503,507,509,512,517,519,527,533,534,536,538,541,542,548,550,557,565,566,567,569,580,585,589,590,594,602,604,606,607,609,611,612,614,616,622,623,625,628,630,635,640,645
OZ82,411,415,419,423,436,438,443,444,445,449,452,455,458,460,466,467,468,473,474,477,478,482,484,486,496,498,501,502,503,514,522,525,528,531,533,534,537,538,546,548,550,567,569,578,583,585,591,592,593,594,600,603,606,607,610,611,612,614,616,620,624,629,630,640,641,645
OZ83,414,438,450,462,474,498,503,513,517,522,527,528,533,534,538,547,562,567,569,581,596,607,610,640,641,645
OZ84,406,422,427,429,436,437,438,441,442,443,445,449,451,459,460,464,466,470,473,477,478,482,484,489,494,495,496,497,500,503,507,509,512,514,519,525,533,534,535,536,538,541,546,550,565,566,567,569,580,583,589,590,591,592,594,604,606,607,609,611,612,614,620,622,623,625,628,629,630,635,640,645
OZ85,425,429,436,438,441,443,449,451,458,462,470,474,477,482,487,488,489,490,496,497,498,499,503,509,514,522,527,528,534,538,546,566,567,569,580,583,588,589,591,592,594,604,607,609,610,612,613,614,620,623,625,628,629,641
OZ86,470,487,508,527,528,566,569,607
OZ87,441,445,449,451,454,455,461,462,466,467,468,484,487,488,489,490,496,497,502,508,509,511,512,518,527,528,529,530,533,537,539,541,546,550,568,569,579,580,582,583,584,592,593,600,602,603,604,607,623,628,640,645
OZ88,429,436,443,444,449,455,458,467,474,477,478,482,484,487,496,498,499,503,512,522,525,527,528,531,533,541,546,550,578,583,589,592,594,600,603,609,610,612,614,624,625,629,630,640,641,645
OZ89,417,435,436,438,443,447,449,453,455,461,467,474,484,485,490,498,499,503,514,522,525,528,531,533,534,538,545,546,550,555,567,569,577,578,583,591,592,594,602,603,607,610,620,629,640,641,644,645
OZ90,438,459,462,474,484,487,488,498,522,527,528,533,534,538,550,567,569,607,610,640,641,645
OZ91,422,423,436,442,443,445,454,455,459,460,461,464,466,467,473,474,477,478,482,487,488,490,494,498,500,501,507,511,512,518,519,521,525,527,529,530,533,535,536,539,541,565,568,573,579,582,584,590,594,600,602,603,606,611,612,614,616,629,630,635,640,641
OZ92,443,445,447,453,454,462,466,468,484,489,496,497,499,502,508,509,511,512,518,525,528,529,530,531,533,537,539,541,550,568,569,577,578,579,580,582,584,593,594,600,604,607,623,629,640,645
OZ93,447,449,453,455,459,462,467,474,482,484,487,488,489,496,497,498,499,509,514,522,525,527,528,531,533,546,550,577,578,580,583,591,592,603,604,610,620,623,629,640,641,645
OZ94,459,461,462,474,484,487,488,490,498,522,525,527,528,533,550,602,610,640,641,645
OZ95,442,444,449,454,458,461,462,464,468,474,490,494,496,498,502,503,507,511,512,514,518,519,521,529,530,531,533,536,537,539,541,546,565,568,573,578,579,582,583,584,590,591,592,593,602,620,624,635,640,641
OZ96,445,454,455,462,466,467,468,484,489,496,497,499,502,508,509,511,512,518,525,528,529,530,533,537,539,541,550,568,569,579,580,582,584,593,600,603,604,607,623,629,640,645
OZ97,427,437,461,462,474,498,503,521,533,573,576,622,640,641
OZ98,402,440,444,446,449,455,462,467,468,484,489,492,499,502,507,512,528,531,533,537,541,546,550,560,565,578,590,592,593,600,603,605,624,629,640,645
OZ99,449,455,489,497,509,514,518,529,530,531,546,578,580,582,583,591,592,604,620,623
OZ100,455,461,487,488,489,490,497,499,509,511,518,525,527,529,530,531,539,578,579,580,582,602,604,623,628,629
OZ101,436,440,446,458,461,477,487,488,490,511,514,525,527,533,539,579,583,591,602,605,614,620,628,640
OZ102,461,467,487,488,490,499,518,525,527,529,530,582,584,600,602,603,628,629
OZ103,454,467,487,488,496,525,527,531,568,578,584,600,603,628
OZ104,440,444,446,474,478,484,498,503,511,512,514,522,528,539,541,550,579,583,584,591,605,610,612,620,624,630,641,645
OZ105,380,448,450,490,517,519,523,525,527,576,581,602
OZ106,462,467,484,487,488,499,508,518,527,528,529,530,533,550,569,582,584,600,603,607,628,629,640,645
OZ107,468,474,478,484,498,502,503,507,522,528,537,550,565,590,593,610,612,630,641,645
OZ108,474,484,498,503,522,528,550,610,641,645
OZ109,450,464,508,517,519,521,522,527,569,573,581,607,610,635
