X0,0,14,20,189,216,455
X1,1,77,103,520,558,643
X2,2,19,58,332,450,457
X3,3,13,87,117,140,368
X4,4,105,333,337,440,451
X5,5,52,105,179,187,583
X6,6,42,78,106,355,387
X7,7,37,79,107,353,403
X8,4,8,104,119,394,559
X9,9,30,349,433,479,521
X10,10,136,157,243,351,416
X11,11,350,372,458,487,627
X12,12,275,303,351,436,624
X13,2,3,10,121,188,410
X14,0,72,84,113,118,377
X15,15,48,272,335,484,603
X16,16,100,153,159,346,635
X17,17,23,60,96,126,181
X18,18,24,61,89,119,218
X19,19,71,136,155,283,448
X20,14,49,254,282,342,481
X21,21,74,311,362,489,594
X22,1,16,22,23,331,490
X23,17,101,273,541,573,579
X24,24,76,380,449,491,508
X25,25,47,326,454,588,632
X26,26,59,298,321,503,519
X27,27,49,168,326,379,424
X28,28,50,91,121,280,425
X29,29,51,182,271,290,426
X30,30,75,86,416,523,585
X31,31,104,139,141,199,525
X32,32,155,160,424,488,524
X33,33,313,412,443,471,635
X34,34,209,256,389,551,590
X35,35,107,211,214,339,641
X36,36,90,120,212,217,407
X37,15,21,37,59,225,550
X38,38,95,200,359,421,602
X39,39,54,158,237,426,492
X40,40,124,296,348,434,642
X41,41,106,147,186,338,388
X42,6,80,109,163,370,441
X43,43,95,125,187,356,383
X44,44,175,387,415,473,542
X45,45,188,262,357,430,533
X46,46,190,202,341,431,618
X47,25,154,181,263,349,393
X48,26,48,328,334,356,629
X49,50,117,131,255,346,381
X50,51,171,256,512,527,557
X51,5,334,343,369,452,568
X52,53,236,340,355,528,578
X53,54,150,381,637,641,644
X54,55,133,151,475,516,574
X55,56,152,251,537,574,617
X56,57,108,153,157,229,425
X57,58,160,368,489,503,568
X58,60,266,435,461,521,606
X59,31,61,77,100,329,552
X60,62,116,345,444,459,516
X61,63,143,145,249,361,565
X62,64,76,204,373,460,464
X63,65,222,324,330,365,599
X64,66,156,247,350,555,632
X65,67,161,370,375,446,572
X66,68,165,321,529,588,597
X67,69,137,277,364,558,623
X68,70,302,447,463,615,636
X69,71,130,236,303,320,605
X70,72,82,135,241,242,587
X71,73,268,304,372,451,562
X72,74,79,134,235,245,611
X73,9,47,114,120,198,642
X74,64,138,146,278,561,577
X75,18,102,183,274,531,645
X76,78,172,196,397,564,572
X77,80,142,235,474,593,638
X78,81,88,241,399,415,645
X79,82,111,189,277,317,467
X80,83,170,556,571,575,610
X81,32,84,254,311,327,483
X82,66,85,263,336,385,515
X83,12,86,116,123,534,630
X84,87,141,244,369,411,469
X85,88,118,228,279,337,406
X86,22,75,154,289,379,476
X87,90,174,208,210,223,504
X88,91,204,316,417,549,582
X89,92,122,206,251,281,408
X90,93,123,132,281,409,475
X91,94,124,128,269,282,454
X92,43,180,309,386,456,507
X93,55,89,231,238,373,563
X94,97,114,127,168,283,585
X95,98,260,363,382,423,603
X96,99,165,176,328,423,555
X97,101,330,435,517,589,592
X98,102,137,242,307,313,329
X99,103,139,289,336,378,518
X100,8,52,244,449,456,566
X101,42,177,429,494,593,640
X102,33,35,245,255,291,314
X103,62,108,186,275,549,563
X104,109,219,246,340,448,483
X105,110,279,341,482,583,620
X106,67,111,342,420,510,604
X107,44,83,112,190,278,429
X108,113,199,343,440,505,524
X109,36,97,130,358,534,622
X110,115,304,344,394,409,518
X111,57,147,240,252,441,443
X112,28,240,291,497,608,638
X113,81,110,112,276,498,634
X114,92,191,354,418,478,514
X115,93,268,305,361,419,622
X116,40,173,215,232,392,428
X117,125,347,484,493,607,620
X118,126,230,271,515,520,591
X119,127,149,219,348,375,481
X120,94,285,293,297,420,573
X121,129,197,257,478,507,557
X122,13,150,298,352,357,376
X123,131,220,237,469,491,552
X124,132,238,312,437,559,624
X125,133,239,299,396,560,584
X126,134,163,327,471,510,587
X127,135,162,276,371,569,611
X128,69,299,315,322,462,531
X129,138,170,576,596,616,621
X130,140,159,243,476,488,525
X131,142,246,248,362,457,613
X132,143,216,228,391,546,562
X133,144,360,438,499,619,647
X134,145,397,465,473,560,612
X135,146,233,250,274,508,634
X136,41,172,390,396,459,535
X137,148,253,262,511,526,554
X138,53,149,196,310,358,565
X139,39,194,214,404,427,442
X140,151,218,315,344,548,643
X141,152,266,302,325,345,466
X142,20,27,73,156,378,505
X143,11,85,115,122,197,609
X144,158,180,284,352,411,629
X145,161,185,201,252,390,517
X146,162,220,233,307,314,404
X147,7,335,371,442,453,633
X148,164,305,312,333,547,605
X149,68,167,178,376,393,422
X150,166,177,202,578,613,619
X151,169,470,486,509,564,586
X152,171,221,418,537,553,636
X153,173,223,366,438,614,625
X154,38,174,213,354,395,595
X155,63,164,175,406,528,618
X156,99,129,167,182,284,385
X157,166,227,320,332,401,414
X158,176,257,319,383,395,458
X159,179,414,421,431,472,547
X160,29,209,295,427,580,639
X161,183,231,388,542,577,584
X162,184,265,365,538,545,615
X163,185,273,331,364,412,604
X164,45,270,308,432,450,519
X165,46,359,493,501,575,647
X166,191,208,253,288,402,447
X167,192,207,297,403,502,506
X168,193,261,293,317,384,496
X169,34,194,203,250,581,596
X170,195,265,325,470,535,589
X171,178,286,288,318,430,433
X172,198,210,286,428,432,529
X173,200,259,386,514,522,526
X174,201,229,444,490,523,606
X175,203,309,380,398,492,527
X176,205,234,261,480,570,646
X177,206,224,407,419,487,595
X178,207,232,258,500,540,599
X179,211,301,306,324,497,530
X180,212,296,310,486,614,626
X181,213,294,300,485,501,625
X182,215,260,269,502,550,597
X183,217,402,408,466,479,630
X184,184,221,389,405,468,616
X185,192,222,339,541,543,580
X186,98,128,226,247,384,455
X187,224,249,300,323,367,626
X188,144,225,248,308,392,544
X189,226,234,367,391,439,627
X190,227,410,413,436,511,582
X191,193,230,287,295,579,623
X192,65,70,318,374,445,461
X193,169,205,267,323,465,513
X194,56,195,239,405,513,567
X195,148,270,360,401,504,602
X196,258,366,509,538,539,631
X197,259,413,437,464,472,566
X198,264,294,319,347,363,439
X199,267,468,485,539,556,601
X200,272,377,452,482,569,594
X201,280,306,374,477,533,637
X202,285,434,446,500,586,592
X203,287,322,551,567,598,646
X204,292,353,474,530,540,544
X205,264,480,495,590,600,601
X206,301,400,532,536,545,621
X207,316,338,532,561,608,640
X208,292,494,499,536,610,631
X209,382,453,496,506,600,639
X210,398,460,522,553,576,628
X211,399,462,467,546,570,612
X212,400,417,463,477,554,628
X213,495,498,571,581,607,633
X214,512,548,591,598,609,617
OX0,154,181,208,209,249,251,256,257,262,265,270,271,281,284,286,290,295,300,304,318,323,336,344,349,350,354,360,365,367,372,376,389,394,401,402,405,407,408,409,419,422,426,427,430,433,447,458,468,504,507,511,514,515,518,526,527,537,538,545,548,553,554,580,591,595,598,602,615,616,617,626,627,636,639
OX1,157,159,204,220,237,240,255,291,306,338,346,374,381,417,425,469,477,491,497,532,533,549,552,561,582,637,638,640
OX2,170,204,218,238,251,265,266,278,299,302,315,344,345,388,396,405,460,464,466,470,475,513,516,535,537,542,548,560,561,563,567,576,589,596,616,617,621,643
OX3,136,141,180,209,214,237,244,250,256,262,270,284,298,309,351,360,368,369,376,380,381,389,401,404,413,416,426,427,430,436,442,460,469,476,488,504,511,522,525,527,533,551,553,576,581,582,590,596,602,628,629,637,641,644
OX4,139,159,187,199,204,218,220,233,237,240,243,244,250,251,255,265,266,274,275,291,299,302,306,315,333,334,337,338,343,344,345,346,369,374,380,381,388,394,396,405,414,417,421,431,440,451,452,456,466,469,470,472,475,476,477,488,497,513,516,532,533,535,537,542,547,548,552,559,560,561,563,566,567,568,577,582,583,589,617,634,637,638,640,643
OX5,49,141,168,180,196,199,209,214,219,220,229,233,237,241,242,244,249,250,252,256,262,270,273,276,277,279,284,296,298,300,303,305,307,308,309,311,312,314,317,320,323,327,331,332,333,337,340,343,348,351,355,361,364,367,369,370,371,376,377,380,381,389,390,410,412,416,420,424,426,427,430,432,440,442,444,446,448,454,457,460,467,469,476,483,486,489,490,503,505,510,517,519,522,523,525,527,533,534,547,551,553,568,569,572,576,578,581,585,587,590,596,606,611,614,618,622,628,629,637,641,642,644
OX6,100,168,187,202,204,208,214,218,229,237,238,242,244,249,250,252,254,261,263,266,268,271,273,276,277,279,281,286,290,293,295,296,298,299,300,307,313,315,317,321,323,324,326,328,330,331,336,339,345,348,356,360,364,367,368,369,370,374,375,378,379,380,381,384,387,388,390,392,393,394,396,397,401,402,403,404,408,409,412,413,419,421,422,424,428,429,431,433,437,438,442,444,445,451,453,454,456,461,462,463,466,469,472,475,481,482,484,486,490,496,505,510,511,515,516,517,518,523,529,533,535,540,541,543,545,550,551,552,554,561,563,564,566,567,572,573,583,588,589,591,592,598,603,606,610,614,618,621,628,629,631,632,633,634,637,641,642,643,644,645,646,647
OX7,141,168,180,199,209,214,220,229,233,236,237,241,242,244,249,250,252,256,262,270,273,276,277,279,284,296,298,300,303,305,307,308,309,310,311,312,314,317,320,323,327,331,332,333,337,343,351,358,361,364,367,369,370,371,375,376,377,380,381,389,390,410,412,416,420,424,426,427,430,432,440,442,444,446,448,457,460,467,469,476,481,483,486,489,490,503,505,510,517,519,522,523,525,527,528,533,534,547,551,553,565,568,569,572,576,581,585,587,590,596,606,611,614,618,622,628,629,637,641,644
OX8,209,261,266,273,284,286,288,293,317,318,322,330,349,376,384,426,427,430,433,445,461,496,517,521,541,543,551,567,573,580,589,592,598,606,623,639,644,646
OX9,297,330,339,403,434,435,446,500,502,506,517,541,543,580,586,589
OX10,168,180,187,196,202,204,218,219,236,238,241,251,257,261,265,266,268,276,279,293,296,299,304,309,310,315,318,321,324,328,330,339,340,344,345,350,354,355,356,358,365,372,374,375,378,379,384,387,388,392,396,397,403,405,407,413,420,421,424,429,431,432,437,438,445,446,447,451,453,456,458,460,461,462,463,466,467,468,472,475,481,482,484,486,496,504,505,507,514,516,522,526,528,535,537,538,540,541,543,548,550,561,563,564,565,566,567,573,576,578,580,581,583,589,590,592,595,596,602,603,610,614,615,616,617,618,621,626,627,631,633,634,636,639,643,645,646,647
OX11,210,262,270,288
OX12,196,199,219,220,229,233,241,242,247,249,252,257,273,276,277,279,282,296,300,303,305,307,308,311,312,314,317,319,320,321,323,327,328,331,332,333,337,340,343,348,350,351,355,361,364,367,368,370,371,377,383,390,395,404,410,412,416,420,423,428,440,444,446,448,454,455,457,458,467,476,483,486,488,489,490,503,505,510,517,519,523,534,547,568,569,572,578,585,587,597,606,611,614,618,622,642
OX13,187,199,202,204,214,218,220,235,236,237,238,241,248,249,251,254,255,257,261,263,265,266,268,276,286,288,289,291,293,298,299,300,303,304,305,306,309,310,312,315,320,323,326,327,330,332,333,334,337,343,344,345,348,350,351,352,354,358,360,361,362,365,367,368,371,372,374,376,378,384,387,388,393,396,397,405,407,410,411,413,416,417,420,421,422,428,429,430,431,432,433,437,440,442,445,446,447,448,451,452,454,456,457,458,460,461,462,466,467,468,472,474,475,476,477,483,488,492,494,496,497,504,507,514,516,522,526,528,529,532,534,535,537,538,541,543,545,547,548,554,561,563,564,565,566,567,568,569,573,576,580,581,583,585,587,588,589,590,592,595,596,602,611,615,616,617,619,622,626,627,628,632,634,636,639,641,642,643,645,646
OX14,247,261,282,293,296,302,318,323,324,330,339,348,360,363,365,367,374,384,391,392,403,420,423,428,438,439,445,446,447,453,454,455,461,463,465,468,470,480,485,486,494,496,509,513,536,539,540,541,543,550,556,564,570,573,580,592,597,600,601,603,610,615,619,627,631,636,639,642,646,647
OX15,199,220,233,236,241,242,249,254,257,260,261,276,277,279,293,296,300,303,305,307,308,310,311,312,314,317,319,320,321,327,328,332,333,337,343,350,351,358,361,363,368,371,377,383,384,391,395,404,410,416,428,439,440,448,453,457,458,465,467,468,470,476,480,483,485,488,489,496,503,505,506,509,513,519,528,534,539,547,556,564,565,568,569,570,585,586,587,597,600,601,603,611,614,618,622,627,639,646
OX16,180,214,233,235,237,248,255,266,273,276,286,288,290,291,298,306,308,311,313,314,318,321,324,328,329,330,334,339,349,352,356,360,362,364,376,377,392,403,404,411,417,430,433,438,442,445,452,453,461,463,474,477,482,484,489,492,494,497,503,517,519,521,532,540,541,543,545,550,554,558,573,589,592,603,606,610,619,621,628,631,633,641,644,647
OX17,220,233,235,241,242,248,276,277,291,298,306,307,308,311,314,317,321,324,328,330,334,339,356,360,362,377,392,403,404,417,420,435,438,442,452,453,463,467,474,477,482,484,489,494,497,503,517,519,532,540,541,543,545,550,554,573,580,589,592,603,610,619,621,628,629,631,633,647
OX18,59,208,233,235,241,242,248,249,250,251,255,257,260,263,265,271,276,277,281,288,290,291,295,296,300,302,304,306,307,308,309,311,314,317,318,321,323,326,328,330,334,336,344,348,350,352,354,356,360,362,367,372,374,376,377,380,381,394,401,402,405,407,408,409,417,419,420,430,432,445,446,452,453,454,458,460,461,467,468,474,477,482,484,489,492,497,504,506,507,511,514,515,518,522,526,532,533,536,537,538,541,543,548,551,573,576,581,586,590,591,592,595,596,598,602,603,616,617,621,626,627,629,632,633,637,639,642,644
OX19,202,204,208,218,241,249,256,262,263,268,270,271,273,275,276,279,281,283,288,290,295,299,303,305,310,312,315,317,318,319,321,322,323,324,326,328,336,339,345,348,349,351,354,358,359,363,367,374,378,379,383,387,388,389,392,393,394,395,396,397,401,402,403,407,408,409,419,420,422,424,428,429,431,436,437,438,439,446,451,453,454,460,462,463,464,466,467,475,480,482,485,493,494,498,501,504,505,507,509,511,514,515,516,517,518,521,526,527,529,534,535,536,538,539,540,545,550,551,553,554,559,561,563,564,571,576,580,583,585,588,591,595,596,600,601,602,603,606,614,618,619,620,621,622,623,626,631,632,634,639,642,643,644,645
OX20,214,241,242,255,277,307,314,317,330,420,435,467,517,541,543,573,580,589,592,641
OX21,249,296,300,310,323,358,361,367,486,614
OX22,160,235,236,238,248,254,257,260,261,275,283,291,293,298,305,306,311,312,319,320,323,324,327,330,332,334,339,350,356,360,362,363,367,368,371,377,383,384,391,392,395,403,410,416,417,420,424,428,435,436,437,438,439,442,448,452,457,458,463,465,468,470,474,476,477,480,482,483,484,485,486,494,496,497,506,509,513,517,532,539,540,541,543,545,550,554,556,559,564,568,569,570,573,580,586,587,589,592,597,600,601,605,610,611,619,621,627,628,629,631,633,639,646,647
OX23,105,268,304,305,312,333,337,361,419,440,451,622
OX24,208,237,244,250,251,255,257,260,263,265,266,271,273,281,288,295,298,302,304,309,310,313,314,318,324,326,329,330,336,339,344,348,349,350,352,354,358,361,364,368,369,372,374,376,380,381,392,393,394,401,402,403,404,405,407,408,409,411,419,422,430,432,435,438,442,446,454,458,460,463,468,486,491,492,494,504,506,507,511,514,515,518,521,522,526,529,533,536,537,538,540,541,543,545,548,550,551,554,558,573,576,580,581,586,588,590,591,592,595,596,597,598,602,606,610,614,616,617,619,626,627,628,631,632,637,639,642,647
OX25,242,251,265,266,274,277,302,307,313,322,329,345,364,388,396,405,462,466,470,513,535,537,542,558,560,567,574,577,589,617,623,645
OX26,241,251,265,266,274,302,322,345,388,396,405,462,466,467,470,513,535,537,542,560,567,574,577,589,617,645
OX27,159,204,218,233,235,236,238,240,243,244,248,250,251,256,257,262,263,265,270,273,274,279,283,289,296,299,305,308,309,311,312,315,317,318,319,320,322,323,326,332,334,338,344,345,346,348,349,350,352,356,360,362,363,365,367,368,369,376,377,379,380,383,388,389,391,393,395,396,405,410,411,414,416,420,422,424,428,430,431,436,437,439,446,447,452,454,458,460,465,466,468,469,474,475,480,484,485,486,489,492,498,503,504,509,516,517,519,521,522,527,529,535,536,537,539,542,545,548,552,553,554,556,559,560,561,563,564,570,576,577,581,582,583,588,590,596,598,600,601,602,605,606,615,617,618,620,621,623,627,629,632,633,634,636,638,640,642,643
OX28,233,237,244,248,276,308,311,360,362,368,369,371,392,404,411,438,489,491,499,503,519,544,569,594,619,647
OX29,237,244,250,255,256,257,260,262,270,290,298,309,313,314,317,319,321,322,323,328,329,330,350,352,363,364,367,368,369,376,380,381,383,389,391,395,404,411,420,428,430,432,435,439,442,453,458,460,465,468,470,480,485,486,491,492,506,509,513,517,522,527,533,539,541,543,553,556,558,564,567,570,573,576,581,586,589,590,592,596,597,598,600,601,603,623,627,628,637,644
OX30,153,219,229,243,252,254,257,261,263,266,273,289,290,293,296,302,318,319,321,323,324,326,328,329,339,348,349,350,360,363,364,365,367,370,374,379,383,384,391,392,393,395,403,412,420,422,428,438,439,446,447,453,454,458,463,465,468,470,476,480,485,486,494,496,509,510,513,517,521,529,536,539,540,550,556,558,564,570,580,588,589,600,601,603,606,610,615,619,627,631,632,635,636,639,642,644,646,647
OX31,204,240,254,256,262,266,270,271,273,275,286,288,289,291,295,296,298,300,305,306,308,310,311,312,317,318,319,327,329,331,334,336,338,344,349,354,356,358,359,363,371,374,377,378,383,389,394,395,407,413,417,420,432,433,435,437,439,442,445,448,451,452,457,460,461,464,475,477,480,482,483,484,485,486,489,493,494,497,501,503,505,507,509,514,515,516,518,519,521,526,527,528,532,536,538,539,548,551,553,558,559,561,563,565,569,571,574,576,582,587,591,595,596,600,601,605,606,610,611,619,623,626,628,629,633,635,638,639,640,647
OX32,236,238,275,283,305,312,320,332,410,416,424,436,437,476,559,605
OX33,260,263,266,268,273,289,290,302,303,304,310,317,318,324,326,334,337,339,343,347,348,349,351,354,356,358,361,365,369,374,379,383,392,393,395,401,403,407,413,416,419,420,422,432,436,438,440,446,447,451,452,454,463,476,484,486,493,494,504,506,511,517,521,529,534,536,540,550,568,580,582,583,585,586,588,589,595,597,602,606,607,610,614,615,619,620,623,626,631,632,636,642,644,647
OX34,279,296,305,310,312,333,334,343,347,354,356,358,369,383,395,407,452,484,486,493,528,547,565,568,583,595,605,607,614,618,620,626
OX35,218,235,246,248,254,256,262,266,268,270,271,273,274,276,283,286,288,289,291,295,296,298,299,303,304,305,306,308,310,311,312,315,317,318,319,320,322,323,327,329,331,332,333,336,343,347,349,351,358,362,363,367,369,371,372,374,377,379,387,389,391,394,397,401,410,414,417,420,424,431,432,433,435,439,442,445,448,461,465,474,477,480,483,485,486,489,493,497,498,503,507,509,511,514,515,518,519,521,526,527,532,534,536,538,539,542,547,551,553,556,558,560,568,569,570,577,578,585,587,591,600,601,606,607,611,616,621,622,623,628,629,633,634,635,639,643
OX36,235,255,257,261,262,263,268,270,284,286,288,289,291,293,302,303,304,306,310,313,314,317,319,323,326,329,337,343,347,348,350,351,352,354,358,361,363,364,365,367,369,371,374,377,379,381,384,391,392,393,401,407,413,416,417,419,422,426,428,433,435,436,438,439,440,442,445,446,447,451,454,458,461,465,468,470,474,476,477,480,482,485,493,496,497,499,504,509,511,513,517,529,532,533,534,536,539,544,545,554,556,558,564,568,569,570,582,583,585,588,589,594,595,600,601,602,607,614,615,619,620,621,623,626,627,628,629,632,633,636,637,639,642,644,646,647
OX37,238,268,275,283,296,304,310,333,334,337,343,347,354,356,358,361,369,383,395,401,407,413,414,416,419,424,431,437,440,451,452,476,484,486,493,511,528,547,559,565,568,582,583,595,605,607,614,620,622,626
OX38,229,248,252,255,257,261,262,263,268,270,273,284,286,288,289,293,298,302,303,304,308,310,311,313,314,317,319,321,323,324,326,327,328,329,330,331,334,337,339,343,347,348,350,351,352,354,356,358,360,361,362,363,365,367,369,370,374,375,379,381,384,390,391,393,401,403,407,412,413,416,419,422,426,428,433,436,439,440,444,445,447,451,452,453,454,458,461,463,465,468,470,476,480,484,485,489,490,493,494,496,499,503,504,509,510,511,513,517,519,523,529,533,534,536,539,540,541,543,544,550,556,558,564,568,570,572,573,580,582,583,585,587,588,592,594,595,600,601,602,603,606,607,610,611,614,615,620,623,626,627,631,632,636,637,639,642,644,646
OX39,248,254,255,262,266,270,273,284,286,288,290,298,313,314,318,327,329,330,343,349,352,360,362,364,368,377,381,392,426,432,433,438,445,448,457,461,483,499,517,521,533,541,543,544,558,568,573,587,589,592,594,606,611,619,637,647
OX40,254,255,256,261,262,266,270,273,286,288,289,293,296,298,300,305,308,310,311,312,313,314,318,319,322,327,329,334,336,344,349,354,356,358,359,363,364,371,377,378,381,383,384,389,394,395,407,413,420,432,433,435,437,439,442,445,448,451,452,457,460,461,464,480,482,483,484,485,486,489,493,494,496,501,503,505,507,509,514,515,518,519,521,526,527,528,533,536,538,539,553,558,559,565,567,569,571,576,587,595,596,598,600,601,605,606,609,610,611,619,626,628,629,633,637,639,646,647
OX41,219,256,262,263,265,266,270,271,283,286,288,289,290,295,302,303,308,310,311,318,319,321,322,323,324,326,328,329,331,339,343,348,351,354,358,360,361,363,367,368,372,374,375,377,379,383,389,390,391,392,393,395,403,405,407,413,419,422,424,428,432,433,436,438,439,444,448,453,454,457,463,465,470,480,483,485,489,494,503,507,509,513,514,519,526,527,529,534,536,537,538,539,540,545,548,550,551,553,554,556,558,564,567,568,570,572,580,582,585,588,589,591,595,600,601,603,609,610,614,616,617,619,626,631,632,635,639,642,644,647
OX42,246,251,256,261,262,265,268,270,273,283,286,288,289,293,302,303,304,308,311,317,318,319,320,321,323,324,328,330,332,336,339,343,344,345,349,351,354,363,367,368,372,374,377,379,383,384,387,388,389,391,392,394,395,396,397,401,403,405,407,410,424,433,438,439,445,453,457,461,463,465,466,470,480,485,489,494,496,503,504,507,509,511,513,514,515,517,518,519,521,526,527,528,534,535,536,537,538,539,540,541,543,545,550,553,554,556,565,568,570,573,574,578,580,585,592,595,598,600,601,602,603,605,606,609,610,614,616,617,619,622,623,626,631,639,646,647
OX43,251,255,261,262,268,270,273,281,284,286,288,289,290,296,303,310,313,314,318,319,329,330,336,337,343,344,345,349,351,352,354,358,360,361,363,364,369,379,381,383,394,395,401,407,409,413,416,419,426,433,436,439,440,445,451,452,461,465,466,470,476,480,486,504,511,513,515,517,518,521,533,534,535,541,543,558,568,570,573,582,583,585,592,595,602,606,609,614,626,629,637,646
OX44,257,261,293,296,302,305,310,312,318,319,321,323,324,328,330,333,339,350,358,363,365,367,374,383,384,391,392,395,403,414,420,431,432,438,439,445,446,447,453,458,461,463,465,468,470,480,485,486,494,496,504,509,513,528,536,539,540,541,543,547,550,556,564,565,570,573,580,592,600,601,602,603,605,610,615,619,627,631,636,639,646,647
OX45,255,262,266,270,273,284,286,288,290,313,314,318,319,321,328,329,330,334,347,349,352,356,364,381,423,426,428,432,433,445,461,484,493,517,521,533,541,543,558,573,589,592,597,606,607,620,629,637
OX46,283,416,424,476
OX47,263,268,286,288,289,296,303,304,305,312,318,319,321,326,328,333,337,343,348,351,352,354,361,369,376,379,383,393,395,401,407,413,414,416,419,422,423,430,431,433,436,440,451,452,454,476,486,511,528,529,534,547,565,568,582,583,585,588,595,597,605,614,626,629,632,642
OX48,266,273,286,288,290,317,318,321,328,334,339,349,352,356,371,376,377,403,420,430,433,435,442,445,452,453,461,482,484,521,550,569,580,594,603,606,623,629,633,644
OX49,261,293,302,305,312,318,319,321,323,324,328,330,333,339,354,361,363,365,367,372,374,383,384,391,392,395,403,407,414,419,420,431,432,438,439,445,446,447,453,461,463,465,468,470,480,485,494,496,504,509,513,528,536,539,540,541,543,547,550,556,564,565,570,573,580,592,595,600,601,602,603,605,610,614,615,619,626,631,636,639,646,647
OX50,256,262,265,268,270,281,290,293,302,319,321,323,324,328,330,334,352,354,356,367,371,372,374,376,377,383,384,387,388,389,391,392,395,396,397,401,405,407,409,420,423,428,430,435,438,442,452,463,482,484,485,494,496,504,507,509,511,514,517,526,527,536,537,538,539,540,541,543,545,553,554,556,569,573,574,589,592,594,595,597,598,600,601,602,610,614,616,617,619,626,629,631,633,639,644,647
OX51,296,305,310,312,319,321,328,333,354,358,360,383,395,407,414,423,428,431,432,486,504,528,547,565,595,597,602,605,614,626
OX52,300,319,347,359,363,439,480,485,494,498,501,509,536,538,539,571,581,590,600,601,607,610,614,619,633,647
OX53,293,302,318,319,324,330,339,354,360,365,374,383,384,392,395,403,407,420,423,428,438,445,446,447,453,461,463,486,494,496,536,540,541,543,550,573,580,586,592,595,597,600,603,610,614,615,619,626,631,636,639,647
OX54,262,270,284,302,318,319,330,339,347,365,371,376,377,403,417,423,426,428,430,432,442,445,447,452,453,461,482,493,532,536,541,543,545,550,554,569,580,594,597,603,607,615,620,621,628,633,636,644
OX55,305,312,321,323,328,333,347,354,359,360,361,363,367,372,383,391,395,407,414,419,423,428,431,432,439,480,485,494,498,501,504,509,528,536,538,539,547,565,571,581,590,595,597,600,601,602,605,607,610,614,619,626,633,647
OX56,298,368,369,629
OX57,273,317,329,331,420,558,623,635
OX58,265,268,281,289,318,319,321,322,323,324,328,330,333,334,336,339,343,344,347,356,359,360,365,367,369,371,372,374,377,378,387,388,391,392,394,396,397,401,403,405,409,413,414,417,423,428,431,437,438,442,445,447,451,453,460,461,463,464,465,468,470,484,485,486,501,505,509,511,513,515,518,532,536,537,539,540,541,543,547,559,564,567,568,569,570,571,574,576,580,586,594,596,597,601,607,609,615,616,617,620,621,631,633,636
OX59,321,328,330,334,339,352,356,371,376,377,403,422,442,445,452,453,461,482,484,541,543,550,569,580,594,603,629,633
OX60,268,303,304,323,330,334,339,347,351,352,354,356,359,360,363,367,371,372,376,377,378,379,383,391,395,401,403,407,413,416,422,423,428,432,436,439,442,445,451,452,453,461,476,480,482,484,485,494,498,501,504,505,509,511,534,536,538,539,541,543,550,569,571,580,581,582,585,590,594,595,597,600,601,602,603,607,610,614,619,626,629,647
OX61,244,289,309,319,333,336,343,344,347,360,369,371,377,378,394,411,413,414,423,428,431,432,437,451,464,491,492,493,498,504,505,507,514,515,518,522,526,547,550,559,568,569,594,597,602,603,607,609
OX62,286,288,318,319,334,347,352,356,376,393,422,423,430,433,484,493,529,550,588,597,603,607,620,629
OX63,303,319,330,337,339,343,347,351,352,360,369,371,376,377,378,379,401,403,413,416,422,423,428,432,436,440,442,445,453,461,476,482,493,504,505,511,534,541,543,550,568,569,580,582,583,585,594,597,602,603,607,620,629,633
OX64,302,308,318,324,334,347,354,356,360,365,368,369,374,383,392,395,407,435,438,445,446,447,461,463,484,486,493,494,503,517,519,536,540,586,589,595,607,610,614,615,619,620,626,631,636,647
OX65,289,336,344,378,394,451,505,515,518,609
OX66,271,281,284,290,295,304,318,319,322,324,330,337,343,347,352,354,363,369,371,374,377,387,388,392,396,397,401,407,409,417,418,426,432,438,439,440,442,445,447,451,461,463,465,470,478,480,482,486,493,494,504,511,513,514,526,532,540,541,543,545,548,551,564,567,568,569,570,574,583,586,591,594,595,598,600,602,607,609,610,614,619,620,621,626,628,629,631,633,639,647
OX67,387,388,396,397
OX68,216,228,277,317,319,323,334,352,354,356,359,363,367,376,383,391,395,407,420,422,435,439,445,461,462,480,484,485,493,494,498,501,509,517,536,538,539,546,562,570,571,573,581,589,590,592,595,600,601,610,612,614,619,620,626,629,633,647
OX69,240,291,306,338,417,463,477,497,532,554,561,628,638,640
OX70,319,330,334,339,352,356,360,371,376,377,383,395,401,403,418,422,423,428,432,442,445,447,452,453,461,478,482,484,504,511,514,526,541,543,550,554,569,580,594,597,602,603,629,633
OX71,281,304,318,322,324,325,337,343,352,359,365,369,371,374,376,377,392,401,409,417,418,422,432,438,440,447,451,460,463,465,470,482,493,498,501,504,507,511,513,514,522,526,527,532,535,536,540,553,556,567,568,569,570,571,574,576,583,589,594,596,602,615,616,617,620,621,629,631
OX72,284,308,318,324,327,334,349,354,356,368,369,370,374,375,376,377,390,392,393,401,407,417,418,426,428,432,435,438,444,445,447,452,461,463,478,482,484,486,494,503,504,510,511,514,519,521,526,529,532,540,545,572,586,587,588,589,594,595,602,606,610,611,614,619,621,626,628,631,644,647
OX73,274,276,277,308,317,330,333,339,352,354,359,360,368,369,371,376,377,388,396,403,407,413,414,417,418,420,422,431,432,437,442,445,446,447,452,453,460,461,462,464,465,478,482,486,493,494,498,501,503,504,514,519,526,532,541,542,543,547,554,556,559,560,569,570,571,573,576,577,580,586,592,594,595,596,602,610,614,616,619,620,621,626,629,633,634,647
OX74,275,290,318,322,324,325,327,329,331,334,339,349,352,354,356,363,365,370,374,375,376,377,390,392,393,403,407,417,421,423,432,435,437,438,439,442,444,445,452,453,460,461,463,464,465,468,470,472,475,478,480,482,484,486,494,504,507,510,513,516,521,522,527,529,532,535,538,540,550,553,554,558,563,566,567,570,572,574,576,580,581,582,586,587,588,590,594,595,596,597,600,602,603,606,610,611,614,615,616,617,619,621,626,629,631,635,644,647
OX75,330,334,339,352,356,371,376,377,403,422,442,445,452,453,461,482,484,541,543,569,580,594,629,633
OX76,327,347,349,360,370,375,377,383,390,393,395,401,418,428,432,444,446,447,452,478,482,493,504,510,511,514,517,521,526,529,554,572,587,588,594,602,606,607,611,620
OX77,528,565,605,622
OX78,308,334,347,356,360,368,369,383,395,401,418,432,447,478,484,493,503,504,511,514,519,526,554,602,607,620
OX79,334,352,354,356,359,360,363,376,401,407,418,422,423,428,432,435,439,445,447,461,468,478,480,484,486,493,494,498,501,504,511,514,526,535,536,538,550,554,556,564,571,581,586,589,590,595,597,600,602,603,610,614,619,620,626,629,633,647
OX80,401,413,421,437,464,472,511,566
OX81,392,432,438,504
OX82,290,329,331,339,354,359,360,363,371,377,403,407,413,418,421,422,423,428,432,435,437,439,442,445,447,452,453,461,464,468,472,478,480,482,486,493,494,498,501,504,514,526,535,536,538,550,554,556,558,564,566,569,571,580,581,586,589,590,594,595,597,600,602,603,610,614,619,620,626,635,644,647
OX83,343,352,354,359,360,363,369,371,376,377,407,413,418,421,422,423,428,432,435,437,439,445,447,461,464,468,472,478,480,486,493,494,501,504,514,526,535,536,538,550,554,556,564,566,568,569,571,581,586,589,590,594,595,597,600,602,603,610,614,619,626,629,633,647
OX84,371,377,452,482,498,569,594,620
OX85,337,352,354,359,360,363,369,376,378,379,407,413,418,421,422,423,428,432,435,437,439,440,445,447,461,464,468,472,478,480,482,486,488,493,494,498,501,504,505,514,524,526,535,536,538,550,554,556,564,566,568,571,581,583,586,589,590,595,597,600,602,603,610,614,619,620,626,629,633,647
OX86,339,403,427,453
OX87,333,414,421,431,472,547,559,566
OX88,446,517,535,564
OX89,318,347,354,359,360,363,374,383,395,407,413,421,423,428,432,435,437,439,445,461,463,464,468,472,480,486,494,498,501,504,526,535,536,538,550,554,556,564,566,571,581,586,589,590,595,597,600,602,603,607,610,614,619,626,633,647
OX90,277,317,347,360,363,383,395,413,417,418,420,421,423,428,432,437,439,447,460,462,464,465,468,470,472,478,480,493,498,504,513,514,517,526,532,535,536,538,550,554,566,570,573,576,581,590,592,596,597,600,602,603,607,616,621,633
OX91,347,349,354,359,363,383,390,393,395,407,423,439,444,468,480,486,494,498,501,521,529,535,536,538,550,556,564,571,581,586,588,590,595,597,600,603,606,607,610,614,619,626,633,647
OX92,172,349,354,359,360,390,393,407,413,417,418,421,428,432,437,444,447,460,464,470,472,478,486,493,494,501,504,513,514,521,526,529,532,535,554,556,560,564,566,571,576,586,588,595,596,602,606,610,614,616,619,621,626,647
OX93,245,291,306,317,324,329,349,360,364,390,393,412,417,420,428,432,443,444,463,471,477,494,497,504,517,521,529,532,540,545,554,558,573,588,592,606,610,619,621,623,628,631,635,647
OX94,324,349,354,360,390,393,407,417,418,428,432,444,447,478,486,494,504,514,521,529,532,535,540,545,554,564,586,588,595,606,610,614,619,621,626,628,631,647
OX95,418,447,522,554
OX96,349,354,359,360,390,393,407,413,421,428,432,437,442,444,464,468,472,478,486,493,494,501,504,514,521,522,526,529,535,536,538,556,564,566,571,581,586,588,590,595,602,606,610,614,619,626,639,647
OX97,354,359,360,363,407,413,421,423,428,432,437,439,442,464,472,478,480,493,494,498,501,504,509,514,522,526,536,538,539,550,566,595,597,600,602,603,607,610,614,619,626,633,639,647
OX98,359,360,363,423,428,432,439,442,480,493,498,501,504,550,597,600,603,607,633,639
OX99,278,388,396,413,421,437,442,460,464,468,470,472,486,494,509,513,526,539,542,560,561,564,566,576,581,586,590,596,602,610,616,619,621,628,639,647
OX100,360,363,423,428,432,439,468,480,494,498,504,536,538,550,556,571,581,590,597,600,603,607,610,619,633,647
OX101,413,417,421,429,437,464,472,494,526,532,561,566,602,619,628,647
OX102,322,325,329,331,344,352,365,369,376,378,379,394,417,422,429,435,442,445,451,460,461,465,468,470,486,488,505,507,509,513,514,518,524,527,532,536,539,545,548,553,558,561,564,567,568,570,576,581,586,590,596,610,615,616,617,629,635,639
OX103,417,442,460,468,532,536,538,576,581,590,596,616,621,639
OX104,325,365,429,486,507,509,514,527,535,538,539,545,553,561,564,586,589,610,615,621
OX105,442,581,590,639
OX106,429,507,514,527,553,561,610,621
OX107,329,331,558,635
OX108,507,514,527,553
OX109,291,306,317,331,364,412,420,441,443,460,463,468,477,486,497,509,517,535,539,554,564,573,576,586,592,596,616,623,628,638
Z0,0,118,216,228
Z1,1,331,364,558
Z2,2,45,188,450
Z3,3,50,117,121
Z4,4,304,394,451
Z5,5,452,482,583
Z6,6,109,340,355
Z7,7,403,453,506
Z8,8,24,119,449
Z9,9,198,286,433
Z10,10,121,157,425
Z11,11,197,257,458
Z12,12,123,132,624
Z13,13,298,368,503
Z14,14,111,189,342
Z15,15,260,550,603
Z16,16,331,412,635
Z17,17,96,541,543
Z18,18,218,315,531
Z19,19,71,320,332
Z20,20,73,216,562
Z21,21,225,248,362
Z22,22,75,490,523
Z23,22,23,154,181
Z24,24,76,89,373
Z25,25,66,263,632
Z26,26,298,352,629
Z27,27,289,378,379
Z28,28,280,306,497
Z29,29,290,543,580
Z30,30,521,523,606
Z31,31,141,469,552
Z32,32,160,311,489
Z33,33,134,245,471
Z34,34,495,581,590
Z35,35,255,381,641
Z36,36,97,114,120
Z37,7,15,37,335
Z38,38,95,383,395
Z39,39,54,214,641
Z40,40,124,215,269
Z41,41,388,396,584
Z42,6,42,80,593
Z43,43,95,200,386
Z44,44,81,112,415
Z45,2,227,332,410
Z46,46,83,190,575
Z47,47,124,454,642
Z48,48,328,423,603
Z49,49,282,326,454
Z50,50,280,381,637
Z51,51,129,182,557
Z52,52,179,472,566
Z53,53,78,196,355
Z54,54,290,426,644
Z55,55,133,231,584
Z56,56,567,598,617
Z57,57,201,229,252
Z58,58,362,457,489
Z59,59,225,308,519
Z60,60,181,349,521
Z61,61,77,218,643
Z62,41,62,186,459
Z63,53,63,528,565
Z64,64,76,146,508
Z65,65,70,365,615
Z66,66,99,385,555
Z67,67,161,185,604
Z68,25,68,393,588
Z69,69,277,462,467
Z70,65,330,435,461
Z71,19,246,448,457
Z72,0,72,82,189
Z73,20,156,247,455
Z74,74,569,594,611
Z75,75,243,416,476
Z76,64,138,460,576
Z77,77,137,329,558
Z78,78,387,397,473
Z79,79,235,353,474
Z80,80,240,441,638
Z81,81,274,634,645
Z82,72,84,327,587
Z83,46,202,619,647
Z84,84,311,377,594
Z85,85,515,591,609
Z86,30,86,479,630
Z87,87,368,369,568
Z88,88,175,406,415
Z89,18,89,183,231
Z90,90,208,217,402
Z91,28,91,316,608
Z92,92,206,354,595
Z93,93,132,305,312
Z94,94,269,297,502
Z95,38,213,359,501
Z96,60,96,445,461
Z97,86,97,534,585
Z98,98,382,384,496
Z99,100,313,329,635
Z100,101,222,330,541
Z101,102,241,242,645
Z102,103,344,518,643
Z103,104,139,394,518
Z104,105,279,337,583
Z105,106,387,388,542
Z106,107,211,353,530
Z107,57,108,147,186
Z108,109,219,370,375
Z109,110,498,607,620
Z110,14,128,282,455
Z111,110,112,190,341
Z112,113,118,337,440
Z113,114,127,348,642
Z114,115,122,281,409
Z115,116,345,466,630
Z116,117,140,159,346
Z117,82,241,399,467
Z118,8,437,559,566
Z119,9,120,217,479
Z120,3,13,188,357
Z121,115,344,548,609
Z122,12,130,303,534
Z123,47,198,529,588
Z124,125,319,347,383
Z125,17,126,230,579
Z126,49,127,168,481
Z127,94,128,293,384
Z128,85,129,197,385
Z129,116,123,475,516
Z130,100,131,346,552
Z131,93,268,304,409
Z132,55,62,516,563
Z133,134,135,587,611
Z134,135,162,242,307
Z135,136,283,416,585
Z136,69,102,137,531
Z137,138,532,561,621
Z138,139,199,378,505
Z139,87,140,141,525
Z140,10,351,410,436
Z141,142,248,474,544
Z142,143,249,367,391
Z143,144,292,499,544
Z144,143,145,546,612
Z145,146,183,274,577
Z146,147,240,338,608
Z147,45,148,262,270
Z148,149,196,375,572
Z149,150,357,533,637
Z150,151,548,574,617
Z151,152,251,408,466
Z152,153,157,159,243
Z153,1,23,126,520
Z154,32,155,448,483
Z155,27,156,326,632
Z156,16,153,229,490
Z157,158,182,284,426
Z158,160,343,524,568
Z159,67,163,370,510
Z160,162,233,276,634
Z161,163,441,443,471
Z162,164,431,547,618
Z163,26,165,321,328
Z164,166,202,414,431
Z165,167,284,352,376
Z166,155,168,283,424
Z167,169,267,509,539
Z168,170,468,556,616
Z169,171,221,256,389
Z170,172,396,397,560
Z171,144,173,392,438
Z172,174,213,223,625
Z173,88,228,399,546
Z174,176,319,363,423
Z175,177,494,499,619
Z176,178,349,393,433
Z177,105,179,333,547
Z178,158,180,309,492
Z179,180,244,411,456
Z180,184,468,538,539
Z181,161,446,517,592
Z182,133,151,299,315
Z183,5,187,334,356
Z184,148,227,401,511
Z185,111,293,317,420
Z186,83,429,494,610
Z187,191,418,447,636
Z188,192,207,222,599
Z189,193,277,317,623
Z190,194,442,581,633
Z191,184,195,265,405
Z192,149,296,310,348
Z193,11,122,206,487
Z194,36,212,310,358
Z195,199,488,524,525
Z196,200,259,421,472
Z197,201,390,444,459
Z198,166,236,320,578
Z199,203,250,380,508
Z200,204,417,460,628
Z201,205,465,570,612
Z202,92,191,402,408
Z203,207,285,297,500
Z204,208,210,286,288
Z205,209,590,600,639
Z206,210,270,432,504
Z207,35,211,291,497
Z208,212,224,407,626
Z209,90,174,407,595
Z210,39,220,237,404
Z211,215,428,529,597
Z212,73,440,451,505
Z213,40,232,434,500
Z214,219,254,481,483
Z215,214,339,427,580
Z216,171,398,527,553
Z217,101,285,573,592
Z218,223,360,438,504
Z219,224,249,361,419
Z220,59,321,550,597
Z221,226,247,350,627
Z222,113,343,377,452
Z223,91,108,425,549
Z224,29,230,271,295
Z225,173,232,258,366
Z226,194,233,250,404
Z227,205,234,323,367
Z228,235,245,291,638
Z229,164,236,528,605
Z230,131,220,255,314
Z231,238,275,563,624
Z232,239,465,513,560
Z233,42,106,338,640
Z234,63,145,175,473
Z235,33,307,313,314
Z236,154,263,289,336
Z237,244,449,469,491
Z238,21,37,74,79
Z239,246,340,578,613
Z240,98,226,363,439
Z241,142,177,593,613
Z242,43,52,187,456
Z243,203,398,576,596
Z244,251,281,475,574
Z245,185,252,412,443
Z246,253,447,463,554
Z247,254,327,342,510
Z248,237,380,491,492
Z249,256,512,551,598
Z250,257,354,395,478
Z251,258,292,540,631
Z252,259,413,511,526
Z253,260,382,502,506
Z254,193,261,287,646
Z255,253,262,288,430
Z256,68,99,165,167
Z257,264,294,485,601
Z258,265,302,325,615
Z259,266,345,444,606
Z260,267,300,323,485
Z261,268,372,419,487
Z262,51,271,512,591
Z263,272,335,371,569
Z264,273,420,573,604
Z265,44,278,542,577
Z266,275,436,549,582
Z267,276,371,498,633
Z268,261,480,496,600
Z269,278,429,561,640
Z270,279,341,406,618
Z271,152,302,537,636
Z272,71,136,303,351
Z273,209,287,295,551
Z274,107,192,339,403
Z275,234,264,439,480
Z276,296,434,486,586
Z277,239,299,322,567
Z278,300,614,625,626
Z279,301,306,400,477
Z280,169,195,470,513
Z281,130,305,605,622
Z282,4,312,333,559
Z283,301,324,365,545
Z284,308,392,428,432
Z285,309,507,527,557
Z286,316,400,417,532
Z287,178,318,422,445
Z288,176,350,458,555
Z289,322,462,570,646
Z290,294,347,493,501
Z291,324,530,540,599
Z292,266,325,435,589
Z293,48,125,356,484
Z294,70,374,463,477
Z295,334,369,411,629
Z296,272,482,484,620
Z297,103,336,515,520
Z298,318,374,430,533
Z299,150,376,422,644
Z300,358,361,565,622
Z301,359,360,602,647
Z302,58,450,503,519
Z303,273,364,579,623
Z304,366,486,509,614
Z305,372,391,562,627
Z306,238,373,437,464
Z307,379,424,476,488
Z308,386,478,507,514
Z309,34,389,596,616
Z310,390,517,535,589
Z311,172,470,535,564
Z312,56,221,405,537
Z313,401,414,421,602
Z314,204,413,464,582
Z315,418,514,522,553
Z316,427,442,453,639
Z317,446,564,572,586
Z318,170,536,610,621
Z319,493,571,575,607
Z320,495,556,571,601
Z321,522,526,554,628
Z322,536,538,545,631
OZ0,269,293,297,350,363,382,439,454,496,502,627,632
OZ1,298,321,347,350,352,356,363,382,383,423,458,484,502,506,555,597,603,629
OZ2,270,288,289,291,295,297,314,320,321,327,332,340,341,342,345,350,351,353,355,356,363,367,369,375,378,380,383,387,394,395,397,402,403,404,405,409,411,412,415,416,417,421,433,439,442,450,453,456,460,462,464,466,471,475,476,478,480,481,483,484,487,488,494,498,500,501,503,505,507,508,509,511,512,514,516,521,523,524,526,527,528,531,537,540,547,553,556,559,566,567,568,571,572,573,576,578,579,582,586,588,593,595,601,602,603,604,605,606,612,614,616,617,618,619,620,624,625,626,628,629,631,632,634,638,639,645,646,647
OZ3,312,437,472,547
OZ4,227,320,333,345,391,394,409,419,436,451,466,475,487,516,534,559,562,605,622,624,627,630
OZ5,231,315,320,341,344,394,414,415,436,449,460,464,494,498,508,528,531,532,542,547,549,559,563,566,575,576,578,582,605,607,610,618,619,620,621,624,634,640,645,647
OZ6,282,286,289,291,293,295,305,311,313,314,326,327,329,331,332,341,342,343,345,347,348,350,352,353,355,363,367,375,376,378,380,387,392,394,395,397,402,403,404,405,409,411,414,415,417,422,423,424,428,430,434,436,438,442,447,453,454,456,457,458,460,462,463,464,466,469,471,475,476,478,479,480,486,487,488,489,490,494,496,498,499,501,505,506,507,508,512,514,516,521,526,527,528,531,533,534,537,544,547,552,553,554,555,556,559,566,567,568,571,572,573,576,579,582,586,593,595,601,604,606,612,613,616,617,618,619,620,622,624,625,626,627,628,630,634,637,638,639,644,645,646,647
OZ7,327,340,342,345,355,375,387,397,412,444,466,470,471,479,481,483,521,542,560,572,584,586,589,592,593,604,606,608,638,640
OZ8,99,286,291,295,297,313,314,329,331,344,345,346,347,352,353,365,367,376,380,381,382,385,395,402,403,404,405,409,411,420,422,423,430,439,442,444,447,449,453,456,458,463,465,466,469,470,475,477,478,480,487,490,497,500,501,502,506,507,509,512,513,514,515,520,526,527,529,530,533,537,545,548,552,553,554,556,558,570,571,574,575,589,592,595,597,599,601,604,607,610,612,614,616,621,623,625,626,628,631,635,639,644
OZ9,159,320,331,341,345,346,365,378,381,394,414,415,417,420,436,449,460,462,464,465,466,477,479,488,490,494,497,498,505,508,513,516,518,521,524,528,530,531,540,542,545,547,548,558,559,560,566,567,570,573,574,575,576,578,579,582,584,599,604,605,606,607,608,610,617,618,619,620,621,623,624,634,637,640,643,645,646,647
OZ10,320,331,341,344,345,346,365,381,394,412,414,415,417,436,449,460,462,464,465,466,477,479,490,494,497,498,508,513,516,521,528,530,531,540,542,545,547,548,559,560,566,567,570,574,575,576,578,582,584,599,605,606,607,608,610,617,618,619,620,621,624,634,635,637,640,645,646,647
OZ11,311,340,450,457,483,489,503,519,578,613
OZ12,286,289,313,321,329,331,332,333,341,347,348,350,351,352,355,363,367,375,376,378,382,387,391,395,397,399,402,411,412,414,415,416,417,419,422,423,430,432,434,436,438,447,450,451,456,458,460,463,464,469,476,478,482,484,486,488,489,490,501,502,503,505,506,507,514,523,524,526,528,533,534,547,552,554,555,562,566,572,582,586,594,595,597,603,612,618,622,625,626,628,630,637,644,647
OZ13,183,291,295,297,305,313,314,329,331,332,341,343,345,346,347,352,353,365,367,376,380,381,382,394,395,399,402,403,404,405,409,411,414,420,422,423,430,433,437,439,440,442,444,447,450,451,453,456,458,463,465,466,469,470,475,477,478,479,480,487,490,497,498,500,501,502,503,506,507,508,509,512,513,514,519,526,527,528,530,532,533,534,537,538,546,547,548,552,553,554,555,556,558,559,561,562,566,568,570,571,574,577,578,588,589,592,595,597,599,601,604,612,614,616,618,619,620,621,622,623,625,626,628,630,632,634,635,639,643,644,645,647
OZ14,473,542,560,584
OZ15,295,313,321,329,331,333,341,344,345,348,350,355,363,374,375,387,391,397,399,402,405,409,412,415,419,430,433,434,435,439,444,447,449,451,461,465,466,470,472,475,478,479,480,482,484,486,487,489,490,491,501,503,509,512,513,514,526,528,533,534,537,541,545,547,548,552,553,554,556,557,562,566,570,571,572,574,575,579,580,586,588,589,594,601,603,607,610,614,615,616,618,621,622,625,628,630,631,632
OZ16,291,297,314,321,344,346,347,350,352,353,356,363,365,369,374,376,380,381,382,383,394,403,404,412,420,422,423,435,437,442,453,456,458,461,463,469,477,484,491,497,500,502,503,506,507,527,530,541,555,557,558,559,566,568,579,580,592,597,599,603,604,615,623,629,635,639,643,644
OZ17,289,293,297,313,321,329,331,332,333,341,345,347,351,352,355,367,376,378,387,391,392,395,397,399,402,411,412,414,415,416,417,419,422,423,428,430,432,433,436,439,447,450,451,456,458,459,460,463,464,466,469,470,476,478,479,482,484,488,489,490,496,499,500,501,503,505,506,507,509,514,523,524,526,528,533,534,535,540,544,547,552,554,555,562,564,566,582,586,588,594,595,603,612,614,618,622,625,626,627,628,630,631,632,637,644,647
OZ18,293,297,313,321,329,333,341,343,344,345,346,347,348,352,356,365,369,375,376,378,381,383,391,392,394,402,409,415,419,422,423,428,430,432,433,434,437,439,447,449,451,452,456,458,459,462,463,465,466,469,470,472,475,477,478,479,484,486,487,489,494,496,497,498,499,500,501,505,506,507,508,509,513,514,518,519,526,528,530,531,533,534,535,542,544,545,547,548,552,554,555,559,560,562,564,567,568,570,572,574,575,576,578,584,588,594,599,603,607,608,610,614,617,618,619,620,621,622,625,628,629,630,631,632,634,635,640,644,645,646
OZ19,305,332,333,338,343,346,348,355,356,365,367,369,375,381,383,387,388,391,395,411,412,414,415,417,419,420,434,436,437,440,449,450,459,460,462,464,465,470,472,477,482,486,489,494,497,498,499,503,508,513,516,519,530,531,535,540,545,546,548,558,561,564,566,567,570,572,573,574,576,577,578,579,582,586,594,595,599,604,607,608,612,617,619,620,621,623,624,626,629,634,635,637,640,643,645,646
OZ20,331,338,345,346,365,381,388,397,412,459,466,470,477,479,490,494,497,499,521,530,532,535,538,540,560,564,575,576,584,599,606,608,610,621,628,631,635,637,640,647
OZ21,313,321,326,329,332,345,346,350,351,352,356,363,365,367,369,376,381,382,383,394,399,402,405,409,414,415,416,417,422,423,424,430,432,433,435,436,437,438,439,440,444,447,450,451,456,458,460,463,464,465,466,469,470,472,475,477,478,480,484,494,497,502,503,506,507,509,513,514,520,521,523,524,526,529,530,532,533,537,538,540,542,545,546,548,552,554,555,556,559,561,562,566,568,570,571,574,575,576,577,582,588,589,591,597,599,601,603,607,608,610,612,614,615,616,626,629,635,636,640,643,644,647
OZ22,284,338,339,346,347,365,367,381,385,388,394,397,405,409,411,412,420,435,437,439,444,449,453,459,465,469,475,477,480,491,494,497,499,501,509,513,515,530,532,535,537,538,540,543,545,548,558,559,560,564,566,570,573,574,576,579,584,589,591,599,600,604,606,607,608,612,614,615,616,623,625,626,628,633,635,636,637,640,641,643,644,647
OZ23,288,402,433,479
OZ24,307,329,338,339,344,345,365,370,380,388,394,397,404,420,437,441,442,443,444,453,456,466,470,471,474,477,479,491,494,499,507,510,521,527,532,538,540,552,557,558,559,560,566,572,573,575,576,579,580,584,586,589,592,593,599,606,610,621,623,628,631,637,639,641,643,647
OZ25,399,415,542,560,584,612
OZ26,338,346,365,381,388,397,412,417,420,436,437,459,460,464,470,477,494,497,499,516,530,532,535,538,540,548,558,560,564,573,574,575,576,579,582,584,599,604,608,610,617,621,623,624,631,635,637,640,643,647
OZ27,345,412,444,466,470,471,479,510,521,586,589,592,593,604,606,608,638,640
OZ28,297,326,332,342,343,346,350,351,352,355,356,363,367,369,370,374,375,376,378,381,383,387,392,397,402,409,414,416,420,422,423,424,428,430,433,437,438,439,440,441,443,447,450,451,452,458,459,461,465,469,470,472,474,475,478,479,480,481,482,491,497,498,499,500,503,505,506,508,509,512,513,514,516,518,519,520,523,524,526,529,530,532,533,535,538,540,541,542,544,545,546,551,553,554,555,557,558,561,562,564,567,568,570,575,577,578,579,580,586,588,590,591,606,607,610,614,619,620,623,624,626,628,629,634,635,636,638,639,644,647
OZ29,342,370,375,412,441,443,481,593,604,608,638,640
OZ30,321,339,347,350,352,356,363,369,376,382,383,405,422,423,449,453,456,458,469,484,491,502,503,506,507,512,537,551,553,555,556,557,567,568,571,576,580,590,597,601,603,616,617,629,633,639,641,644
OZ31,339,343,346,347,350,352,353,355,356,363,365,369,376,378,381,383,387,392,394,397,403,405,417,420,422,423,428,432,436,452,456,458,459,460,464,469,470,471,477,482,491,497,498,503,505,506,507,508,510,512,516,518,519,530,532,535,537,538,540,542,544,548,551,553,555,556,557,558,559,560,564,566,567,568,571,573,574,575,578,579,580,582,584,590,593,599,601,610,616,619,620,621,623,624,629,631,634,635,637,638,639,640,641,643,644,647
OZ32,332,341,343,346,355,365,378,381,387,394,397,412,414,415,417,420,431,436,449,450,452,459,460,462,464,465,470,477,489,494,497,498,503,505,508,513,516,518,519,530,531,535,540,545,548,558,559,564,566,567,570,573,574,575,576,578,579,582,594,599,604,607,608,610,617,619,620,621,623,624,634,635,637,640,643,645,646,647
OZ33,326,341,344,346,350,351,352,353,356,363,365,367,369,376,380,381,383,392,402,403,405,409,412,415,416,417,420,422,423,424,428,430,431,433,435,436,438,439,440,447,451,453,458,460,462,463,464,469,472,475,477,478,479,480,482,489,491,497,506,509,514,520,523,524,526,527,529,530,531,533,537,540,542,544,546,548,554,555,556,557,558,561,562,567,568,571,573,574,575,576,577,579,582,586,588,591,592,594,599,601,604,606,608,610,614,615,616,623,626,629,631,633,635,636,644,645,646,647
OZ34,341,348,356,367,369,375,378,383,395,409,411,431,434,440,451,452,459,460,464,470,472,475,482,486,487,494,505,516,518,535,538,545,546,560,561,562,564,572,576,577,584,586,595,612,621,626,627,629,631,640
OZ35,400,494,499,532,538,545,575,576,610,621,628,631,640,647
OZ36,317,333,344,347,352,355,365,367,370,374,376,378,382,387,391,395,397,402,405,411,412,415,419,420,422,423,430,431,433,435,439,440,441,443,444,447,449,452,458,460,461,462,464,465,467,469,470,474,477,478,489,491,496,501,502,505,506,509,512,513,514,516,518,521,526,528,531,532,533,534,537,540,541,546,547,548,551,553,554,555,556,557,566,568,570,571,572,573,574,575,580,588,589,590,594,595,597,599,601,604,606,607,608,610,614,615,616,618,621,622,625,626,627,630,631,632,637,638,639,644,645,646
OZ37,315,346,365,381,412,415,420,477,494,497,530,531,532,538,540,542,558,561,573,576,577,579,599,604,608,621,623,628,631,635,637,640,643,645
OZ38,380,449,456,507,527,557
OZ39,474,497,530,638
OZ40,346,355,365,381,387,397,412,417,420,436,437,459,460,464,470,477,497,516,530,532,535,538,540,542,548,558,560,564,573,574,575,576,578,579,582,584,599,604,608,610,617,619,621,623,624,631,635,637,643,647
OZ41,292,333,344,347,348,355,360,367,375,378,387,391,397,405,412,419,421,431,434,435,436,437,439,440,452,456,460,464,465,471,472,478,479,480,486,487,489,494,500,505,507,510,511,513,514,518,520,521,526,528,534,537,538,540,542,546,547,556,561,566,568,570,571,572,575,576,577,586,591,592,593,594,601,602,604,607,608,610,615,616,617,618,622,624,626,627,630,631,636,638,643,647
OZ42,343,371,378,394,412,437,449,452,471,498,505,508,510,518,559,566,569,593,604,608,633,634,638,640
OZ43,310,337,344,348,354,355,361,375,378,387,397,402,406,412,417,419,434,436,437,440,444,447,460,464,470,471,479,486,505,510,514,516,518,521,526,528,542,548,553,554,560,565,572,574,582,584,589,592,593,595,604,606,608,617,624,636,638,640
OZ44,347,355,367,387,397,405,415,435,439,444,459,462,465,480,494,501,509,513,531,535,537,545,556,560,561,564,571,577,578,584,589,598,601,606,607,612,614,615,616,617,619,621,625,626,631,636,640,645,646,647
OZ45,344,355,371,387,394,397,412,417,436,449,450,457,459,460,464,470,471,489,498,503,508,510,516,519,535,542,548,559,560,564,566,569,574,578,582,584,593,594,604,608,613,617,624,628,633,634,638,640
OZ46,350,352,353,355,356,363,365,367,369,376,383,387,392,397,403,405,412,415,422,423,428,432,435,439,444,450,453,457,458,459,462,465,469,471,477,480,482,489,491,494,497,498,501,506,508,509,510,513,530,531,532,535,537,538,540,544,545,555,556,560,561,564,568,571,575,576,577,578,584,589,593,594,598,599,601,604,606,607,610,612,613,614,615,616,617,620,625,626,628,629,633,634,636,637,638,644,645,646
OZ47,355,371,387,395,397,402,405,444,447,449,450,456,457,458,459,478,479,487,489,498,503,507,508,514,519,521,526,535,537,542,554,560,564,567,569,576,578,584,586,589,592,594,595,598,606,613,616,617,628,633,634,636
OZ48,348,352,353,354,363,375,376,392,395,403,405,411,415,417,422,423,428,430,433,434,435,436,437,438,439,449,453,456,458,459,460,462,463,464,469,470,478,480,486,491,494,506,507,509,516,520,521,529,531,532,533,535,537,538,542,544,548,553,555,556,560,564,567,571,572,574,575,582,584,588,591,592,601,610,612,614,615,616,621,624,627,632,633,637,640,643,644,645,646,647
OZ49,333,352,353,376,378,382,391,394,395,402,403,405,411,417,419,422,423,430,431,433,435,436,440,447,449,452,453,456,458,463,469,478,480,489,491,494,499,500,502,505,507,514,518,521,526,528,532,533,534,537,540,545,546,547,554,555,556,559,567,568,570,571,576,578,582,588,592,594,595,597,598,601,615,616,617,618,619,622,624,627,628,630,632,633,636,637,640,644
OZ50,354,367,371,395,412,415,417,435,436,437,444,449,450,456,457,458,460,462,464,465,470,471,478,485,489,494,498,503,507,508,509,510,513,516,519,520,531,542,545,548,553,556,561,567,569,574,575,576,577,582,589,591,593,594,598,604,606,608,612,613,614,615,617,619,621,624,625,626,627,628,631,633,634,636,638,643,645,647
OZ51,365,371,395,402,405,412,430,433,447,449,450,456,457,458,471,477,478,479,487,489,497,498,503,507,508,510,514,519,526,530,532,533,537,538,540,554,567,569,575,593,594,595,598,599,604,610,613,616,617,619,621,631,633,634,636,638,640,647
OZ52,352,353,376,382,395,402,403,405,411,412,415,417,422,423,430,433,435,436,437,444,447,449,453,456,458,460,462,463,464,469,470,471,478,479,480,487,491,494,499,500,502,507,510,514,516,520,526,531,532,533,537,538,540,542,548,554,555,556,560,567,571,574,575,582,584,586,588,589,591,593,595,597,601,604,606,608,610,612,615,616,621,624,628,631,632,633,636,637,638,643,644,645,646,647
OZ53,371,412,415,449,450,456,457,462,471,489,494,498,503,507,508,510,512,519,531,537,542,551,553,556,557,561,569,570,571,575,576,577,581,590,593,594,596,601,604,608,610,613,617,619,633,634,638,645,646,647
OZ54,353,374,395,402,403,415,417,430,433,435,436,437,444,445,447,453,458,460,462,463,464,478,479,480,487,494,499,500,506,512,514,516,520,526,531,532,533,538,540,542,543,548,551,553,554,556,557,560,571,574,575,576,580,582,584,590,591,592,595,600,601,606,610,612,615,617,621,624,628,631,633,636,639,640,643,645,646,647
OZ55,378,391,395,402,405,409,419,431,440,447,451,452,458,460,464,472,475,478,489,505,512,514,518,520,526,528,534,538,545,548,551,553,554,556,557,562,567,568,571,574,575,576,578,581,590,591,594,595,596,601,610,616,617,618,619,621,622,627,628,630,631,636,643,647
OZ56,395,402,412,417,436,437,444,447,458,460,464,470,471,478,479,487,510,512,514,516,520,521,526,548,553,554,557,574,582,586,589,591,592,593,595,604,606,608,617,624,636,638,640,643
OZ57,370,412,420,441,443,444,445,459,461,470,535,541,543,564,572,573,593,604,606,608,638,640
OZ58,415,462,465,494,513,531,532,538,542,545,560,567,570,584,631,640,645,646
OZ59,417,436,437,460,464,582,624,628
OZ60,465,494,513,532,538,545,567,570,612,631,640,646
OZ61,494,532,538,545,631,640
OZ62,337,356,363,369,382,383,392,394,402,406,409,411,412,428,431,435,437,438,439,447,449,451,452,458,460,464,471,472,475,478,479,482,485,498,499,500,502,506,508,510,512,514,520,521,526,529,532,537,540,544,545,546,548,551,553,554,557,559,560,561,562,566,571,574,576,577,581,584,590,591,592,593,596,597,598,601,604,607,608,610,612,615,618,620,625,627,628,629,634,638,640,643
OZ63,405,520,548,551,556,567,571,581,590,591,596,601,616,643
OZ64,351,412,416,437,444,460,464,470,471,510,516,523,532,560,561,570,574,576,577,584,586,589,592,593,598,604,608,612,617,621,624,638,640,646
OZ65,412,430,433,444,470,471,510,516,520,521,533,543,548,551,574,580,586,589,590,591,592,593,598,600,604,606,608,617,637,638,639,640,643,644
OZ66,382,423,430,433,444,502,506,516,520,521,533,543,548,551,555,574,580,588,590,591,597,598,600,606,617,632,637,639,643,644
OZ67,394,409,437,456,475,507,512,520,537,548,551,553,556,557,559,566,571,574,576,581,590,591,596,598,601,643
OZ68,444,445,461,516,520,543,548,551,574,580,590,591,598,600,606,617,639,643
OZ69,593,608,638,640
OZ70,363,367,423,430,433,435,439,470,480,485,502,506,509,521,533,537,543,545,555,571,580,581,588,589,596,597,598,601,610,614,615,617,621,625,626,631,632,636,637,639,644,646
OZ71,356,369,383,392,402,411,419,428,431,435,438,445,447,449,456,458,460,461,464,470,472,478,480,482,485,487,489,498,499,500,502,506,507,508,514,526,528,529,534,538,540,543,544,551,554,556,568,575,578,580,586,589,590,594,597,607,615,618,619,620,622,625,628,629,630,631,634,639,646,647
OZ72,285,392,428,438,480,486,499,500,502,506,509,529,540,541,544,551,573,580,590,597,614,631,639,646
OZ73,369,392,428,432,449,456,469,491,497,499,503,507,512,519,530,537,544,551,553,556,557,560,561,568,570,571,575,576,577,581,584,590,596,601,608,610,612,617,646,647
OZ74,360,367,391,421,436,437,472,478,501,511,512,514,526,537,546,551,553,556,557,570,571,576,581,590,596,601,602,614,617,624,625,626,646,647
OZ75,392,428,438,477,480,486,497,499,502,506,509,529,530,537,543,544,545,551,560,561,570,576,577,580,584,590,597,598,608,612,614,615,617,621,628,631,636,637,639,644
OZ76,391,419,430,431,433,460,464,472,479,487,520,528,533,534,538,543,545,546,548,551,570,575,576,578,580,590,591,600,610,618,619,621,622,627,630,631,637,639,643,644,646,647
OZ77,367,419,430,431,433,435,445,460,461,464,470,472,479,485,487,509,528,533,534,537,538,551,571,575,576,578,581,589,590,596,598,601,614,615,617,618,619,622,625,626,627,630,636,637,644,647
OZ78,432,438,450,457,477,480,486,502,506,509,529,532,537,538,543,551,560,561,570,576,577,580,584,590,597,598,612,613,614,615,617,619,621,628,636,637,639,644
OZ79,463,477,520,537,543,548,551,580,590,591,598,600,617,636,637,639,643,644
OZ80,402,435,447,470,478,479,480,486,501,512,514,520,521,526,548,553,554,556,557,575,589,591,598,601,614,625,628,636,643,646
OZ81,374,423,445,449,450,456,457,477,480,482,484,489,497,498,500,502,503,506,507,508,509,512,519,530,532,537,538,540,543,545,551,553,555,557,571,575,580,586,588,590,594,597,603,608,613,617,619,620,628,632,634,639,646,647
OZ82,520,548,591,643
OZ83,477,499,537,543,545,551,575,576,580,590,598,600,610,615,617,621,628,636,637,639,644,647
OZ84,537,539,545,551,571,581,590,596,598,601,610,615,617,621,631,636
OZ85,430,433,445,461,470,521,533,586,589,592,637,644
OZ86,541,548,551,558,579,580,590,598,600,623,639,643
OZ87,423,435,445,449,450,456,457,461,480,482,484,489,498,502,503,506,507,508,509,512,519,532,538,543,551,553,555,557,560,561,570,571,575,576,577,580,584,586,588,590,592,594,597,598,603,612,613,615,619,620,621,632,634,636,639,647
OZ88,456,460,464,507,512,532,539,545,553,556,557,560,561,566,570,577,584,598,610,612,615,631,636,646
OZ89,435,445,449,450,457,460,461,464,482,489,497,498,499,500,503,508,519,530,538,540,543,545,551,560,561,566,570,576,577,580,584,590,592,594,600,607,608,612,613,619,620,621,631,634,639,646
OZ90,452,489,568,594
OZ91,453,556,571,600,601,633
OZ92,449,450,457,460,464,482,489,498,503,508,519,538,545,566,575,576,594,607,610,613,619,620,621,631,634,647
OZ93,470,480,485,497,499,500,501,509,530,539,540,556,560,561,570,577,584,589,592,601,608,610,612,647
OZ94,480,485,497,499,500,501,509,530,539,540,556,560,561,570,577,584,586,601,608,610,612,647
OZ95,485,486,509,539,614,625
OZ96,486,497,499,500,501,530,532,538,540,545,586,608,614,625,631,647
OZ97,497,499,500,509,530,532,538,539,540,545,556,575,586,608,631,647
OZ98,450,457,482,489,503,519,571,575,594,607,613,619,620,647
OZ99,397,459,516,535,564,570,574,586,589,592,598,612,617,646
OZ100,438,499,501,539,556,575,625,631
OZ101,436,437,460,464,478,499,511,512,514,526,532,545,553,557,560,561,570,575,577,584,598,610,612,615,624,636,646,647
OZ102,499,539,556,575,631,647
OZ103,532,551,556,560,561,570,571,577,581,584,590,596,601,612,621,646
OZ104,478,512,514,526,539,545,551,553,554,557,571,581,590,596,598,601,610,615,621,628,631,636
OZ105,539,556,610,631
OZ106,538,545,571,581,596,610,621,631
OZ107,459,509,516,535,551,556,574,586,589,590,592,598,601,610,617,631
OZ108,545,553,576,615,621,636
OZ109,431,460,464,472,528,571,575,576,578,581,596,618,619,647
