X0,0,146,165,235,701,764
X1,1,206,285,573,613,717
X2,2,127,427,527,591,602
X3,3,29,421,481,564,667
X4,4,25,210,614,691,719
X5,5,71,470,565,584,652
X6,6,260,348,479,504,615
X7,7,48,498,500,529,713
X8,8,127,226,404,573,611
X9,9,142,385,403,556,564
X10,10,58,355,376,546,648
X11,11,183,265,402,437,565
X12,12,386,509,601,635,693
X13,13,179,237,377,636,723
X14,14,332,412,629,660,755
X15,15,284,439,488,547,650
X16,16,32,141,267,292,527
X17,17,43,130,598,607,743
X18,18,187,257,558,631,760
X19,19,24,105,396,663,757
X20,20,291,333,511,531,686
X21,21,104,345,469,566,658
X22,22,192,262,384,424,661
X23,23,102,171,362,627,729
X24,24,53,96,179,192,666
X25,25,233,451,522,544,603
X26,26,128,326,631,659,728
X27,27,57,89,161,307,663
X28,28,86,306,323,502,662
X29,29,135,244,430,438,662
X30,30,258,536,702,746,752
X31,31,191,283,377,648,649
X32,16,182,280,457,478,489
X33,6,33,291,397,485,688
X34,34,121,241,320,420,751
X35,35,175,176,321,513,699
X36,36,126,162,254,403,718
X37,37,320,541,644,694,708
X38,38,223,409,593,632,676
X39,39,56,117,124,313,402
X40,40,144,209,250,705,712
X41,41,273,333,357,373,407
X42,8,42,292,331,501,526
X43,43,97,196,396,428,475
X44,44,112,364,373,393,569
X45,45,190,234,335,425,506
X46,46,353,365,514,703,709
X47,47,238,328,366,562,633
X48,7,83,399,444,546,748
X49,49,74,205,698,733,759
X50,50,64,207,412,517,713
X51,51,145,208,211,407,417
X52,52,243,257,269,386,429
X53,53,181,307,389,486,557
X54,54,146,157,208,570,613
X55,55,96,352,494,521,594
X56,56,76,362,586,608,762
X57,57,65,109,287,615,656
X58,10,141,170,497,625,640
X59,59,201,311,497,517,748
X60,60,89,269,322,475,654
X61,61,86,110,156,215,271
X62,62,306,316,519,574,718
X63,27,63,129,351,429,767
X64,50,170,251,482,489,665
X65,65,108,411,509,545,654
X66,66,184,263,336,642,708
X67,67,302,303,513,596,720
X68,68,162,369,590,674,750
X69,69,158,340,642,722,755
X70,70,163,335,346,371,719
X71,5,39,284,503,698,704
X72,72,334,342,371,422,638
X73,73,134,352,492,567,665
X74,46,49,290,483,488,526
X75,75,91,212,499,545,571
X76,76,103,325,350,437,724
X77,77,110,121,425,697,702
X78,78,142,290,349,404,520
X79,79,405,473,693,736,737
X80,80,94,106,210,406,422
X81,59,81,268,471,704,716
X82,82,246,260,341,535,706
X83,83,171,283,392,539,617
X84,84,122,161,205,401,655
X85,85,207,323,358,551,715
X86,28,52,131,198,464,736
X87,87,111,172,426,581,618
X88,88,113,160,464,519,760
X89,60,186,294,314,503,655
X90,90,209,232,248,342,679
X91,91,390,408,607,651,758
X92,92,184,213,298,499,765
X93,93,189,214,217,447,753
X94,94,101,123,245,279,375
X95,45,95,156,244,308,458
X96,55,58,249,286,614,680
X97,97,189,204,388,491,673
X98,66,98,241,476,506,638
X99,99,477,537,567,689,766
X100,100,122,255,661,705,757
X101,101,336,468,571,624,741
X102,23,191,259,264,346,632
X103,20,103,125,145,227,463
X104,104,113,126,222,552,737
X105,105,319,491,553,599,712
X106,106,140,147,247,249,600
X107,107,136,235,479,514,671
X108,108,168,219,468,504,523
X109,63,198,228,238,258,271
X110,77,180,299,318,350,582
X111,87,114,181,351,681,752
X112,112,134,166,296,478,616
X113,88,154,592,646,653,658
X114,114,133,221,543,609,675
X115,115,414,446,533,611,747
X116,116,398,473,531,549,687
X117,117,224,400,418,547,588
X118,118,166,337,466,537,623
X119,119,225,242,293,701,739
X120,120,135,204,383,395,563
X121,100,330,584,628,733,742
X122,18,123,212,252,552,635
X123,26,102,124,444,678,716
X124,30,125,133,253,299,754
X125,21,177,218,266,295,619
X126,2,159,206,211,641,690
X127,128,160,188,236,399,559
X128,129,197,203,276,401,562
X129,130,155,338,370,388,641
X130,34,61,194,366,518,715
X131,0,132,193,634,710,761
X132,71,186,255,428,548,685
X133,73,164,233,487,625,680
X134,3,254,405,502,585,612
X135,136,219,382,391,493,731
X136,137,433,446,474,591,694
X137,138,216,232,495,722,732
X138,139,230,289,435,496,652
X139,68,140,222,266,375,398
X140,32,311,368,474,606,633
X141,9,62,193,272,297,438
X142,132,143,278,374,436,570
X143,72,144,218,277,384,600
X144,51,220,270,393,490,724
X145,120,143,202,248,419,620
X146,22,147,288,381,494,590
X147,148,176,416,443,477,604
X148,99,149,455,482,505,660
X149,150,151,454,483,507,742
X150,151,365,432,484,534,692
X151,152,220,532,608,610,734
X152,153,215,318,572,585,711
X153,154,242,432,452,574,595
X154,155,285,297,329,436,563
X155,47,131,201,236,358,560
X156,157,275,357,456,671,688
X157,37,64,158,280,518,606
X158,159,267,273,296,356,487
X159,36,78,345,452,454,727
X160,84,309,359,424,557,630
X161,80,98,391,515,568,624
X162,70,277,286,599,649,666
X163,41,164,231,247,621,687
X164,1,165,272,520,595,703
X165,118,298,410,610,700,740
X166,139,167,227,265,282,327
X167,168,256,279,485,549,601
X168,138,169,177,245,263,334
X169,69,90,194,274,458,476
X170,48,332,512,555,726,761
X171,172,459,536,580,670,730
X172,173,440,576,592,692,738
X173,174,347,441,534,577,605
X174,175,305,442,618,622,689
X175,148,354,431,462,481,725
X176,92,169,252,394,469,587
X177,115,178,349,530,630,759
X178,13,251,355,500,521,744
X179,180,190,259,339,400,762
X180,19,109,341,510,636,683
X181,182,337,340,449,505,765
X182,183,224,542,582,677,682
X183,185,188,293,392,550,646
X184,187,394,410,645,647,653
X185,152,185,647,721,728,729
X186,93,196,390,411,465,510
X187,31,217,223,319,683,756
X188,54,221,397,415,463,472
X189,35,111,195,378,657,714
X190,195,199,261,459,480,720
X191,197,243,268,294,326,560
X192,199,360,433,460,524,639
X193,200,304,364,416,466,532
X194,74,81,203,368,501,747
X195,202,230,250,548,561,673
X196,17,310,490,616,690,700
X197,15,42,451,471,528,640
X198,85,316,498,559,710,739
X199,40,289,495,619,628,696
X200,4,264,376,418,528,678
X201,75,315,322,558,740,743
X202,213,310,408,457,602,644
X203,214,317,383,409,434,667
X204,44,153,325,511,525,664
X205,216,445,496,620,629,695
X206,82,107,119,423,484,668
X207,11,240,270,598,637,685
X208,225,237,372,529,535,539
X209,226,281,317,329,385,508
X210,167,253,467,589,677,730
X211,79,228,686,707,711,754
X212,229,239,426,486,594,766
X213,231,256,382,406,456,522
X214,234,380,554,568,588,691
X215,229,344,453,455,555,744
X216,240,313,314,315,659,734
X217,246,465,523,540,626,684
X218,12,33,656,675,707,767
X219,261,343,515,575,672,751
X220,178,262,295,330,727,750
X221,14,274,419,430,551,634
X222,275,331,353,356,544,717
X223,276,359,533,681,714,735
X224,278,327,370,417,561,637
X225,281,324,414,524,538,657
X226,282,367,374,445,472,512
X227,287,389,453,609,643,723
X228,288,492,569,604,621,669
X229,300,304,516,597,699,721
X230,301,363,435,450,589,763
X231,67,387,578,639,684,753
X232,173,303,312,516,550,668
X233,300,361,413,579,593,627
X234,305,379,440,597,623,645
X235,308,339,421,572,676,745
X236,239,309,378,381,443,448
X237,312,387,579,617,706,756
X238,321,324,361,434,462,578
X239,137,328,420,480,735,746
X240,338,427,447,460,508,651
X241,302,343,423,540,577,731
X242,344,367,467,543,581,749
X243,347,439,450,470,507,682
X244,348,372,415,643,726,764
X245,200,354,413,525,586,745
X246,360,541,626,672,741,758
X247,174,301,442,576,580,596
X248,150,363,461,566,696,738
X249,369,431,448,530,538,556
X250,379,449,461,583,587,732
X251,380,441,542,575,670,697
X252,116,612,664,669,674,725
X253,149,583,622,695,749,763
X254,493,554,603,605,650,709
OX0,186,230,255,289,330,428,495,548,584,619,685,696,733,742
OX1,184,218,232,242,245,263,266,295,298,310,334,345,408,410,432,445,452,457,495,496,499,566,574,587,592,595,602,619,620,629,644,645,646,647,695,722,732,765
OX2,190,198,218,223,233,236,244,247,255,256,257,258,269,271,273,286,290,294,296,298,306,311,318,323,325,326,330,333,334,337,339,346,352,353,357,358,364,366,368,382,384,386,393,395,406,407,409,410,420,421,422,425,429,432,433,435,439,442,446,454,456,461,464,466,470,471,474,476,478,480,484,487,488,492,497,501,502,506,511,514,517,522,525,526,537,542,553,554,566,567,568,569,575,576,577,580,584,585,588,589,591,593,596,599,600,605,610,616,621,623,625,628,632,633,638,649,655,662,664,665,666,670,680,682,687,691,692,694,696,697,698,700,703,704,705,709,711,712,716,719,735,736,738,740,745,746,747,748,759,763
OX3,208,211,267,273,284,285,292,296,297,317,324,327,331,356,370,385,404,414,417,427,436,439,451,471,487,488,501,508,524,526,527,528,538,547,561,563,573,591,602,611,637,640,641,650,657,690
OX4,248,250,289,445,496,620,629,695
OX5,203,205,238,243,268,290,294,311,326,353,366,368,420,432,433,435,439,441,442,446,454,461,470,474,480,484,488,501,514,526,560,562,566,576,577,580,589,591,596,605,633,682,692,694,696,698,703,709,733,735,738,742,746,747,759,763
OX6,192,198,220,221,232,235,241,242,249,255,256,258,269,271,273,279,284,285,286,293,294,296,297,311,313,315,316,317,318,319,322,323,325,330,331,332,333,337,352,356,358,364,366,368,370,374,376,377,381,382,385,386,391,393,396,397,404,405,407,411,414,415,419,420,424,425,427,428,429,430,431,433,434,435,436,439,442,448,451,457,460,461,463,465,466,468,471,472,473,474,475,478,480,481,484,487,488,490,491,494,497,498,500,501,503,508,510,511,512,514,515,517,525,526,528,529,531,532,533,537,538,539,542,545,546,547,548,549,550,553,554,555,559,561,563,565,567,573,575,576,577,580,584,586,587,589,591,592,593,596,598,599,602,603,604,605,611,614,617,620,623,625,627,628,630,633,634,635,641,642,644,645,648,652,655,659,661,665,666,670,671,680,682,683,688,690,692,694,697,701,705,708,709,710,711,712,713,721,722,725,726,732,733,734,735,736,737,738,741,742,745,746,753,756,758,763,764,765
OX7,217,221,230,233,235,236,244,247,254,256,272,273,285,289,296,298,306,310,317,318,323,325,331,333,337,352,353,356,364,370,374,382,390,393,395,396,397,406,407,409,410,411,415,419,421,427,428,434,436,438,445,460,463,464,465,466,472,473,475,478,481,487,490,491,492,496,498,508,510,511,520,522,525,537,544,548,559,561,563,564,567,569,572,573,595,598,607,610,612,621,623,625,629,634,641,651,662,664,665,671,680,686,687,688,690,693,695,701,703,707,737,739,740,743,753,754,761,764
OX8,198,221,233,236,237,242,244,247,254,258,269,271,272,273,279,285,290,291,293,294,296,298,306,307,310,311,314,318,319,322,323,325,331,333,337,351,352,356,364,366,367,368,370,374,378,381,383,386,389,391,393,395,396,405,406,407,410,411,419,420,421,423,424,426,427,429,432,433,435,436,438,439,441,442,443,445,446,447,448,454,460,461,463,464,465,466,467,468,470,472,474,477,478,480,481,482,486,487,488,490,491,492,495,496,498,501,503,505,508,510,511,520,522,525,526,529,533,539,540,543,544,545,549,554,555,557,559,561,563,564,566,569,572,573,576,577,580,581,583,589,591,594,595,596,598,603,607,609,610,612,619,621,622,623,625,626,628,629,630,633,634,635,636,641,650,651,660,661,662,663,664,665,667,668,675,680,681,682,683,684,685,687,689,690,692,693,694,698,705,706,707,711,714,723,726,731,733,736,738,740,742,743,744,746,747,757,759,761
OX9,324,431,434,481,525,578,579,586,593,627,725,745
OX10,221,233,236,237,242,244,247,254,272,273,279,285,291,293,296,298,306,307,310,318,319,323,325,331,333,337,351,352,353,356,364,367,370,374,378,381,383,389,391,393,395,396,406,407,410,411,419,421,423,424,426,427,436,438,443,445,447,448,460,463,464,465,466,467,468,472,473,477,478,481,482,484,486,487,490,491,492,495,496,498,505,508,510,511,514,520,522,525,529,533,539,540,543,544,545,549,554,555,557,559,561,563,564,569,572,573,581,583,594,595,598,603,605,607,609,610,612,619,621,622,623,625,626,628,629,630,634,635,636,641,650,651,660,661,662,663,664,665,667,668,675,680,681,683,684,685,686,687,689,690,696,703,705,706,709,714,723,726,731,735,737,740,743,744,754,757,761,763
OX11,291,318,325,333,511,531,686,754
OX12,257,314,322,326
OX13,218,223,233,236,241,244,247,255,256,258,259,273,286,296,298,299,306,320,323,325,330,333,334,337,346,350,352,357,358,364,382,384,393,395,400,405,406,407,409,410,421,422,433,441,446,456,464,466,471,473,474,476,478,480,487,492,497,502,503,506,511,517,522,525,537,542,553,554,567,568,569,575,582,584,585,588,591,593,599,600,610,616,621,623,625,628,632,638,649,655,662,664,665,666,670,680,686,687,691,693,694,700,702,704,705,707,712,716,719,733,735,737,740,742,745,746,748,751,754,762
OX14,241,258,259,277,286,299,318,320,339,342,346,350,371,400,433,441,446,474,476,480,506,542,554,568,575,582,588,591,599,649,666,670,691,694,702,719,735,746,751,762
OX15,230,233,235,236,237,242,244,247,264,273,277,279,286,289,293,296,298,306,307,317,323,337,339,351,352,357,364,367,371,377,378,381,383,389,390,391,392,393,395,397,399,405,406,407,410,415,421,423,424,426,428,434,443,447,448,456,464,466,467,468,473,475,477,478,482,484,486,487,492,495,502,505,514,522,525,529,531,533,540,543,545,548,549,553,554,555,557,559,569,581,583,585,593,594,599,603,605,609,610,616,617,619,621,622,623,625,626,628,630,632,635,636,648,650,660,661,662,663,664,665,666,667,668,671,675,679,680,681,684,685,687,688,689,695,696,700,701,705,706,709,714,719,723,726,731,735,737,739,740,744,745,753,756,757,763,764
OX16,220,233,235,236,237,242,244,247,264,265,267,277,279,285,286,292,293,294,297,298,306,307,313,323,330,331,332,337,339,351,352,356,357,358,364,367,370,371,377,378,381,383,385,389,390,391,392,395,397,399,400,404,405,406,410,414,415,418,421,423,424,426,427,428,431,436,439,443,447,448,451,456,464,466,467,468,470,473,475,477,478,481,482,484,486,488,490,492,497,498,500,501,502,503,505,508,512,514,517,522,524,526,527,528,531,533,538,540,542,543,545,546,548,549,553,554,557,561,563,569,573,578,579,581,582,583,585,586,588,591,594,599,602,603,605,609,610,611,616,617,621,622,623,625,626,627,628,630,632,635,636,637,640,641,648,652,657,659,660,661,662,663,664,665,666,667,668,671,675,677,678,679,680,681,682,684,685,687,688,689,690,695,698,700,701,705,706,709,713,714,719,723,725,731,733,734,735,737,739,740,742,744,753,756,757,761,763,764
OX17,307,351,367,378,381,424,426,443,448,453,467,477,482,486,505,533,537,543,555,557,567,581,583,594,622,630,660,681,689,695,714,735,744,763
OX18,223,232,236,242,244,252,255,256,258,259,264,266,273,277,279,295,296,299,306,310,314,315,320,323,325,326,330,333,334,337,342,345,346,350,357,358,364,371,375,376,382,384,390,391,393,394,395,400,405,407,409,410,418,421,422,432,433,441,445,446,451,452,456,457,464,466,468,471,473,474,478,480,487,495,496,497,502,503,511,515,517,525,528,537,542,544,545,552,553,554,566,567,574,575,582,584,585,587,588,591,592,593,595,600,602,603,604,607,610,616,619,620,623,625,628,629,631,632,635,638,642,644,646,651,653,655,662,664,665,669,670,678,686,687,693,694,695,700,702,704,705,707,708,712,716,722,732,733,735,737,741,742,743,745,746,748,751,754,758,760,762,765
OX19,233,247,249,256,267,273,280,286,292,311,333,337,340,357,368,373,376,382,406,407,449,456,457,474,478,487,489,497,505,522,527,546,606,614,621,633,640,648,687,765
OX20,236,245,247,249,258,259,266,267,284,285,290,292,297,298,299,306,311,317,323,325,331,337,339,346,350,353,358,364,366,368,373,385,393,400,404,405,410,414,420,422,427,430,431,432,433,434,435,438,442,446,451,454,461,464,466,470,473,474,478,480,481,484,497,502,503,508,511,514,517,524,527,528,537,538,542,547,554,566,567,568,572,573,575,576,577,578,579,580,582,585,586,588,589,593,596,600,602,604,605,610,611,614,616,621,623,625,627,633,640,641,650,657,664,665,669,670,682,686,690,691,692,693,694,696,698,700,702,703,704,707,709,716,719,725,733,735,737,738,740,742,745,746,747,748,754,759,762,763
OX21,247,249,267,273,280,286,292,311,333,337,340,356,368,373,376,407,449,457,474,478,487,489,497,505,527,546,606,614,621,633,640,648,687,765
OX22,205,238,243,294,311,326,359,366,368,401,414,420,433,474,480,501,503,533,560,562,591,611,633,694,735,746
OX23,238,243,245,249,258,259,266,267,273,280,290,294,299,311,318,326,333,337,339,340,346,350,352,353,356,368,373,400,407,422,432,435,439,442,449,454,457,461,470,474,478,484,487,488,489,492,501,503,505,514,526,527,542,554,560,562,566,568,569,575,576,577,580,582,588,589,596,600,604,605,606,614,633,669,670,680,682,687,691,692,696,698,702,703,709,719,733,738,742,747,759,762,763,765
OX24,232,242,245,249,252,255,256,264,267,273,279,280,290,292,295,298,310,314,315,320,326,330,333,334,337,340,342,345,352,353,357,366,373,375,382,384,390,391,394,407,418,420,435,439,441,442,445,449,451,452,454,456,461,468,470,474,478,484,487,488,489,492,495,496,497,501,505,514,515,526,527,528,544,545,546,552,568,569,574,576,577,580,584,587,589,592,595,596,599,602,603,604,605,606,607,614,619,620,628,629,631,635,638,640,642,644,646,648,649,651,653,655,666,669,678,679,680,682,687,691,692,695,696,698,703,705,708,709,712,719,722,732,738,740,741,743,747,751,758,759,760,763
OX25,245,249,258,259,266,267,273,284,285,290,292,294,296,297,299,311,314,315,317,318,331,333,339,346,350,352,353,356,366,368,370,373,385,400,404,407,414,420,422,427,431,432,433,434,435,436,442,446,451,454,461,470,471,474,480,481,484,487,492,503,508,514,524,525,527,528,538,542,547,554,561,563,566,568,569,573,575,576,577,578,579,580,582,586,588,589,593,596,598,600,602,604,605,611,614,627,633,640,641,650,657,669,670,680,682,685,687,690,691,692,694,696,698,702,703,709,719,725,733,735,738,742,745,746,747,759,762,763
OX26,211,235,237,242,244,254,255,256,273,279,285,293,294,297,310,314,315,318,319,325,329,330,331,333,353,356,382,383,389,391,395,396,397,405,411,415,421,423,427,430,438,447,453,460,465,468,481,484,490,491,502,503,508,510,511,514,529,531,539,540,544,545,549,554,564,584,585,603,605,607,609,612,613,616,626,628,635,636,641,650,651,655,661,662,663,667,668,671,675,683,684,686,688,690,693,700,701,705,706,707,709,717,723,726,731,733,739,742,743,754,757,764
OX27,252,258,259,264,266,277,280,284,285,290,294,296,297,299,317,318,326,331,334,337,339,340,342,346,350,353,356,357,366,370,371,375,385,390,394,400,404,408,410,414,418,420,422,427,431,432,433,434,435,436,442,446,449,454,456,457,461,470,471,478,480,481,484,485,489,497,499,503,505,508,514,524,525,538,542,544,545,546,547,549,552,554,561,563,566,568,571,573,575,576,577,578,579,580,582,586,588,589,593,596,598,599,600,601,602,603,605,606,607,611,627,631,635,638,641,645,647,648,649,650,651,653,657,666,670,678,682,685,690,692,694,696,698,702,703,709,725,733,735,738,740,742,743,745,746,747,758,759,760,762,763,765
OX28,244,249,254,267,273,277,284,285,286,292,296,297,317,331,333,352,356,371,373,383,385,395,404,405,407,414,421,427,430,431,434,438,439,451,471,487,488,492,501,502,508,524,525,526,527,528,538,547,553,564,569,573,578,579,585,586,591,593,599,602,604,611,612,614,627,640,641,649,650,657,662,666,667,669,679,680,687,690,725,745
OX29,258,269,271,290,294,311,314,322,353,366,368,420,432,433,435,439,441,442,446,454,461,470,474,480,484,488,501,503,509,514,526,566,576,577,580,589,591,596,601,605,633,635,682,686,692,693,694,696,698,703,707,709,711,733,735,738,742,746,747,754,759,763
OX30,269,280,284,285,292,296,297,311,315,317,322,331,337,340,341,361,364,368,370,378,385,386,389,404,423,427,431,433,434,436,439,440,443,446,449,451,453,457,460,466,471,474,477,478,480,481,488,489,505,508,513,515,525,526,528,532,535,536,538,540,541,547,550,561,563,573,575,576,577,579,580,586,591,592,593,596,597,598,602,604,606,609,615,626,627,633,640,641,643,650,656,668,670,684,685,690,692,699,706,721,723,725,730,731,735,738,741,745,751,752,753,758,765,767
OX31,254,285,294,297,310,314,315,317,319,329,339,358,370,377,390,392,396,399,405,411,427,428,434,436,460,465,471,475,481,490,491,497,502,508,510,517,539,553,559,561,563,564,572,585,593,599,607,612,616,617,632,641,651,666,683,685,690,700,704,712,716,743,745,748,753,756
OX32,242,249,255,256,267,272,273,277,279,284,286,292,293,296,297,310,317,318,319,325,330,352,353,357,358,370,371,372,373,382,385,389,391,392,396,397,399,404,407,411,414,415,423,431,434,436,439,447,451,453,456,460,465,468,481,484,487,488,490,491,492,497,501,503,510,511,514,517,520,524,525,526,527,528,531,535,538,540,544,545,547,549,553,554,559,561,563,569,578,579,584,586,591,593,595,598,599,602,603,604,605,607,609,611,614,616,626,627,628,635,636,640,649,651,655,657,661,663,666,668,669,675,679,680,683,684,685,686,687,693,700,703,704,705,706,707,709,716,723,725,726,731,733,742,743,745,748,754,757,764
OX33,298,314,315,326,410,631,645,647,653,740,743,760
OX34,235,237,272,294,297,314,315,329,331,353,356,357,358,370,372,392,399,436,456,471,497,517,520,529,535,539,544,559,561,563,573,595,598,671,685,688,701,703,704,716,739,748
OX35,255,285,294,297,310,314,315,329,330,370,427,428,436,447,460,475,490,503,508,561,563,584,607,616,628,641,651,655,661,663,685,690,700,705,733,742,743,757
OX36,249,264,267,273,292,294,296,310,314,315,317,329,330,331,332,333,342,352,356,358,373,385,404,407,414,418,425,428,431,434,439,441,447,451,460,470,475,476,481,487,488,490,492,497,498,500,501,503,506,512,517,524,525,526,527,528,529,538,542,546,548,554,555,559,565,568,569,573,575,578,579,586,591,593,599,602,604,607,611,614,616,627,628,640,648,649,650,651,652,657,661,663,666,669,670,678,679,680,685,687,691,697,698,700,705,712,713,719,725,726,733,742,743,745,757,761
OX37,280,284,285,290,292,294,296,297,311,314,315,317,331,337,340,353,368,370,385,404,414,427,431,432,434,435,436,441,442,449,451,454,457,461,470,471,474,478,481,484,489,503,505,508,514,524,525,528,538,547,561,563,566,573,576,577,578,579,580,586,589,591,593,596,598,602,605,606,611,627,633,640,641,650,657,682,685,690,692,696,698,703,709,725,733,738,742,745,747,759,763,765
OX38,272,290,294,297,306,314,315,316,358,370,385,404,414,431,436,446,448,471,497,498,517,519,520,533,538,559,561,563,564,574,598,611,630,685,704,710,716,718,739,747,748,759
OX39,267,285,294,296,297,314,315,317,329,331,353,370,427,432,434,435,436,439,441,442,446,448,454,461,470,481,484,487,488,503,508,514,524,525,527,533,544,561,563,564,566,576,577,578,579,580,586,589,591,593,596,598,602,605,627,630,641,657,682,685,690,692,696,698,703,709,725,733,738,742,745,763
OX40,222,259,265,266,271,273,285,286,290,293,294,299,306,310,314,315,316,318,330,332,334,342,345,346,349,350,357,358,375,390,392,393,399,404,407,408,422,427,428,439,441,447,452,454,456,460,470,473,475,485,488,499,500,503,508,512,517,519,529,532,545,548,549,550,554,555,559,568,571,573,575,586,598,599,600,601,603,610,616,627,628,632,635,637,638,641,646,647,649,650,652,661,663,666,670,677,679,682,686,690,693,698,700,702,705,707,710,711,712,713,718,719,721,726,727,733,739,740,742,754,757,758,761,762
OX41,259,264,271,284,285,290,297,299,310,318,329,330,332,339,341,342,346,350,353,358,361,364,370,378,386,389,400,414,418,423,425,427,428,432,433,435,436,439,440,441,442,443,446,447,453,454,461,466,471,475,476,477,480,484,488,490,497,498,500,506,508,509,512,513,514,515,517,524,526,529,532,535,536,540,541,546,547,548,550,555,559,561,563,565,566,575,578,582,588,589,592,597,598,599,601,604,605,607,609,611,615,616,626,628,635,641,643,648,649,651,652,656,657,661,663,666,668,670,678,679,682,684,686,690,693,696,697,699,700,702,703,705,706,707,709,711,712,713,721,723,726,730,731,735,741,743,747,751,752,753,754,757,758,759,761,762,763,767
OX42,256,263,264,277,279,284,285,286,296,297,310,316,323,329,330,332,337,366,370,371,382,391,418,420,425,427,428,436,441,447,449,460,468,470,474,475,476,478,485,489,490,500,503,505,506,508,512,515,518,527,529,541,542,546,547,548,549,551,554,555,561,563,565,571,575,598,601,602,607,616,628,638,641,642,648,651,652,661,663,670,678,679,691,694,697,698,700,704,705,710,712,713,715,716,719,726,733,739,741,742,743,748,751,757,761,765
OX43,264,277,284,286,294,314,315,317,330,332,342,358,371,383,390,395,396,411,418,425,434,441,447,465,470,471,476,497,498,500,503,506,510,512,517,529,542,546,547,548,553,554,555,559,565,568,575,598,628,648,652,661,663,667,670,678,685,691,697,698,705,712,713,719,726,733,742,753,757,761
OX44,285,290,292,293,295,296,297,306,310,311,314,315,317,318,319,323,325,326,332,333,337,345,356,357,358,366,368,370,372,376,384,385,389,392,396,397,399,404,408,411,414,415,419,420,423,427,428,430,431,434,435,436,439,441,442,449,452,453,454,456,461,465,470,471,474,475,478,481,482,485,487,488,491,499,503,505,508,510,511,515,517,519,524,525,531,535,538,540,541,545,546,553,554,559,561,563,568,571,573,576,577,578,579,580,586,587,589,591,592,593,596,599,601,603,609,611,625,626,627,628,629,631,633,634,635,636,640,641,646,648,649,650,653,657,660,665,666,668,675,682,683,684,685,686,690,692,693,694,698,704,705,706,707,712,716,718,723,725,726,731,732,733,738,740,741,742,743,745,747,748,751,754,759,760,763,764
OX45,265,273,284,290,293,294,295,296,306,311,313,314,315,318,319,323,325,326,332,333,337,342,345,353,357,358,361,362,366,368,372,376,383,384,389,390,392,393,395,397,399,400,407,408,415,419,420,423,425,430,432,439,441,446,448,449,451,452,453,456,460,474,476,478,481,482,484,485,487,488,491,499,501,505,506,511,514,515,516,517,519,524,525,526,528,531,532,533,535,540,541,544,545,546,547,559,564,565,566,571,575,578,582,586,587,588,591,592,597,598,599,601,603,605,607,608,609,610,616,625,626,628,629,630,631,633,634,635,636,637,646,648,649,651,653,657,659,660,665,666,667,668,670,675,677,679,682,683,684,685,686,691,693,694,696,697,699,700,703,704,705,706,707,709,712,716,718,721,723,725,726,731,732,740,741,745,747,748,751,753,754,759,760,764
OX46,253,273,292,313,314,315,327,329,330,332,353,356,358,361,362,367,374,385,393,400,404,407,414,417,418,431,432,441,442,445,446,448,451,454,461,467,484,490,495,496,497,498,500,501,514,516,517,526,528,529,532,533,538,542,544,546,555,559,564,566,570,573,576,577,579,580,582,588,593,596,597,598,605,608,610,611,619,627,630,637,640,650,659,678,685,692,699,703,709,713,721,726,730,738,761,763
OX47,277,284,290,292,293,294,295,306,311,314,315,318,319,323,325,332,345,353,356,357,358,364,366,368,371,372,373,378,383,384,389,390,392,393,395,397,399,408,414,415,419,420,430,432,433,439,440,443,448,449,451,452,453,456,466,474,477,480,481,482,484,485,488,490,491,497,499,505,511,513,514,516,517,519,525,526,528,531,533,535,536,537,544,545,547,550,554,559,564,566,567,568,569,571,575,576,577,580,586,587,591,593,596,601,603,605,607,609,610,611,617,623,627,628,629,630,633,634,635,636,640,645,646,647,651,660,667,669,670,675,679,683,686,687,692,693,694,696,703,704,705,707,709,712,716,718,723,725,726,730,732,735,738,740,743,745,747,748,752,754,756,758,759,764
OX48,292,293,294,295,296,306,317,318,319,323,325,326,329,332,333,337,345,353,356,357,358,366,372,376,384,385,389,392,396,397,399,404,408,411,414,415,420,423,431,432,434,445,447,449,452,453,456,460,465,471,474,478,481,482,484,485,487,490,491,495,496,499,501,505,510,511,514,515,517,518,519,524,525,526,531,535,538,540,541,545,546,551,553,554,559,566,568,571,573,578,579,586,587,591,592,593,599,601,603,605,607,609,611,616,619,625,626,627,631,635,636,640,646,648,649,650,651,653,657,660,661,663,665,666,668,675,683,684,686,693,694,695,700,703,704,706,707,709,712,715,716,718,723,725,726,731,732,740,741,745,748,751,754,757,760,764
OX49,311,361,364,366,368,378,414,420,433,440,443,466,474,477,480,501,513,532,536,550,576,579,580,591,592,596,597,604,611,617,633,657,668,670,692,694,699,706,721,730,735,738,752,756
OX50,263,279,293,295,296,306,316,319,330,333,337,341,345,358,361,373,383,384,386,389,390,392,393,395,399,408,425,435,442,445,446,448,452,453,454,460,461,465,468,476,478,479,481,482,485,489,490,491,495,496,499,500,504,506,509,512,516,517,519,523,524,525,527,529,532,533,537,542,545,548,549,554,555,559,564,565,567,568,569,575,576,577,578,580,586,587,589,591,592,593,596,597,598,601,602,603,604,605,607,609,610,615,617,619,623,627,628,630,636,638,642,643,645,646,647,650,651,652,656,657,660,667,668,669,670,682,683,685,687,688,690,692,695,696,697,699,705,706,709,710,713,718,721,723,725,726,732,738,739,740,743,745,753,756,761,763,765,767
OX51,284,290,296,314,315,317,326,329,333,337,361,366,373,376,383,385,390,393,395,396,404,411,414,419,420,423,430,431,434,439,445,447,448,451,460,465,471,474,478,487,488,495,496,497,510,515,516,518,524,528,532,533,537,538,540,541,544,546,547,551,553,564,567,569,573,575,577,578,591,597,599,604,610,611,616,619,623,625,626,628,629,630,631,634,645,647,648,649,650,653,661,663,665,666,667,669,684,687,694,695,696,699,700,705,712,715,721,731,741,743,747,751,757,758,759,760
OX52,290,294,297,310,314,315,317,353,361,364,366,370,378,385,419,420,428,430,431,432,433,434,435,436,439,440,441,442,443,445,447,454,460,461,466,470,474,475,477,480,481,484,488,490,495,496,503,513,514,518,524,525,526,532,536,538,550,551,561,563,566,577,578,586,589,591,592,593,597,604,605,607,611,616,617,619,627,628,629,634,651,661,663,668,670,682,685,690,694,695,698,699,700,703,705,706,709,715,721,725,730,733,735,742,743,745,747,752,756,757,759,763
OX53,296,314,315,326,329,330,332,333,337,342,353,358,364,373,376,378,385,393,404,418,423,425,428,431,432,433,435,440,442,443,448,451,454,460,461,466,475,476,477,478,480,484,487,498,500,506,512,513,514,515,516,517,524,526,528,529,533,536,537,538,540,541,542,544,548,550,554,555,559,564,565,566,567,568,569,573,578,579,589,592,599,605,610,616,617,623,625,626,628,630,631,645,647,648,649,650,652,653,657,661,663,665,666,668,669,678,679,682,684,685,687,691,696,697,700,703,705,706,709,712,713,726,730,731,735,741,743,751,752,753,756,757,758,760,761,763
OX54,294,314,315,316,323,358,370,430,436,438,471,497,498,517,559,561,563,598,685,704,710,716,739,748
OX55,310,390,396,411,414,428,431,460,465,475,481,490,510,524,525,538,578,579,586,593,598,607,616,627,651,657,690,700,725,743,745,753
OX56,273,293,295,297,306,313,314,315,316,317,318,319,325,329,332,345,353,357,361,362,364,366,372,373,378,383,384,389,392,395,396,397,399,404,407,408,411,415,420,430,431,432,433,434,438,440,443,445,446,447,449,452,453,456,465,466,474,477,480,481,482,484,485,491,495,496,498,499,505,510,511,513,514,518,519,525,526,531,532,535,536,537,538,545,550,551,554,566,567,568,569,571,573,575,576,577,579,580,586,587,591,596,597,601,603,605,607,608,609,617,619,623,635,636,645,646,647,650,651,659,660,661,663,667,669,670,675,683,686,687,692,693,694,695,699,703,707,709,710,715,718,721,723,725,726,730,732,735,738,739,740,743,745,752,753,754,756,757,758,764
OX57,237,297,316,317,323,345,366,372,385,390,392,396,399,411,419,420,434,438,445,446,447,452,454,460,465,474,483,495,496,498,507,510,515,518,524,529,534,535,539,541,551,574,575,577,591,595,605,619,626,628,629,634,639,661,663,694,695,696,701,705,710,715,741,742,751,753,757,758
OX58,316,317,323,337,342,345,367,383,389,390,395,396,397,411,415,419,425,426,428,430,433,434,435,447,449,452,453,454,460,461,465,467,475,476,480,482,483,505,506,507,510,512,515,524,534,536,541,542,543,548,553,555,565,574,575,577,581,583,587,589,595,605,609,622,626,629,634,639,652,660,667,675,679,682,685,689,695,697,701,710,730,732,735,741,742,744,751,752,753,758,761,764
OX59,313,314,315,317,333,337,345,358,362,372,373,377,383,390,392,393,395,396,399,411,428,433,434,442,447,448,452,453,454,460,465,475,480,482,483,486,490,492,494,500,505,507,510,515,517,524,529,532,533,534,535,536,539,541,550,553,555,559,569,574,575,576,577,580,592,593,594,595,596,598,599,604,605,608,610,617,623,626,627,630,636,639,645,657,659,660,666,667,668,669,670,687,692,701,706,712,713,721,723,730,735,738,739,741,742,751,752,753,756,758
OX60,332,337,342,345,367,370,376,389,397,415,419,425,426,433,435,436,438,449,452,453,454,460,461,467,476,480,482,483,500,505,506,507,515,524,529,534,536,541,542,543,546,548,561,563,565,574,575,577,581,583,587,589,595,599,605,609,622,626,629,634,639,648,649,652,660,666,675,679,682,689,695,697,701,712,713,726,730,732,735,739,741,742,744,748,751,752,758,764
OX61,293,295,297,306,318,319,323,325,329,331,337,342,356,357,358,364,367,372,373,376,378,383,384,390,392,393,395,399,404,408,414,425,426,430,438,439,440,441,442,443,448,456,460,466,467,470,471,476,477,481,483,485,488,490,491,497,499,500,503,506,507,511,513,515,516,517,519,524,525,526,529,531,533,534,535,537,541,542,543,544,545,546,548,550,554,559,564,565,567,568,569,571,573,574,577,581,583,586,593,595,598,599,601,603,605,607,610,617,622,623,626,627,628,630,635,636,639,645,646,647,648,649,650,651,652,666,667,669,670,679,683,685,686,687,689,693,695,697,698,701,704,705,707,712,713,716,718,723,725,733,739,740,741,743,744,745,751,754,756,763
OX62,295,297,314,315,319,320,326,330,331,333,337,339,345,349,353,356,357,364,367,372,373,376,384,385,393,396,405,411,414,418,419,423,426,428,431,432,433,435,438,439,440,441,442,445,446,448,451,452,456,457,460,461,465,466,467,470,471,473,474,475,480,483,484,485,487,488,489,490,491,495,496,497,500,502,503,505,507,510,513,514,516,524,525,527,528,529,531,533,534,535,536,538,540,541,543,545,550,553,564,566,569,571,572,574,577,581,583,585,586,589,592,595,598,599,601,603,610,611,619,622,623,625,627,628,629,630,631,632,634,635,636,639,644,645,647,648,649,653,664,665,666,668,670,678,682,683,684,689,691,694,698,701,703,704,705,706,708,709,712,713,716,723,727,730,731,733,735,737,739,744,747,748,752,758,759,760
OX63,329,330,331,342,361,364,378,383,385,395,404,414,418,425,428,433,439,440,441,443,451,466,470,475,476,477,480,488,503,506,513,526,528,532,536,542,548,550,553,554,565,568,573,575,576,579,580,592,596,597,604,617,628,650,652,657,661,663,667,668,679,685,691,692,697,698,699,704,705,706,716,721,730,733,735,738,742,752,756,757
OX64,317,349,366,390,396,411,414,419,420,430,431,434,445,447,448,460,465,474,483,495,496,507,510,515,518,524,533,534,538,541,551,564,575,577,591,605,611,619,626,628,629,630,634,639,661,663,694,695,696,705,715,727,741,742,747,751,753,757,758,759
OX65,342,361,367,370,372,377,389,392,397,399,415,419,423,425,426,433,435,436,438,440,442,449,453,460,461,467,476,480,498,506,512,513,515,524,529,535,536,539,540,541,542,543,548,561,563,565,575,577,578,581,583,587,589,597,599,609,622,623,626,629,634,636,645,652,666,675,679,682,684,689,695,697,699,712,723,730,731,732,735,741,751,752,753,758,761,764
OX66,297,314,315,319,320,326,331,333,337,339,345,349,353,356,357,364,366,367,372,373,376,385,393,396,405,411,414,418,420,423,426,428,430,431,432,433,435,438,439,440,441,442,448,451,452,456,457,461,465,466,467,470,471,473,475,480,484,485,487,488,489,490,491,497,500,502,503,505,510,513,514,515,516,518,525,527,528,529,531,533,535,536,538,540,543,545,550,551,553,564,566,569,571,572,574,575,581,583,585,586,589,591,592,595,598,599,601,603,605,610,611,622,623,625,626,627,630,631,632,635,636,644,645,647,648,649,653,664,665,666,668,670,678,682,683,684,689,691,695,696,698,701,703,704,706,708,709,712,713,715,716,723,727,730,731,733,735,737,739,741,742,744,747,748,751,752,759,760
OX67,314,315,319,320,326,327,331,333,337,339,353,356,357,364,366,367,370,373,374,377,392,393,396,399,405,411,417,418,420,423,426,428,430,432,433,435,436,438,439,440,441,442,446,451,454,456,457,461,465,466,467,470,471,473,475,480,484,485,487,488,489,490,491,497,498,502,503,505,510,513,514,515,516,518,525,527,528,529,531,536,539,540,543,545,546,550,551,553,561,563,566,569,570,571,572,575,581,583,585,586,589,591,592,598,599,601,603,605,610,622,623,625,626,627,631,632,635,637,644,645,647,653,664,665,666,668,670,678,682,683,684,689,691,695,696,698,703,704,706,708,709,712,715,716,726,730,731,733,735,737,741,742,751,752,760,761
OX68,327,331,337,349,353,358,361,366,374,417,418,419,420,423,428,430,432,435,439,440,441,445,451,454,461,470,474,475,482,483,484,488,495,496,498,500,503,505,507,513,514,517,518,528,529,534,540,551,555,559,566,570,576,577,578,580,589,591,596,597,603,611,619,623,628,629,634,637,639,645,660,661,663,682,684,685,691,692,694,695,698,699,703,704,705,709,713,715,716,726,727,731,733,738,747,753,757,759,761,763
OX69,320,331,337,345,349,353,358,361,370,372,376,377,392,399,418,419,423,428,432,435,436,438,439,440,441,445,446,451,452,457,460,461,470,474,475,482,484,488,495,496,503,505,513,514,515,517,524,527,528,529,535,539,540,546,555,559,561,563,566,574,575,576,578,580,589,595,596,597,603,605,611,619,623,626,628,629,634,636,644,645,648,649,660,661,663,682,684,685,691,692,694,695,698,699,701,703,704,705,708,709,716,723,727,731,733,738,739,741,742,744,747,748,751,753,757,758,759,763
OX70,414,431,460,481,524,525,538,578,579,586,593,627,657,725,745,753
OX71,366,390,396,411,419,420,423,430,445,446,447,460,465,474,495,496,510,515,518,524,540,541,551,575,577,591,619,626,628,629,634,661,663,684,694,695,696,705,715,731,741,751,757,758
OX72,318,325,331,333,353,361,364,376,383,395,405,418,432,433,435,439,440,441,442,451,453,454,460,461,466,470,473,480,481,484,486,488,492,494,500,502,503,511,513,514,524,528,532,536,546,550,553,564,566,572,577,578,585,586,589,592,593,594,597,599,603,604,605,617,627,648,649,664,666,667,668,669,670,682,686,687,691,693,696,698,699,703,704,706,707,709,712,713,716,721,725,730,733,735,737,742,744,745,748,752,753,754,756,763
OX73,319,331,337,345,353,358,361,372,376,377,383,392,395,399,418,432,435,439,440,441,448,451,452,461,470,481,482,483,484,488,491,503,505,507,513,514,515,517,525,528,529,533,534,539,541,546,555,559,564,566,574,575,576,578,580,586,589,593,595,596,597,603,617,623,626,627,630,639,645,648,649,657,660,667,682,683,691,692,696,698,699,701,703,704,709,716,723,725,733,738,739,741,744,745,748,751,753,756,758,763
OX74,331,337,339,345,353,356,357,361,364,367,372,390,405,408,423,426,432,433,435,439,441,452,456,460,461,466,467,470,471,473,480,483,484,485,488,497,499,500,502,503,507,514,516,524,525,529,531,534,536,537,540,543,544,545,550,566,567,571,572,574,577,579,581,583,585,586,589,592,595,597,601,604,607,610,617,622,623,627,632,635,639,645,651,664,668,669,670,682,684,687,689,695,696,698,699,700,701,703,704,706,709,713,716,723,730,731,733,735,737,739,740,744,748,752,756,758
OX75,349,361,367,370,372,377,383,389,392,395,397,399,415,419,423,426,428,436,438,440,442,446,448,449,453,460,461,467,475,481,483,495,496,498,507,512,513,524,525,529,533,534,535,539,540,543,553,561,563,564,579,581,583,586,587,593,597,599,605,609,611,619,622,623,627,628,629,630,634,636,639,645,657,661,663,666,667,675,684,685,689,695,696,699,705,712,723,725,727,731,732,742,745,747,757,759,761,764
OX76,279,341,356,357,361,367,370,372,376,377,386,392,397,399,415,418,419,426,428,436,438,440,442,449,451,456,461,467,468,471,475,485,495,496,497,498,509,512,513,528,529,539,543,544,545,546,549,561,563,579,581,583,587,597,601,603,615,617,619,622,623,628,629,634,636,643,645,648,649,656,661,663,675,685,689,691,695,696,699,705,732,756,757,761,764,767
OX77,339,356,357,361,376,383,390,395,408,423,453,456,461,465,471,479,481,486,487,489,492,494,495,496,497,499,500,504,505,515,516,523,525,532,537,540,541,553,554,564,567,568,579,593,594,597,599,603,605,607,610,625,626,632,648,649,650,651,665,666,667,678,684,688,699,700,709,712,713,721,725,731,740,741,744,745,748,751,758,763
OX78,330,358,361,364,367,376,377,392,399,400,405,418,423,426,435,440,441,448,451,453,461,465,466,467,473,479,482,485,486,487,489,492,494,502,503,504,513,515,517,523,525,528,531,532,533,535,539,540,541,542,543,544,545,546,550,555,559,571,572,575,576,579,580,581,582,583,585,588,589,592,594,596,597,601,604,605,617,619,622,625,626,630,635,636,648,649,650,657,660,664,665,668,669,677,684,687,688,689,692,695,696,698,699,704,706,709,716,721,731,733,737,738,741,742,744,748,751,756
OX79,358,364,372,389,397,405,415,418,433,442,445,448,449,451,460,465,466,473,479,480,482,485,486,487,489,492,494,495,496,498,502,504,512,517,523,524,525,528,529,531,532,533,536,544,545,546,550,554,555,559,568,571,572,575,576,577,578,579,580,585,587,592,594,596,601,604,605,609,617,623,625,630,635,645,650,657,660,664,665,668,669,670,675,678,687,688,691,692,695,706,709,721,723,730,732,735,737,738,744,748,752,753,756,758,761,764
OX80,333,337,345,364,367,372,373,393,405,418,423,426,440,442,446,451,452,454,460,461,465,466,467,473,479,483,485,487,489,495,496,500,502,504,505,507,513,516,523,524,525,527,528,529,531,532,534,540,543,544,545,546,554,568,569,571,572,574,575,577,581,583,585,591,595,601,602,616,622,623,625,635,639,645,650,664,665,678,684,688,689,690,691,695,701,709,713,721,723,731,737,739,742,744,748,758
OX81,361,376,377,386,389,390,392,399,418,423,440,442,445,447,449,451,453,482,487,489,495,496,498,509,512,513,515,528,529,535,539,540,541,544,545,554,555,568,571,578,587,597,605,609,623,625,626,636,645,648,649,650,656,660,665,678,684,691,695,699,709,726,731,732,741,744,751,753,761,767
OX82,364,376,377,378,386,389,390,392,399,418,433,440,442,443,445,447,449,451,453,460,466,477,480,482,487,489,495,496,498,509,512,513,516,524,528,529,532,535,539,544,545,554,555,568,571,575,577,587,604,605,609,623,625,636,645,648,649,650,656,657,660,665,678,691,695,709,714,721,726,732,744,758,761,767
OX83,367,370,372,376,383,386,390,395,397,415,418,419,423,426,428,436,438,445,447,451,461,467,475,481,482,487,489,509,515,525,528,540,541,543,544,545,553,554,555,561,563,564,568,571,578,579,581,583,586,593,599,605,619,622,625,626,627,628,629,634,648,649,650,656,660,661,663,665,666,667,675,678,684,685,689,691,696,705,709,712,723,725,726,731,741,744,745,751,753,757,764,767
OX84,337,370,376,383,390,395,396,408,411,418,419,423,436,438,440,442,445,446,451,460,465,481,487,489,490,495,496,499,505,510,513,515,516,524,525,527,528,532,540,541,544,553,561,563,564,575,577,578,579,586,591,593,598,599,602,603,607,610,616,619,623,625,626,627,628,629,634,645,648,649,651,661,663,665,666,667,678,684,685,690,691,695,696,705,712,721,725,731,740,741,743,745,751,753,757,758
OX85,345,376,377,378,389,390,392,396,397,399,400,405,408,411,415,431,433,435,439,440,441,442,443,445,446,449,452,454,470,471,473,477,479,480,481,485,486,490,492,494,497,498,499,502,503,504,507,510,512,513,515,516,523,527,531,532,534,535,536,538,539,541,542,545,546,548,565,571,572,574,575,578,579,582,585,586,587,588,589,591,593,594,595,598,601,602,603,607,609,610,616,619,623,626,627,628,635,636,639,645,648,649,650,651,652,661,663,664,669,670,675,677,685,687,688,690,691,695,696,698,701,704,705,709,716,721,725,730,732,733,735,737,739,740,741,742,743,745,751,752,753,757,761,764
OX86,306,323,356,357,370,377,378,383,389,392,395,396,397,399,400,405,411,415,423,430,431,433,435,436,438,439,440,441,442,443,445,449,453,456,460,461,465,470,473,477,480,483,485,487,489,495,496,498,500,502,503,505,510,512,513,515,516,519,524,525,531,535,536,537,538,539,540,541,542,545,546,548,550,553,554,561,563,564,565,567,568,571,572,574,577,578,579,582,585,587,588,589,595,599,601,609,617,619,623,625,626,628,635,636,645,646,647,652,661,663,664,665,666,667,668,669,670,675,677,678,684,687,691,695,696,698,701,704,705,706,712,713,716,718,730,731,732,733,735,737,739,741,744,748,751,752,753,756,757,761,763,764
OX87,356,357,376,383,390,395,418,447,451,456,465,471,479,481,497,504,523,525,528,544,546,553,564,578,579,586,593,599,603,627,648,649,666,667,688,691,712,725,745,753
OX88,423,433,440,448,460,480,513,515,516,524,533,536,540,541,550,575,576,577,578,579,580,592,596,617,626,630,657,668,670,684,692,706,730,731,735,738,741,751,752,753,756,758
OX89,370,400,419,428,431,433,436,438,439,445,448,460,470,471,475,480,481,488,495,496,497,524,525,533,538,542,546,561,563,578,579,582,586,588,593,603,619,627,628,629,630,634,650,661,663,677,678,682,685,691,695,696,705,714,725,745,753,757
OX90,400,431,433,439,448,460,470,471,480,481,488,497,524,525,533,538,542,546,578,579,582,586,588,593,603,627,630,650,677,678,682,691,714,725,745,753
OX91,378,428,433,435,440,441,443,453,460,475,477,480,483,486,488,492,494,495,496,500,503,513,516,524,546,548,550,554,565,568,575,576,578,579,580,589,592,594,596,603,617,619,628,650,652,657,661,663,668,678,682,685,692,696,698,704,705,706,713,714,716,733,738,744,748,753,756,757
OX92,372,376,383,386,390,395,397,415,418,433,440,447,448,451,453,460,461,480,481,486,487,489,492,494,495,496,505,509,513,516,524,525,528,533,536,537,544,545,550,553,554,564,567,568,571,575,576,577,580,586,592,593,594,596,599,605,617,625,627,630,648,649,650,656,657,665,666,667,668,670,675,678,691,692,706,709,712,723,725,726,730,735,738,745,752,756,758,763,764,767
OX93,390,396,411,433,435,439,440,447,448,460,461,465,470,480,507,510,513,515,516,524,533,534,536,541,550,575,576,577,578,579,580,589,592,596,605,617,619,626,628,630,639,657,661,663,668,670,682,692,696,705,706,730,735,738,741,751,752,753,756,757,758,763
OX94,431,441,448,461,471,481,488,495,496,497,507,515,525,533,534,536,538,541,546,554,568,577,578,579,586,593,603,605,626,627,630,639,650,670,678,714,725,730,735,741,745,751,752,753,758,763
OX95,376,383,395,428,433,435,441,448,460,475,480,481,483,488,495,496,503,524,525,533,536,548,553,554,564,565,568,575,578,579,586,589,593,599,603,619,627,628,630,648,649,650,652,657,661,663,666,667,670,678,682,685,696,698,704,705,712,716,725,730,733,735,745,752,753,757
OX96,389,397,408,415,418,433,439,440,441,442,445,446,447,448,449,451,470,480,483,486,487,488,489,490,492,494,495,496,499,503,505,507,512,513,515,516,527,528,532,533,534,536,537,541,544,548,554,565,567,568,577,587,591,594,598,602,605,607,609,610,616,623,625,626,630,639,645,650,651,652,657,665,670,675,685,690,691,695,698,704,716,721,730,732,733,735,740,741,743,751,752,758,761,764
OX97,377,383,386,392,395,396,397,399,411,415,435,439,453,465,470,481,482,486,492,494,495,496,498,505,507,509,510,515,525,529,534,535,537,539,541,545,553,554,555,564,567,568,571,578,579,586,589,593,594,599,603,619,626,627,628,636,639,650,656,660,661,663,666,667,675,682,696,705,709,712,725,726,741,744,745,751,753,757,764,767
OX98,386,392,396,397,399,405,411,415,418,433,435,439,440,448,451,460,461,470,473,479,480,482,485,487,489,498,500,502,504,507,509,510,513,515,516,523,524,525,528,529,531,533,534,536,539,541,544,546,550,555,572,575,576,577,580,585,589,592,596,601,603,605,619,625,626,628,630,635,639,656,657,660,661,663,664,665,668,669,670,675,678,682,687,688,691,692,696,705,706,713,726,730,735,737,738,741,748,751,752,757,758,763,764,767
OX99,341,405,418,428,435,440,441,451,453,461,465,473,475,479,483,485,486,487,488,489,492,494,502,503,504,505,513,516,523,525,528,531,535,537,544,545,548,550,565,567,571,572,576,577,580,585,589,592,594,596,601,603,605,615,619,625,628,635,643,652,661,663,664,665,668,669,682,685,687,688,691,692,696,698,704,705,706,709,716,723,733,737,738,757,758,763
OX100,428,435,461,475,548,565,589,619,628,652,661,663,682,685,696,705,757,763
OX101,392,399,408,418,433,442,445,447,448,449,451,460,480,482,487,489,495,496,498,499,500,512,524,528,529,532,533,536,539,544,546,550,554,555,568,575,576,577,580,587,592,596,605,607,610,623,625,630,645,650,651,657,660,665,668,670,678,691,692,695,700,706,709,713,721,726,730,732,735,738,740,748,752,761
OX102,271,299,396,405,411,433,435,439,440,441,446,453,461,465,470,473,480,483,486,488,490,492,494,500,502,503,507,510,513,515,516,525,527,534,536,541,545,546,548,550,554,565,568,569,571,572,576,577,578,579,580,585,589,591,592,594,596,598,601,602,603,604,605,616,617,619,626,628,635,639,650,652,661,663,664,668,677,678,685,690,692,696,698,700,702,704,705,706,711,713,716,730,733,735,737,738,741,743,744,748,751,752,753,756,757,763
OX103,408,439,440,446,447,460,470,490,499,507,515,524,527,532,534,541,548,550,565,575,576,577,578,579,591,592,597,598,602,605,607,610,616,617,626,639,651,652,668,685,690,692,706,721,738,740,741,743,751,753,756,758
OX104,433,441,446,457,461,480,495,496,515,527,536,541,575,591,644,670,708,730,735,751,752,763
OX105,440,442,513,516
OX106,418,441,446,448,451,453,457,460,486,487,489,492,494,500,505,513,515,516,524,527,528,533,537,541,544,546,550,554,567,568,577,578,579,580,591,594,596,597,605,617,625,630,644,646,647,650,657,665,668,678,691,706,708,709,713,744,748,751,753,756
OX107,441,446,448,453,457,460,482,486,492,494,505,513,515,516,524,527,533,537,541,550,554,555,567,568,577,578,579,580,591,594,596,597,603,605,617,630,644,646,647,650,657,660,668,706,708,709,744,751,753,756
OX108,442,453,461,482,486,492,494,495,496,505,513,516,537,554,555,567,568,575,576,577,592,594,597,603,605,646,647,650,660,692,709,738,744,763
OX109,446,448,453,457,460,483,486,488,492,494,500,503,515,524,525,527,533,541,546,554,568,569,578,579,586,591,593,594,603,604,627,630,644,650,657,664,678,698,704,708,713,716,733,744,745,748,751,753
OX110,471,497,546,678
OX111,453,483,486,492,494,500,503,507,515,525,534,541,546,569,575,577,578,579,586,593,594,604,605,626,627,639,664,678,698,704,713,716,733,741,744,745,748,751,753,758
OX112,396,411,435,439,461,470,479,485,504,507,510,515,523,525,531,534,541,575,577,578,579,586,589,593,605,619,626,627,628,639,661,663,664,669,682,687,688,696,705,741,745,751,753,757,758,763
OX113,448,533,630,657
OX114,488,507,534,709
OX115,439,470,482,483,500,503,505,513,516,525,537,546,550,554,555,567,568,569,575,577,580,586,593,596,597,603,604,605,617,627,646,647,650,660,664,668,670,677,678,682,698,704,706,709,713,716,733,745,748,756
OX116,482,483,500,503,505,507,515,525,534,537,541,546,555,567,569,575,577,578,579,586,593,604,605,626,627,639,660,664,678,698,704,713,716,733,741,745,748,751,753,758
OX117,465,479,485,504,523,525,531,578,579,586,593,626,627,639,664,669,687,688,745,753
OX118,457,490,513,516,548,550,554,565,568,575,577,578,579,580,596,597,598,602,603,605,616,617,626,639,644,646,647,650,652,668,670,677,682,685,690,700,706,708,709,741,743,753,756,758
OX119,461,495,496,763
OX120,451,487,489,505,515,525,537,541,544,567,569,575,577,578,579,586,593,604,605,625,626,627,639,650,664,665,709,741,745,751,753,758
OX121,525,531,545,549,554,568,571,575,577,578,579,586,593,601,603,605,626,627,635,639,650,664,669,687,709,745,753,758
OX122,513,516,532,548,565,580,596,597,598,610,652,670,677,682,685,700,721,743
OX123,435,454,483,495,496,507,515,532,534,541,548,550,554,565,566,568,578,579,589,598,603,610,617,626,639,646,647,650,652,668,682,685,696,700,706,709,721,741,742,743,751,753,756,758
OX124,405,473,502,545,554,568,571,572,575,577,578,579,585,586,593,601,603,605,626,627,635,639,650,709,737,745,753,758
OX125,554,568,575,577,603,605,650,709
OX126,449,477,495,496,531,545,549,550,569,571,578,579,583,587,601,604,617,622,623,626,635,639,645,646,647,668,669,687,689,706,732,753,756,758,763,766
OX127,454,477,483,495,496,507,515,531,534,541,545,549,566,569,571,575,577,583,601,604,605,622,635,669,687,689,696,741,742,751,763,766
OX128,325,350,373,393,490,511,532,550,586,593,610,617,627,646,647,668,706,721,756,762
OX129,419,430,445,474,477,490,518,527,531,532,545,549,550,551,569,571,578,579,583,601,602,604,606,610,616,617,622,626,629,634,635,639,646,647,668,669,687,689,690,695,706,715,721,753,756,758,763,766
Z0,0,701,710,739
Z1,1,353,703,717
Z2,2,310,602,690
Z3,3,481,612,725
Z4,4,418,588,691
Z5,5,584,698,733
Z6,6,348,397,415
Z7,7,399,498,559
Z8,8,501,611,747
Z9,9,142,272,520
Z10,10,170,251,355
Z11,11,265,327,637
Z12,12,386,429,767
Z13,13,96,179,521
Z14,14,69,274,755
Z15,15,418,528,547
Z16,16,267,296,478
Z17,17,310,408,607
Z18,18,75,212,558
Z19,19,105,319,683
Z20,20,125,686,754
Z21,21,169,177,469
Z22,22,262,590,750
Z23,23,171,191,283
Z24,24,105,599,666
Z25,25,554,603,691
Z26,26,102,728,729
Z27,27,181,307,351
Z28,28,306,464,519
Z29,29,244,308,421
Z30,30,253,536,730
Z31,31,283,617,756
Z32,32,292,368,501
Z33,33,221,397,675
Z34,34,61,110,121
Z35,35,176,378,443
Z36,36,452,574,718
Z37,37,280,457,644
Z38,38,383,395,409
Z39,39,124,704,716
Z40,40,100,628,705
Z41,41,231,357,456
Z42,42,331,451,544
Z43,43,97,130,388
Z44,44,333,373,511
Z45,45,95,163,335
Z46,46,488,650,709
Z47,47,197,560,562
Z48,48,500,555,744
Z49,49,290,349,759
Z50,50,412,482,660
Z51,51,103,145,724
Z52,52,131,243,560
Z53,53,96,486,594
Z54,54,374,472,570
Z55,55,73,352,680
Z56,56,313,608,734
Z57,57,65,89,654
Z58,58,286,648,649
Z59,59,471,497,640
Z60,60,314,315,322
Z61,61,156,194,458
Z62,62,272,574,595
Z63,63,129,238,562
Z64,64,207,518,715
Z65,27,57,656,767
Z66,66,263,334,638
Z67,67,303,312,387
Z68,68,116,398,674
Z69,14,419,620,629
Z70,70,72,277,371
Z71,71,230,548,652
Z72,72,106,422,600
Z73,55,58,355,521
Z74,74,203,205,401
Z75,75,298,499,740
Z76,76,180,350,762
Z77,30,77,299,702
Z78,78,178,349,727
Z79,79,198,228,736
Z80,80,382,391,406
Z81,81,197,203,268
Z82,82,246,423,540
Z83,83,188,392,399
Z84,84,276,359,401
Z85,85,306,316,323
Z86,86,215,502,585
Z87,87,114,543,581
Z88,88,104,113,658
Z89,65,109,411,510
Z90,90,342,476,638
Z91,91,213,408,499
Z92,92,298,394,410
Z93,93,97,189,196
Z94,94,245,334,422
Z95,45,458,476,506
Z96,13,453,723,744
Z97,93,390,447,651
Z98,98,241,515,751
Z99,99,337,505,537
Z100,40,230,250,289
Z101,101,168,279,468
Z102,26,124,313,659
Z103,51,373,393,407
Z104,104,252,469,552
Z105,24,192,661,757
Z106,106,210,249,614
Z107,107,136,423,731
Z108,108,411,465,523
Z109,109,260,341,615
Z110,110,258,271,702
Z111,111,172,195,459
Z112,112,166,364,466
Z113,88,187,653,760
Z114,87,172,536,752
Z115,115,359,533,630
Z116,68,140,147,590
Z117,117,183,224,402
Z118,118,466,532,610
Z119,119,242,432,484
Z120,120,202,204,673
Z121,34,328,366,420
Z122,122,161,663,757
Z123,123,222,375,552
Z124,39,117,284,547
Z125,125,133,221,463
Z126,113,126,519,718
Z127,127,446,591,611
Z128,128,160,631,760
Z129,129,276,351,681
Z130,43,428,598,685
Z131,52,63,198,429
Z132,132,143,419,634
Z133,133,253,467,543
Z134,134,478,489,665
Z135,135,297,438,563
Z136,136,219,479,504
Z137,137,199,433,480
Z138,138,263,642,722
Z139,139,167,435,589
Z140,140,218,266,600
Z141,42,141,292,640
Z142,36,78,142,403
Z143,120,143,436,563
Z144,144,384,661,705
Z145,145,227,327,417
Z146,146,157,235,671
Z147,116,621,669,687
Z148,148,200,354,416
Z149,99,149,622,689
Z150,150,345,454,566
Z151,151,347,507,534
Z152,152,362,608,729
Z153,153,318,325,350
Z154,154,345,452,658
Z155,155,278,370,436
Z156,86,156,244,662
Z157,54,146,415,764
Z158,158,182,280,340
Z159,159,211,273,407
Z160,131,160,236,464
Z161,122,186,255,655
Z162,162,369,403,556
Z163,163,342,371,679
Z164,164,247,249,680
Z165,165,242,595,701
Z166,112,393,490,616
Z167,139,265,565,652
Z168,168,219,256,382
Z169,138,169,587,732
Z170,73,170,625,665
Z171,83,102,171,444
Z172,114,181,389,609
Z173,173,550,592,646
Z174,174,301,347,450
Z175,175,442,513,596
Z176,148,176,321,462
Z177,177,245,266,375
Z178,178,369,530,750
Z179,179,377,649,666
Z180,180,224,400,582
Z181,89,396,475,663
Z182,182,482,489,505
Z183,183,470,565,682
Z184,184,340,642,765
Z185,128,185,188,728
Z186,84,161,307,557
Z187,126,254,405,737
Z188,23,593,627,632
Z189,189,217,319,491
Z190,190,259,335,346
Z191,191,264,376,648
Z192,53,192,424,557
Z193,62,193,316,710
Z194,194,274,551,715
Z195,35,111,175,618
Z196,130,338,607,651
Z197,59,81,311,368
Z198,12,79,693,707
Z199,199,261,360,672
Z200,200,300,304,413
Z201,201,207,358,517
Z202,202,209,248,250
Z203,74,115,747,759
Z204,132,374,512,761
Z205,205,503,655,698
Z206,206,208,211,613
Z207,64,158,412,755
Z208,155,206,285,641
Z209,209,553,679,712
Z210,25,210,406,522
Z211,208,278,417,570
Z212,212,509,545,635
Z213,184,213,644,708
Z214,214,217,223,409
Z215,215,228,271,711
Z216,216,289,495,496
Z217,214,434,578,753
Z218,218,262,295,384
Z219,80,94,101,624
Z220,220,240,270,734
Z221,20,103,325,511
Z222,222,398,473,737
Z223,19,196,396,510
Z224,56,76,402,437
Z225,225,498,529,739
Z226,226,285,329,573
Z227,227,282,463,472
Z228,121,241,425,506
Z229,229,344,426,581
Z230,164,231,233,522
Z231,69,90,232,722
Z232,233,356,487,544
Z233,234,380,425,697
Z234,165,235,514,703
Z235,85,236,358,559
Z236,237,372,643,723
Z237,238,258,328,746
Z238,239,381,494,594
Z239,240,315,598,743
Z240,66,98,336,624
Z241,119,293,550,668
Z242,243,257,326,631
Z243,29,135,383,667
Z244,21,566,619,696
Z245,82,312,668,706
Z246,147,247,288,621
Z247,204,395,491,553
Z248,70,286,614,719
Z249,71,100,255,584
Z250,50,251,500,713
Z251,33,291,686,707
Z252,162,254,612,674
Z253,60,186,428,475
Z254,256,456,485,688
Z255,257,269,322,558
Z256,259,339,632,676
Z257,195,480,714,735
Z258,261,302,343,720
Z259,22,309,381,424
Z260,185,646,647,653
Z261,4,264,346,719
Z262,167,282,367,467
Z263,41,333,531,687
Z264,16,457,527,602
Z265,268,294,503,704
Z266,269,386,509,654
Z267,11,270,437,724
Z268,193,430,438,634
Z269,273,275,356,357
Z270,107,365,484,514
Z271,157,275,613,717
Z272,144,277,599,712
Z273,123,279,601,635
Z274,37,474,606,694
Z275,281,317,324,434
Z276,220,490,610,700
Z277,31,377,636,683
Z278,5,284,439,470
Z279,127,226,427,508
Z280,10,497,546,748
Z281,287,348,615,643
Z282,288,352,492,494
Z283,49,483,733,742
Z284,291,485,531,549
Z285,32,474,527,591
Z286,225,293,392,539
Z287,294,314,326,659
Z288,295,330,619,628
Z289,141,267,487,625
Z290,9,297,329,385
Z291,18,187,252,394
Z292,299,318,711,754
Z293,246,260,504,523
Z294,301,363,576,738
Z295,67,302,540,684
Z296,303,513,516,699
Z297,152,304,532,721
Z298,305,440,442,576
Z299,28,405,502,736
Z300,216,232,248,620
Z301,38,95,308,676
Z302,309,448,530,630
Z303,2,338,427,641
Z304,137,320,420,694
Z305,47,201,311,633
Z306,300,321,361,699
Z307,281,460,508,524
Z308,153,525,572,745
Z309,320,541,672,751
Z310,323,430,551,662
Z311,324,431,462,538
Z312,159,296,616,690
Z313,330,454,727,742
Z314,46,331,353,526
Z315,332,455,555,660
Z316,44,569,664,669
Z317,190,234,400,588
Z318,336,541,708,741
Z319,337,379,449,623
Z320,17,700,740,743
Z321,339,586,745,762
Z322,91,571,741,758
Z323,237,341,535,636
Z324,343,441,575,577
Z325,229,389,453,486
Z326,150,151,692,738
Z327,174,441,580,670
Z328,6,479,671,688
Z329,8,290,404,526
Z330,1,404,520,573
Z331,354,525,664,725
Z332,360,626,639,684
Z333,361,387,578,579
Z334,362,413,586,627
Z335,363,461,583,763
Z336,364,416,569,604
Z337,365,534,605,709
Z338,366,518,606,633
Z339,367,445,695,749
Z340,92,449,587,765
Z341,370,388,561,673
Z342,48,372,529,726
Z343,376,444,546,678
Z344,223,579,593,756
Z345,378,448,538,657
Z346,149,344,455,749
Z347,380,515,568,575
Z348,239,443,477,766
Z349,317,385,564,667
Z350,305,379,583,622
Z351,390,465,626,758
Z352,391,493,554,568
Z353,134,166,537,567
Z354,287,609,656,675
Z355,7,517,713,748
Z356,118,410,623,645
Z357,108,468,545,571
Z358,414,533,657,714
Z359,15,451,603,650
Z360,3,421,572,585
Z361,426,618,689,766
Z362,431,481,556,564
Z363,154,432,592,692
Z364,414,433,446,524
Z365,435,496,695,763
Z366,439,483,488,507
Z367,173,440,516,597
Z368,332,445,512,629
Z369,447,460,639,753
Z370,450,589,677,682
Z371,459,580,596,720
Z372,461,495,696,732
Z373,471,528,678,716
Z374,473,549,601,693
Z375,477,492,567,604
Z376,493,577,605,731
Z377,535,539,617,706
Z378,542,670,677,730
Z379,548,561,637,685
Z380,597,645,647,721
Z381,681,735,746,752
Z382,0,726,761,764
OZ0,252,352,356,357,373,382,405,408,449,456,487,492,494,499,511,531,541,544,552,568,569,571,577,587,590,603,605,612,614,621,624,644,664,669,674,680,687,691,731,737,758,765
OZ1,230,313,319,388,396,400,402,408,409,424,427,434,442,449,453,455,460,467,468,475,483,486,488,491,505,507,511,516,523,525,536,537,543,545,547,550,557,561,565,571,572,576,578,579,581,583,592,593,598,602,608,609,618,623,626,637,639,641,645,646,647,652,654,661,670,677,682,686,690,697,700,702,711,721,734,740,743,745,749,756,757,758,762,766
OZ2,276,313,322,326,328,342,351,356,357,358,368,371,374,395,396,400,402,407,408,415,417,424,428,436,441,446,449,453,454,457,462,465,466,469,472,474,478,484,486,487,491,495,499,510,514,517,521,524,528,529,530,532,534,538,539,544,545,546,550,551,552,557,560,561,562,563,565,566,572,576,578,579,580,583,584,586,587,588,589,592,594,598,599,603,610,616,617,623,625,626,627,634,635,636,639,640,645,646,647,648,649,654,659,661,668,671,673,674,678,679,685,691,693,696,697,698,700,702,704,707,709,711,713,716,719,723,725,726,727,729,730,732,735,737,742,743,744,745,747,748,750,752,757,758,759,761,762,763,765,767
OZ3,313,350,402,405,437,442,443,448,453,455,466,467,469,486,492,494,499,505,509,511,516,525,530,532,536,537,543,545,550,552,557,558,567,572,576,581,582,583,587,590,592,594,604,609,610,612,618,630,631,635,646,647,653,658,659,670,674,677,686,697,702,711,721,737,740,745,749,765
OZ4,319,322,326,328,342,350,358,368,373,374,386,387,388,395,400,407,409,415,417,419,424,425,427,429,434,436,437,442,449,455,457,460,462,467,468,469,472,474,478,479,480,482,485,486,492,494,495,497,500,505,506,509,513,515,517,518,521,523,525,528,530,531,533,536,537,538,543,549,552,555,557,558,560,561,563,565,568,569,575,580,581,582,584,585,586,587,588,589,590,593,602,606,609,612,615,616,618,620,623,626,627,628,629,631,633,634,635,638,639,640,641,642,643,645,653,654,656,657,658,660,661,664,665,670,671,673,674,677,678,679,686,688,690,693,694,698,699,702,704,705,708,711,712,713,714,715,716,720,721,722,725,729,730,737,741,747,749,756,759,761,762,763,766,767
OZ5,311,328,342,350,356,357,359,371,374,386,395,396,400,401,405,407,412,415,417,424,428,429,436,437,441,442,443,446,448,449,454,455,462,465,467,472,478,482,484,487,489,491,492,494,495,499,503,510,511,514,516,518,521,524,525,528,529,533,534,536,537,538,539,543,544,546,551,561,562,563,565,566,567,571,578,579,580,581,582,584,586,588,589,590,598,599,603,604,606,609,612,616,617,618,623,625,626,627,634,636,639,640,642,645,648,649,653,655,658,661,668,670,671,673,677,678,679,685,686,691,693,694,696,700,704,707,708,709,713,715,716,719,721,723,725,726,727,729,730,732,740,741,742,743,744,746,748,749,750,755,757,761,762,763,765,767
OZ6,359,387,416,443,448,449,453,455,462,480,486,505,513,516,525,532,536,537,538,543,550,557,576,578,579,580,583,586,592,608,609,623,627,645,646,647,657,664,699,714,720,725,729,746,749,766
OZ7,278,316,350,373,374,403,404,407,415,416,417,442,443,448,449,452,453,455,466,467,472,478,483,486,489,490,492,494,501,505,511,516,520,525,526,536,543,550,556,557,569,572,576,581,582,583,590,592,594,595,609,611,616,618,623,630,645,646,647,665,670,677,686,697,702,710,711,718,721,724,726,727,733,742,745,747,749,750,759,761
OZ8,374,392,404,415,441,452,454,472,484,495,498,507,520,529,534,539,550,566,570,573,576,580,583,589,592,595,613,658,668,670,677,682,696,710,726,732,761,763
OZ9,316,322,326,328,342,346,350,358,368,373,386,387,396,400,403,404,405,407,408,415,417,419,425,428,429,437,442,444,451,452,453,455,457,462,465,466,467,468,472,474,478,479,480,482,483,485,491,492,494,495,497,499,500,501,505,506,510,512,513,515,517,518,520,523,525,526,531,532,533,536,537,538,543,545,546,547,549,553,555,556,560,561,565,568,569,575,578,579,580,581,582,584,585,586,589,590,593,594,595,598,599,603,606,609,610,611,615,616,618,620,628,629,632,633,634,636,638,640,642,643,648,649,650,654,656,657,660,664,665,670,671,673,677,679,685,686,688,691,693,694,698,699,700,702,704,705,708,710,711,712,713,714,715,716,718,719,720,721,722,723,725,727,728,730,733,741,742,743,744,749,750,757,758,762,763,765,766,767
OZ10,328,342,352,371,382,400,405,408,419,420,423,442,449,453,455,456,466,467,468,469,479,482,484,485,497,504,505,509,511,514,516,518,525,532,534,536,537,543,545,546,549,550,551,553,558,568,571,572,575,576,581,583,587,588,592,594,599,605,606,608,609,610,612,614,618,620,621,624,625,629,631,633,642,644,646,647,648,649,653,658,659,660,665,669,679,680,686,687,688,693,697,702,708,709,711,715,719,721,722,730,731,732,734,740,741,745,748,749,751,758,762,766
OZ11,350,405,413,442,443,448,453,455,466,467,469,486,490,492,494,499,505,509,511,516,525,530,532,536,537,543,545,550,552,557,558,567,572,576,581,582,583,586,587,590,592,594,604,608,609,612,618,627,630,631,635,646,647,653,658,670,674,677,686,697,700,702,711,721,724,728,729,737,740,745,749,765
OZ12,322,326,346,352,358,368,371,373,382,386,387,396,405,407,413,415,417,420,423,425,428,429,437,444,451,456,457,462,465,466,467,472,474,478,479,480,484,485,490,491,492,494,495,500,504,506,510,512,513,514,515,516,517,523,525,530,532,533,534,536,538,543,545,547,549,550,551,552,555,560,561,565,569,571,576,578,579,580,583,584,585,588,589,590,592,593,598,603,605,609,614,616,621,623,624,625,627,628,632,634,635,636,638,640,644,645,646,647,650,654,657,659,664,669,673,674,680,685,687,688,691,694,698,699,702,704,705,707,709,711,712,713,714,716,720,723,724,725,726,729,731,732,734,737,743,744,747,748,751,757,759,761,763,767
OZ13,405,549,601,612,621,669,687,693
OZ14,352,356,357,371,373,382,383,388,395,396,400,425,427,428,434,443,444,448,451,453,454,456,460,465,466,486,487,491,506,509,510,511,515,521,528,530,531,532,541,544,545,546,547,549,552,553,557,558,566,567,569,571,575,577,578,586,593,598,599,601,602,604,605,610,614,623,624,626,627,628,630,631,635,636,638,639,641,644,645,648,649,650,653,658,664,674,676,678,680,685,690,693,696,697,700,705,712,719,723,727,728,729,731,737,742,743,744,745,750,757,762,766
OZ15,346,400,413,415,428,437,443,444,448,449,451,453,455,465,466,468,469,472,475,479,483,485,486,488,490,491,492,494,496,499,507,509,510,511,512,521,523,525,528,530,531,532,536,543,546,552,555,557,558,561,565,567,571,572,586,587,588,589,590,593,599,601,603,604,609,615,621,623,629,630,631,632,635,636,637,643,645,648,649,650,652,653,654,656,658,659,660,669,670,671,673,674,677,678,682,685,687,688,691,693,697,700,702,707,711,719,723,724,734,737,740,744,745,749,762,763,765,766
OZ16,371,383,388,395,396,400,408,412,425,427,428,434,444,449,451,453,454,460,465,466,491,499,500,506,509,510,515,528,532,545,546,547,549,552,553,558,566,568,575,578,586,593,598,599,601,602,603,610,621,623,626,627,628,631,635,636,638,639,641,645,648,649,650,653,658,669,674,676,678,685,687,690,691,693,696,697,700,705,712,713,719,722,723,727,728,729,732,737,742,743,744,745,750,755,757,758,762,765
OZ17,355,357,368,382,383,396,400,403,407,409,413,415,416,417,424,430,436,437,442,443,446,448,449,451,453,457,462,468,469,472,474,475,478,482,483,490,492,494,496,497,501,502,505,507,509,511,512,514,516,519,521,522,523,524,526,530,532,536,538,541,543,546,547,549,550,552,554,555,556,558,563,565,568,570,572,573,576,577,578,581,583,586,587,589,590,592,598,601,605,609,611,612,613,616,618,621,624,626,627,629,630,634,635,637,639,640,644,646,647,650,652,653,654,658,659,661,662,664,665,670,671,674,676,677,682,686,687,693,697,702,709,711,718,721,722,724,725,726,728,729,731,732,734,737,743,748,755,757,760,761,762,763
OZ18,395,400,404,413,428,436,437,455,468,475,483,485,488,490,491,496,504,507,511,514,520,525,531,536,543,545,547,549,553,555,561,563,565,570,571,572,573,586,589,609,610,613,615,627,629,637,643,652,654,656,659,660,670,671,673,677,682,685,688,697,700,702,703,707,711,724,726,728,729,734,745,749,762,763
OZ19,356,357,368,383,396,400,403,407,408,409,413,415,417,424,430,436,437,442,446,449,451,453,457,462,464,468,472,474,475,478,483,486,487,490,496,501,502,505,507,511,512,514,516,519,523,524,525,526,536,537,538,543,544,545,547,549,550,555,556,557,563,565,570,571,573,576,578,581,583,585,586,589,592,598,601,609,610,611,613,616,618,621,623,625,626,627,629,634,637,639,640,645,646,647,650,652,654,659,660,661,662,669,670,671,676,677,682,686,687,693,697,702,709,711,718,721,724,725,726,728,729,734,736,740,743,745,757,758,761,762,763,766
OZ20,441,442,449,452,454,455,479,485,495,498,500,505,507,516,521,531,537,549,550,555,566,580,581,589,594,595,605,615,618,623,645,646,647,656,658,670,671,677,682,686,688,696,703,707,709,710,721,732,749,761,763,766
OZ21,368,387,401,416,443,448,449,453,455,462,480,486,503,505,513,516,525,532,533,536,537,538,543,550,557,562,576,578,579,580,583,586,592,608,609,623,627,630,633,645,646,647,655,657,664,698,699,714,720,725,729,746,747,749,759,766
OZ22,342,373,387,388,401,403,404,407,408,409,415,416,417,423,424,425,427,430,434,444,446,454,455,457,460,464,465,467,468,469,472,474,478,479,480,482,484,486,488,497,499,501,502,503,505,506,510,512,513,514,516,519,520,521,523,524,526,528,530,532,533,534,537,547,549,550,552,553,556,557,561,562,566,567,568,569,571,576,577,578,579,580,583,585,587,588,592,593,594,601,602,604,611,615,616,621,623,624,628,633,634,635,636,638,640,641,642,643,644,645,646,647,655,656,657,659,660,661,662,665,669,673,674,678,679,687,690,696,698,699,702,703,705,707,708,711,712,714,718,720,723,727,728,730,734,736,737,741,742,744,746,747,748,749,750,755,758,759,761,765
OZ23,392,412,453,469,484,529,539,550,555,587,592,643,658,668,692,713,722,726,732,755
OZ24,383,388,396,400,404,408,409,412,413,424,427,434,436,437,455,460,468,469,475,479,481,483,485,486,488,490,496,500,507,511,520,521,523,525,531,534,536,543,545,547,549,555,557,561,563,565,570,571,573,578,585,586,587,589,592,594,598,602,605,609,610,612,613,615,626,627,629,637,639,641,643,652,654,656,658,659,660,661,667,670,671,673,676,677,682,688,690,692,697,702,703,707,709,711,713,722,724,725,726,728,729,732,734,740,743,745,749,755,757,758,762,763
OZ25,373,382,387,388,400,401,403,404,406,407,408,409,415,416,417,422,423,425,427,430,434,442,444,446,453,457,460,464,465,466,468,469,472,474,478,479,480,482,484,488,497,501,502,503,506,509,510,511,512,513,514,515,519,520,521,523,524,525,526,528,530,533,534,536,541,543,545,547,554,556,558,561,562,567,568,569,571,572,575,578,579,580,581,585,587,593,594,602,604,605,608,609,610,611,615,616,618,623,631,633,634,636,638,640,641,643,644,645,653,655,656,657,658,660,662,665,673,678,686,690,693,697,698,699,703,707,714,718,720,721,722,723,728,731,732,736,740,744,745,746,747,748,755,758,759,761,762,766
OZ26,357,387,388,401,403,404,407,412,415,416,417,427,430,434,442,443,446,448,451,457,460,464,469,472,474,478,479,480,481,485,486,488,500,501,502,503,512,513,514,519,520,521,524,525,526,531,532,533,534,536,543,554,556,557,561,562,578,579,580,581,586,587,592,594,601,602,603,605,608,609,611,612,614,615,616,618,621,625,627,630,633,634,640,641,643,650,655,656,657,658,662,664,667,669,673,680,686,687,688,690,691,692,693,698,699,703,707,713,714,718,720,721,722,725,729,732,736,746,747,755,759,761
OZ27,289,412,419,442,449,453,455,479,485,495,496,500,505,516,521,531,537,549,550,576,581,583,592,594,615,618,620,623,634,643,645,646,647,656,671,686,688,707,713,721,722,726,749,755,761,766
OZ28,400,406,409,416,422,423,425,443,444,448,451,453,456,464,465,466,468,469,481,482,484,485,486,492,494,497,506,510,515,521,523,525,528,530,537,547,552,554,557,575,577,586,587,590,592,593,601,603,605,614,624,625,627,630,631,635,636,638,650,658,660,664,665,667,669,674,678,680,688,691,692,697,722,723,725,728,729,732,736,737,744,748,755,760,762,766
OZ29,382,408,412,423,443,448,449,456,468,479,484,485,486,492,494,499,500,504,514,521,530,534,541,549,552,557,567,571,590,604,605,621,630,635,644,669,674,687,688,693,709,713,722,731,732,737,755,758,765,766
OZ30,415,455,472,479,485,512,531,543,549,555,609,615,629,643,656,660,671,686,688,695,707,749
OZ31,388,396,406,408,413,416,422,423,424,425,427,434,437,444,451,453,456,460,464,465,466,469,475,481,482,483,484,485,486,488,490,496,497,506,507,510,511,515,521,528,536,537,545,552,554,557,561,565,567,571,575,577,578,585,587,589,592,593,594,598,601,602,603,604,605,610,612,614,624,625,626,631,635,636,637,638,639,641,650,652,654,658,659,660,661,664,665,667,669,670,673,676,677,678,680,682,686,688,690,691,692,695,702,711,722,723,724,725,732,734,736,737,740,743,744,745,748,755,757,758,760,763
OZ32,396,406,409,412,413,416,419,422,423,424,425,437,442,444,449,451,454,455,456,464,465,466,469,475,481,482,483,484,486,488,490,495,497,500,504,505,506,507,510,511,514,515,516,523,528,531,534,536,545,549,550,552,554,557,565,566,567,571,572,575,576,577,581,583,584,587,589,592,593,601,603,604,610,614,615,618,620,623,624,625,631,634,635,636,638,643,645,646,647,650,654,656,659,660,661,664,665,667,669,670,671,674,677,678,680,682,691,695,696,700,702,707,709,711,713,721,723,724,725,726,727,732,734,736,737,742,744,745,748,749,750,757,760,761,763,766
OZ33,408,423,449,469,484,499,541,554,568,571,577,587,592,605,624,644,658,692,758,765
OZ34,326,358,394,403,404,406,409,412,413,416,422,423,425,430,437,443,448,451,452,456,465,466,467,468,469,479,481,482,486,488,490,492,494,497,498,501,502,506,507,510,511,515,517,519,520,521,523,526,528,529,531,536,537,539,543,550,551,552,554,555,556,557,560,565,575,577,579,584,585,590,595,603,605,609,610,611,614,615,617,621,624,625,630,631,635,636,638,646,647,650,656,658,659,660,662,664,665,667,668,670,671,676,677,678,680,682,687,691,693,698,700,702,704,707,710,711,716,718,723,724,725,727,728,734,737,742,744,745,747,750,759,760,761,766
OZ35,386,406,422,425,429,442,443,448,449,453,455,456,467,468,469,479,485,486,492,494,504,505,506,514,516,530,534,536,537,541,543,550,552,557,567,576,581,583,585,587,590,594,601,604,605,609,612,618,623,630,635,638,642,645,646,647,658,674,688,692,693,702,707,708,709,711,721,722,730,732,737,741,749,767
OZ36,406,422,425,442,443,448,449,453,455,456,467,468,469,479,485,486,492,494,504,505,506,511,514,516,525,530,534,536,537,541,543,549,550,552,557,567,572,576,581,583,586,587,590,593,594,604,605,608,609,618,621,623,627,630,635,638,642,645,646,647,658,659,669,674,676,686,687,688,692,693,702,708,709,711,721,722,728,729,730,732,734,737,741,749
OZ37,423,469,484,541,554,568,577,587,592,605,624,642,658,692,708,722,732,741
OZ38,409,413,416,428,437,442,443,448,449,453,455,456,464,466,467,475,481,482,483,485,486,488,490,491,492,494,496,497,505,507,515,516,522,525,530,541,543,545,546,547,550,552,554,557,561,565,568,571,575,576,581,583,586,588,589,590,592,594,599,601,603,608,609,610,614,618,623,625,627,630,631,635,637,642,645,646,647,648,649,652,654,660,664,665,667,669,670,673,674,676,677,680,682,685,688,691,695,700,708,721,724,725,728,729,730,736,737,741,745,748,749,755,760,763
OZ39,413,437,442,443,448,453,455,466,467,469,486,490,492,494,496,499,505,509,516,530,532,537,543,545,549,550,552,557,558,565,567,576,581,583,586,587,589,590,592,594,601,604,608,609,618,621,627,630,631,635,646,647,652,653,658,669,674,687,693,695,700,721,724,728,729,737,740,749,763,765
OZ40,404,412,416,437,442,443,448,449,453,455,456,466,467,478,482,486,489,490,496,500,505,511,514,516,520,521,522,530,531,543,544,550,557,565,573,576,581,583,589,592,594,609,616,618,621,623,630,645,646,647,652,660,664,669,671,687,695,703,713,717,721,724,749,763
OZ41,387,420,442,446,449,452,454,455,465,468,469,479,480,484,485,495,498,504,505,507,509,510,511,513,521,524,525,529,531,533,537,539,545,550,554,566,568,571,572,575,580,581,585,586,587,589,592,593,594,595,601,608,612,617,618,621,623,624,626,627,636,639,642,643,645,646,647,657,659,668,669,670,671,676,677,682,687,688,692,694,696,699,703,708,709,710,714,720,721,722,723,726,728,729,734,741,744,749,751,761,763,766
OZ42,511,525,572,586,593,608,627,659,676,686,711,728,729,734
OZ43,403,416,437,442,449,452,453,455,456,466,467,469,478,482,483,489,490,492,494,496,501,505,514,516,522,525,526,530,531,534,543,544,550,556,565,567,572,573,574,576,581,583,586,587,589,590,593,594,604,605,608,609,611,616,618,621,623,627,645,646,647,652,658,659,660,664,669,671,676,686,687,692,695,709,711,717,718,721,722,724,727,728,729,732,733,734,742,747,749,750,755,759,763,766
OZ44,437,442,453,455,464,466,467,469,478,489,490,492,494,496,499,505,509,516,531,532,537,543,545,550,552,558,565,576,581,583,585,586,587,589,590,592,593,594,608,609,610,612,616,618,621,627,635,646,647,652,653,658,659,665,674,676,686,687,695,711,721,724,728,729,734,736,737,740,745,749,760,763,765,766
OZ45,416,424,443,448,449,454,456,464,468,469,479,482,485,492,494,497,499,504,509,514,522,525,530,532,534,537,541,545,546,549,554,558,566,572,585,587,590,592,594,599,603,605,610,612,614,621,623,625,628,630,642,645,648,649,653,660,661,664,665,680,687,688,691,692,693,696,705,708,709,712,727,736,740,741,742,745,748,750,755,760,765,766
OZ46,468,469,479,504,514,534,541,587,592,605,642,658,692,708,709,722,732,741
OZ47,401,412,420,424,442,443,446,448,451,452,453,456,457,462,464,465,474,484,485,488,489,495,497,498,499,500,501,503,505,507,510,516,522,524,526,529,531,534,536,537,538,539,541,543,546,552,554,558,562,567,568,571,572,575,576,578,579,581,583,586,589,591,592,595,599,601,602,604,605,608,609,610,617,618,621,623,624,626,627,628,630,633,635,636,639,640,643,645,648,649,650,653,655,660,661,665,668,670,674,677,682,686,687,688,694,698,703,705,709,710,711,712,713,721,723,725,726,727,729,732,736,737,740,742,744,745,746,747,748,750,751,759,760,761,763,765
OZ48,424,428,442,443,444,446,448,449,451,454,455,456,465,467,470,475,478,479,482,483,489,491,492,494,496,497,499,501,504,507,510,516,521,522,523,526,528,530,534,537,541,543,545,547,550,561,566,567,576,581,583,588,589,590,591,602,604,605,607,609,614,616,618,623,625,628,630,636,637,644,645,646,647,650,652,654,658,661,671,673,678,680,685,691,692,695,696,700,705,712,721,723,727,740,742,743,744,747,748,749,750,758,763,765
OZ49,412,419,427,434,443,446,448,454,460,467,470,481,486,488,491,492,494,495,497,500,501,504,515,521,523,526,530,531,534,543,546,547,552,554,557,561,566,567,568,575,578,584,588,589,590,591,592,598,599,604,605,607,609,614,615,620,621,625,626,630,634,635,637,639,643,648,649,656,658,667,669,670,673,677,680,682,686,687,691,692,693,695,696,707,713,722,725,726,727,730,737,742,747,748,750,755,758,761,763,766
OZ50,427,434,449,451,452,455,456,457,460,462,464,465,470,474,481,483,484,489,491,492,494,497,498,499,501,504,507,510,514,518,521,522,523,524,526,529,530,534,538,539,543,544,546,547,549,550,551,552,554,558,561,571,572,573,579,584,586,588,590,595,598,599,601,602,603,605,606,607,608,609,610,611,615,617,621,627,629,634,635,636,637,640,642,646,647,648,649,650,653,656,660,665,667,668,671,673,687,694,695,703,707,708,710,711,715,717,722,723,727,729,732,733,736,737,740,741,744,745,747,748,749,750,758,759,760,765
OZ51,325,419,443,446,448,451,452,454,455,456,457,462,465,466,467,469,474,478,479,483,484,485,486,488,490,492,494,495,498,504,507,509,510,514,515,518,521,522,523,524,525,529,531,532,538,539,540,541,544,545,550,551,552,554,557,566,567,571,573,575,577,578,579,585,586,587,589,590,591,592,595,601,602,603,604,605,606,608,611,612,614,616,617,620,621,623,624,625,626,627,629,630,635,636,639,640,643,645,646,647,650,660,668,669,670,674,677,680,682,686,687,688,691,692,693,694,696,703,710,711,715,717,723,724,725,726,729,730,732,733,737,742,744,749,759,761,763,766
OZ52,419,449,452,454,455,456,457,462,464,465,467,474,478,482,483,484,485,492,494,495,498,501,505,507,510,515,518,521,522,524,526,529,530,531,538,539,544,550,551,552,554,558,566,568,572,573,575,578,579,586,589,590,592,595,601,606,607,608,610,611,616,617,620,621,626,627,629,635,636,639,643,644,646,647,653,658,660,665,668,670,674,677,682,686,687,688,692,694,696,700,703,709,710,711,715,717,723,725,726,729,730,732,733,736,737,742,743,744,745,747,749,758,759,760,761,763
OZ53,446,449,451,466,478,482,484,485,488,489,501,505,509,514,526,532,545,550,554,558,571,591,592,601,602,603,607,610,614,616,623,625,631,640,642,644,645,646,647,650,668,671,680,688,691,692,700,708,709,722,728,732,741,743,747,758
OZ54,430,442,443,444,448,449,451,455,457,464,466,470,474,479,482,484,486,488,489,492,494,497,498,499,501,502,507,509,514,516,518,519,526,528,529,530,531,532,537,539,544,545,551,554,555,557,558,567,572,573,574,576,579,581,583,584,585,590,593,594,595,604,606,610,611,614,615,617,618,621,625,630,631,644,650,656,662,668,669,674,676,678,680,686,687,691,692,693,694,703,707,710,715,717,721,728,736,740,742,747,748,749,761,765
OZ55,449,454,466,469,484,499,509,532,545,549,550,552,558,566,587,592,601,610,621,623,628,631,635,645,646,647,668,669,674,687,692,693,696,727,728,737,740,742,750,765
OZ56,428,442,444,455,465,467,469,470,475,479,483,488,491,496,504,507,510,514,516,521,523,528,534,537,541,543,545,546,547,550,561,571,576,581,583,587,588,589,594,599,605,609,614,618,623,625,636,637,640,642,645,646,647,648,649,652,654,658,660,673,678,680,685,691,692,695,708,709,721,723,741,744,749,755,763,766
OZ57,454,455,456,457,464,465,466,470,474,478,482,484,485,488,491,492,494,497,498,499,501,504,505,507,509,510,518,519,521,522,523,526,529,532,534,539,543,544,545,546,547,549,550,551,552,561,566,572,573,574,579,584,586,588,590,595,598,599,605,606,608,609,611,614,615,616,617,621,623,625,627,628,629,634,635,636,637,644,645,646,647,648,649,656,658,660,665,668,673,680,687,688,691,694,695,696,700,703,707,709,710,711,715,717,723,727,729,736,737,740,743,744,745,747,748,749,750,765
OZ58,394,455,456,457,464,465,469,470,474,478,485,488,491,492,494,497,498,501,504,507,510,518,519,521,522,523,526,529,534,537,539,543,544,546,547,551,558,561,567,572,573,574,579,584,586,588,590,592,595,598,599,601,605,606,608,609,610,611,614,615,616,617,623,625,627,629,631,634,636,637,644,645,648,649,656,658,660,669,673,674,680,688,691,692,693,694,695,700,703,707,709,710,711,715,717,723,728,729,736,742,743,744,745,747,748,749
OZ59,484,519,534,550,574,595,605,631,646,647,653,668,703,709,728,760
OZ60,351,420,442,451,452,453,462,464,465,478,486,488,489,492,494,495,498,501,507,509,510,516,519,521,524,526,529,530,531,533,536,537,538,539,543,545,550,557,558,568,571,572,574,575,576,578,579,581,583,585,586,589,590,591,592,602,603,607,608,609,610,612,614,616,617,618,621,623,624,625,626,627,628,630,631,636,639,640,643,644,645,646,647,650,665,670,677,680,682,686,687,691,693,694,700,707,710,721,723,725,726,727,728,729,732,735,736,742,743,744,745,747,750,751,752,758,761,763,766,767
OZ61,434,451,452,455,456,457,460,462,464,465,470,474,478,481,482,483,491,492,494,497,498,499,501,504,505,507,510,514,518,519,521,522,523,524,526,529,530,538,539,543,544,546,547,549,551,552,554,558,561,571,572,573,574,579,584,586,588,590,598,599,601,603,606,608,609,610,611,615,616,617,621,627,629,631,634,635,636,637,640,644,648,649,650,651,656,660,665,667,671,673,687,694,695,700,707,709,710,711,715,717,723,727,728,729,733,736,737,741,743,744,745,747,748,749,750,758,759,765
OZ62,420,442,443,448,452,453,455,457,462,470,474,482,483,486,488,489,491,492,494,495,497,504,516,518,523,524,531,536,537,538,541,546,547,550,551,552,554,557,561,567,568,575,576,578,581,583,584,588,589,590,591,592,594,595,598,599,602,604,606,607,614,615,618,621,623,624,625,626,628,629,630,634,635,637,639,642,643,645,646,647,648,649,656,669,670,673,677,680,682,686,687,691,693,695,703,707,708,709,715,721,725,726,727,732,733,737,741,742,746,748,749,750,751,755,758,759,761,763
OZ63,443,448,464,478,486,489,530,531,549,557,567,585,586,593,601,604,608,610,612,616,627,630,631,665,669,676,686,693,700,711,728,729,736,745,760,766
OZ64,455,456,457,464,465,470,474,478,485,488,491,492,494,497,498,501,504,507,510,518,519,521,522,523,526,529,534,537,539,543,544,546,547,551,558,561,567,572,573,574,579,584,586,588,590,592,595,598,599,601,605,606,608,609,610,611,614,615,616,617,623,625,627,629,631,634,636,637,644,645,648,649,653,656,660,669,673,674,680,688,691,692,693,694,695,700,703,707,709,710,711,715,717,723,728,729,736,742,743,744,745,747,748,749
OZ65,442,444,451,456,457,465,466,469,474,479,485,489,491,499,504,505,509,510,514,516,518,521,522,523,528,532,534,543,545,546,547,550,551,554,555,561,567,576,581,583,587,588,594,598,599,601,605,606,609,610,618,623,629,634,636,637,644,645,646,647,648,649,650,658,660,665,673,678,688,692,694,695,709,715,721,723,740,743,744,761,765,766
OZ66,452,456,464,465,466,467,478,481,482,483,489,492,494,496,498,499,501,504,505,507,509,510,514,515,519,521,522,523,526,529,530,532,537,539,543,544,545,554,555,556,558,564,567,568,572,573,574,575,579,584,586,589,590,608,609,611,615,616,617,627,631,636,652,656,669,670,671,677,682,693,695,700,707,709,710,711,717,723,725,727,728,729,730,733,736,740,744,745,747,750,759,761,763,765
OZ67,464,469,479,485,504,519,523,531,534,540,541,554,568,574,577,585,587,592,595,601,612,621,624,642,658,669,671,686,687,688,692,693,703,708,709,711,722,732,736,741
OZ68,465,466,479,482,499,504,505,509,510,514,519,523,532,537,545,549,552,558,567,572,574,579,585,593,595,601,610,612,621,635,665,669,676,683,687,693,703,737,740,756,760,765
OZ69,457,469,489,515,537,567,587,623,624,642,644,645,653,658,665,672,708,722,732,741
OZ70,321,453,456,460,462,470,474,479,481,485,488,491,497,498,499,501,505,507,513,514,515,516,518,519,521,522,524,526,529,531,537,538,539,544,546,547,549,550,551,556,558,561,564,571,573,574,576,583,584,588,592,594,595,596,598,599,606,611,614,615,617,623,624,625,629,634,636,637,642,645,646,647,648,649,651,656,660,672,673,680,683,686,688,691,694,695,703,707,708,710,715,717,721,722,723,732,742,743,744,747,748,756,758,760,765,766
OZ71,586,593,608,627,659,676,728,729,734,745
OZ72,456,466,470,474,478,479,482,485,488,489,491,492,494,497,498,499,501,504,505,507,509,514,515,518,519,521,522,523,526,529,532,537,539,540,541,544,545,546,547,551,552,554,555,561,567,568,573,574,577,584,588,590,595,598,599,601,605,606,611,614,616,617,625,631,634,635,636,637,643,648,649,659,669,672,673,674,680,683,688,691,693,694,700,703,710,715,717,723,726,734,737,740,742,743,744,747,748,756,760,765
OZ73,451,469,470,474,478,479,482,489,491,492,494,497,498,504,507,514,515,518,521,523,529,537,539,540,541,546,547,551,552,555,558,561,567,568,577,584,587,588,590,598,599,603,605,606,610,616,617,623,631,634,635,636,637,640,643,645,648,649,650,653,658,659,660,669,672,673,674,683,693,694,700,709,710,715,722,723,726,732,734,737,742,743,744,748,755,756
OZ74,470,483,501,507,526,534,544,566,573,584,592,603,605,611,628,658,692,696,717,747
OZ75,466,469,474,478,479,483,485,489,491,492,494,497,498,499,501,504,505,509,515,518,519,521,523,526,529,532,534,539,540,541,544,545,546,547,551,552,554,555,561,566,568,573,574,577,587,588,590,592,595,598,599,601,603,606,611,614,616,617,623,625,628,631,634,635,636,637,643,645,648,649,650,653,659,660,665,669,671,672,673,674,680,683,688,691,692,693,694,696,700,703,709,710,715,717,722,723,726,732,734,737,740,742,743,744,747,748,755,756,760,765
OZ76,444,469,479,485,500,517,531,543,549,555,566,587,609,615,628,629,643,656,671,686,688,695,696,698,704,707,713,716,722,726,732,733,744,748,749,755
OZ77,478,489,519,534,537,567,574,592,595,605,610,616,623,631,645,653,659,665,692,700,703,709,734,760
OZ78,482,483,488,492,494,497,498,500,504,517,523,528,529,531,534,537,539,540,541,554,555,568,572,577,579,581,585,590,592,593,594,612,615,617,618,621,622,623,624,640,642,645,650,653,656,660,665,674,676,678,686,687,692,698,704,707,708,710,713,716,733,741,742,744,749,755,761,766
OZ79,469,474,479,485,488,491,500,501,515,517,518,521,526,528,531,534,537,544,546,547,549,551,558,561,566,573,579,581,587,588,592,594,598,599,603,605,606,611,614,615,618,622,623,624,625,627,628,631,634,636,637,640,642,643,645,648,649,653,656,671,672,673,678,680,683,686,688,691,692,694,696,698,704,707,708,713,715,716,717,722,723,726,728,729,732,733,741,743,747,748,749,756,761,766
OZ80,504,509,523,540,545,549,554,568,571,577,585,601,605,612,615,621,624,656,669,687,707,711
OZ81,453,467,474,479,485,488,491,496,497,498,501,507,518,519,521,526,529,531,534,537,539,544,546,549,551,558,561,568,573,574,575,581,584,589,592,594,595,598,599,603,605,606,611,614,615,617,618,622,623,624,625,629,634,636,637,642,645,648,649,650,652,653,656,670,671,672,673,677,680,682,683,686,688,691,692,694,703,707,708,709,710,715,717,723,730,741,742,743,744,747,748,755,756,760,763,766
OZ82,483,488,492,494,497,509,517,521,528,529,531,534,537,539,541,543,545,549,555,567,571,572,579,590,592,593,601,605,609,617,623,629,640,642,643,645,650,653,669,674,676,678,686,692,695,698,704,708,711,713,716,726,733,741,742,744,749,755
OZ83,467,481,485,496,497,500,507,514,515,517,519,521,528,530,534,537,543,549,552,554,556,564,568,574,575,579,581,584,589,592,594,595,605,609,618,621,622,623,627,631,635,636,640,645,652,653,669,670,671,677,678,682,683,687,688,692,693,695,698,703,704,713,716,723,725,728,729,730,737,742,749,756,759,760,763,766
OZ84,485,514,519,549,552,572,574,585,593,595,612,621,627,631,635,669,671,676,687,688,693,703,728,729,737,760
OZ85,474,488,491,501,515,517,518,519,521,526,528,529,537,539,543,544,546,547,551,555,558,561,566,573,574,581,588,594,595,598,599,603,606,609,611,614,617,618,622,623,624,625,628,629,634,636,637,640,642,645,648,649,653,658,672,673,678,680,683,691,694,695,696,698,703,704,708,709,713,715,716,717,723,733,741,743,744,747,748,755,756,760,761,766
OZ86,479,480,481,488,492,494,497,498,499,501,505,513,514,516,517,525,526,528,531,533,536,538,541,547,550,554,556,558,564,566,567,571,572,576,579,580,581,583,585,588,590,592,594,610,612,615,618,621,622,627,628,629,631,636,640,642,643,646,647,653,656,657,658,659,660,664,674,678,683,686,687,695,696,698,699,704,707,708,709,710,713,714,716,720,722,723,725,726,729,732,733,734,740,741,745,746,747,749,756,761,765,766
OZ87,480,488,497,500,501,517,521,525,526,528,530,531,533,534,536,537,538,572,580,592,594,596,605,621,623,640,645,650,653,657,664,669,678,686,687,692,698,704,711,713,714,716,720,745,746,747,759,766
OZ88,462,492,494,495,496,498,499,500,505,509,513,516,519,521,524,530,534,537,538,540,541,545,547,549,550,566,567,568,574,576,577,578,579,581,583,584,588,590,591,595,596,601,602,607,610,618,621,622,623,624,626,627,631,636,639,642,643,644,645,646,647,650,652,658,659,660,674,683,687,692,694,695,696,699,703,708,709,710,723,725,726,729,732,733,734,740,741,743,749,755,756,758,759,760,761,765
OZ89,481,492,500,509,519,529,530,531,534,539,541,545,547,549,554,555,556,564,566,567,571,572,574,588,592,593,595,601,605,617,622,627,628,629,631,636,642,643,650,658,669,676,683,686,689,692,695,696,703,708,709,711,723,725,726,728,729,733,741,744,755,756,759,760
OZ90,488,491,494,500,501,517,519,521,526,528,537,543,544,546,547,558,561,566,572,573,574,579,585,588,590,593,595,598,599,603,609,611,612,614,622,623,625,628,636,637,640,645,648,649,653,658,673,674,676,678,680,683,689,691,696,698,703,704,709,713,716,717,723,733,743,747,748,749,756,760
OZ91,494,498,509,529,539,541,545,549,571,572,579,581,590,593,594,601,609,617,618,621,629,642,643,669,674,675,676,687,689,695,707,708,710,711,726,741,749,755,761,766
OZ92,497,498,499,505,513,516,517,528,541,547,550,552,554,558,566,571,572,576,581,583,588,592,593,596,609,610,618,622,627,628,629,631,635,640,642,643,646,647,650,653,658,659,660,675,676,678,693,695,696,698,699,704,707,708,710,711,713,716,722,726,729,732,733,734,737,740,741,749,761,765
OZ93,499,500,505,509,513,516,521,529,537,539,543,545,549,550,552,558,572,576,583,585,592,593,594,596,601,609,610,612,617,621,623,627,631,635,636,645,646,647,659,660,669,676,683,687,693,699,722,723,729,732,734,737,740,749,755,756,765,766
OZ94,492,498,500,525,543,555,567,572,581,618,664,669,675,689,707,710,711,744,745,761
OZ95,500,509,529,539,541,543,545,549,555,571,585,601,612,617,621,629,636,642,643,669,675,683,687,695,707,708,711,723,726,741,744,749,755,756
OZ96,498,509,529,539,541,543,545,549,571,585,601,612,617,621,629,636,642,643,669,675,683,687,695,707,708,710,711,723,726,741,749,755,756,761
OZ97,495,496,513,516,519,531,534,540,541,543,550,552,554,568,572,574,576,577,581,583,584,585,591,593,595,596,602,607,610,612,618,621,622,624,626,627,628,629,631,635,642,644,646,647,652,653,659,669,675,676,686,687,692,693,694,699,703,707,708,709,729,732,734,737,740,741,743,755,758,760
OZ98,509,541,543,545,549,571,585,601,612,621,629,642,669,675,687,695,707,708,711,741,749,755
OZ99,531,540,554,568,577,585,605,612,621,624,626,669,686,687,711,741
OZ100,491,496,507,517,519,521,525,528,529,536,537,539,540,546,555,558,561,566,568,572,574,577,584,585,589,594,595,598,599,605,612,614,617,623,624,625,626,628,636,637,640,643,645,648,649,652,653,658,664,670,673,677,678,680,682,683,691,695,696,697,698,702,703,704,709,713,716,723,726,733,741,742,743,744,745,748,756,760,763,766
OZ101,572,579,593,609,636,675,676,683,707,711,723,756
OZ102,513,516,519,534,550,558,574,576,581,583,595,596,605,610,618,622,629,646,647,653,659,692,695,699,703,709,722,728,732,734,740,749,755,760
OZ103,460,496,507,519,524,525,533,536,540,541,543,544,547,552,568,573,574,577,581,584,585,588,589,593,595,603,605,611,612,618,622,624,626,627,629,631,635,642,650,651,652,657,664,670,675,676,677,682,693,697,702,703,707,708,709,711,714,717,728,729,737,741,742,745,755,758,760,763
OZ104,519,521,534,537,547,554,555,574,579,581,588,592,594,595,605,618,622,623,627,631,636,643,645,650,653,683,692,703,709,723,726,728,729,744,749,756,760,766
OZ105,591,602,644,694
OZ106,486,496,507,521,524,525,530,533,534,538,540,541,543,544,554,555,557,558,568,573,576,577,579,580,581,583,584,585,589,593,594,603,610,611,612,618,622,624,630,631,636,639,642,643,652,659,664,670,675,676,677,682,683,684,692,695,697,702,707,708,711,717,722,723,726,732,734,735,740,741,742,744,745,746,756,763
OZ107,507,515,525,534,540,541,543,552,558,566,575,577,581,585,592,593,607,612,618,622,624,626,627,628,629,631,635,642,658,664,670,675,676,677,682,692,693,695,696,707,708,711,728,729,730,737,741,742,743,745,755,758
OZ108,496,515,525,530,533,536,538,540,541,543,544,552,558,573,575,577,581,584,585,589,593,603,605,607,611,612,618,622,624,626,627,629,631,635,642,652,657,664,675,676,693,697,702,707,708,711,714,717,728,729,730,733,737,741,743,745,755,758,759,763
OZ109,515,521,524,525,533,536,537,540,541,543,544,555,558,573,575,576,577,579,580,583,585,592,593,594,603,605,610,611,612,623,624,631,636,639,642,643,645,653,657,659,664,675,676,683,684,697,702,707,708,711,714,717,722,723,726,732,734,740,741,744,745,749,756,766
OZ110,566,583,592,629,658,695,722,732,738,755
OZ111,536,541,543,552,558,579,607,609,627,629,631,635,636,642,670,683,693,695,697,702,708,723,728,729,737,743,749,755,756,758
OZ112,516,524,530,538,541,543,547,550,554,579,588,592,609,626,627,628,629,636,639,642,646,650,683,684,695,696,708,721,723,729,733,738,749,755,756,759
OZ113,521,524,530,537,538,552,555,579,581,592,594,607,610,618,622,623,626,627,628,635,636,639,643,645,653,659,683,684,693,696,723,726,728,729,733,734,737,738,740,743,744,749,756,758,759,766
OZ114,524,530,538,541,543,547,554,579,581,583,588,592,609,618,622,626,627,628,636,639,642,647,650,653,683,684,696,708,722,723,729,732,733,738,756,759
OZ115,525,530,533,538,540,541,543,544,552,573,575,576,577,580,581,583,585,593,603,605,607,610,611,612,618,622,626,627,628,635,642,657,659,664,670,672,675,676,693,696,707,708,711,714,717,722,728,729,732,733,734,737,738,740,743,745,758,759
OZ116,533,541,543,544,547,552,568,573,575,579,588,603,607,609,610,611,624,627,629,635,636,642,650,659,672,683,693,695,697,702,708,717,723,728,729,734,735,737,740,741,743,746,749,755,756,758
OZ117,581,583,618,622,629,695,722,732,749,755
OZ118,547,554,588,650
OZ119,530,537,538,541,552,576,580,583,607,610,622,623,628,635,642,645,647,657,659,670,689,693,696,697,702,708,714,722,728,732,733,734,735,737,738,740,743,746,758,759
OZ120,583,629,695,722,732,755
OZ121,541,543,552,579,607,609,610,627,629,635,636,642,659,683,693,695,708,723,728,729,734,737,740,743,749,755,756,758
OZ122,543,558,576,579,580,589,592,609,610,627,631,636,647,653,659,683,723,729,730,734,740,749,756,763
OZ123,540,552,554,568,577,605,624,626,635,693,737,741
OZ124,528,537,558,568,575,589,592,610,614,622,623,624,625,628,631,640,645,653,659,670,672,678,680,689,691,696,698,704,716,730,733,734,738,740,741,763
OZ125,537,558,576,580,589,592,610,622,623,631,645,653,659,689,730,734,740,763
OZ126,534,554,568,575,576,580,605,624,670,672,692,741
OZ127,558,610,631,659,734,740
OZ128,552,635,693,737
OZ129,575,576,580,592,607,610,647,653,659,670,672,728,734,740,743,758
