X0,0,2,3,13,18,25
X1,1,41,51,81,87,94
X2,0,9,33,50,63,66
X3,3,7,19,20,34,67
X4,4,32,43,61,71,74
X5,5,15,20,36,64,72
X6,6,16,21,48,54,65
X7,2,41,42,75,76,85
X8,8,25,26,49,56,93
X9,9,12,58,59,86,91
X10,10,27,35,51,62,64
X11,11,28,46,47,65,82
X12,1,5,12,17,18,52
X13,13,37,40,78,88,91
X14,14,28,30,57,59,68
X15,15,23,24,55,83,92
X16,16,31,34,42,49,89
X17,17,26,32,38,39,95
X18,4,14,19,53,63,77
X19,6,44,55,61,67,88
X20,22,38,45,77,79,81
X21,7,22,27,37,57,60
X22,21,23,35,66,68,85
X23,8,33,54,62,79,80
X24,10,56,73,78,83,90
X25,11,31,60,70,90,95
X26,29,47,58,69,73,94
X27,30,52,70,71,75,92
X28,36,53,82,84,87,89
X29,39,44,46,72,80,86
X30,40,45,48,69,74,76
OX0,32,34,37,38,45,47,50,51,52,53,56,58,59,60,61,62,66,67,69,70,72,74,75,77,78,79,81,82,83,85,87,89,90,92,93,94
OX1,31,34,42,44,48,49,52,54,57,59,61,65,67,68,83,88,89,92
OX2,34,37,38,43,44,45,47,50,51,52,53,56,58,59,60,61,62,66,67,69,72,77,78,79,81,82,85,87,88,89,90,92,93,94
OX3,33,37,38,43,45,46,49,54,56,62,70,72,74,75,77,78,81,83,86,91,93,95
OX4,35,41,43,47,48,49,50,51,53,54,56,58,62,65,66,68,69,72,78,82,83,85,87,90,93,94
OX5,18,20,26,43,64,70,74,75,80,83,86,88
OX6,37,42,43,45,49,50,51,53,54,56,57,58,62,65,66,68,69,70,72,78,82,83,85,87,93,94
OX7,43,53,70,72,74,75,80,82,83,86,87,88,89,93
OX8,38,41,42,46,49,50,53,54,56,57,58,62,65,66,68,69,73,74,75,77,78,79,80,81,82,83,85,86,87,89,90,91,94,95
OX9,42,50,51,53,57,58,65,66,68,69,72,74,75,80,82,85,86,87,91,94
OX10,41,51,53,56,62,72,73,78,82,83,87,90
OX11,47,48,49,50,51,53,54,57,58,65,66,68,69,70,72,74,75,80,82,85,86,87,89,90,91,94
OX12,48,50,51,53,56,57,58,62,65,66,68,72,77,78,79,82,85,88,91,94
OX13,49,50,51,54,58,66,77,79,85,87,89,94
OX14,52,56,59,62,78,80,83,86,91,92
OX15,50,51,56,58,62,66,78,80,85,86,88,94
OX16,56,57,62,65,68,69,70,74,75,78,80,83,86,91
OX17,57,65,68,69,70,74,75,83,88,91
Z0,0,2,66,85
Z1,1,12,58,94
Z2,0,3,19,63
Z3,2,13,40,76
Z4,4,19,61,67
Z5,5,15,52,92
Z6,6,16,34,67
Z7,7,31,34,60
Z8,8,10,56,62
Z9,9,29,50,58
Z10,10,51,73,94
Z11,11,47,73,90
Z12,1,17,38,81
Z13,13,25,56,78
Z14,14,28,53,82
Z15,15,24,36,84
Z16,6,21,23,55
Z17,17,18,25,26
Z18,12,30,52,59
Z19,4,14,30,71
Z20,7,20,27,64
Z21,21,28,65,68
Z22,22,38,60,95
Z23,23,24,50,66
Z24,3,5,18,20
Z25,26,32,43,93
Z26,27,35,57,68
Z27,29,43,69,74
Z28,31,42,70,75
Z29,32,39,44,61
Z30,33,63,77,79
Z31,35,41,51,85
Z32,36,46,72,82
Z33,22,37,40,45
Z34,37,57,59,91
Z35,11,39,46,95
Z36,41,42,87,89
Z37,9,33,80,86
Z38,44,86,88,91
Z39,45,48,54,79
Z40,47,48,65,69
Z41,49,84,89,93
Z42,53,77,81,87
Z43,55,78,83,88
Z44,62,64,72,80
Z45,70,83,90,92
Z46,71,74,75,76
OZ0,46,50,54,56,57,59,60,61,65,66,73,74,76,78,79,81,85,86,88,90,93,94
OZ1,30,34,42,48,59,65,67,69,73,75,78,79,80,81,82,86,87,88
OZ2,28,34,40,42,48,50,56,58,59,65,66,67,73,85,88,93
OZ3,40,51,63,64,66,72,73,76,77,78,79,80,85,94
OZ4,34,42,48,50,51,56,58,61,63,64,65,67,72,74,75,77,81,82,83,86,87,92,93,94
OZ5,42,51,54,56,57,59,60,61,64,65,72,73,74,76,78,79,81,82,84,86,87,88,89,90,93,94
OZ6,48,51,57,59,60,64,65,69,72,78,79,80,81,82,87,90,91,94
OZ7,51,54,57,58,59,60,63,64,65,66,69,72,76,77,78,79,82,85,86,87,90,91
OZ8,56,61,69,73,74,79,80,81,84,86,87,88,91,93
OZ9,54,58,65,69,73,75,76,80,82,83,86,87,92,94
OZ10,50,59,61,66,68,69,73,74,78,79,80,81,84,86,87,88
OZ11,57,58,60,63,66,68,73,77,79,80,86,90
OZ12,58,59,61,68,69,74,75,78,83,85,88,92
OZ13,59,61,68,69,74,75,78,79,80,81,83,85,86,88,92,94
OZ14,63,66,73,75,77,81,83,85,92,94
OZ15,61,74,75,76,78,83,88,92
OZ16,69,75,76,78,79,80,81,83,86,91,92,94
OZ17,73,78,79,80,81,86,91,94
