X0,0,1,2,5,8,75,76,77,80,83
X1,0,25,50,75,100,131
X2,1,26,51,76,101,138
X3,3,6,9,13,17,78,81,84,88,92
X4,4,7,10,14,18,79,82,85,89,93
X5,2,27,52,77,102,128
X6,3,25,56,81,103,131
X7,4,29,54,79,104,126
X8,5,30,55,80,105,142
X9,6,26,63,88,106,138
X10,7,32,57,82,107,130
X11,11,15,19,21,23,86,90,94,96,98
X12,12,16,20,22,24,87,91,95,97,99
X13,9,27,53,78,109,128
X14,10,35,60,85,110,125
X15,11,28,65,90,111,140
X16,12,36,66,91,112,141
X17,13,30,67,92,113,142
X18,14,39,64,89,114,133
X19,15,31,71,96,115,146
X20,16,40,72,97,116,147
X21,19,34,61,86,119,136
X22,20,44,62,87,120,137
X23,21,38,73,98,121,148
X24,22,46,74,99,122,149
X25,25,28,29,36,37,100,103,104,111,112
X26,26,31,32,40,41,101,106,107,115,116
X27,27,34,35,44,45,102,109,110,119,120
X28,0,29,51,76,100,126
X29,3,28,53,78,103,140
X30,30,38,39,46,47,105,113,114,121,122
X31,1,32,55,80,101,130
X32,6,31,56,81,106,146
X33,33,42,43,48,49,108,117,118,123,124
X34,2,35,50,75,102,125
X35,8,33,58,83,108,134
X36,4,37,57,82,104,132
X37,9,34,59,84,109,136
X38,5,39,58,83,105,133
X39,11,36,61,86,111,141
X40,7,41,64,89,107,139
X41,13,38,63,88,113,148
X42,8,43,52,77,108,127
X43,15,40,65,90,115,147
X44,10,45,54,79,110,129
X45,17,42,67,92,117,144
X46,14,47,68,93,114,143
X47,19,44,69,94,119,137
X48,18,49,60,85,118,135
X49,21,46,71,96,121,149
X50,50,56,60,71,74,125,131,135,146,149
X51,51,54,63,70,73,126,129,138,145,148
X52,52,53,65,68,72,127,128,140,143,147
X53,12,37,62,87,112,132
X54,16,41,66,91,116,139
X55,55,57,62,67,69,130,132,137,142,144
X56,17,33,59,84,117,134
X57,22,47,72,97,122,143
X58,58,59,61,64,66,133,134,136,139,141
X59,18,43,68,93,118,127
X60,23,48,73,98,123,145
X61,23,42,69,94,123,144
X62,20,45,70,95,120,129
OX0,66,67,73,75,76,78,79,81,84,86,87,88,93,94,95,105,109,110,111,112,114,115,116,117,118,119,120,123,124,125,126,131,133,135,138,140,142,146,147,148
OX1,65,68,69,71,73,74,75,76,79,81,82,85,89,90,91,92,96,97,100,101,102,103,104,105,109,110,111,115,118,119,121,124,128,130,133,136,139,140,141,142,143,144,145,146,147,149
OX2,63,70,71,72,81,85,90,92,93,94,95,96,98,99,100,101,104,107,110,111,112,113,115,116,118,120,121,124,126,129,130,131,132,137,138,139,141,143,144,145,146,149
OX3,60,69,70,71,79,87,88,92,93,95,96,97,98,99,100,102,103,106,109,111,112,113,115,118,119,120,121,124,125,126,128,129,131,136,140,141,143,144,145,146,147,149
OX4,68,73,74,75,79,80,81,84,85,87,90,91,95,96,97,101,102,104,105,106,109,110,111,114,115,116,117,118,120,121,122,123,124,128,131,132,133,138,141,144
OX5,67,73,74,76,77,79,81,86,87,88,89,90,94,95,96,101,102,103,106,107,108,110,112,113,114,115,117,119,120,121,122,123,124,125,126,130,134,140,141,143
OX6,70,75,78,82,83,86,92,93,96,101,103,105,106,108,109,110,112,122,123,125,127,129,130,131,132,136,138,141,142,143,144,145,146,149
OX7,69,71,75,76,79,82,88,92,95,99,100,101,104,105,106,108,110,114,117,118,120,121,122,123,125,127,130,133,134,135,137,142,143,145,146,148
OX8,72,76,81,82,83,85,86,92,98,100,101,102,109,112,113,114,115,117,124,125,128,130,131,132,133,134,135,136,141,143,145,146,147,148
OX9,71,76,78,82,83,91,92,93,95,102,104,105,106,107,108,110,111,122,123,125,126,127,128,129,138,139,140,141,142,143,144,145,146,149
OX10,74,77,79,80,84,88,89,90,94,100,101,103,105,109,116,117,118,120,121,126,127,128,129,131,133,135,137,138,139,140,144,147,148,149
OX11,73,77,80,81,84,85,87,89,97,100,102,104,107,108,113,114,115,119,124,125,126,130,131,132,134,135,136,137,142,143,145,146,147,148
OX12,78,79,86,87,89,92,97,98,101,104,106,107,108,109,111,113,114,115,117,118,120,124,127,129,130,132,134,135,136,138,140,143,145,146,147,148
OX13,81,82,84,90,91,93,94,99,102,103,105,107,109,110,112,113,114,115,117,118,120,121,125,128,129,132,133,135,137,139,140,142,144,146,148,149
OX14,82,84,85,88,91,94,95,96,100,103,104,105,106,107,110,111,113,114,117,119,122,124,126,129,131,133,135,136,139,140,141,142,143,144,146,149
OX15,75,79,80,86,87,89,98,99,100,101,105,106,108,110,112,115,116,117,118,119,121,123,125,126,127,133,134,135,137,138,139,141,144,146,147,149
OX16,80,83,86,87,96,99,100,101,102,103,104,106,108,109,110,111,113,114,118,120,121,122,125,126,127,128,129,131,132,133,135,136,138,140,142,143,146,148
OX17,79,85,87,88,92,95,96,98,100,101,103,107,110,111,112,113,115,116,120,121,123,124,126,130,131,135,138,139,140,141,144,147
OX18,76,83,84,85,88,90,93,96,100,101,102,103,106,107,108,109,114,116,117,121,123,124,125,127,128,130,131,133,135,139,140,144,145,146,147,148
OX19,77,83,90,91,95,98,100,101,102,103,104,105,106,107,110,112,113,115,117,118,123,124,125,126,127,129,130,131,132,134,135,138,139,140,142,144,146,148
OX20,85,93,95,96,97,98,101,102,105,106,107,108,109,113,114,116,117,119,120,122,123,124,125,127,128,130,133,134,135,136,137,138,139,142,144,146,148,149
OX21,84,86,87,88,94,96,98,99,100,101,103,104,107,111,115,116,117,124,126,130,131,132,136,137,138,139,140,144,145,147,148,149
OX22,89,90,91,93,96,99,100,101,103,104,105,106,107,108,112,113,116,117,121,122,123,124,126,127,130,131,132,133,134,138,140,142,143,144,145,146,147,148
OX23,88,92,94,95,96,99,101,102,105,107,108,109,110,114,115,116,117,118,119,121,122,123,125,127,128,129,130,133,134,135,136,138,139,142,143,145,147,148
Z0,0,1,2,5,8,75,76,77,80,83
Z1,0,25,50,75,100,131
Z2,1,26,51,76,101,138
Z3,3,6,9,13,17,78,81,84,88,92
Z4,4,7,10,14,18,79,82,85,89,93
Z5,2,27,52,77,102,128
Z6,3,25,56,81,103,131
Z7,4,29,54,79,104,126
Z8,5,30,55,80,105,142
Z9,6,26,63,88,106,138
Z10,7,32,57,82,107,130
Z11,11,15,19,21,23,86,90,94,96,98
Z12,12,16,20,22,24,87,91,95,97,99
Z13,9,27,53,78,109,128
Z14,10,35,60,85,110,125
Z15,11,28,65,90,111,140
Z16,12,36,66,91,112,141
Z17,13,30,67,92,113,142
Z18,14,39,64,89,114,133
Z19,15,31,71,96,115,146
Z20,16,40,72,97,116,147
Z21,19,34,61,86,119,136
Z22,20,44,62,87,120,137
Z23,21,38,73,98,121,148
Z24,22,46,74,99,122,149
Z25,25,28,29,36,37,100,103,104,111,112
Z26,26,31,32,40,41,101,106,107,115,116
Z27,27,34,35,44,45,102,109,110,119,120
Z28,0,29,51,76,100,126
Z29,3,28,53,78,103,140
Z30,30,38,39,46,47,105,113,114,121,122
Z31,1,32,55,80,101,130
Z32,6,31,56,81,106,146
Z33,33,42,43,48,49,108,117,118,123,124
Z34,2,35,50,75,102,125
Z35,8,33,58,83,108,134
Z36,4,37,57,82,104,132
Z37,9,34,59,84,109,136
Z38,5,39,58,83,105,133
Z39,11,36,61,86,111,141
Z40,7,41,64,89,107,139
Z41,13,38,63,88,113,148
Z42,8,43,52,77,108,127
Z43,15,40,65,90,115,147
Z44,10,45,54,79,110,129
Z45,17,42,67,92,117,144
Z46,14,47,68,93,114,143
Z47,19,44,69,94,119,137
Z48,18,49,60,85,118,135
Z49,21,46,71,96,121,149
Z50,50,56,60,71,74,125,131,135,146,149
Z51,51,54,63,70,73,126,129,138,145,148
Z52,52,53,65,68,72,127,128,140,143,147
Z53,12,37,62,87,112,132
Z54,16,41,66,91,116,139
Z55,55,57,62,67,69,130,132,137,142,144
Z56,17,33,59,84,117,134
Z57,22,47,72,97,122,143
Z58,58,59,61,64,66,133,134,136,139,141
Z59,18,43,68,93,118,127
Z60,23,48,73,98,123,145
Z61,23,42,69,94,123,144
Z62,20,45,70,95,120,129
OZ0,66,67,73,75,76,78,79,81,84,86,87,88,93,94,95,105,109,110,111,112,114,115,116,117,118,119,120,123,124,125,126,131,133,135,138,140,142,146,147,148
OZ1,65,68,69,71,73,74,75,76,79,81,82,85,89,90,91,92,96,97,100,101,102,103,104,105,109,110,111,115,118,119,121,124,128,130,133,136,139,140,141,142,143,144,145,146,147,149
OZ2,63,70,71,72,81,85,90,92,93,94,95,96,98,99,100,101,104,107,110,111,112,113,115,116,118,120,121,124,126,129,130,131,132,137,138,139,141,143,144,145,146,149
OZ3,60,69,70,71,79,87,88,92,93,95,96,97,98,99,100,102,103,106,109,111,112,113,115,118,119,120,121,124,125,126,128,129,131,136,140,141,143,144,145,146,147,149
OZ4,68,73,74,75,79,80,81,84,85,87,90,91,95,96,97,101,102,104,105,106,109,110,111,114,115,116,117,118,120,121,122,123,124,128,131,132,133,138,141,144
OZ5,67,73,74,76,77,79,81,86,87,88,89,90,94,95,96,101,102,103,106,107,108,110,112,113,114,115,117,119,120,121,122,123,124,125,126,130,134,140,141,143
OZ6,70,75,78,82,83,86,92,93,96,101,103,105,106,108,109,110,112,122,123,125,127,129,130,131,132,136,138,141,142,143,144,145,146,149
OZ7,69,71,75,76,79,82,88,92,95,99,100,101,104,105,106,108,110,114,117,118,120,121,122,123,125,127,130,133,134,135,137,142,143,145,146,148
OZ8,72,76,81,82,83,85,86,92,98,100,101,102,109,112,113,114,115,117,124,125,128,130,131,132,133,134,135,136,141,143,145,146,147,148
OZ9,71,76,78,82,83,91,92,93,95,102,104,105,106,107,108,110,111,122,123,125,126,127,128,129,138,139,140,141,142,143,144,145,146,149
OZ10,74,77,79,80,84,88,89,90,94,100,101,103,105,109,116,117,118,120,121,126,127,128,129,131,133,135,137,138,139,140,144,147,148,149
OZ11,73,77,80,81,84,85,87,89,97,100,102,104,107,108,113,114,115,119,124,125,126,130,131,132,134,135,136,137,142,143,145,146,147,148
OZ12,78,79,86,87,89,92,97,98,101,104,106,107,108,109,111,113,114,115,117,118,120,124,127,129,130,132,134,135,136,138,140,143,145,146,147,148
OZ13,81,82,84,90,91,93,94,99,102,103,105,107,109,110,112,113,114,115,117,118,120,121,125,128,129,132,133,135,137,139,140,142,144,146,148,149
OZ14,82,84,85,88,91,94,95,96,100,103,104,105,106,107,110,111,113,114,117,119,122,124,126,129,131,133,135,136,139,140,141,142,143,144,146,149
OZ15,75,79,80,86,87,89,98,99,100,101,105,106,108,110,112,115,116,117,118,119,121,123,125,126,127,133,134,135,137,138,139,141,144,146,147,149
OZ16,80,83,86,87,96,99,100,101,102,103,104,106,108,109,110,111,113,114,118,120,121,122,125,126,127,128,129,131,132,133,135,136,138,140,142,143,146,148
OZ17,79,85,87,88,92,95,96,98,100,101,103,107,110,111,112,113,115,116,120,121,123,124,126,130,131,135,138,139,140,141,144,147
OZ18,76,83,84,85,88,90,93,96,100,101,102,103,106,107,108,109,114,116,117,121,123,124,125,127,128,130,131,133,135,139,140,144,145,146,147,148
OZ19,77,83,90,91,95,98,100,101,102,103,104,105,106,107,110,112,113,115,117,118,123,124,125,126,127,129,130,131,132,134,135,138,139,140,142,144,146,148
OZ20,85,93,95,96,97,98,101,102,105,106,107,108,109,113,114,116,117,119,120,122,123,124,125,127,128,130,133,134,135,136,137,138,139,142,144,146,148,149
OZ21,84,86,87,88,94,96,98,99,100,101,103,104,107,111,115,116,117,124,126,130,131,132,136,137,138,139,140,144,145,147,148,149
OZ22,89,90,91,93,96,99,100,101,103,104,105,106,107,108,112,113,116,117,121,122,123,124,126,127,130,131,132,133,134,138,140,142,143,144,145,146,147,148
OZ23,88,92,94,95,96,99,101,102,105,107,108,109,110,114,115,116,117,118,119,121,122,123,125,127,128,129,130,133,134,135,136,138,139,142,143,145,147,148
