X0,0,77,89,92,104,153,158
X1,1,51,56,65,69,112,142
X2,2,32,39,78,86,99,100
X3,3,33,48,118,121,141,164
X4,4,34,40,85,136,137,138
X5,5,32,48,83,126,136,150
X6,6,18,23,45,66,109,135
X7,7,46,97,119,124,130,145
X8,8,15,21,122,128,129,156
X9,9,24,54,102,120,146,165
X10,10,12,41,90,108,131,147
X11,11,28,37,42,80,101,144
X12,12,63,96,129,135,142,159
X13,13,30,91,94,105,114,163
X14,14,15,86,107,151,155,157
X15,14,22,25,47,67,68,75
X16,16,54,77,80,116,132,152
X17,17,50,52,55,64,113,117
X18,9,11,18,62,105,119,128
X19,19,63,79,81,115,132,157
X20,20,61,62,84,95,106,155
X21,21,22,31,89,154,163,167
X22,23,29,91,113,139,153,164
X23,6,17,34,38,93,101,108
X24,25,50,81,103,123,147,160
X25,5,26,57,74,111,143,154
X26,27,43,49,58,60,70,123
X27,28,36,58,112,124,138,166
X28,29,53,73,88,116,134,160
X29,30,41,47,51,106,137,141
X30,31,83,87,125,152,159,166
X31,3,26,73,95,127,144,149
X32,8,10,27,33,37,92,100
X33,35,71,96,126,139,148,162
X34,36,72,103,110,127,133,167
X35,2,20,35,56,60,134,165
X36,38,44,59,98,107,140,149
X37,1,39,42,55,57,79,94
X38,7,40,64,67,99,104,120
X39,43,66,75,87,102,118,140
X40,4,13,19,24,59,71,133
X41,45,49,84,85,111,115,158
X42,0,46,61,72,76,90,148
X43,52,69,82,110,121,122,146
X44,53,78,98,114,125,130,131
X45,16,76,82,93,150,151,161
X46,65,68,88,97,109,143,161
OX0,34,51,56,61,63,64,67,68,71,76,77,85,88,89,90,92,99,103,109,110,112,119,120,124,127,130,133,136,137,138,142,143,145,148,153,158,161,167
OX1,47,50,56,58,59,61,63,64,68,70,71,74,76,77,79,80,82,85,87,88,90,92,93,98,99,101,102,107,108,109,115,116,117,118,119,120,121,122,123,124,127,130,133,136,137,138,143,146,147,148,149,152,153,154,156,157,158,160,161,162,163
OX2,57,61,62,70,71,73,74,78,80,81,84,87,88,92,96,97,99,106,107,109,111,115,116,118,121,122,125,127,128,129,134,136,139,141,144,148,149,150,151,154,156,159,161,162,164,165,166
OX3,41,49,51,55,56,59,62,64,66,67,68,69,76,77,78,80,81,82,84,85,87,89,93,97,98,103,106,112,115,116,117,118,119,120,123,124,125,128,130,131,133,134,135,137,138,139,140,141,146,147,150,151,153,158,164,165,166,167
OX4,51,56,68,76,77,79,80,81,82,88,93,97,109,110,112,115,116,121,122,142,143,146,150,151,152,157
OX5,42,56,60,70,78,81,86,87,89,92,94,95,97,100,103,107,109,111,116,118,121,122,123,125,127,128,129,134,141,144,147,149,151,152,155,156,157,159,161,163,164,166,167
OX6,55,69,74,76,77,80,81,82,86,93,110,115,116,121,122,126,136,146,151,152,157,161
OX7,59,61,63,64,67,70,71,73,74,75,76,77,78,79,80,82,83,85,88,90,92,93,97,98,99,101,102,107,108,115,117,118,119,120,121,122,123,124,127,130,133,134,136,137,138,146,147,148,149,152,153,154,156,157,158,162,163
OX8,56,58,61,62,70,71,81,83,84,86,88,89,92,96,97,99,103,106,107,109,116,118,121,122,123,125,126,127,128,129,139,141,143,144,147,148,149,151,152,154,156,157,159,161,162,163,164,165,166,167
OX9,58,60,71,73,78,81,83,87,88,92,96,103,104,116,123,126,134,139,147,153,154,158,162,163,167
OX10,49,50,60,62,63,66,67,70,76,77,78,79,80,82,83,86,87,88,89,90,91,92,93,95,96,97,98,99,101,102,103,106,107,108,109,110,112,114,115,116,127,128,130,134,135,137,140,143,146,149,150,154,155,156,160,163,164,165,166,167
OX11,50,63,64,71,73,75,76,77,78,79,80,81,82,84,85,88,90,91,93,95,97,98,99,103,104,114,115,119,120,121,122,124,125,127,131,133,134,136,138,141,145,146,152,155,157,160,167
OX12,71,74,75,76,77,80,81,82,84,85,86,90,93,95,96,97,99,103,104,115,116,117,119,120,121,122,124,126,127,130,133,138,139,141,145,146,150,152,153,155,157,164,167
OX13,62,72,75,80,84,85,86,87,90,94,97,103,105,115,118,119,120,121,122,123,124,127,128,129,131,133,138,144,147,149,151,154,155,157,158,159,161,165,166,167
OX14,63,64,67,70,72,75,76,77,78,79,81,82,88,89,93,94,96,97,101,105,106,107,108,109,116,121,122,123,125,126,127,130,131,134,136,137,139,141,143,144,145,146,147,153,154,155,156,157,162,164
OX15,70,72,73,74,76,77,78,81,82,83,88,89,91,93,94,98,101,105,106,107,108,114,116,117,118,121,122,123,127,134,137,141,145,146,147,149,150,151,154,156,161,162
OX16,61,72,92,103,104,148,153,154,158,163,167
OX17,72,73,78,80,84,85,86,87,88,90,91,94,97,98,101,103,105,106,108,114,115,118,119,121,122,123,124,125,127,128,129,130,133,134,137,138,141,147,149,151,154,155,157,158,159,161,166,167
OX18,83,86,91,94,97,98,101,105,106,108,109,111,114,118,125,130,131,137,141,149,151,154,155,157,161
OX19,73,75,80,81,86,87,90,95,97,99,103,104,111,115,116,118,119,120,121,122,124,127,128,129,131,133,138,143,144,149,151,157,158,159,161,166,167
OX20,84,86,94,97,105,106,109,111,151,154,157,161
OX21,60,64,67,75,76,77,80,81,86,87,89,90,92,94,97,101,104,105,106,108,109,110,111,112,116,118,121,122,123,126,128,130,135,136,137,139,145,147,149,150,153,154,155,157,158,162,166
OX22,76,77,78,80,82,85,86,87,88,89,90,91,93,97,98,101,108,111,114,115,118,119,123,124,125,128,129,130,133,134,137,138,141,143,144,146,147,150,154,157,158,159,163,166
OX23,78,80,82,85,86,87,88,90,91,93,98,101,108,109,114,115,118,119,123,124,125,128,129,130,133,134,137,138,141,143,144,146,147,150,154,157,158,159,163,166
OX24,64,67,74,85,86,87,89,95,99,101,103,104,108,109,111,115,117,118,119,120,121,122,123,124,126,127,128,133,135,136,137,138,139,141,147,149,150,152,153,157,164,166,167
OX25,75,82,86,90,93,94,95,99,101,104,105,106,108,115,120,121,122,123,127,129,131,135,137,139,141,146,147,149,150,153,154,157,158,159,164
OX26,82,86,93,95,121,122,127,146,150,155,157
OX27,80,81,85,87,95,101,103,108,109,111,116,118,119,121,122,123,124,127,128,133,135,137,138,139,141,147,149,153,158,164,166,167
OX28,81,85,94,105,106,115,116,144,149,154,155,158
OX29,85,94,105,106,154,158
OX30,86,90,95,97,103,109,111,121,122,127,128,129,131,151,154,155,157,159,161,163,167
OX31,90,92,94,101,104,105,106,108,115,123,129,131,135,137,139,147,149,153,154,155,158,159
OX32,92,94,95,101,104,105,106,108,121,122,127,128,135,137,139,149,153,154,158
OX33,74,87,89,94,97,101,103,105,106,108,115,117,118,119,123,124,126,129,130,131,133,135,136,137,138,139,141,145,147,149,150,151,152,153,154,155,159,161,164,166,167
OX34,91,98,114,129,130,131,135,139,153,159,164
OX35,87,89,95,103,115,118,121,122,123,127,128,135,139,141,147,152,153,154,155,163,164,166,167
OX36,94,101,103,105,106,108,115,123,137,147,149,155,163,167
OX37,109,111,119,124,133,138,154,163
Z0,0,16,76,77
Z1,1,52,55,69
Z2,2,99,120,165
Z3,3,110,121,127
Z4,4,71,126,136
Z5,3,5,26,48
Z6,6,38,66,140
Z7,7,40,124,138
Z8,8,33,121,122
Z9,9,122,128,146
Z10,10,27,123,147
Z11,11,28,119,124
Z12,12,125,131,159
Z13,13,59,98,114
Z14,14,68,151,161
Z15,14,15,21,22
Z16,0,139,148,153
Z17,17,52,82,93
Z18,18,128,129,135
Z19,19,63,71,96
Z20,20,35,61,148
Z21,21,31,129,159
Z22,15,44,107,156
Z23,23,96,135,139
Z24,19,24,54,132
Z25,25,50,64,67
Z26,5,74,126,162
Z27,8,27,70,156
Z28,11,42,94,105
Z29,29,50,113,160
Z30,30,62,105,106
Z31,31,77,89,152
Z32,32,86,150,151
Z33,33,92,153,164
Z34,34,93,136,150
Z35,9,20,62,165
Z36,36,69,110,112
Z37,37,39,42,100
Z38,6,17,23,113
Z39,39,79,86,157
Z40,40,85,104,158
Z41,34,41,108,137
Z42,28,80,152,166
Z43,43,58,87,166
Z44,44,98,130,145
Z45,45,109,111,143
Z46,46,76,97,161
Z47,47,75,118,141
Z48,26,73,88,143
Z49,43,45,49,66
Z50,29,53,91,114
Z51,12,41,51,142
Z52,1,63,79,142
Z53,2,53,78,134
Z54,16,54,82,146
Z55,55,57,74,117
Z56,56,58,60,112
Z57,57,94,154,163
Z58,49,81,115,123
Z59,24,59,102,140
Z60,35,60,70,162
Z61,61,72,95,127
Z62,30,91,141,164
Z63,38,101,144,149
Z64,22,25,103,167
Z65,56,65,88,134
Z66,47,51,65,68
Z67,67,75,102,120
Z68,7,64,117,145
Z69,4,36,133,138
Z70,10,37,101,108
Z71,72,90,103,147
Z72,73,80,116,144
Z73,48,83,87,118
Z74,46,90,130,131
Z75,32,78,83,125
Z76,81,116,132,160
Z77,84,85,106,137
Z78,84,115,155,157
Z79,89,111,154,158
Z80,92,99,100,104
Z81,95,107,149,155
Z82,18,97,109,119
OZ0,71,77,79,80,83,87,88,90,94,109,112,113,116,117,118,119,121,122,126,127,128,130,131,132,133,135,136,138,142,143,144,148,150,153,154,161,162,163
OZ1,80,91,93,98,101,102,114,119,122,124,128,136,137,140,141,146,150,152,164,166
OZ2,83,86,87,99,104,118,150,151,153,164
OZ3,77,79,86,87,94,98,99,103,104,105,106,111,113,115,117,121,124,125,128,129,134,137,138,140,145,146,152,154,155,159,160,164,165,167
OZ4,91,93,98,102,108,109,111,114,115,116,122,129,132,135,136,137,140,141,143,146,147,150,160,164
OZ5,93,96,102,104,106,108,109,111,113,116,117,118,120,124,132,135,136,138,139,141,143,145,147,150,155,157,158,160
OZ6,82,86,88,96,98,99,101,102,104,105,108,112,113,114,116,117,119,121,122,124,125,126,127,129,131,136,138,139,140,142,143,144,146,151,152,153,154,159,162,164,166,167
OZ7,86,88,96,99,101,104,105,108,109,110,111,113,115,117,119,121,124,126,127,132,135,139,144,147,150,151,152,153,154,160,162,163,164,166
OZ8,88,98,104,107,120,121,122,130,134,145,151,153,156,161,164,165
OZ9,79,94,96,105,113,117,126,128,129,139,150,151,157,162
OZ10,90,96,98,103,105,107,109,111,112,113,114,116,117,118,119,121,122,125,127,131,132,135,137,138,139,140,141,142,143,145,148,149,153,156,157,158,159,160,162,164
OZ11,87,102,119,122,124,128,146,166
OZ12,109,111,112,115,116,119,124,125,128,129,131,132,135,142,143,147,159,160
OZ13,103,106,110,114,116,119,128,131,134,137,138,143,145,146,147,151,152,154,155,156,161,163,165,166
OZ14,98,101,105,107,108,110,112,116,125,127,128,130,131,134,142,143,144,145,146,151,152,154,156,159,161,163,165,166
OZ15,101,104,106,108,113,115,117,118,120,122,124,125,126,129,131,136,138,139,140,141,144,145,146,149,155,157,158,159
OZ16,112,113,117,119,126,128,129,136,138,139,142,145
OZ17,102,105,106,107,110,115,116,118,119,121,124,127,134,141,143,149,151,152,153,154,155,157,158,161,163,164,165,166
OZ18,96,104,113,117,120,121,124,126,129,136,138,139,145,146,153,156,162,164
OZ19,104,106,110,116,120,121,134,137,138,143,151,152,153,154,155,161,164,165,166,167
OZ20,106,113,117,118,121,122,124,125,127,130,140,141,143,149,151,154,155,156,161,164,166,167
OZ21,124,126,136,138,145,162
OZ22,113,115,117,118,125,127,130,137,138,140,141,143,145,149,151,153,154,157,158,161,166,167
OZ23,110,111,114,116,118,122,126,127,129,131,132,137,138,139,140,141,147,149,150,151,153,154,157,158,159,160,163,166
OZ24,111,114,119,122,126,128,129,131,132,134,139,145,146,147,150,151,152,153,154,156,157,158,159,160,163,165
OZ25,115,118,121,122,126,127,132,137,138,140,141,143,149,150,152,153,154,156,158,161,162,164,166,167
OZ26,116,119,122,126,128,134,136,138,145,146,152,162,165,166
OZ27,114,118,119,126,127,128,130,136,137,140,141,149,156,162,163,167
OZ28,105,107,118,119,121,122,126,129,136,138,140,143,145,151,154,159,161,162,163,166
OZ29,107,118,119,121,126,128,129,130,131,134,137,138,139,140,141,146,147,150,151,159,160,164,165,166
OZ30,118,121,126,127,129,130,131,134,137,138,139,140,141,143,145,146,147,149,150,154,156,159,160,161,164,165,166,167
OZ31,119,122,126,128,130,131,132,134,137,138,139,141,146,147,150,151,152,157,160,164,165,166
OZ32,126,129,132,150,151,152,156,157,159,162
OZ33,121,129,130,131,132,134,136,137,141,145,146,147,150,151,152,156,157,159,160,165
OZ34,125,129,130,145,156,159
OZ35,122,129,130,131,132,134,136,137,139,141,145,146,147,150,151,152,157,159,160,162,164,165
OZ36,129,132,136,137,139,141,150,151,152,156,157,159,162,164
OZ37,132,136,138,150,151,152,157,166
