X0,0,1,8,9,64,65,72,73
X1,0,16,32,48,64,80,96,120
X2,2,3,10,11,66,67,74,75
X3,2,18,35,51,66,82,99,123
X4,4,5,12,13,70,71,76,77
X5,4,16,46,56,76,88,100,120
X6,6,7,14,15,68,69,78,79
X7,6,18,44,58,79,90,103,123
X8,1,17,33,49,65,81,97,121
X9,8,26,44,63,73,90,108,119
X10,3,19,34,50,67,83,98,122
X11,10,24,47,60,74,89,111,116
X12,5,17,47,57,77,89,101,121
X13,12,26,34,54,71,83,106,119
X14,7,19,45,59,78,91,102,122
X15,14,24,32,52,68,80,104,116
X16,16,17,24,25,80,81,88,89
X17,0,20,40,62,72,92,96,124
X18,18,19,26,27,82,83,90,91
X19,2,22,42,60,74,95,99,127
X20,20,21,28,29,86,87,92,93
X21,22,23,30,31,84,85,94,95
X22,1,21,41,63,73,93,97,125
X23,10,28,38,50,67,87,111,114
X24,3,23,43,61,75,94,98,126
X25,8,30,36,48,64,84,108,112
X26,4,21,38,55,70,87,100,125
X27,6,23,37,52,68,85,103,126
X28,32,33,40,41,96,97,104,105
X29,9,27,45,62,72,91,109,118
X30,34,35,42,43,98,99,106,107
X31,36,37,44,45,102,103,108,109
X32,38,39,46,47,100,101,110,111
X33,11,25,46,61,75,88,110,117
X34,12,31,42,56,76,95,106,113
X35,48,49,56,57,112,113,120,121
X36,50,51,58,59,114,115,122,123
X37,52,53,60,61,116,117,126,127
X38,54,55,62,63,118,119,124,125
X39,9,31,37,49,65,85,109,113
X40,5,20,39,54,71,86,101,124
X41,7,22,36,53,69,84,102,127
X42,13,27,35,55,70,82,107,118
X43,14,29,41,59,78,93,104,115
X44,13,30,43,57,77,94,107,112
X45,11,29,39,51,66,86,110,115
OX0,49,51,53,55,57,59,60,62,65,67,69,70,73,75,76,78,82,83,88,89,92,93,94,95,106,107,108,109,112,113,114,115
OX1,84,85,86,87,92,93,94,95,98,99,102,103,104,105,110,111,112,113,116,117,122,123,124,125
OX2,88,89,90,91,92,93,94,95,98,99,100,101,104,105,108,109,112,113,116,117,122,123,124,125
OX3,44,45,46,47,60,61,62,63,76,77,78,79,97,98,101,102,105,106,108,110,112,115,117,119,121,122,124,127
OX4,60,61,62,63,76,77,78,79,90,91,94,95,98,99,100,101,102,103,104,105,106,107,108,109,112,113,116,117,118,119,122,123,124,125,126,127
OX5,98,99,102,103,106,107,108,109,112,113,118,119,122,123,126,127
OX6,58,59,62,63,74,75,76,77,86,87,92,93,100,101,102,103,104,105,106,107,114,115,116,117,118,119,126,127
OX7,104,105,106,107,108,109,110,111,112,113,114,115,116,117,118,119
OX8,35,37,43,45,46,47,51,55,57,61,67,70,75,77,78,79,90,91,94,95,97,99,100,103,105,106,109,111,115,117,118,119,121,122,123,125
OX9,82,83,86,87,90,91,92,93,114,115,118,119,122,123,124,125
OX10,74,75,78,79,81,83,85,87,89,90,93,95,113,114,117,119,121,122,125,126
OX11,21,23,29,31,37,39,45,46,53,55,57,59,69,71,77,78,81,87,89,90,91,93,94,95,99,100,106,108,109,111,112,113,117,118,121,123
OX12,76,77,78,79,92,93,94,95,100,101,102,103,124,125,126,127
OX13,81,83,85,87,89,91,92,95,97,99,101,103,105,106,109,111,122,123,124,125
OX14,70,71,78,79,86,87,92,93,97,99,101,102,105,107,108,110,112,114,117,119,121,123,124,127
OX15,41,43,45,47,57,59,61,63,65,67,73,75,78,79,85,87,93,95,97,99,106,107,108,111,112,114,118,119,122,123,125,126
OX16,37,39,45,46,53,55,61,62,65,71,73,77,78,79,83,85,91,95,97,100,101,103,105,108,112,113,115,118,122,124,126,127
OX17,65,67,69,71,73,75,77,78,92,93,94,95,106,107,108,109,112,114,117,118,121,122,124,127
OX18,62,63,78,79,90,91,94,95,97,99,101,103,105,106,108,110,112,115,117,119,121,123,124,126
OX19,90,91,94,95,102,103,106,107,118,119,126,127
OX20,86,87,92,93,114,115,124,125
OX21,57,59,61,63,78,79,94,95,97,99,105,107,108,109,112,113,117,118,121,123
OX22,46,47,53,55,61,63,69,71,77,78,94,95,97,100,101,102,105,106,107,108,110,111,112,114,115,117,121,127
OX23,51,53,59,61,67,69,75,79,106,107,108,109,112,113,114,115,118,119,122,123
OX24,106,107,108,109,112,113,118,119
OX25,53,55,61,63,69,71,77,78,92,93,94,95,97,102,105,109,113,117,118,119,121,124,125,127
OX26,45,47,61,63,69,71,77,79,85,87,93,95,97,99,101,102,105,107,110,111,113,115,118,119,121,123,125,126
OX27,92,93,94,95,97,99,101,103,105,107,109,110,113,115,117,118,121,123,124,126
OX28,23,31,39,43,55,59,67,69,71,75,77,79,83,87,91,93,97,99,105,110,113,118,121,123,126,127
OX29,69,71,77,79,85,87,93,95,101,103,108,110,112,113,114,115,117,119,125,127
OX30,29,31,39,43,55,59,61,63,78,79,83,85,91,93,97,101,103,105,107,109,113,117,119,121,122,125
OX31,67,71,75,77,83,87,91,93,99,101,102,103,107,110,115,118,123,125,126,127
OX32,83,85,91,95,99,103,107,108,112,113,118,119,122,123
OX33,39,47,55,63,85,87,93,95,99,101,103,107,108,111,112,113,115,123
OX34,43,47,55,59,71,77,78,79,87,93,97,101,103,105,107,108,110,111,112,115,117,119,121,126
OX35,78,79,85,87,93,94,99,102,107,109,114,118,123,125,126,127
Z0,0,1,8,9,64,65,72,73
Z1,0,16,32,48,64,80,96,120
Z2,2,3,10,11,66,67,74,75
Z3,2,18,35,51,66,82,99,123
Z4,4,5,12,13,70,71,76,77
Z5,4,16,46,56,76,88,100,120
Z6,6,7,14,15,68,69,78,79
Z7,6,18,44,58,79,90,103,123
Z8,1,17,33,49,65,81,97,121
Z9,8,26,44,63,73,90,108,119
Z10,3,19,34,50,67,83,98,122
Z11,10,24,47,60,74,89,111,116
Z12,5,17,47,57,77,89,101,121
Z13,12,26,34,54,71,83,106,119
Z14,7,19,45,59,78,91,102,122
Z15,14,24,32,52,68,80,104,116
Z16,16,17,24,25,80,81,88,89
Z17,0,20,40,62,72,92,96,124
Z18,18,19,26,27,82,83,90,91
Z19,2,22,42,60,74,95,99,127
Z20,20,21,28,29,86,87,92,93
Z21,22,23,30,31,84,85,94,95
Z22,1,21,41,63,73,93,97,125
Z23,10,28,38,50,67,87,111,114
Z24,3,23,43,61,75,94,98,126
Z25,8,30,36,48,64,84,108,112
Z26,4,21,38,55,70,87,100,125
Z27,6,23,37,52,68,85,103,126
Z28,32,33,40,41,96,97,104,105
Z29,9,27,45,62,72,91,109,118
Z30,34,35,42,43,98,99,106,107
Z31,36,37,44,45,102,103,108,109
Z32,38,39,46,47,100,101,110,111
Z33,11,25,46,61,75,88,110,117
Z34,12,31,42,56,76,95,106,113
Z35,48,49,56,57,112,113,120,121
Z36,50,51,58,59,114,115,122,123
Z37,52,53,60,61,116,117,126,127
Z38,54,55,62,63,118,119,124,125
Z39,9,31,37,49,65,85,109,113
Z40,5,20,39,54,71,86,101,124
Z41,7,22,36,53,69,84,102,127
Z42,13,27,35,55,70,82,107,118
Z43,14,29,41,59,78,93,104,115
Z44,13,30,43,57,77,94,107,112
Z45,11,29,39,51,66,86,110,115
OZ0,49,51,53,55,57,59,60,62,65,67,69,70,73,75,76,78,82,83,88,89,92,93,94,95,106,107,108,109,112,113,114,115
OZ1,84,85,86,87,92,93,94,95,98,99,102,103,104,105,110,111,112,113,116,117,122,123,124,125
OZ2,88,89,90,91,92,93,94,95,98,99,100,101,104,105,108,109,112,113,116,117,122,123,124,125
OZ3,44,45,46,47,60,61,62,63,76,77,78,79,97,98,101,102,105,106,108,110,112,115,117,119,121,122,124,127
OZ4,60,61,62,63,76,77,78,79,90,91,94,95,98,99,100,101,102,103,104,105,106,107,108,109,112,113,116,117,118,119,122,123,124,125,126,127
OZ5,98,99,102,103,106,107,108,109,112,113,118,119,122,123,126,127
OZ6,58,59,62,63,74,75,76,77,86,87,92,93,100,101,102,103,104,105,106,107,114,115,116,117,118,119,126,127
OZ7,104,105,106,107,108,109,110,111,112,113,114,115,116,117,118,119
OZ8,35,37,43,45,46,47,51,55,57,61,67,70,75,77,78,79,90,91,94,95,97,99,100,103,105,106,109,111,115,117,118,119,121,122,123,125
OZ9,82,83,86,87,90,91,92,93,114,115,118,119,122,123,124,125
OZ10,74,75,78,79,81,83,85,87,89,90,93,95,113,114,117,119,121,122,125,126
OZ11,21,23,29,31,37,39,45,46,53,55,57,59,69,71,77,78,81,87,89,90,91,93,94,95,99,100,106,108,109,111,112,113,117,118,121,123
OZ12,76,77,78,79,92,93,94,95,100,101,102,103,124,125,126,127
OZ13,81,83,85,87,89,91,92,95,97,99,101,103,105,106,109,111,122,123,124,125
OZ14,70,71,78,79,86,87,92,93,97,99,101,102,105,107,108,110,112,114,117,119,121,123,124,127
OZ15,41,43,45,47,57,59,61,63,65,67,73,75,78,79,85,87,93,95,97,99,106,107,108,111,112,114,118,119,122,123,125,126
OZ16,37,39,45,46,53,55,61,62,65,71,73,77,78,79,83,85,91,95,97,100,101,103,105,108,112,113,115,118,122,124,126,127
OZ17,65,67,69,71,73,75,77,78,92,93,94,95,106,107,108,109,112,114,117,118,121,122,124,127
OZ18,62,63,78,79,90,91,94,95,97,99,101,103,105,106,108,110,112,115,117,119,121,123,124,126
OZ19,90,91,94,95,102,103,106,107,118,119,126,127
OZ20,86,87,92,93,114,115,124,125
OZ21,57,59,61,63,78,79,94,95,97,99,105,107,108,109,112,113,117,118,121,123
OZ22,46,47,53,55,61,63,69,71,77,78,94,95,97,100,101,102,105,106,107,108,110,111,112,114,115,117,121,127
OZ23,51,53,59,61,67,69,75,79,106,107,108,109,112,113,114,115,118,119,122,123
OZ24,106,107,108,109,112,113,118,119
OZ25,53,55,61,63,69,71,77,78,92,93,94,95,97,102,105,109,113,117,118,119,121,124,125,127
OZ26,45,47,61,63,69,71,77,79,85,87,93,95,97,99,101,102,105,107,110,111,113,115,118,119,121,123,125,126
OZ27,92,93,94,95,97,99,101,103,105,107,109,110,113,115,117,118,121,123,124,126
OZ28,23,31,39,43,55,59,67,69,71,75,77,79,83,87,91,93,97,99,105,110,113,118,121,123,126,127
OZ29,69,71,77,79,85,87,93,95,101,103,108,110,112,113,114,115,117,119,125,127
OZ30,29,31,39,43,55,59,61,63,78,79,83,85,91,93,97,101,103,105,107,109,113,117,119,121,122,125
OZ31,67,71,75,77,83,87,91,93,99,101,102,103,107,110,115,118,123,125,126,127
OZ32,83,85,91,95,99,103,107,108,112,113,118,119,122,123
OZ33,39,47,55,63,85,87,93,95,99,101,103,107,108,111,112,113,115,123
OZ34,43,47,55,59,71,77,78,79,87,93,97,101,103,105,107,108,110,111,112,115,117,119,121,126
OZ35,78,79,85,87,93,94,99,102,107,109,114,118,123,125,126,127
