X0,0,2,8,10,64,66,72,74
X1,1,3,9,11,65,67,73,75
X2,0,16,32,48,64,80,96,120
X3,1,17,33,49,65,81,97,121
X4,4,6,12,15,68,71,76,78
X5,5,7,13,14,69,70,77,79
X6,4,16,44,56,76,88,100,120
X7,5,17,45,57,77,89,101,121
X8,2,18,35,51,66,82,99,123
X9,3,19,34,50,67,83,98,122
X10,8,26,44,62,74,88,108,119
X11,9,27,45,63,75,89,109,118
X12,6,18,46,59,78,90,102,123
X13,7,19,47,58,79,91,103,122
X14,13,25,33,53,69,81,105,117
X15,12,24,32,52,68,80,104,116
X16,16,18,24,26,80,82,88,90
X17,17,19,25,27,81,83,89,91
X18,0,20,40,60,72,92,96,124
X19,1,21,41,61,73,93,97,125
X20,20,22,28,31,84,87,92,94
X21,21,23,29,30,85,86,93,95
X22,4,21,38,55,71,86,100,125
X23,2,22,43,62,74,94,99,126
X24,3,23,42,63,75,95,98,127
X25,8,28,36,48,64,84,108,112
X26,9,29,37,49,65,85,109,113
X27,6,23,37,52,68,85,102,127
X28,12,30,42,56,76,95,104,114
X29,32,34,40,42,96,98,104,106
X30,33,35,41,43,97,99,105,107
X31,5,20,39,54,70,87,101,124
X32,36,38,44,47,100,103,108,110
X33,37,39,45,46,101,102,109,111
X34,10,24,46,60,72,90,111,116
X35,11,25,47,61,73,91,110,117
X36,10,31,39,51,66,87,111,115
X37,48,50,56,58,112,114,120,122
X38,49,51,57,59,113,115,121,123
X39,14,27,34,54,70,83,106,118
X40,52,54,60,63,116,118,124,127
X41,53,55,61,62,117,119,125,126
X42,14,28,40,58,79,92,106,112
X43,7,22,36,53,69,84,103,126
X44,13,31,43,57,77,94,105,115
X45,11,30,38,50,67,86,110,114
OX0,80,81,82,83,84,85,86,87,88,89,90,91,92,93,94,95,104,105,106,107,108,109,110,111,120,121,122,123,124,125,126,127
OX1,88,89,90,91,92,93,94,95,98,99,100,101,106,107,110,111,114,115,118,119,122,123,124,125
OX2,92,93,94,95,97,99,101,102,104,106,109,111,113,115,116,118,121,123,124,127
OX3,98,99,102,103,104,105,110,111,114,115,116,117,122,123,126,127
OX4,60,61,62,63,66,67,68,69,74,75,78,79,81,82,84,87,90,91,97,99,102,103,105,107,110,111,112,115,116,117,122,123,124,126
OX5,54,55,57,58,61,62,85,86,89,91,97,99,101,102,104,106,109,111,114,115,116,119,121,123
OX6,84,85,86,87,97,99,101,102,104,106,109,111,112,114,116,118,121,123,125,126
OX7,82,83,86,87,90,91,94,95,97,99,101,102,104,106,108,110,112,115,116,119,121,122,125,127
OX8,81,83,85,86,89,91,93,95,104,105,106,107,108,109,110,111,112,115,116,119,121,122,125,127
OX9,104,105,106,107,108,109,110,111,112,113,114,115,116,117,118,119
OX10,76,77,78,79,97,99,100,103,105,107,108,110,112,114,117,119,121,123,125,126
OX11,42,43,46,47,58,59,62,63,73,75,77,79,89,91,93,95,105,106,108,111,112,115,117,118
OX12,65,66,68,71,74,75,86,87,89,91,93,94,97,99,101,103,110,111,113,115,116,119,126,127
OX13,69,70,73,75,85,86,89,91,101,103,109,110,117,118,125,127
OX14,68,71,73,75,85,86,89,91,97,99,102,103,105,107,110,111,113,115,116,117,121,123,126,127
OX15,41,43,45,46,57,59,61,62,67,71,73,77,78,79,83,87,89,93,94,95,97,101,102,103,107,108,109,111,112,113,114,118,121,125,126,127
OX16,66,67,70,71,74,75,78,79,97,99,101,102,105,107,108,110,112,115,117,118,121,122,125,127
OX17,70,71,73,75,77,78,86,87,89,91,93,94,102,103,105,107,109,110,113,115,117,118,126,127
OX18,57,58,61,62,97,103,105,108,112,117,121,126
OX19,61,62,67,71,73,77,78,79,85,86,89,91,102,103,105,107,108,109,112,117,122,126
OX20,86,87,89,91,93,94,101,103,109,110,113,115,125,126
OX21,59,63,102,109,113,127
OX22,58,62,103,108,112,126
OX23,62,63,99,102,107,109,113,119,123,127
OX24,85,87,93,94,97,99,101,102,113,115,121,123
OX25,51,55,67,71,73,77,78,79,97,107,108,110,112,115,119,121,122,123
OX26,23,29,39,43,45,46,47,55,67,73,89,91,93,95,97,101,102,103,105,107,111,113,114,117,121,122,125,126
OX27,46,47,67,71,75,78,83,87,91,94,97,99,101,102,105,107,110,111,117,118,121,123,125,127
OX28,45,47,67,71,75,78,89,91,93,95,99,103,107,109,113,114,122,123,125,126
OX29,43,47,103,105,117,126
OX30,73,75,77,79,89,91,93,95,105,107,108,110,112,114,117,119
OX31,67,71,75,78,83,87,91,94,97,101,102,103,107,110,115,118,121,125,126,127
OX32,29,31,39,47,55,63,83,87,89,95,97,107,109,110,114,115,118,121,122,125
OX33,35,39,83,87,89,93,94,95,97,102,103,105,107,110,114,117,118,121,122,123,126,127
OX34,39,47,55,63,97,99,101,102,103,105,107,109,113,115,117,121,123,125,126,127
OX35,47,55,83,87,89,93,94,95,99,101,102,107,110,114,115,118,122,123,125,127
Z0,0,2,8,10,64,66,72,74
Z1,1,3,9,11,65,67,73,75
Z2,0,16,32,48,64,80,96,120
Z3,1,17,33,49,65,81,97,121
Z4,4,6,12,15,68,71,76,78
Z5,5,7,13,14,69,70,77,79
Z6,4,16,44,56,76,88,100,120
Z7,5,17,45,57,77,89,101,121
Z8,2,18,35,51,66,82,99,123
Z9,3,19,34,50,67,83,98,122
Z10,8,26,44,62,74,88,108,119
Z11,9,27,45,63,75,89,109,118
Z12,6,18,46,59,78,90,102,123
Z13,7,19,47,58,79,91,103,122
Z14,13,25,33,53,69,81,105,117
Z15,12,24,32,52,68,80,104,116
Z16,16,18,24,26,80,82,88,90
Z17,17,19,25,27,81,83,89,91
Z18,0,20,40,60,72,92,96,124
Z19,1,21,41,61,73,93,97,125
Z20,20,22,28,31,84,87,92,94
Z21,21,23,29,30,85,86,93,95
Z22,4,21,38,55,71,86,100,125
Z23,2,22,43,62,74,94,99,126
Z24,3,23,42,63,75,95,98,127
Z25,8,28,36,48,64,84,108,112
Z26,9,29,37,49,65,85,109,113
Z27,6,23,37,52,68,85,102,127
Z28,12,30,42,56,76,95,104,114
Z29,32,34,40,42,96,98,104,106
Z30,33,35,41,43,97,99,105,107
Z31,5,20,39,54,70,87,101,124
Z32,36,38,44,47,100,103,108,110
Z33,37,39,45,46,101,102,109,111
Z34,10,24,46,60,72,90,111,116
Z35,11,25,47,61,73,91,110,117
Z36,10,31,39,51,66,87,111,115
Z37,48,50,56,58,112,114,120,122
Z38,49,51,57,59,113,115,121,123
Z39,14,27,34,54,70,83,106,118
Z40,52,54,60,63,116,118,124,127
Z41,53,55,61,62,117,119,125,126
Z42,14,28,40,58,79,92,106,112
Z43,7,22,36,53,69,84,103,126
Z44,13,31,43,57,77,94,105,115
Z45,11,30,38,50,67,86,110,114
OZ0,80,81,82,83,84,85,86,87,88,89,90,91,92,93,94,95,104,105,106,107,108,109,110,111,120,121,122,123,124,125,126,127
OZ1,88,89,90,91,92,93,94,95,98,99,100,101,106,107,110,111,114,115,118,119,122,123,124,125
OZ2,92,93,94,95,97,99,101,102,104,106,109,111,113,115,116,118,121,123,124,127
OZ3,98,99,102,103,104,105,110,111,114,115,116,117,122,123,126,127
OZ4,60,61,62,63,66,67,68,69,74,75,78,79,81,82,84,87,90,91,97,99,102,103,105,107,110,111,112,115,116,117,122,123,124,126
OZ5,54,55,57,58,61,62,85,86,89,91,97,99,101,102,104,106,109,111,114,115,116,119,121,123
OZ6,84,85,86,87,97,99,101,102,104,106,109,111,112,114,116,118,121,123,125,126
OZ7,82,83,86,87,90,91,94,95,97,99,101,102,104,106,108,110,112,115,116,119,121,122,125,127
OZ8,81,83,85,86,89,91,93,95,104,105,106,107,108,109,110,111,112,115,116,119,121,122,125,127
OZ9,104,105,106,107,108,109,110,111,112,113,114,115,116,117,118,119
OZ10,76,77,78,79,97,99,100,103,105,107,108,110,112,114,117,119,121,123,125,126
OZ11,42,43,46,47,58,59,62,63,73,75,77,79,89,91,93,95,105,106,108,111,112,115,117,118
OZ12,65,66,68,71,74,75,86,87,89,91,93,94,97,99,101,103,110,111,113,115,116,119,126,127
OZ13,69,70,73,75,85,86,89,91,101,103,109,110,117,118,125,127
OZ14,68,71,73,75,85,86,89,91,97,99,102,103,105,107,110,111,113,115,116,117,121,123,126,127
OZ15,41,43,45,46,57,59,61,62,67,71,73,77,78,79,83,87,89,93,94,95,97,101,102,103,107,108,109,111,112,113,114,118,121,125,126,127
OZ16,66,67,70,71,74,75,78,79,97,99,101,102,105,107,108,110,112,115,117,118,121,122,125,127
OZ17,70,71,73,75,77,78,86,87,89,91,93,94,102,103,105,107,109,110,113,115,117,118,126,127
OZ18,57,58,61,62,97,103,105,108,112,117,121,126
OZ19,61,62,67,71,73,77,78,79,85,86,89,91,102,103,105,107,108,109,112,117,122,126
OZ20,86,87,89,91,93,94,101,103,109,110,113,115,125,126
OZ21,59,63,102,109,113,127
OZ22,58,62,103,108,112,126
OZ23,62,63,99,102,107,109,113,119,123,127
OZ24,85,87,93,94,97,99,101,102,113,115,121,123
OZ25,51,55,67,71,73,77,78,79,97,107,108,110,112,115,119,121,122,123
OZ26,23,29,39,43,45,46,47,55,67,73,89,91,93,95,97,101,102,103,105,107,111,113,114,117,121,122,125,126
OZ27,46,47,67,71,75,78,83,87,91,94,97,99,101,102,105,107,110,111,117,118,121,123,125,127
OZ28,45,47,67,71,75,78,89,91,93,95,99,103,107,109,113,114,122,123,125,126
OZ29,43,47,103,105,117,126
OZ30,73,75,77,79,89,91,93,95,105,107,108,110,112,114,117,119
OZ31,67,71,75,78,83,87,91,94,97,101,102,103,107,110,115,118,121,125,126,127
OZ32,29,31,39,47,55,63,83,87,89,95,97,107,109,110,114,115,118,121,122,125
OZ33,35,39,83,87,89,93,94,95,97,102,103,105,107,110,114,117,118,121,122,123,126,127
OZ34,39,47,55,63,97,99,101,102,103,105,107,109,113,115,117,121,123,125,126,127
OZ35,47,55,83,87,89,93,94,95,99,101,102,107,110,114,115,118,122,123,125,127
