X0,0,2,8,11,64,66,72,74
X1,1,3,9,10,65,67,73,75
X2,0,16,32,48,64,80,96,120
X3,1,17,33,49,65,81,97,121
X4,4,7,12,14,69,70,76,78
X5,5,6,13,15,68,71,77,79
X6,5,17,44,57,77,89,101,121
X7,4,16,45,56,76,88,100,120
X8,2,18,35,51,66,82,99,123
X9,3,19,34,50,67,83,98,122
X10,9,27,45,63,75,88,109,119
X11,8,26,44,62,74,89,108,118
X12,7,18,46,58,78,90,102,123
X13,6,19,47,59,79,91,103,122
X14,12,25,33,53,69,81,105,117
X15,13,24,32,52,68,80,104,116
X16,16,18,24,27,80,82,88,90
X17,17,19,25,26,81,83,89,91
X18,0,20,40,61,72,92,96,124
X19,1,21,41,60,73,93,97,125
X20,20,23,28,30,85,86,92,94
X21,21,22,29,31,84,87,93,95
X22,4,21,38,55,70,87,100,125
X23,2,23,42,62,74,94,99,126
X24,3,22,43,63,75,95,98,127
X25,8,29,36,48,64,84,108,112
X26,9,28,37,49,65,85,109,113
X27,6,23,37,52,68,85,103,126
X28,12,30,42,56,76,94,105,114
X29,32,34,40,43,96,98,104,106
X30,33,35,41,42,97,99,105,107
X31,5,20,39,54,71,86,101,124
X32,36,39,44,46,101,102,108,110
X33,37,38,45,47,100,103,109,111
X34,10,24,46,60,73,90,110,116
X35,11,25,47,61,72,91,111,117
X36,10,30,39,50,67,86,110,114
X37,48,50,56,59,112,114,120,122
X38,49,51,57,58,113,115,121,123
X39,14,26,34,55,70,83,106,118
X40,52,55,60,62,116,118,125,126
X41,53,54,61,63,117,119,124,127
X42,14,28,40,58,78,92,106,113
X43,7,22,36,53,69,84,102,127
X44,13,31,43,57,77,95,104,115
X45,11,31,38,51,66,87,111,115
OX0,80,81,82,83,84,85,86,87,88,89,90,91,92,93,94,95,104,105,106,107,108,109,110,111,120,121,122,123,124,125,126,127
OX1,88,89,90,91,92,93,94,95,98,99,100,101,104,105,108,109,112,113,116,117,122,123,124,125
OX2,92,93,94,95,97,98,101,103,105,106,108,111,112,115,117,118,121,122,124,126
OX3,98,99,102,103,106,107,108,109,112,113,118,119,122,123,126,127
OX4,60,61,62,63,68,69,70,71,81,82,85,86,90,91,101,103,109,110,116,118,121,123,124,125,126,127
OX5,54,55,57,59,61,63,65,67,68,71,73,75,76,78,81,83,93,95,100,101,102,103,113,114,116,117,124,127
OX6,84,85,86,87,97,99,101,102,104,106,108,110,113,115,116,118,121,123,125,126
OX7,82,83,86,87,90,91,94,95,97,99,101,102,105,107,108,110,112,115,117,118,121,122,125,127
OX8,68,69,70,71,76,77,78,79,81,83,85,86,89,91,93,95,97,99,100,103,104,106,109,111,114,115,118,119,122,123,126,127
OX9,104,105,106,107,108,109,110,111,112,113,114,115,116,117,118,119
OX10,76,77,78,79,97,99,100,103,105,107,109,111,113,115,117,119,121,123,125,126
OX11,42,43,46,47,58,59,62,63,66,67,70,71,73,74,77,78,89,91,93,95,97,99,101,102,106,107,108,109,112,113,114,115,121,122,125,127
OX12,65,67,69,71,78,79,86,87,89,91,93,94,102,103,105,107,108,111,112,113,121,122,125,126
OX13,66,67,69,70,74,75,77,79,85,87,93,94,97,99,109,111,114,115,117,118,121,122,126,127
OX14,81,83,85,86,89,91,93,95,97,99,101,102,105,107,109,111,114,115,118,119,122,123,126,127
OX15,41,43,45,46,57,59,61,62,67,69,70,71,73,79,83,85,86,87,89,95,97,100,101,102,106,108,112,113,115,117,118,119,121,124,125,126
OX16,69,71,77,78,85,87,93,94,101,102,105,107,113,115,125,126
OX17,70,71,73,75,77,78,86,87,89,91,93,94,102,103,105,107,109,110,113,115,117,118,126,127
OX18,57,58,61,62,73,75,77,79,97,101,102,103,105,108,109,110,112,113,114,117,121,124,126,127
OX19,58,59,61,63,73,75,77,79,83,86,89,93,94,95,102,103,105,107,109,110,113,117,118,119,122,124,126,127
OX20,86,87,89,91,93,94,101,103,108,111,112,114,125,126
OX21,46,47,59,63,83,87,91,93,102,105,107,108,110,111,112,114,117,118,119,122,125,127
OX22,61,62,73,75,77,79,83,87,91,95,101,103,105,107,110,111,114,117,118,119,122,124,125,126
OX23,62,63,73,75,77,79,97,103,105,108,110,111,112,114,115,117,121,126
OX24,85,87,93,94,105,107,109,111,117,119,125,126
OX25,51,55,59,63,67,71,75,79,97,99,101,103,105,107,108,111,112,114,117,118,121,122,125,126
OX26,23,31,39,55,59,63,67,71,73,79,83,91,94,95,103,110,111,114,119,125
OX27,59,63,67,71,73,77,93,95,101,110,119,122
OX28,45,47,83,87,91,95,99,100,102,103,107,108,112,115,118,119,122,123,126,127
OX29,43,47,67,71,73,79,97,99,101,102,103,106,108,109,110,111,112,113,115,118,119,121,122,123,126,127
OX30,73,75,77,79,89,91,93,95,105,107,108,110,112,114,117,119
OX31,67,71,75,79,83,87,91,95,97,101,105,108,112,114,115,117,118,119,121,125
OX32,29,31,39,47,55,63,77,79,83,87,89,93,97,99,101,102,103,105,107,108,114,117,119,121,122,123,126,127
OX33,35,39,77,79,89,91,93,95,97,101,102,105,107,108,112,114,117,121,123,127
OX34,39,47,55,63,97,99,101,102,103,105,107,108,112,114,117,118,119,121,123,125,126,127
OX35,47,55,71,77,83,89,97,101,107,108,111,112,115,121,122,125
Z0,0,2,8,11,64,66,72,74
Z1,1,3,9,10,65,67,73,75
Z2,0,16,32,48,64,80,96,120
Z3,1,17,33,49,65,81,97,121
Z4,4,7,12,14,69,70,76,78
Z5,5,6,13,15,68,71,77,79
Z6,5,17,44,57,77,89,101,121
Z7,4,16,45,56,76,88,100,120
Z8,2,18,35,51,66,82,99,123
Z9,3,19,34,50,67,83,98,122
Z10,9,27,45,63,75,88,109,119
Z11,8,26,44,62,74,89,108,118
Z12,7,18,46,58,78,90,102,123
Z13,6,19,47,59,79,91,103,122
Z14,12,25,33,53,69,81,105,117
Z15,13,24,32,52,68,80,104,116
Z16,16,18,24,27,80,82,88,90
Z17,17,19,25,26,81,83,89,91
Z18,0,20,40,61,72,92,96,124
Z19,1,21,41,60,73,93,97,125
Z20,20,23,28,30,85,86,92,94
Z21,21,22,29,31,84,87,93,95
Z22,4,21,38,55,70,87,100,125
Z23,2,23,42,62,74,94,99,126
Z24,3,22,43,63,75,95,98,127
Z25,8,29,36,48,64,84,108,112
Z26,9,28,37,49,65,85,109,113
Z27,6,23,37,52,68,85,103,126
Z28,12,30,42,56,76,94,105,114
Z29,32,34,40,43,96,98,104,106
Z30,33,35,41,42,97,99,105,107
Z31,5,20,39,54,71,86,101,124
Z32,36,39,44,46,101,102,108,110
Z33,37,38,45,47,100,103,109,111
Z34,10,24,46,60,73,90,110,116
Z35,11,25,47,61,72,91,111,117
Z36,10,30,39,50,67,86,110,114
Z37,48,50,56,59,112,114,120,122
Z38,49,51,57,58,113,115,121,123
Z39,14,26,34,55,70,83,106,118
Z40,52,55,60,62,116,118,125,126
Z41,53,54,61,63,117,119,124,127
Z42,14,28,40,58,78,92,106,113
Z43,7,22,36,53,69,84,102,127
Z44,13,31,43,57,77,95,104,115
Z45,11,31,38,51,66,87,111,115
OZ0,80,81,82,83,84,85,86,87,88,89,90,91,92,93,94,95,104,105,106,107,108,109,110,111,120,121,122,123,124,125,126,127
OZ1,88,89,90,91,92,93,94,95,98,99,100,101,104,105,108,109,112,113,116,117,122,123,124,125
OZ2,92,93,94,95,97,98,101,103,105,106,108,111,112,115,117,118,121,122,124,126
OZ3,98,99,102,103,106,107,108,109,112,113,118,119,122,123,126,127
OZ4,60,61,62,63,68,69,70,71,81,82,85,86,90,91,101,103,109,110,116,118,121,123,124,125,126,127
OZ5,54,55,57,59,61,63,65,67,68,71,73,75,76,78,81,83,93,95,100,101,102,103,113,114,116,117,124,127
OZ6,84,85,86,87,97,99,101,102,104,106,108,110,113,115,116,118,121,123,125,126
OZ7,82,83,86,87,90,91,94,95,97,99,101,102,105,107,108,110,112,115,117,118,121,122,125,127
OZ8,68,69,70,71,76,77,78,79,81,83,85,86,89,91,93,95,97,99,100,103,104,106,109,111,114,115,118,119,122,123,126,127
OZ9,104,105,106,107,108,109,110,111,112,113,114,115,116,117,118,119
OZ10,76,77,78,79,97,99,100,103,105,107,109,111,113,115,117,119,121,123,125,126
OZ11,42,43,46,47,58,59,62,63,66,67,70,71,73,74,77,78,89,91,93,95,97,99,101,102,106,107,108,109,112,113,114,115,121,122,125,127
OZ12,65,67,69,71,78,79,86,87,89,91,93,94,102,103,105,107,108,111,112,113,121,122,125,126
OZ13,66,67,69,70,74,75,77,79,85,87,93,94,97,99,109,111,114,115,117,118,121,122,126,127
OZ14,81,83,85,86,89,91,93,95,97,99,101,102,105,107,109,111,114,115,118,119,122,123,126,127
OZ15,41,43,45,46,57,59,61,62,67,69,70,71,73,79,83,85,86,87,89,95,97,100,101,102,106,108,112,113,115,117,118,119,121,124,125,126
OZ16,69,71,77,78,85,87,93,94,101,102,105,107,113,115,125,126
OZ17,70,71,73,75,77,78,86,87,89,91,93,94,102,103,105,107,109,110,113,115,117,118,126,127
OZ18,57,58,61,62,73,75,77,79,97,101,102,103,105,108,109,110,112,113,114,117,121,124,126,127
OZ19,58,59,61,63,73,75,77,79,83,86,89,93,94,95,102,103,105,107,109,110,113,117,118,119,122,124,126,127
OZ20,86,87,89,91,93,94,101,103,108,111,112,114,125,126
OZ21,46,47,59,63,83,87,91,93,102,105,107,108,110,111,112,114,117,118,119,122,125,127
OZ22,61,62,73,75,77,79,83,87,91,95,101,103,105,107,110,111,114,117,118,119,122,124,125,126
OZ23,62,63,73,75,77,79,97,103,105,108,110,111,112,114,115,117,121,126
OZ24,85,87,93,94,105,107,109,111,117,119,125,126
OZ25,51,55,59,63,67,71,75,79,97,99,101,103,105,107,108,111,112,114,117,118,121,122,125,126
OZ26,23,31,39,55,59,63,67,71,73,79,83,91,94,95,103,110,111,114,119,125
OZ27,59,63,67,71,73,77,93,95,101,110,119,122
OZ28,45,47,83,87,91,95,99,100,102,103,107,108,112,115,118,119,122,123,126,127
OZ29,43,47,67,71,73,79,97,99,101,102,103,106,108,109,110,111,112,113,115,118,119,121,122,123,126,127
OZ30,73,75,77,79,89,91,93,95,105,107,108,110,112,114,117,119
OZ31,67,71,75,79,83,87,91,95,97,101,105,108,112,114,115,117,118,119,121,125
OZ32,29,31,39,47,55,63,77,79,83,87,89,93,97,99,101,102,103,105,107,108,114,117,119,121,122,123,126,127
OZ33,35,39,77,79,89,91,93,95,97,101,102,105,107,108,112,114,117,121,123,127
OZ34,39,47,55,63,97,99,101,102,103,105,107,108,112,114,117,118,119,121,123,125,126,127
OZ35,47,55,71,77,83,89,97,101,107,108,111,112,115,121,122,125
