X0,0,1,10,11,80,81,90,91
X1,0,20,40,60,80,100,120,150
X2,2,3,12,13,82,83,92,93
X3,2,22,42,62,83,102,122,152
X4,4,5,14,15,84,85,94,95
X5,4,23,55,72,95,112,124,153
X6,6,7,16,17,86,87,96,97
X7,6,25,57,74,96,115,127,155
X8,8,9,18,19,88,89,98,99
X9,8,20,58,70,98,110,128,150
X10,1,21,41,61,81,101,121,151
X11,10,32,42,60,80,102,132,140
X12,3,23,43,63,82,103,123,153
X13,12,34,56,78,92,114,136,148
X14,5,22,54,73,94,113,125,152
X15,14,30,40,64,84,100,130,144
X16,7,24,56,75,97,114,126,154
X17,16,30,59,74,96,111,139,144
X18,9,21,59,71,99,111,129,151
X19,18,33,54,70,98,113,134,141
X20,20,21,30,31,100,101,110,111
X21,0,26,50,76,90,116,120,156
X22,22,23,32,33,102,103,112,113
X23,2,29,53,78,92,119,122,158
X24,24,25,34,35,104,105,114,115
X25,4,24,44,64,84,105,124,154
X26,26,27,36,37,106,107,116,117
X27,6,26,46,66,86,106,127,156
X28,28,29,38,39,108,109,118,119
X29,1,27,51,77,91,117,121,157
X30,14,37,51,73,94,117,130,143
X31,3,28,52,79,93,118,123,159
X32,10,38,52,77,91,118,132,147
X33,5,25,45,65,85,104,125,155
X34,12,37,46,63,82,106,136,143
X35,7,27,47,67,87,107,126,157
X36,16,39,48,67,87,108,139,146
X37,8,28,48,68,88,108,128,159
X38,40,41,50,51,120,121,130,131
X39,42,43,52,53,122,123,132,133
X40,44,45,54,55,124,125,134,135
X41,46,47,56,57,126,127,136,137
X42,48,49,58,59,128,129,138,139
X43,11,33,43,61,81,103,133,141
X44,13,35,57,79,93,115,137,149
X45,15,31,41,65,85,101,131,145
X46,17,31,58,75,97,110,138,145
X47,18,35,44,69,89,105,134,149
X48,60,61,70,71,140,141,150,151
X49,62,63,72,73,142,143,152,153
X50,64,65,74,75,144,145,154,155
X51,66,67,76,77,146,147,156,157
X52,68,69,78,79,148,149,158,159
X53,11,39,53,76,90,119,133,146
X54,13,36,47,62,83,107,137,142
X55,15,36,50,72,95,116,131,142
X56,17,38,49,66,86,109,138,147
X57,9,29,49,69,89,109,129,158
OX0,130,131,132,133,134,135,136,137,138,139,140,141,142,143,144,145,146,147,148,149
OX1,120,121,122,123,124,125,126,127,128,129,150,151,152,153,154,155,156,157,158,159
OX2,82,83,86,87,88,89,90,91,92,93,98,99,100,101,102,103,104,105,106,107,108,109,121,123,124,127,129,131,132,135,137,139,141,142,144,146,148,150,153,155,156,158
OX3,84,85,86,87,88,89,92,93,94,95,96,97,100,101,102,103,104,105,106,107,108,109,121,122,125,126,128,131,133,135,137,139,140,143,145,146,148,150,153,155,157,159
OX4,86,87,94,95,96,97,98,99,100,101,102,103,104,105,106,107,108,109,110,111,112,113,114,115,116,117,118,119,122,123,126,127,128,129,134,135,136,137,138,139,140,141,144,145,146,147,150,151,154,155,156,157
OX5,88,89,90,91,94,95,98,99,100,101,102,103,104,105,106,107,108,109,110,111,112,113,114,115,116,117,118,119,124,125,126,127,128,129,132,133,136,137,144,145,146,147,150,151,152,153,158,159
OX6,110,111,112,113,114,115,116,117,118,119,121,122,124,127,128,131,132,134,136,139,140,143,145,146,149,151,152,154,156,159
OX7,92,93,98,99,100,101,102,103,104,105,106,107,108,109,121,122,124,127,129,131,132,135,136,139,141,142,144,147,149,150,153,155,157,159
OX8,94,95,96,97,100,101,102,103,104,105,106,107,108,109,121,122,125,127,128,131,133,135,137,138,140,143,144,146,149,150,153,154,157,158
OX9,90,91,96,97,100,101,102,103,104,105,106,107,108,109,121,122,124,126,128,131,132,134,136,138,141,142,144,146,148,150,153,155,156,158
OX10,96,97,98,99,122,123,124,125,128,129,132,133,138,139,140,141,146,147,152,153,154,155,158,159
OX11,100,101,102,103,104,105,106,107,108,109,121,122,124,127,128,131,132,134,136,139,141,142,144,147,148,150,153,155,157,158
OX12,98,99,104,105,106,107,108,109,112,113,118,119,122,123,126,127,128,129,136,137,146,147,148,149,152,153,154,155
OX13,102,103,104,105,108,109,112,113,114,115,116,117,118,119,121,122,125,127,129,131,132,135,136,138,141,143,145,146,149,151,153,154,156,159
OX14,108,109,112,113,116,117,118,119,124,125,126,127,134,135,136,137,142,143,146,147,148,149,154,155,156,157,158,159
OX15,104,105,114,115,116,117,118,119,122,123,124,125,126,127,132,133,134,135,136,137,140,141,142,143,152,153,156,157
OX16,106,107,114,115,118,119,121,123,124,127,129,131,133,134,136,138,141,142,145,147,149,151,153,154,157,158
OX17,114,115,116,117,126,127,136,137,142,143,156,157
OX18,112,113,121,122,124,126,129,131,132,134,137,138,140,142,145,147,149,151,152,154,157,158
OX19,118,119,121,123,124,126,129,131,133,134,137,138,141,142,145,147,149,151,153,154,157,158
OX20,116,117,121,122,125,127,129,131,132,135,136,138,140,143,145,147,148,151,152,155,156,158
OX21,81,83,85,87,89,91,93,95,97,99,101,103,105,107,109,111,113,115,117,119,121,123,124,126,129,131,133,135,136,139,141,143,145,147,148,151,152,155,157,158
OX22,78,79,121,123,124,126,129,131,132,135,137,138,140,142,145,147,148,151,153,154,157,158
OX23,41,47,51,53,55,59,83,89,93,99,105,109,115,119,121,123,125,126,131,132,133,134,135,136,137,139,140,141,142,143,146,147,148,149,152,153,154,155
OX24,43,45,51,55,57,59,83,85,89,93,95,99,101,103,105,111,113,115,121,123,124,129,134,136,142,143,148,149,152,153
OX25,45,49,53,59,83,87,89,93,97,99,103,113,122,123,125,126,133,134,135,137,138,139
OX26,47,49,51,57,85,89,95,99,103,105,107,109,113,115,117,119,121,125,126,132,133,134,137,138,140,142,145,147,149,151,153,154,157,158
OX27,55,57,61,63,65,67,69,71,73,75,77,79,87,89,97,99,105,115,121,123,124,125,131,132,134,137,140,141,142,143
OX28,51,59,61,63,65,67,69,71,73,75,77,79,85,89,95,99,101,111,121,122,123,124,129,132,133,135,136,137,140,142,145,146,148,151,152,154,157,158
OX29,53,59,61,63,65,67,69,71,73,75,77,79,83,87,93,97,109,119,122,124,125,126,129,132,133,137,138,139,140,143,145,146,149,151,153,154,157,158
OX30,57,59,61,63,65,67,69,71,73,75,77,79,87,97,101,107,111,117,121,122,123,131,134,135,136,138,141,142,145,147,148,151,152,155,157,158
OX31,61,63,65,67,69,71,73,75,77,79,101,103,105,107,109,111,113,115,117,119,121,123,124,126,129,131,133,135,136,139,141,142,145,147,148,151,153,155,157,158
OX32,59,63,67,69,71,77,83,85,87,93,95,97,103,105,107,109,113,115,117,119,121,123,129,131,132,138,139,140,141,143,146,151,152,153,154,155,157,158
OX33,63,65,71,73,77,79,87,89,97,99,101,109,111,119,121,123,125,126,129,131,133,134,137,139,141,142,143,145,147,158
OX34,67,71,73,77,83,89,93,99,103,113,122,123,132,133,134,135,136,137,140,143,146,148,157,158
OX35,69,73,77,79,85,87,95,97,107,117,121,123,125,126,129,131,133,134,137,138,141,146,147,151,153,157
OX36,65,75,77,79,83,85,87,93,95,97,101,103,105,107,111,113,115,117,121,122,125,126,129,131,132,135,136,139,140,141,143,148,149,153,154,155,157,158
OX37,49,71,75,77,85,95,103,109,113,119,125,126,129,132,133,134,137,140,142,145,149,153,157,158
OX38,73,75,77,79,83,87,93,97,105,107,115,117,121,122,125,126,129,131,133,134,137,138,141,142,145,146,147,151,154,155,157,158
OX39,71,75,83,85,89,93,95,99,101,111,121,123,125,126,129,131,133,134,137,139,141,145,146,152,153,157
OX40,77,79,83,85,87,93,95,97,109,119,124,125,142,145,146,147,152,154,157,158
OX41,75,79,83,85,93,95,101,103,107,109,111,113,117,119,121,122,125,126,129,131,132,135,136,139,140,141,143,145,146,147,148,153
OX42,39,79,83,87,89,93,97,99,103,107,113,117,119,121,124,131,135,136,137,141,142,143,145,148,149,151,152,153,154,158
OX43,29,79,83,87,89,93,97,99,101,105,111,115,119,121,125,131,132,133,134,138,139,140,141,142,147,149,152,154,155,157
Z0,0,1,10,11,80,81,90,91
Z1,0,20,40,60,80,100,120,150
Z2,2,3,12,13,82,83,92,93
Z3,2,22,42,62,83,102,122,152
Z4,4,5,14,15,84,85,94,95
Z5,4,23,55,72,95,112,124,153
Z6,6,7,16,17,86,87,96,97
Z7,6,25,57,74,96,115,127,155
Z8,8,9,18,19,88,89,98,99
Z9,8,20,58,70,98,110,128,150
Z10,1,21,41,61,81,101,121,151
Z11,10,32,42,60,80,102,132,140
Z12,3,23,43,63,82,103,123,153
Z13,12,34,56,78,92,114,136,148
Z14,5,22,54,73,94,113,125,152
Z15,14,30,40,64,84,100,130,144
Z16,7,24,56,75,97,114,126,154
Z17,16,30,59,74,96,111,139,144
Z18,9,21,59,71,99,111,129,151
Z19,18,33,54,70,98,113,134,141
Z20,20,21,30,31,100,101,110,111
Z21,0,26,50,76,90,116,120,156
Z22,22,23,32,33,102,103,112,113
Z23,2,29,53,78,92,119,122,158
Z24,24,25,34,35,104,105,114,115
Z25,4,24,44,64,84,105,124,154
Z26,26,27,36,37,106,107,116,117
Z27,6,26,46,66,86,106,127,156
Z28,28,29,38,39,108,109,118,119
Z29,1,27,51,77,91,117,121,157
Z30,14,37,51,73,94,117,130,143
Z31,3,28,52,79,93,118,123,159
Z32,10,38,52,77,91,118,132,147
Z33,5,25,45,65,85,104,125,155
Z34,12,37,46,63,82,106,136,143
Z35,7,27,47,67,87,107,126,157
Z36,16,39,48,67,87,108,139,146
Z37,8,28,48,68,88,108,128,159
Z38,40,41,50,51,120,121,130,131
Z39,42,43,52,53,122,123,132,133
Z40,44,45,54,55,124,125,134,135
Z41,46,47,56,57,126,127,136,137
Z42,48,49,58,59,128,129,138,139
Z43,11,33,43,61,81,103,133,141
Z44,13,35,57,79,93,115,137,149
Z45,15,31,41,65,85,101,131,145
Z46,17,31,58,75,97,110,138,145
Z47,18,35,44,69,89,105,134,149
Z48,60,61,70,71,140,141,150,151
Z49,62,63,72,73,142,143,152,153
Z50,64,65,74,75,144,145,154,155
Z51,66,67,76,77,146,147,156,157
Z52,68,69,78,79,148,149,158,159
Z53,11,39,53,76,90,119,133,146
Z54,13,36,47,62,83,107,137,142
Z55,15,36,50,72,95,116,131,142
Z56,17,38,49,66,86,109,138,147
Z57,9,29,49,69,89,109,129,158
OZ0,130,131,132,133,134,135,136,137,138,139,140,141,142,143,144,145,146,147,148,149
OZ1,120,121,122,123,124,125,126,127,128,129,150,151,152,153,154,155,156,157,158,159
OZ2,82,83,86,87,88,89,90,91,92,93,98,99,100,101,102,103,104,105,106,107,108,109,121,123,124,127,129,131,132,135,137,139,141,142,144,146,148,150,153,155,156,158
OZ3,84,85,86,87,88,89,92,93,94,95,96,97,100,101,102,103,104,105,106,107,108,109,121,122,125,126,128,131,133,135,137,139,140,143,145,146,148,150,153,155,157,159
OZ4,86,87,94,95,96,97,98,99,100,101,102,103,104,105,106,107,108,109,110,111,112,113,114,115,116,117,118,119,122,123,126,127,128,129,134,135,136,137,138,139,140,141,144,145,146,147,150,151,154,155,156,157
OZ5,88,89,90,91,94,95,98,99,100,101,102,103,104,105,106,107,108,109,110,111,112,113,114,115,116,117,118,119,124,125,126,127,128,129,132,133,136,137,144,145,146,147,150,151,152,153,158,159
OZ6,110,111,112,113,114,115,116,117,118,119,121,122,124,127,128,131,132,134,136,139,140,143,145,146,149,151,152,154,156,159
OZ7,92,93,98,99,100,101,102,103,104,105,106,107,108,109,121,122,124,127,129,131,132,135,136,139,141,142,144,147,149,150,153,155,157,159
OZ8,94,95,96,97,100,101,102,103,104,105,106,107,108,109,121,122,125,127,128,131,133,135,137,138,140,143,144,146,149,150,153,154,157,158
OZ9,90,91,96,97,100,101,102,103,104,105,106,107,108,109,121,122,124,126,128,131,132,134,136,138,141,142,144,146,148,150,153,155,156,158
OZ10,96,97,98,99,122,123,124,125,128,129,132,133,138,139,140,141,146,147,152,153,154,155,158,159
OZ11,100,101,102,103,104,105,106,107,108,109,121,122,124,127,128,131,132,134,136,139,141,142,144,147,148,150,153,155,157,158
OZ12,98,99,104,105,106,107,108,109,112,113,118,119,122,123,126,127,128,129,136,137,146,147,148,149,152,153,154,155
OZ13,102,103,104,105,108,109,112,113,114,115,116,117,118,119,121,122,125,127,129,131,132,135,136,138,141,143,145,146,149,151,153,154,156,159
OZ14,108,109,112,113,116,117,118,119,124,125,126,127,134,135,136,137,142,143,146,147,148,149,154,155,156,157,158,159
OZ15,104,105,114,115,116,117,118,119,122,123,124,125,126,127,132,133,134,135,136,137,140,141,142,143,152,153,156,157
OZ16,106,107,114,115,118,119,121,123,124,127,129,131,133,134,136,138,141,142,145,147,149,151,153,154,157,158
OZ17,114,115,116,117,126,127,136,137,142,143,156,157
OZ18,112,113,121,122,124,126,129,131,132,134,137,138,140,142,145,147,149,151,152,154,157,158
OZ19,118,119,121,123,124,126,129,131,133,134,137,138,141,142,145,147,149,151,153,154,157,158
OZ20,116,117,121,122,125,127,129,131,132,135,136,138,140,143,145,147,148,151,152,155,156,158
OZ21,81,83,85,87,89,91,93,95,97,99,101,103,105,107,109,111,113,115,117,119,121,123,124,126,129,131,133,135,136,139,141,143,145,147,148,151,152,155,157,158
OZ22,78,79,121,123,124,126,129,131,132,135,137,138,140,142,145,147,148,151,153,154,157,158
OZ23,41,47,51,53,55,59,83,89,93,99,105,109,115,119,121,123,125,126,131,132,133,134,135,136,137,139,140,141,142,143,146,147,148,149,152,153,154,155
OZ24,43,45,51,55,57,59,83,85,89,93,95,99,101,103,105,111,113,115,121,123,124,129,134,136,142,143,148,149,152,153
OZ25,45,49,53,59,83,87,89,93,97,99,103,113,122,123,125,126,133,134,135,137,138,139
OZ26,47,49,51,57,85,89,95,99,103,105,107,109,113,115,117,119,121,125,126,132,133,134,137,138,140,142,145,147,149,151,153,154,157,158
OZ27,55,57,61,63,65,67,69,71,73,75,77,79,87,89,97,99,105,115,121,123,124,125,131,132,134,137,140,141,142,143
OZ28,51,59,61,63,65,67,69,71,73,75,77,79,85,89,95,99,101,111,121,122,123,124,129,132,133,135,136,137,140,142,145,146,148,151,152,154,157,158
OZ29,53,59,61,63,65,67,69,71,73,75,77,79,83,87,93,97,109,119,122,124,125,126,129,132,133,137,138,139,140,143,145,146,149,151,153,154,157,158
OZ30,57,59,61,63,65,67,69,71,73,75,77,79,87,97,101,107,111,117,121,122,123,131,134,135,136,138,141,142,145,147,148,151,152,155,157,158
OZ31,61,63,65,67,69,71,73,75,77,79,101,103,105,107,109,111,113,115,117,119,121,123,124,126,129,131,133,135,136,139,141,142,145,147,148,151,153,155,157,158
OZ32,59,63,67,69,71,77,83,85,87,93,95,97,103,105,107,109,113,115,117,119,121,123,129,131,132,138,139,140,141,143,146,151,152,153,154,155,157,158
OZ33,63,65,71,73,77,79,87,89,97,99,101,109,111,119,121,123,125,126,129,131,133,134,137,139,141,142,143,145,147,158
OZ34,67,71,73,77,83,89,93,99,103,113,122,123,132,133,134,135,136,137,140,143,146,148,157,158
OZ35,69,73,77,79,85,87,95,97,107,117,121,123,125,126,129,131,133,134,137,138,141,146,147,151,153,157
OZ36,65,75,77,79,83,85,87,93,95,97,101,103,105,107,111,113,115,117,121,122,125,126,129,131,132,135,136,139,140,141,143,148,149,153,154,155,157,158
OZ37,49,71,75,77,85,95,103,109,113,119,125,126,129,132,133,134,137,140,142,145,149,153,157,158
OZ38,73,75,77,79,83,87,93,97,105,107,115,117,121,122,125,126,129,131,133,134,137,138,141,142,145,146,147,151,154,155,157,158
OZ39,71,75,83,85,89,93,95,99,101,111,121,123,125,126,129,131,133,134,137,139,141,145,146,152,153,157
OZ40,77,79,83,85,87,93,95,97,109,119,124,125,142,145,146,147,152,154,157,158
OZ41,75,79,83,85,93,95,101,103,107,109,111,113,117,119,121,122,125,126,129,131,132,135,136,139,140,141,143,145,146,147,148,153
OZ42,39,79,83,87,89,93,97,99,103,107,113,117,119,121,124,131,135,136,137,141,142,143,145,148,149,151,152,153,154,158
OZ43,29,79,83,87,89,93,97,99,101,105,111,115,119,121,125,131,132,133,134,138,139,140,141,142,147,149,152,154,155,157
