X0,0,1,16,17,128,129,144,145
X1,0,32,64,96,128,160,192,240
X2,2,3,18,19,130,131,146,147
X3,2,34,66,98,130,162,194,242
X4,4,5,20,21,132,133,148,149
X5,4,36,70,102,132,164,199,247
X6,6,7,22,23,134,135,150,151
X7,6,38,68,100,135,167,196,244
X8,8,9,24,25,140,141,152,153
X9,8,32,92,112,152,176,200,240
X10,10,11,26,27,142,143,154,155
X11,10,34,94,115,154,178,202,242
X12,12,13,28,29,136,137,156,157
X13,12,39,90,116,157,183,206,245
X14,14,15,30,31,138,139,158,159
X15,14,37,89,118,158,181,204,246
X16,1,33,65,97,129,161,193,241
X17,16,52,88,125,145,180,216,237
X18,3,35,67,99,131,163,195,243
X19,18,55,90,126,146,183,219,239
X20,5,37,71,103,133,165,198,246
X21,20,48,93,120,148,177,221,232
X22,7,39,69,101,134,166,197,245
X23,22,51,95,123,150,179,222,234
X24,9,33,93,113,153,177,201,241
X25,24,55,68,111,141,167,212,239
X26,11,35,95,114,155,179,203,243
X27,26,52,71,108,142,165,215,237
X28,13,38,91,117,156,182,207,244
X29,28,48,64,104,136,160,208,232
X30,15,36,88,119,159,180,205,247
X31,30,51,66,106,138,162,210,234
X32,32,33,48,49,160,161,176,177
X33,0,40,80,124,144,184,192,248
X34,34,35,50,51,162,163,178,179
X35,2,42,83,126,146,186,194,250
X36,36,37,52,53,164,165,180,181
X37,4,47,87,120,148,191,199,253
X38,38,39,54,55,166,167,182,183
X39,6,45,85,123,150,188,196,255
X40,40,41,56,57,172,173,184,185
X41,8,42,76,110,140,174,200,250
X42,42,43,58,59,174,175,186,187
X43,44,45,60,61,168,169,188,189
X44,12,46,74,104,136,170,206,252
X45,46,47,62,63,170,171,190,191
X46,1,41,81,125,145,185,193,249
X47,20,58,76,103,133,174,221,231
X48,3,43,82,127,147,187,195,251
X49,22,57,78,101,134,172,222,229
X50,5,46,86,121,149,190,198,252
X51,16,60,72,96,128,168,216,224
X52,7,44,84,122,151,189,197,254
X53,18,63,75,99,131,171,219,227
X54,9,43,77,111,141,175,201,251
X55,28,57,81,117,156,185,208,229
X56,17,53,89,124,144,181,217,236
X57,13,47,75,105,137,171,207,253
X58,24,61,84,112,152,189,212,225
X59,64,65,80,81,192,193,208,209
X60,10,40,78,108,142,172,202,248
X61,66,67,82,83,194,195,210,211
X62,68,69,84,85,196,197,212,213
X63,14,44,72,106,138,168,204,254
X64,70,71,86,87,198,199,214,215
X65,72,73,88,89,204,205,216,217
X66,74,75,90,91,206,207,218,219
X67,76,77,92,93,200,201,220,221
X68,78,79,94,95,202,203,222,223
X69,19,54,91,127,147,182,218,238
X70,21,49,92,121,149,176,220,233
X71,23,50,94,122,151,178,223,235
X72,26,62,87,114,155,191,215,226
X73,25,54,69,110,140,166,213,238
X74,96,97,112,113,224,225,240,241
X75,29,49,65,105,137,161,209,233
X76,98,99,114,115,226,227,242,243
X77,100,101,116,117,228,229,244,245
X78,102,103,118,119,230,231,246,247
X79,104,105,120,121,232,233,252,253
X80,106,107,122,123,234,235,254,255
X81,108,109,124,125,236,237,248,249
X82,110,111,126,127,238,239,250,251
X83,17,61,73,97,129,169,217,225
X84,19,62,74,98,130,170,218,226
X85,25,60,85,113,153,188,213,224
X86,21,59,77,102,132,175,220,230
X87,11,41,79,109,143,173,203,249
X88,15,45,73,107,139,169,205,255
X89,27,53,70,109,143,164,214,236
X90,30,58,82,119,159,187,210,231
X91,27,63,86,115,154,190,214,227
X92,29,56,80,116,157,184,209,228
X93,23,56,79,100,135,173,223,228
OX0,130,131,134,135,138,139,140,141,146,147,148,149,152,153,156,157,162,163,166,167,170,171,172,173,178,179,180,181,184,185,188,189,194,195,198,199,200,201,206,207,208,209,212,213,216,217,222,223,224,225,228,229,232,233,238,239,242,243,246,247,248,249,254,255
OX1,208,209,210,211,212,213,214,215,216,217,218,219,220,221,222,223,224,225,226,227,228,229,230,231,232,233,234,235,236,237,238,239
OX2,176,177,178,179,180,181,182,183,184,185,186,187,188,189,190,191,196,197,198,199,200,201,202,203,212,213,214,215,220,221,222,223,228,229,230,231,236,237,238,239,244,245,246,247,248,249,250,251
OX3,193,195,196,199,201,203,205,207,209,211,212,214,217,219,220,223,225,227,228,230,233,235,236,239,241,243,244,247,249,251,253,255
OX4,124,125,126,127,134,135,138,139,140,141,142,143,146,147,148,149,150,151,154,155,166,167,172,173,182,183,184,185,194,195,206,207,210,211,212,213,214,215,216,217,220,221,222,223,224,225,228,229,230,231,238,239,242,243,250,251,252,253,254,255
OX5,152,153,154,155,156,157,158,159,194,195,198,199,200,201,206,207,210,211,214,215,216,217,222,223,224,225,228,229,234,235,236,237,242,243,246,247,250,251,252,253
OX6,86,87,90,91,118,119,126,127,138,139,142,143,146,147,148,149,150,151,154,155,170,171,174,175,186,187,190,191,196,197,202,203,204,205,212,213,216,217,220,221,224,225,226,227,234,235,236,237,238,239,244,245,250,251,252,253
OX7,148,149,150,151,156,157,158,159,204,205,206,207,212,213,214,215,216,217,218,219,220,221,222,223,224,225,226,227,228,229,230,231,236,237,238,239,252,253,254,255
OX8,146,147,150,151,154,155,156,157,194,195,198,199,204,205,206,207,212,213,214,215,216,217,222,223,224,225,228,229,236,237,238,239,242,243,246,247,252,253,254,255
OX9,196,197,198,199,204,205,206,207,212,213,214,215,216,217,218,219,224,225,226,227,236,237,238,239,244,245,246,247,252,253,254,255
OX10,118,119,126,127,140,141,142,143,150,151,154,155,162,163,166,167,170,171,172,173,174,175,178,179,180,181,184,185,186,187,188,189,202,203,206,207,210,211,212,213,226,227,228,229,230,231,236,237,238,239,242,243,244,245,248,249
OX11,140,141,142,143,156,157,158,159,162,163,166,167,170,171,172,173,178,179,180,181,184,185,188,189,194,195,198,199,202,203,204,205,210,211,214,215,216,217,222,223,224,225,226,227,244,245,246,247,248,249,250,251,252,253,254,255
OX12,138,139,142,143,154,155,156,157,198,199,202,203,204,205,206,207,212,213,216,217,218,219,222,223,224,225,226,227,228,229,234,235,236,237,238,239,246,247,252,253
OX13,73,75,77,79,89,90,93,95,105,107,109,111,113,115,117,119,122,123,137,139,141,143,150,151,153,154,156,159,161,163,164,167,169,171,173,174,177,179,181,183,185,186,189,190,197,199,201,203,206,207,210,211,213,215,216,217,218,219,220,222,224,225,226,227,229,231,233,234,236,237,238,239,241,243,244,245,249,250,252,253
OX14,134,135,142,143,150,151,154,155,156,157,158,159,162,163,164,165,170,171,174,175,178,179,182,183,186,187,188,189,202,203,206,207,210,211,212,213,226,227,228,229,230,231,238,239,242,243,244,245,246,247,250,251
OX15,105,107,109,111,113,115,117,119,122,123,137,139,141,143,150,151,153,154,156,159,162,163,165,166,169,171,172,173,174,175,178,179,181,183,184,185,186,187,188,191,216,217,218,219,224,226,228,229,230,231,234,235,237,238,242,243,245,246,248,249,250,251,253,255
OX16,164,165,166,167,172,173,174,175,180,181,182,183,184,185,186,187,228,229,230,231,236,237,238,239,244,245,246,247,248,249,250,251
OX17,162,163,166,167,170,171,172,173,178,179,180,181,184,185,188,189,204,205,206,207,212,213,214,215,226,227,228,229,234,235,236,237,242,243,244,245,248,249,254,255
OX18,161,163,165,166,169,171,172,174,177,179,181,183,184,186,188,191,216,217,218,219,220,221,222,223,224,226,228,230,233,235,237,238,241,243,245,246,248,250,253,255
OX19,156,157,158,159,178,179,182,183,184,185,188,189,202,203,204,205,210,211,214,215,216,217,218,219,224,225,226,227,234,235,236,237,248,249,254,255
OX20,154,155,158,159,184,185,188,189,202,203,204,205,210,211,214,215,216,217,222,223,224,225,228,229,234,235,236,237,248,249,254,255
OX21,184,185,186,187,188,189,190,191,194,195,198,199,202,203,204,205,210,211,214,215,216,217,222,223,224,225,228,229,234,235,236,237,242,243,246,247,248,249,254,255
OX22,90,91,94,95,122,123,126,127,150,151,158,159,178,179,180,181,182,183,186,187,214,215,218,219,226,227,236,237
OX23,180,181,182,183,188,189,190,191,204,205,206,207,216,217,218,219,224,225,226,227,252,253,254,255
OX24,178,179,182,183,186,187,188,189,194,195,198,199,204,205,206,207,210,211,214,215,216,217,218,219,224,225,226,227,234,235,236,237,242,243,246,247,252,253,254,255
OX25,122,123,126,127,142,143,150,151,170,171,172,173,174,175,190,191,210,211,212,213,216,217,222,223,224,225,226,227,230,231,234,235,236,237,238,239,250,251,252,253
OX26,172,173,174,175,188,189,190,191,194,195,198,199,202,203,204,205,210,211,212,213,218,219,222,223,226,227,230,231,234,235,238,239,242,243,246,247,250,251,254,255
OX27,170,171,174,175,186,187,188,189,198,199,204,205,214,215,216,217,224,225,226,227,230,231,236,237,246,247,250,251,252,253,254,255
OX28,81,83,85,87,89,91,93,95,113,115,117,119,121,123,125,127,129,131,133,135,145,147,149,151,158,159,169,171,173,174,182,183,185,186,189,191,194,195,198,199,201,203,205,206,209,210,213,215,216,217,218,219,220,221,222,223,224,225,226,227,228,229,230,231,233,234,237,238,241,242,244,247,250,251,252,253
OX29,166,167,174,175,182,183,186,187,188,189,190,191,198,199,204,205,212,213,218,219,226,227,230,231,244,245,246,247,250,251,254,255
OX30,113,115,117,119,121,123,125,127,129,131,137,139,145,147,150,151,157,159,165,167,169,171,181,182,186,187,188,190,194,195,198,199,204,205,206,207,210,211,214,215,218,219,222,223,226,227,228,229,233,234,236,239,241,242,244,247,252,253,254,255
OX31,67,71,75,77,83,85,89,93,94,95,99,103,107,109,115,117,121,125,126,127,133,135,142,143,149,150,158,159,165,167,174,175,181,182,190,191,194,198,201,202,203,205,210,213,218,221,222,223,226,229,234,237,238,239,242,246,249,250,251,253
OX32,212,213,214,215,216,217,218,219,224,225,226,227,236,237,238,239
OX33,129,131,133,135,137,139,141,142,145,147,149,150,153,155,157,159,186,187,190,191,194,195,198,199,202,203,206,207,210,211,214,215,216,217,218,219,224,226,228,231,233,234,236,239,241,242,244,247,249,251,252,255
OX34,126,127,150,151,186,187,190,191,198,199,204,205,210,211,218,219,226,227,234,235,246,247,254,255
OX35,43,47,59,63,83,87,89,93,107,109,115,117,125,127,135,141,142,143,151,153,167,169,171,174,183,187,189,191,195,198,202,203,206,207,210,211,214,215,216,218,219,221,222,223,224,225,226,227,229,230,234,236,243,246,249,250,252,253
OX36,188,189,190,191,198,199,204,205,214,215,216,217,224,225,236,237,246,247,254,255
OX37,142,143,150,151,174,175,190,191,194,195,198,199,202,203,204,205,210,211,214,215,230,231,234,235,242,243,246,247,250,251,254,255
OX38,89,91,93,94,131,135,139,141,147,151,153,158,163,167,169,175,179,183,186,189,190,191,194,195,206,207,210,211,214,215,216,219,221,223,224,225,230,231,234,235,236,237,242,243,252,253
OX39,174,175,186,187,230,231,250,251
OX40,85,87,93,95,133,135,149,151,158,159,163,167,171,175,179,182,187,191,195,198,201,204,205,207,211,213,219,220,221,223,238,239,254,255
OX41,83,87,91,93,94,95,131,133,147,149,150,151,158,159,171,175,187,191,194,198,201,204,205,207,220,221,242,243,254,255
OX42,133,135,141,143,149,151,153,155,158,159,165,167,169,171,181,182,189,190,201,203,205,207,216,218,220,223,224,225,226,227,230,231,236,237
OX43,77,79,93,95,99,103,107,109,115,117,121,125,131,135,139,141,147,151,153,159,186,187,190,191,194,197,198,199,203,206,211,213,214,215,219,220,221,222,227,229,235,237,238,239,242,244,245,247,249,252
OX44,75,79,91,93,135,141,150,153,163,175,179,187,195,197,198,199,203,204,205,206,211,213,219,221,230,231,238,239,244,245,246,247,252,253,254,255
OX45,165,167,169,171,181,182,189,190,197,199,205,206,213,214,216,219,224,225,236,237,238,239,244,245,246,247,252,253
OX46,71,79,87,93,94,95,101,103,109,111,117,119,125,127,135,141,151,153,158,159,163,175,179,182,183,186,194,197,198,203,206,207,211,213,214,218,219,221,226,227,229,230,237,238,242,243,244,246,249,251,252,253
OX47,101,103,109,111,117,119,125,127,198,199,206,207,214,215,218,219,226,227,229,231,237,239,245,247,249,251,252,253
OX48,99,103,107,109,115,117,121,125,131,135,139,141,147,151,153,159,186,187,190,191,194,197,198,199,201,206,210,213,214,215,219,220,222,223,227,229,230,231,234,237,238,239,242,244,245,247,249,252
OX49,94,95,182,183,186,187,190,191,194,195,206,207,210,211,218,219,226,227,234,235,242,243,252,253
OX50,93,95,115,119,121,125,131,135,137,141,147,150,153,157,158,159,173,175,182,183,185,186,194,195,197,199,203,204,205,206,210,211,213,215,218,221,222,223,226,227,228,229,230,231,233,234,235,237,238,239,242,244,245,247,252,253,254,255
OX51,91,95,121,125,137,143,155,157,171,173,182,183,185,190,214,215,219,222,228,229,233,237
OX52,150,151,158,159,182,183,190,191,204,205,206,207,210,211,218,219,226,227,234,235,252,253,254,255
OX53,121,123,125,127,131,135,137,143,147,151,155,157,158,159,163,167,171,173,179,182,185,191,204,205,206,207,210,211,214,215,218,219,222,223,226,227,228,229,233,234,237,239,252,253,254,255
OX54,182,183,190,191,206,207,218,219,226,227,252,253
OX55,117,119,125,127,131,135,139,143,147,151,155,158,169,171,189,190,197,199,204,206,210,211,213,214,216,218,222,223,224,225,226,229,234,238,243,244,245,247,249,252,253,254
OX56,115,119,123,125,139,143,155,158,163,167,169,171,179,183,186,187,189,190,194,195,197,198,205,207,213,214,216,218,224,225,226,227,238,239,242,244,245,246,249,255
OX57,137,139,141,143,153,155,157,158,169,171,173,175,185,187,189,190,201,203,204,206,210,211,214,215,216,219,220,222,224,225,228,229,233,234,237,239,249,251,252,254
OX58,59,63,79,87,107,109,111,119,125,127,131,135,147,151,163,167,169,173,179,183,185,187,189,190,197,198,199,203,204,213,214,216,218,219,222,223,224,225,226,227,229,230,238,245,246,247,251,254
OX59,109,111,125,127,131,135,139,143,147,151,155,158,163,167,169,173,179,183,185,189,195,197,203,204,211,213,216,218,219,222,224,225,226,229,235,238,243,245,251,254
OX60,107,111,123,125,131,143,147,155,167,173,183,185,190,191,206,207,214,215,218,219,222,223,226,229,235,237,243,244,251,252,253,255
OX61,169,171,173,175,185,187,189,190,197,199,205,206,210,211,213,215,216,218,222,223,224,225,226,227,229,230,234,235,237,238,245,247,249,251,252,253
OX62,103,111,119,125,131,143,147,155,158,159,167,173,183,185,190,191,206,207,210,211,214,215,218,219,222,223,226,229,231,234,235,237,243,244,246,251,252,253
OX63,131,135,139,143,147,151,155,158,163,167,171,175,179,183,187,190,195,199,203,204,205,206,210,214,218,223,226,230,234,239,243,247,251,252,253,254
OX64,62,63,226,227
OX65,79,95,111,125,135,139,151,158,163,171,173,175,179,185,187,191,195,199,204,205,207,210,215,219,222,223,229,230,234,237,239,244,247,254
OX66,47,63,111,125,135,139,151,159,163,173,175,179,185,187,190,191,195,198,203,204,205,207,211,215,219,222,229,230,235,237,239,244,246,254
OX67,125,127,135,139,151,159,163,171,173,175,179,185,187,190,195,198,203,204,205,207,211,215,218,222,226,227,229,230,235,237,244,246,251,254
Z0,0,1,16,17,128,129,144,145
Z1,0,32,64,96,128,160,192,240
Z2,2,3,18,19,130,131,146,147
Z3,2,34,66,98,130,162,194,242
Z4,4,5,20,21,132,133,148,149
Z5,4,36,70,102,132,164,199,247
Z6,6,7,22,23,134,135,150,151
Z7,6,38,68,100,135,167,196,244
Z8,8,9,24,25,140,141,152,153
Z9,8,32,92,112,152,176,200,240
Z10,10,11,26,27,142,143,154,155
Z11,10,34,94,115,154,178,202,242
Z12,12,13,28,29,136,137,156,157
Z13,12,39,90,116,157,183,206,245
Z14,14,15,30,31,138,139,158,159
Z15,14,37,89,118,158,181,204,246
Z16,1,33,65,97,129,161,193,241
Z17,16,52,88,125,145,180,216,237
Z18,3,35,67,99,131,163,195,243
Z19,18,55,90,126,146,183,219,239
Z20,5,37,71,103,133,165,198,246
Z21,20,48,93,120,148,177,221,232
Z22,7,39,69,101,134,166,197,245
Z23,22,51,95,123,150,179,222,234
Z24,9,33,93,113,153,177,201,241
Z25,24,55,68,111,141,167,212,239
Z26,11,35,95,114,155,179,203,243
Z27,26,52,71,108,142,165,215,237
Z28,13,38,91,117,156,182,207,244
Z29,28,48,64,104,136,160,208,232
Z30,15,36,88,119,159,180,205,247
Z31,30,51,66,106,138,162,210,234
Z32,32,33,48,49,160,161,176,177
Z33,0,40,80,124,144,184,192,248
Z34,34,35,50,51,162,163,178,179
Z35,2,42,83,126,146,186,194,250
Z36,36,37,52,53,164,165,180,181
Z37,4,47,87,120,148,191,199,253
Z38,38,39,54,55,166,167,182,183
Z39,6,45,85,123,150,188,196,255
Z40,40,41,56,57,172,173,184,185
Z41,8,42,76,110,140,174,200,250
Z42,42,43,58,59,174,175,186,187
Z43,44,45,60,61,168,169,188,189
Z44,12,46,74,104,136,170,206,252
Z45,46,47,62,63,170,171,190,191
Z46,1,41,81,125,145,185,193,249
Z47,20,58,76,103,133,174,221,231
Z48,3,43,82,127,147,187,195,251
Z49,22,57,78,101,134,172,222,229
Z50,5,46,86,121,149,190,198,252
Z51,16,60,72,96,128,168,216,224
Z52,7,44,84,122,151,189,197,254
Z53,18,63,75,99,131,171,219,227
Z54,9,43,77,111,141,175,201,251
Z55,28,57,81,117,156,185,208,229
Z56,17,53,89,124,144,181,217,236
Z57,13,47,75,105,137,171,207,253
Z58,24,61,84,112,152,189,212,225
Z59,64,65,80,81,192,193,208,209
Z60,10,40,78,108,142,172,202,248
Z61,66,67,82,83,194,195,210,211
Z62,68,69,84,85,196,197,212,213
Z63,14,44,72,106,138,168,204,254
Z64,70,71,86,87,198,199,214,215
Z65,72,73,88,89,204,205,216,217
Z66,74,75,90,91,206,207,218,219
Z67,76,77,92,93,200,201,220,221
Z68,78,79,94,95,202,203,222,223
Z69,19,54,91,127,147,182,218,238
Z70,21,49,92,121,149,176,220,233
Z71,23,50,94,122,151,178,223,235
Z72,26,62,87,114,155,191,215,226
Z73,25,54,69,110,140,166,213,238
Z74,96,97,112,113,224,225,240,241
Z75,29,49,65,105,137,161,209,233
Z76,98,99,114,115,226,227,242,243
Z77,100,101,116,117,228,229,244,245
Z78,102,103,118,119,230,231,246,247
Z79,104,105,120,121,232,233,252,253
Z80,106,107,122,123,234,235,254,255
Z81,108,109,124,125,236,237,248,249
Z82,110,111,126,127,238,239,250,251
Z83,17,61,73,97,129,169,217,225
Z84,19,62,74,98,130,170,218,226
Z85,25,60,85,113,153,188,213,224
Z86,21,59,77,102,132,175,220,230
Z87,11,41,79,109,143,173,203,249
Z88,15,45,73,107,139,169,205,255
Z89,27,53,70,109,143,164,214,236
Z90,30,58,82,119,159,187,210,231
Z91,27,63,86,115,154,190,214,227
Z92,29,56,80,116,157,184,209,228
Z93,23,56,79,100,135,173,223,228
OZ0,130,131,134,135,138,139,140,141,146,147,148,149,152,153,156,157,162,163,166,167,170,171,172,173,178,179,180,181,184,185,188,189,194,195,198,199,200,201,206,207,208,209,212,213,216,217,222,223,224,225,228,229,232,233,238,239,242,243,246,247,248,249,254,255
OZ1,208,209,210,211,212,213,214,215,216,217,218,219,220,221,222,223,224,225,226,227,228,229,230,231,232,233,234,235,236,237,238,239
OZ2,176,177,178,179,180,181,182,183,184,185,186,187,188,189,190,191,196,197,198,199,200,201,202,203,212,213,214,215,220,221,222,223,228,229,230,231,236,237,238,239,244,245,246,247,248,249,250,251
OZ3,193,195,196,199,201,203,205,207,209,211,212,214,217,219,220,223,225,227,228,230,233,235,236,239,241,243,244,247,249,251,253,255
OZ4,124,125,126,127,134,135,138,139,140,141,142,143,146,147,148,149,150,151,154,155,166,167,172,173,182,183,184,185,194,195,206,207,210,211,212,213,214,215,216,217,220,221,222,223,224,225,228,229,230,231,238,239,242,243,250,251,252,253,254,255
OZ5,152,153,154,155,156,157,158,159,194,195,198,199,200,201,206,207,210,211,214,215,216,217,222,223,224,225,228,229,234,235,236,237,242,243,246,247,250,251,252,253
OZ6,86,87,90,91,118,119,126,127,138,139,142,143,146,147,148,149,150,151,154,155,170,171,174,175,186,187,190,191,196,197,202,203,204,205,212,213,216,217,220,221,224,225,226,227,234,235,236,237,238,239,244,245,250,251,252,253
OZ7,148,149,150,151,156,157,158,159,204,205,206,207,212,213,214,215,216,217,218,219,220,221,222,223,224,225,226,227,228,229,230,231,236,237,238,239,252,253,254,255
OZ8,146,147,150,151,154,155,156,157,194,195,198,199,204,205,206,207,212,213,214,215,216,217,222,223,224,225,228,229,236,237,238,239,242,243,246,247,252,253,254,255
OZ9,196,197,198,199,204,205,206,207,212,213,214,215,216,217,218,219,224,225,226,227,236,237,238,239,244,245,246,247,252,253,254,255
OZ10,118,119,126,127,140,141,142,143,150,151,154,155,162,163,166,167,170,171,172,173,174,175,178,179,180,181,184,185,186,187,188,189,202,203,206,207,210,211,212,213,226,227,228,229,230,231,236,237,238,239,242,243,244,245,248,249
OZ11,140,141,142,143,156,157,158,159,162,163,166,167,170,171,172,173,178,179,180,181,184,185,188,189,194,195,198,199,202,203,204,205,210,211,214,215,216,217,222,223,224,225,226,227,244,245,246,247,248,249,250,251,252,253,254,255
OZ12,138,139,142,143,154,155,156,157,198,199,202,203,204,205,206,207,212,213,216,217,218,219,222,223,224,225,226,227,228,229,234,235,236,237,238,239,246,247,252,253
OZ13,73,75,77,79,89,90,93,95,105,107,109,111,113,115,117,119,122,123,137,139,141,143,150,151,153,154,156,159,161,163,164,167,169,171,173,174,177,179,181,183,185,186,189,190,197,199,201,203,206,207,210,211,213,215,216,217,218,219,220,222,224,225,226,227,229,231,233,234,236,237,238,239,241,243,244,245,249,250,252,253
OZ14,134,135,142,143,150,151,154,155,156,157,158,159,162,163,164,165,170,171,174,175,178,179,182,183,186,187,188,189,202,203,206,207,210,211,212,213,226,227,228,229,230,231,238,239,242,243,244,245,246,247,250,251
OZ15,105,107,109,111,113,115,117,119,122,123,137,139,141,143,150,151,153,154,156,159,162,163,165,166,169,171,172,173,174,175,178,179,181,183,184,185,186,187,188,191,216,217,218,219,224,226,228,229,230,231,234,235,237,238,242,243,245,246,248,249,250,251,253,255
OZ16,164,165,166,167,172,173,174,175,180,181,182,183,184,185,186,187,228,229,230,231,236,237,238,239,244,245,246,247,248,249,250,251
OZ17,162,163,166,167,170,171,172,173,178,179,180,181,184,185,188,189,204,205,206,207,212,213,214,215,226,227,228,229,234,235,236,237,242,243,244,245,248,249,254,255
OZ18,161,163,165,166,169,171,172,174,177,179,181,183,184,186,188,191,216,217,218,219,220,221,222,223,224,226,228,230,233,235,237,238,241,243,245,246,248,250,253,255
OZ19,156,157,158,159,178,179,182,183,184,185,188,189,202,203,204,205,210,211,214,215,216,217,218,219,224,225,226,227,234,235,236,237,248,249,254,255
OZ20,154,155,158,159,184,185,188,189,202,203,204,205,210,211,214,215,216,217,222,223,224,225,228,229,234,235,236,237,248,249,254,255
OZ21,184,185,186,187,188,189,190,191,194,195,198,199,202,203,204,205,210,211,214,215,216,217,222,223,224,225,228,229,234,235,236,237,242,243,246,247,248,249,254,255
OZ22,90,91,94,95,122,123,126,127,150,151,158,159,178,179,180,181,182,183,186,187,214,215,218,219,226,227,236,237
OZ23,180,181,182,183,188,189,190,191,204,205,206,207,216,217,218,219,224,225,226,227,252,253,254,255
OZ24,178,179,182,183,186,187,188,189,194,195,198,199,204,205,206,207,210,211,214,215,216,217,218,219,224,225,226,227,234,235,236,237,242,243,246,247,252,253,254,255
OZ25,122,123,126,127,142,143,150,151,170,171,172,173,174,175,190,191,210,211,212,213,216,217,222,223,224,225,226,227,230,231,234,235,236,237,238,239,250,251,252,253
OZ26,172,173,174,175,188,189,190,191,194,195,198,199,202,203,204,205,210,211,212,213,218,219,222,223,226,227,230,231,234,235,238,239,242,243,246,247,250,251,254,255
OZ27,170,171,174,175,186,187,188,189,198,199,204,205,214,215,216,217,224,225,226,227,230,231,236,237,246,247,250,251,252,253,254,255
OZ28,81,83,85,87,89,91,93,95,113,115,117,119,121,123,125,127,129,131,133,135,145,147,149,151,158,159,169,171,173,174,182,183,185,186,189,191,194,195,198,199,201,203,205,206,209,210,213,215,216,217,218,219,220,221,222,223,224,225,226,227,228,229,230,231,233,234,237,238,241,242,244,247,250,251,252,253
OZ29,166,167,174,175,182,183,186,187,188,189,190,191,198,199,204,205,212,213,218,219,226,227,230,231,244,245,246,247,250,251,254,255
OZ30,113,115,117,119,121,123,125,127,129,131,137,139,145,147,150,151,157,159,165,167,169,171,181,182,186,187,188,190,194,195,198,199,204,205,206,207,210,211,214,215,218,219,222,223,226,227,228,229,233,234,236,239,241,242,244,247,252,253,254,255
OZ31,67,71,75,77,83,85,89,93,94,95,99,103,107,109,115,117,121,125,126,127,133,135,142,143,149,150,158,159,165,167,174,175,181,182,190,191,194,198,201,202,203,205,210,213,218,221,222,223,226,229,234,237,238,239,242,246,249,250,251,253
OZ32,212,213,214,215,216,217,218,219,224,225,226,227,236,237,238,239
OZ33,129,131,133,135,137,139,141,142,145,147,149,150,153,155,157,159,186,187,190,191,194,195,198,199,202,203,206,207,210,211,214,215,216,217,218,219,224,226,228,231,233,234,236,239,241,242,244,247,249,251,252,255
OZ34,126,127,150,151,186,187,190,191,198,199,204,205,210,211,218,219,226,227,234,235,246,247,254,255
OZ35,43,47,59,63,83,87,89,93,107,109,115,117,125,127,135,141,142,143,151,153,167,169,171,174,183,187,189,191,195,198,202,203,206,207,210,211,214,215,216,218,219,221,222,223,224,225,226,227,229,230,234,236,243,246,249,250,252,253
OZ36,188,189,190,191,198,199,204,205,214,215,216,217,224,225,236,237,246,247,254,255
OZ37,142,143,150,151,174,175,190,191,194,195,198,199,202,203,204,205,210,211,214,215,230,231,234,235,242,243,246,247,250,251,254,255
OZ38,89,91,93,94,131,135,139,141,147,151,153,158,163,167,169,175,179,183,186,189,190,191,194,195,206,207,210,211,214,215,216,219,221,223,224,225,230,231,234,235,236,237,242,243,252,253
OZ39,174,175,186,187,230,231,250,251
OZ40,85,87,93,95,133,135,149,151,158,159,163,167,171,175,179,182,187,191,195,198,201,204,205,207,211,213,219,220,221,223,238,239,254,255
OZ41,83,87,91,93,94,95,131,133,147,149,150,151,158,159,171,175,187,191,194,198,201,204,205,207,220,221,242,243,254,255
OZ42,133,135,141,143,149,151,153,155,158,159,165,167,169,171,181,182,189,190,201,203,205,207,216,218,220,223,224,225,226,227,230,231,236,237
OZ43,77,79,93,95,99,103,107,109,115,117,121,125,131,135,139,141,147,151,153,159,186,187,190,191,194,197,198,199,203,206,211,213,214,215,219,220,221,222,227,229,235,237,238,239,242,244,245,247,249,252
OZ44,75,79,91,93,135,141,150,153,163,175,179,187,195,197,198,199,203,204,205,206,211,213,219,221,230,231,238,239,244,245,246,247,252,253,254,255
OZ45,165,167,169,171,181,182,189,190,197,199,205,206,213,214,216,219,224,225,236,237,238,239,244,245,246,247,252,253
OZ46,71,79,87,93,94,95,101,103,109,111,117,119,125,127,135,141,151,153,158,159,163,175,179,182,183,186,194,197,198,203,206,207,211,213,214,218,219,221,226,227,229,230,237,238,242,243,244,246,249,251,252,253
OZ47,101,103,109,111,117,119,125,127,198,199,206,207,214,215,218,219,226,227,229,231,237,239,245,247,249,251,252,253
OZ48,99,103,107,109,115,117,121,125,131,135,139,141,147,151,153,159,186,187,190,191,194,197,198,199,201,206,210,213,214,215,219,220,222,223,227,229,230,231,234,237,238,239,242,244,245,247,249,252
OZ49,94,95,182,183,186,187,190,191,194,195,206,207,210,211,218,219,226,227,234,235,242,243,252,253
OZ50,93,95,115,119,121,125,131,135,137,141,147,150,153,157,158,159,173,175,182,183,185,186,194,195,197,199,203,204,205,206,210,211,213,215,218,221,222,223,226,227,228,229,230,231,233,234,235,237,238,239,242,244,245,247,252,253,254,255
OZ51,91,95,121,125,137,143,155,157,171,173,182,183,185,190,214,215,219,222,228,229,233,237
OZ52,150,151,158,159,182,183,190,191,204,205,206,207,210,211,218,219,226,227,234,235,252,253,254,255
OZ53,121,123,125,127,131,135,137,143,147,151,155,157,158,159,163,167,171,173,179,182,185,191,204,205,206,207,210,211,214,215,218,219,222,223,226,227,228,229,233,234,237,239,252,253,254,255
OZ54,182,183,190,191,206,207,218,219,226,227,252,253
OZ55,117,119,125,127,131,135,139,143,147,151,155,158,169,171,189,190,197,199,204,206,210,211,213,214,216,218,222,223,224,225,226,229,234,238,243,244,245,247,249,252,253,254
OZ56,115,119,123,125,139,143,155,158,163,167,169,171,179,183,186,187,189,190,194,195,197,198,205,207,213,214,216,218,224,225,226,227,238,239,242,244,245,246,249,255
OZ57,137,139,141,143,153,155,157,158,169,171,173,175,185,187,189,190,201,203,204,206,210,211,214,215,216,219,220,222,224,225,228,229,233,234,237,239,249,251,252,254
OZ58,59,63,79,87,107,109,111,119,125,127,131,135,147,151,163,167,169,173,179,183,185,187,189,190,197,198,199,203,204,213,214,216,218,219,222,223,224,225,226,227,229,230,238,245,246,247,251,254
OZ59,109,111,125,127,131,135,139,143,147,151,155,158,163,167,169,173,179,183,185,189,195,197,203,204,211,213,216,218,219,222,224,225,226,229,235,238,243,245,251,254
OZ60,107,111,123,125,131,143,147,155,167,173,183,185,190,191,206,207,214,215,218,219,222,223,226,229,235,237,243,244,251,252,253,255
OZ61,169,171,173,175,185,187,189,190,197,199,205,206,210,211,213,215,216,218,222,223,224,225,226,227,229,230,234,235,237,238,245,247,249,251,252,253
OZ62,103,111,119,125,131,143,147,155,158,159,167,173,183,185,190,191,206,207,210,211,214,215,218,219,222,223,226,229,231,234,235,237,243,244,246,251,252,253
OZ63,131,135,139,143,147,151,155,158,163,167,171,175,179,183,187,190,195,199,203,204,205,206,210,214,218,223,226,230,234,239,243,247,251,252,253,254
OZ64,62,63,226,227
OZ65,79,95,111,125,135,139,151,158,163,171,173,175,179,185,187,191,195,199,204,205,207,210,215,219,222,223,229,230,234,237,239,244,247,254
OZ66,47,63,111,125,135,139,151,159,163,173,175,179,185,187,190,191,195,198,203,204,205,207,211,215,219,222,229,230,235,237,239,244,246,254
OZ67,125,127,135,139,151,159,163,171,173,175,179,185,187,190,195,198,203,204,205,207,211,215,218,222,226,227,229,230,235,237,244,246,251,254
