X0,0,2,16,18,128,130,144,146
X1,1,3,17,19,129,131,145,147
X2,0,32,64,96,128,160,192,240
X3,1,33,65,97,129,161,193,241
X4,4,6,20,22,132,134,148,150
X5,5,7,21,23,133,135,149,151
X6,4,36,69,101,132,164,197,245
X7,5,37,68,100,133,165,196,244
X8,8,10,24,27,140,142,152,154
X9,9,11,25,26,141,143,153,155
X10,8,32,92,112,152,176,200,240
X11,9,33,93,113,153,177,201,241
X12,12,14,28,31,136,139,156,159
X13,13,15,29,30,137,138,157,158
X14,12,39,91,117,159,183,204,247
X15,13,38,90,116,158,182,205,246
X16,2,34,67,99,130,162,195,243
X17,3,35,66,98,131,163,194,242
X18,16,52,88,126,146,180,216,238
X19,17,53,89,127,147,181,217,239
X20,6,38,70,102,134,166,198,246
X21,7,39,71,103,135,167,199,247
X22,20,48,94,120,148,178,222,232
X23,21,49,95,121,149,179,223,233
X24,10,34,94,115,154,178,202,243
X25,11,35,95,114,155,179,203,242
X26,25,54,69,110,143,164,213,236
X27,24,55,68,111,142,165,212,237
X28,14,37,89,118,156,181,207,244
X29,15,36,88,119,157,180,206,245
X30,29,49,65,105,137,161,209,233
X31,28,48,64,104,136,160,208,232
X32,32,34,48,50,160,162,176,178
X33,33,35,49,51,161,163,177,179
X34,0,40,80,124,144,184,192,248
X35,1,41,81,125,145,185,193,249
X36,36,38,52,54,164,166,180,182
X37,37,39,53,55,165,167,181,183
X38,4,47,87,120,148,189,197,254
X39,5,46,86,121,149,188,196,255
X40,40,42,56,59,172,174,184,186
X41,41,43,57,58,173,175,185,187
X42,44,46,60,63,168,171,188,191
X43,45,47,61,62,169,170,189,190
X44,2,42,83,126,146,186,195,250
X45,3,43,82,127,147,187,194,251
X46,20,58,77,102,134,173,222,230
X47,21,59,76,103,135,172,223,231
X48,6,45,84,122,150,190,198,253
X49,7,44,85,123,151,191,199,252
X50,16,60,72,96,128,168,216,224
X51,17,61,73,97,129,169,217,225
X52,18,54,90,124,144,182,219,236
X53,19,55,91,125,145,183,218,237
X54,18,63,75,99,130,171,219,227
X55,64,66,80,82,192,194,208,210
X56,65,67,81,83,193,195,209,211
X57,8,40,76,108,140,172,200,248
X58,9,41,77,109,141,173,201,249
X59,68,70,84,86,196,198,212,214
X60,69,71,85,87,197,199,213,215
X61,13,45,73,105,137,169,205,253
X62,12,44,72,104,136,168,204,252
X63,72,74,88,91,204,206,216,218
X64,73,75,89,90,205,207,217,219
X65,22,50,92,122,150,176,220,235
X66,76,78,92,95,200,203,220,223
X67,77,79,93,94,201,202,221,222
X68,24,62,84,112,152,190,212,226
X69,22,57,78,101,132,175,220,229
X70,28,58,82,118,156,187,208,230
X71,23,51,93,123,151,177,221,234
X72,96,98,112,114,224,226,240,242
X73,97,99,113,115,225,227,241,243
X74,100,102,116,118,228,230,244,246
X75,101,103,117,119,229,231,245,247
X76,104,106,120,123,232,234,252,254
X77,105,107,121,122,233,235,253,255
X78,108,110,124,127,236,239,248,251
X79,109,111,125,126,237,238,249,250
X80,19,62,74,98,131,170,218,226
X81,11,43,78,110,143,175,203,251
X82,10,42,79,111,142,174,202,250
X83,30,51,66,106,138,163,210,234
X84,15,47,74,106,138,170,206,254
X85,14,46,75,107,139,171,207,255
X86,26,52,70,109,141,166,214,238
X87,25,63,85,113,153,191,213,227
X88,26,60,86,114,155,188,214,224
X89,27,53,71,108,140,167,215,239
X90,29,59,83,119,157,186,209,231
X91,27,61,87,115,154,189,215,225
X92,23,56,79,100,133,174,221,228
X93,30,56,80,116,158,184,210,228
OX0,81,83,86,87,90,91,92,95,98,99,102,103,106,107,110,111,113,114,116,117,118,119,120,121,122,123,124,126,138,139,142,143,149,151,152,153,156,158,162,163,164,165,168,169,170,171,172,173,174,175,176,177,181,182,184,185,186,187,189,190,193,195,196,197,200,202,204,205,206,207,209,211,212,214,217,218,220,222,224,226,228,230,233,234,236,238,241,243,246,247,249,251
OX1,98,99,102,103,106,107,110,111,114,115,116,117,120,121,126,127,162,163,164,165,168,169,172,173,176,177,182,183,186,187,188,189,194,195,196,197,200,201,204,205,210,211,214,215,218,219,222,223,224,225,230,231,234,235,238,239,242,243,246,247,250,251,254,255
OX2,85,86,89,91,117,118,121,123,149,151,156,159,181,183,188,191,196,199,204,207,244,247,252,255
OX3,92,93,94,95,113,114,117,118,120,122,125,127,145,147,149,151,153,155,157,158,162,163,164,165,168,169,172,173,178,179,180,181,186,187,190,191,194,195,197,199,200,201,205,207,210,211,213,215,216,218,222,223,225,226,237,239,244,247,252,255
OX4,168,169,170,171,172,173,174,175,176,177,178,179,180,181,182,183,200,201,202,203,204,205,206,207,216,217,218,219,220,221,222,223
OX5,194,195,196,197,202,203,206,207,210,211,212,213,218,219,220,221,226,227,228,229,234,235,236,237,242,243,244,245,250,251,254,255
OX6,88,89,90,91,113,114,117,118,121,123,124,126,145,147,149,151,152,154,156,159,162,163,164,165,170,171,174,175,176,177,182,183,184,185,188,189,193,195,196,197,201,202,206,207,209,211,212,213,218,219,220,223,228,231,233,234,241,242,249,251
OX7,120,121,122,123,124,125,126,127,152,153,154,155,156,157,158,159,176,177,178,179,184,185,186,187,204,205,206,207,212,213,214,215,236,237,238,239,252,253,254,255
OX8,176,177,178,179,180,181,182,183,184,185,186,187,188,189,190,191,200,201,202,203,204,205,206,207,216,217,218,219,220,221,222,223,224,225,226,227,228,229,230,231,248,249,250,251,252,253,254,255
OX9,42,43,58,59,99,102,106,111,115,117,123,124,131,135,137,143,145,149,152,153,154,156,157,159,161,162,164,165,170,171,173,175,178,179,182,183,190,191,193,195,196,197,200,201,206,207,209,211,212,213,218,219,222,223,226,227,229,231,233,234,236,237,242,243,246,247,248,251,253,254
OX10,116,117,118,119,124,125,126,127,152,153,154,155,156,157,158,159,162,163,164,165,170,171,172,173,178,179,182,183,184,185,190,191,193,195,197,199,200,203,205,207,209,211,212,214,217,219,221,222,225,226,228,231,233,234,236,238,241,242,244,247,249,251,253,254
OX11,46,47,62,63,99,103,107,111,114,117,123,124,126,127,131,135,137,138,139,142,147,151,152,157,158,159,161,162,164,165,169,170,172,173,177,178,180,183,184,185,188,189,190,191,197,198,200,202,204,207,213,214,216,219,220,222,224,225,226,227,229,231,234,235,237,238,241,242,244,246,249,250,252,254
OX12,106,107,110,111,113,115,117,119,121,123,125,127,138,139,142,143,145,147,149,151,153,154,157,159,162,163,164,165,169,170,172,174,177,178,180,183,184,185,186,187,188,189,190,191,196,197,201,203,204,206,212,213,216,218,220,222,224,225,228,229,230,231,234,235,242,243,248,249,250,251,252,253
OX13,196,197,198,199,204,205,206,207,212,213,214,215,216,217,218,219,224,225,226,227,236,237,238,239,244,245,246,247,252,253,254,255
OX14,62,63,86,87,102,103,107,111,113,114,115,117,118,119,124,125,126,127,139,141,142,143,149,151,152,153,155,157,158,159,162,163,164,165,166,169,177,178,180,181,182,185,187,188,189,190,197,199,200,201,202,203,206,207,212,213,218,219,220,221,222,223,225,228,229,234,235,236,242,243,244,248,250,253,254,255
OX15,113,114,117,118,121,123,125,127,145,147,149,151,153,155,156,159,161,163,165,166,174,175,180,181,185,186,189,190,193,195,197,198,202,203,209,211,213,214,216,217,218,219,220,221,224,225,226,227,234,235,236,237,242,243,244,245
OX16,102,103,110,111,114,115,122,123,137,139,141,142,153,154,156,158,161,163,164,165,169,171,177,179,182,183,189,191,197,198,201,203,213,214,221,223,225,227,228,230,234,235,236,237,241,242,244,247
OX17,164,165,166,167,172,173,174,175,180,181,182,183,184,185,186,187,228,229,230,231,236,237,238,239,244,245,246,247,248,249,250,251
OX18,58,59,86,87,90,91,94,95,107,110,115,118,121,123,125,126,137,138,139,142,149,151,153,154,155,156,157,158,161,162,163,169,170,174,178,185,188,191,193,195,197,198,201,203,204,205,209,211,212,213,214,215,217,219,226,227,228,230,231,233,238,239,242,245,246,249,252,253
OX19,162,163,166,167,170,171,172,173,178,179,182,183,184,185,188,189,216,217,218,219,220,221,222,223,224,225,228,229,234,235,238,239,242,243,246,247,248,249,254,255
OX20,161,163,165,167,169,170,172,174,177,179,181,183,184,186,189,190,193,195,197,199,201,202,204,206,209,211,212,214,216,218,220,223,224,225,228,229,234,235,238,239,242,243,244,245,248,249,252,253
OX21,43,47,59,61,75,79,86,87,90,93,94,95,99,103,117,119,121,122,123,124,125,126,131,135,137,139,141,143,145,151,153,155,157,159,167,171,173,175,177,179,180,182,183,184,185,188,195,197,198,201,202,205,209,212,213,214,215,219,222,223,225,226,228,229,235,237,242,245,246,247,249,251,254,255
OX22,114,115,118,119,122,123,124,125,138,139,142,143,145,147,149,151,153,154,156,158,170,171,174,175,184,185,188,189,198,199,201,203,204,206,214,215,216,218,221,223,224,227,229,231,234,235,236,237,238,239,246,247,249,251,252,254
OX23,90,91,94,95,122,123,126,127,138,139,142,143,145,147,149,151,152,153,156,157,166,167,169,171,172,174,182,183,190,191,193,197,200,202,203,204,205,207,211,215,219,220,221,222,225,229,230,231,234,236,237,238,241,245,246,247,250,252,254,255
OX24,152,153,154,155,156,157,158,159,184,185,186,187,188,189,190,191,200,201,202,203,204,205,206,207,248,249,250,251,252,253,254,255
OX25,86,87,89,91,93,94,118,119,121,123,125,126,138,139,142,143,149,151,154,155,156,158,166,167,169,171,172,174,177,179,182,183,184,185,186,187,189,191,197,198,204,207,212,213,214,215,216,217,218,219,220,221,222,223,224,226,229,230,234,235,245,247,248,251,252,253,254,255
OX26,138,139,142,143,154,155,156,157,170,171,174,175,186,187,188,189,202,203,206,207,218,219,220,221,234,235,236,237,250,251,254,255
OX27,89,91,93,95,121,123,125,127,142,143,149,151,153,154,156,157,158,159,163,165,169,172,174,175,177,181,184,186,187,189,193,195,197,198,209,211,214,215,216,219,220,221,224,225,227,231,233,234,235,236,238,239,241,242,243,244,245,246,248,253
OX28,99,103,107,110,115,117,121,127,131,135,137,141,147,149,153,157,165,167,169,170,173,174,177,179,180,182,186,187,189,190,193,199,201,204,205,207,211,213,217,218,219,221,226,230,233,237,238,239,241,242,243,244,249,250,251,252,253,254
OX29,83,87,91,93,115,119,123,125,131,135,137,139,142,143,145,149,153,154,158,159,163,167,169,171,174,175,177,181,185,186,190,191,197,198,201,207,209,213,214,215,216,217,220,223,224,226,227,228,234,235,237,238,245,246,249,255
OX30,145,147,149,151,153,155,156,159,177,179,181,183,185,187,188,191,209,211,213,215,217,219,220,223,225,227,229,231,233,235,236,239
OX31,137,139,141,142,153,154,156,158,169,171,173,174,185,186,188,190,201,202,205,207,209,211,213,215,216,217,218,219,224,226,228,230,236,237,238,239,249,250,253,255
OX32,75,79,91,93,94,95,107,111,123,125,126,127,131,143,147,153,156,159,163,166,167,169,170,172,177,181,182,184,189,190,193,195,198,203,204,205,213,214,215,216,217,218,219,220,222,223,224,226,228,229,230,234,235,237,241,243,247,248,252,254
OX33,131,135,139,141,147,151,153,156,163,167,171,173,179,183,185,188,195,198,201,202,203,204,205,207,209,213,214,215,217,218,219,220,225,229,230,231,233,234,235,236,243,246,249,250,251,252,253,255
OX34,124,125,126,127,156,157,158,159,180,181,182,183,184,185,186,187,193,195,197,199,201,202,204,206,209,211,212,214,216,218,220,223,224,226,229,231,233,235,237,238,241,243,245,247,249,250,252,254
OX35,180,181,182,183,188,189,190,191,204,205,206,207,212,213,214,215,236,237,238,239,252,253,254,255
OX36,118,119,121,122,125,127,153,155,156,159,166,167,169,170,172,175,177,179,181,182,184,185,193,197,198,199,201,204,205,207,209,213,214,215,218,220,221,223,225,228,233,236,241,245,248,249,251,252,254,255
OX37,110,111,126,127,141,143,149,151,153,155,157,158,166,167,169,170,173,174,177,179,181,182,186,187,193,195,197,198,201,202,204,207,209,211,213,214,217,218,220,223,228,229,230,231,233,235,236,237,238,239,241,243,245,247,249,250,252,253,254,255
OX38,172,173,174,175,184,185,186,187,228,229,230,231,248,249,250,251
OX39,156,157,158,159,177,179,181,183,185,187,189,190,193,195,197,198,202,203,214,215,216,218,221,223,224,226,228,231,238,239,241,243,245,246,250,251
OX40,166,167,169,170,173,174,177,179,181,182,186,187,188,189,190,191,201,203,204,207,216,219,221,223,224,225,226,227,230,231,238,239,246,247,250,251,252,253,254,255
OX41,117,119,121,122,141,142,153,154,165,167,170,171,173,174,177,179,186,187,188,190,193,195,201,203,206,207,209,211,212,213,214,215,218,219,221,223,230,231,233,235,236,237,241,243,244,247,249,251
OX42,169,171,173,174,177,179,181,183,186,187,190,191,198,199,201,203,205,207,212,213,217,219,221,223,230,231,236,237,246,247,250,251
OX43,103,107,119,122,135,139,151,157,158,159,173,174,177,179,186,187,195,199,201,202,203,205,211,212,213,214,216,218,219,223,224,226,227,228,230,231,235,236,237,238,243,247,251,253
OX44,165,167,170,171,173,174,177,179,186,187,189,191,197,199,201,203,206,207,212,214,216,217,221,223,224,225,226,227,230,231,238,239,244,245,250,251
OX45,141,142,149,151,153,154,157,158,173,174,177,179,186,187,188,189,190,191,193,197,201,202,203,205,209,212,214,215,217,223,225,228,230,231,233,239,241,245,249,250,251,253
OX46,212,213,214,215,216,217,218,219,224,225,226,227,236,237,238,239
OX47,94,95,115,119,122,125,149,151,153,155,177,179,185,187,188,189,190,191,193,195,197,198,201,202,203,205,213,214,216,218,219,220,222,223,224,226,227,229,230,231,236,238,241,243,245,246,249,250,251,253
OX48,93,95,107,111,115,119,121,122,139,143,149,151,155,157,158,159,163,167,170,174,177,181,186,188,189,191,193,195,197,198,199,201,203,204,206,207,209,211,213,214,215,216,217,218,224,225,228,233,234,235,237,238,241,242,243,245,246,249,252,255
OX49,193,195,201,202,209,211,220,223,229,231,233,235,241,243,249,250
OX50,91,95,107,111,115,119,121,122,123,125,149,151,163,167,170,171,174,175,179,183,185,186,190,191,199,202,203,206,209,211,213,217,219,220,221,223,225,226,231,233,234,236,237,239,242,250
OX51,153,155,157,158,177,179,181,183,188,189,190,191,195,197,198,199,202,207,209,214,216,217,218,221,224,225,226,228,233,238,243,245,246,247,250,255
OX52,142,143,149,151,154,155,157,158,163,167,170,173,177,183,187,188,190,191,195,197,201,205,209,213,217,221,225,226,228,230,233,234,237,239,242,243,245,247,250,251,253,254
OX53,197,199,204,206,213,215,217,219,225,227,236,239,245,247,252,254
OX54,59,61,115,119,139,159,171,186,189,191,195,204,206,211,225,227,231,243,252,254
OX55,149,151,157,158,181,183,189,190,195,198,202,204,206,207,209,214,216,217,218,221,224,225,226,228,233,238,243,246,250,252,254,255
OX56,213,215,217,219,225,227,236,239
OX57,139,143,155,157,158,159,171,175,177,179,181,183,185,188,189,190,198,199,201,204,206,207,209,211,214,215,216,218,219,221,224,226,228,229,233,236,238,239,246,247,249,252,254,255
OX58,209,211,220,223,229,231,233,235
OX59,79,87,111,119,143,155,163,167,170,173,174,177,181,186,187,188,189,191,198,201,204,205,206,207,214,215,216,217,218,219,224,225,227,230,234,236,237,238,242,246,247,250,251,252,253,255
OX60,135,143,151,155,167,175,177,179,181,185,188,191,195,201,202,207,211,219,220,223,227,235,236,239,243,249,250,255
OX61,163,173,177,187,195,198,199,201,202,203,204,205,211,214,215,216,217,220,224,225,229,230,234,235,238,239,242,243,246,247,250,251,252,253
OX62,61,63,107,111,122,126,157,158,167,170,171,175,177,179,181,185,188,191,198,199,201,203,206,207,214,215,217,218,221,223,228,229,231,235,237,238,246,249,250,255
OX63,87,95,107,111,115,121,122,125,143,155,167,170,173,174,175,177,179,181,185,186,187,188,190,191,195,198,201,203,204,205,207,211,214,215,216,217,219,220,221,223,224,225,226,227,230,231,236,237,238,243,246,247,251,252,253,254
OX64,167,171,181,191,199,207,215,217,225,227
OX65,174,175,177,179,185,186,201,203,221,223,229,231,249,250
OX66,157,158,170,175,177,179,185,190,198,201,203,206,214,216,221,223,224,226,228,229,231,238,246,249
OX67,170,171,181,183,189,191,204,207,217,218,225,227,252,254
Z0,0,2,16,18,128,130,144,146
Z1,1,3,17,19,129,131,145,147
Z2,0,32,64,96,128,160,192,240
Z3,1,33,65,97,129,161,193,241
Z4,4,6,20,22,132,134,148,150
Z5,5,7,21,23,133,135,149,151
Z6,4,36,69,101,132,164,197,245
Z7,5,37,68,100,133,165,196,244
Z8,8,10,24,27,140,142,152,154
Z9,9,11,25,26,141,143,153,155
Z10,8,32,92,112,152,176,200,240
Z11,9,33,93,113,153,177,201,241
Z12,12,14,28,31,136,139,156,159
Z13,13,15,29,30,137,138,157,158
Z14,12,39,91,117,159,183,204,247
Z15,13,38,90,116,158,182,205,246
Z16,2,34,67,99,130,162,195,243
Z17,3,35,66,98,131,163,194,242
Z18,16,52,88,126,146,180,216,238
Z19,17,53,89,127,147,181,217,239
Z20,6,38,70,102,134,166,198,246
Z21,7,39,71,103,135,167,199,247
Z22,20,48,94,120,148,178,222,232
Z23,21,49,95,121,149,179,223,233
Z24,10,34,94,115,154,178,202,243
Z25,11,35,95,114,155,179,203,242
Z26,25,54,69,110,143,164,213,236
Z27,24,55,68,111,142,165,212,237
Z28,14,37,89,118,156,181,207,244
Z29,15,36,88,119,157,180,206,245
Z30,29,49,65,105,137,161,209,233
Z31,28,48,64,104,136,160,208,232
Z32,32,34,48,50,160,162,176,178
Z33,33,35,49,51,161,163,177,179
Z34,0,40,80,124,144,184,192,248
Z35,1,41,81,125,145,185,193,249
Z36,36,38,52,54,164,166,180,182
Z37,37,39,53,55,165,167,181,183
Z38,4,47,87,120,148,189,197,254
Z39,5,46,86,121,149,188,196,255
Z40,40,42,56,59,172,174,184,186
Z41,41,43,57,58,173,175,185,187
Z42,44,46,60,63,168,171,188,191
Z43,45,47,61,62,169,170,189,190
Z44,2,42,83,126,146,186,195,250
Z45,3,43,82,127,147,187,194,251
Z46,20,58,77,102,134,173,222,230
Z47,21,59,76,103,135,172,223,231
Z48,6,45,84,122,150,190,198,253
Z49,7,44,85,123,151,191,199,252
Z50,16,60,72,96,128,168,216,224
Z51,17,61,73,97,129,169,217,225
Z52,18,54,90,124,144,182,219,236
Z53,19,55,91,125,145,183,218,237
Z54,18,63,75,99,130,171,219,227
Z55,64,66,80,82,192,194,208,210
Z56,65,67,81,83,193,195,209,211
Z57,8,40,76,108,140,172,200,248
Z58,9,41,77,109,141,173,201,249
Z59,68,70,84,86,196,198,212,214
Z60,69,71,85,87,197,199,213,215
Z61,13,45,73,105,137,169,205,253
Z62,12,44,72,104,136,168,204,252
Z63,72,74,88,91,204,206,216,218
Z64,73,75,89,90,205,207,217,219
Z65,22,50,92,122,150,176,220,235
Z66,76,78,92,95,200,203,220,223
Z67,77,79,93,94,201,202,221,222
Z68,24,62,84,112,152,190,212,226
Z69,22,57,78,101,132,175,220,229
Z70,28,58,82,118,156,187,208,230
Z71,23,51,93,123,151,177,221,234
Z72,96,98,112,114,224,226,240,242
Z73,97,99,113,115,225,227,241,243
Z74,100,102,116,118,228,230,244,246
Z75,101,103,117,119,229,231,245,247
Z76,104,106,120,123,232,234,252,254
Z77,105,107,121,122,233,235,253,255
Z78,108,110,124,127,236,239,248,251
Z79,109,111,125,126,237,238,249,250
Z80,19,62,74,98,131,170,218,226
Z81,11,43,78,110,143,175,203,251
Z82,10,42,79,111,142,174,202,250
Z83,30,51,66,106,138,163,210,234
Z84,15,47,74,106,138,170,206,254
Z85,14,46,75,107,139,171,207,255
Z86,26,52,70,109,141,166,214,238
Z87,25,63,85,113,153,191,213,227
Z88,26,60,86,114,155,188,214,224
Z89,27,53,71,108,140,167,215,239
Z90,29,59,83,119,157,186,209,231
Z91,27,61,87,115,154,189,215,225
Z92,23,56,79,100,133,174,221,228
Z93,30,56,80,116,158,184,210,228
OZ0,81,83,86,87,90,91,92,95,98,99,102,103,106,107,110,111,113,114,116,117,118,119,120,121,122,123,124,126,138,139,142,143,149,151,152,153,156,158,162,163,164,165,168,169,170,171,172,173,174,175,176,177,181,182,184,185,186,187,189,190,193,195,196,197,200,202,204,205,206,207,209,211,212,214,217,218,220,222,224,226,228,230,233,234,236,238,241,243,246,247,249,251
OZ1,98,99,102,103,106,107,110,111,114,115,116,117,120,121,126,127,162,163,164,165,168,169,172,173,176,177,182,183,186,187,188,189,194,195,196,197,200,201,204,205,210,211,214,215,218,219,222,223,224,225,230,231,234,235,238,239,242,243,246,247,250,251,254,255
OZ2,85,86,89,91,117,118,121,123,149,151,156,159,181,183,188,191,196,199,204,207,244,247,252,255
OZ3,92,93,94,95,113,114,117,118,120,122,125,127,145,147,149,151,153,155,157,158,162,163,164,165,168,169,172,173,178,179,180,181,186,187,190,191,194,195,197,199,200,201,205,207,210,211,213,215,216,218,222,223,225,226,237,239,244,247,252,255
OZ4,168,169,170,171,172,173,174,175,176,177,178,179,180,181,182,183,200,201,202,203,204,205,206,207,216,217,218,219,220,221,222,223
OZ5,194,195,196,197,202,203,206,207,210,211,212,213,218,219,220,221,226,227,228,229,234,235,236,237,242,243,244,245,250,251,254,255
OZ6,88,89,90,91,113,114,117,118,121,123,124,126,145,147,149,151,152,154,156,159,162,163,164,165,170,171,174,175,176,177,182,183,184,185,188,189,193,195,196,197,201,202,206,207,209,211,212,213,218,219,220,223,228,231,233,234,241,242,249,251
OZ7,120,121,122,123,124,125,126,127,152,153,154,155,156,157,158,159,176,177,178,179,184,185,186,187,204,205,206,207,212,213,214,215,236,237,238,239,252,253,254,255
OZ8,176,177,178,179,180,181,182,183,184,185,186,187,188,189,190,191,200,201,202,203,204,205,206,207,216,217,218,219,220,221,222,223,224,225,226,227,228,229,230,231,248,249,250,251,252,253,254,255
OZ9,42,43,58,59,99,102,106,111,115,117,123,124,131,135,137,143,145,149,152,153,154,156,157,159,161,162,164,165,170,171,173,175,178,179,182,183,190,191,193,195,196,197,200,201,206,207,209,211,212,213,218,219,222,223,226,227,229,231,233,234,236,237,242,243,246,247,248,251,253,254
OZ10,116,117,118,119,124,125,126,127,152,153,154,155,156,157,158,159,162,163,164,165,170,171,172,173,178,179,182,183,184,185,190,191,193,195,197,199,200,203,205,207,209,211,212,214,217,219,221,222,225,226,228,231,233,234,236,238,241,242,244,247,249,251,253,254
OZ11,46,47,62,63,99,103,107,111,114,117,123,124,126,127,131,135,137,138,139,142,147,151,152,157,158,159,161,162,164,165,169,170,172,173,177,178,180,183,184,185,188,189,190,191,197,198,200,202,204,207,213,214,216,219,220,222,224,225,226,227,229,231,234,235,237,238,241,242,244,246,249,250,252,254
OZ12,106,107,110,111,113,115,117,119,121,123,125,127,138,139,142,143,145,147,149,151,153,154,157,159,162,163,164,165,169,170,172,174,177,178,180,183,184,185,186,187,188,189,190,191,196,197,201,203,204,206,212,213,216,218,220,222,224,225,228,229,230,231,234,235,242,243,248,249,250,251,252,253
OZ13,196,197,198,199,204,205,206,207,212,213,214,215,216,217,218,219,224,225,226,227,236,237,238,239,244,245,246,247,252,253,254,255
OZ14,62,63,86,87,102,103,107,111,113,114,115,117,118,119,124,125,126,127,139,141,142,143,149,151,152,153,155,157,158,159,162,163,164,165,166,169,177,178,180,181,182,185,187,188,189,190,197,199,200,201,202,203,206,207,212,213,218,219,220,221,222,223,225,228,229,234,235,236,242,243,244,248,250,253,254,255
OZ15,113,114,117,118,121,123,125,127,145,147,149,151,153,155,156,159,161,163,165,166,174,175,180,181,185,186,189,190,193,195,197,198,202,203,209,211,213,214,216,217,218,219,220,221,224,225,226,227,234,235,236,237,242,243,244,245
OZ16,102,103,110,111,114,115,122,123,137,139,141,142,153,154,156,158,161,163,164,165,169,171,177,179,182,183,189,191,197,198,201,203,213,214,221,223,225,227,228,230,234,235,236,237,241,242,244,247
OZ17,164,165,166,167,172,173,174,175,180,181,182,183,184,185,186,187,228,229,230,231,236,237,238,239,244,245,246,247,248,249,250,251
OZ18,58,59,86,87,90,91,94,95,107,110,115,118,121,123,125,126,137,138,139,142,149,151,153,154,155,156,157,158,161,162,163,169,170,174,178,185,188,191,193,195,197,198,201,203,204,205,209,211,212,213,214,215,217,219,226,227,228,230,231,233,238,239,242,245,246,249,252,253
OZ19,162,163,166,167,170,171,172,173,178,179,182,183,184,185,188,189,216,217,218,219,220,221,222,223,224,225,228,229,234,235,238,239,242,243,246,247,248,249,254,255
OZ20,161,163,165,167,169,170,172,174,177,179,181,183,184,186,189,190,193,195,197,199,201,202,204,206,209,211,212,214,216,218,220,223,224,225,228,229,234,235,238,239,242,243,244,245,248,249,252,253
OZ21,43,47,59,61,75,79,86,87,90,93,94,95,99,103,117,119,121,122,123,124,125,126,131,135,137,139,141,143,145,151,153,155,157,159,167,171,173,175,177,179,180,182,183,184,185,188,195,197,198,201,202,205,209,212,213,214,215,219,222,223,225,226,228,229,235,237,242,245,246,247,249,251,254,255
OZ22,114,115,118,119,122,123,124,125,138,139,142,143,145,147,149,151,153,154,156,158,170,171,174,175,184,185,188,189,198,199,201,203,204,206,214,215,216,218,221,223,224,227,229,231,234,235,236,237,238,239,246,247,249,251,252,254
OZ23,90,91,94,95,122,123,126,127,138,139,142,143,145,147,149,151,152,153,156,157,166,167,169,171,172,174,182,183,190,191,193,197,200,202,203,204,205,207,211,215,219,220,221,222,225,229,230,231,234,236,237,238,241,245,246,247,250,252,254,255
OZ24,152,153,154,155,156,157,158,159,184,185,186,187,188,189,190,191,200,201,202,203,204,205,206,207,248,249,250,251,252,253,254,255
OZ25,86,87,89,91,93,94,118,119,121,123,125,126,138,139,142,143,149,151,154,155,156,158,166,167,169,171,172,174,177,179,182,183,184,185,186,187,189,191,197,198,204,207,212,213,214,215,216,217,218,219,220,221,222,223,224,226,229,230,234,235,245,247,248,251,252,253,254,255
OZ26,138,139,142,143,154,155,156,157,170,171,174,175,186,187,188,189,202,203,206,207,218,219,220,221,234,235,236,237,250,251,254,255
OZ27,89,91,93,95,121,123,125,127,142,143,149,151,153,154,156,157,158,159,163,165,169,172,174,175,177,181,184,186,187,189,193,195,197,198,209,211,214,215,216,219,220,221,224,225,227,231,233,234,235,236,238,239,241,242,243,244,245,246,248,253
OZ28,99,103,107,110,115,117,121,127,131,135,137,141,147,149,153,157,165,167,169,170,173,174,177,179,180,182,186,187,189,190,193,199,201,204,205,207,211,213,217,218,219,221,226,230,233,237,238,239,241,242,243,244,249,250,251,252,253,254
OZ29,83,87,91,93,115,119,123,125,131,135,137,139,142,143,145,149,153,154,158,159,163,167,169,171,174,175,177,181,185,186,190,191,197,198,201,207,209,213,214,215,216,217,220,223,224,226,227,228,234,235,237,238,245,246,249,255
OZ30,145,147,149,151,153,155,156,159,177,179,181,183,185,187,188,191,209,211,213,215,217,219,220,223,225,227,229,231,233,235,236,239
OZ31,137,139,141,142,153,154,156,158,169,171,173,174,185,186,188,190,201,202,205,207,209,211,213,215,216,217,218,219,224,226,228,230,236,237,238,239,249,250,253,255
OZ32,75,79,91,93,94,95,107,111,123,125,126,127,131,143,147,153,156,159,163,166,167,169,170,172,177,181,182,184,189,190,193,195,198,203,204,205,213,214,215,216,217,218,219,220,222,223,224,226,228,229,230,234,235,237,241,243,247,248,252,254
OZ33,131,135,139,141,147,151,153,156,163,167,171,173,179,183,185,188,195,198,201,202,203,204,205,207,209,213,214,215,217,218,219,220,225,229,230,231,233,234,235,236,243,246,249,250,251,252,253,255
OZ34,124,125,126,127,156,157,158,159,180,181,182,183,184,185,186,187,193,195,197,199,201,202,204,206,209,211,212,214,216,218,220,223,224,226,229,231,233,235,237,238,241,243,245,247,249,250,252,254
OZ35,180,181,182,183,188,189,190,191,204,205,206,207,212,213,214,215,236,237,238,239,252,253,254,255
OZ36,118,119,121,122,125,127,153,155,156,159,166,167,169,170,172,175,177,179,181,182,184,185,193,197,198,199,201,204,205,207,209,213,214,215,218,220,221,223,225,228,233,236,241,245,248,249,251,252,254,255
OZ37,110,111,126,127,141,143,149,151,153,155,157,158,166,167,169,170,173,174,177,179,181,182,186,187,193,195,197,198,201,202,204,207,209,211,213,214,217,218,220,223,228,229,230,231,233,235,236,237,238,239,241,243,245,247,249,250,252,253,254,255
OZ38,172,173,174,175,184,185,186,187,228,229,230,231,248,249,250,251
OZ39,156,157,158,159,177,179,181,183,185,187,189,190,193,195,197,198,202,203,214,215,216,218,221,223,224,226,228,231,238,239,241,243,245,246,250,251
OZ40,166,167,169,170,173,174,177,179,181,182,186,187,188,189,190,191,201,203,204,207,216,219,221,223,224,225,226,227,230,231,238,239,246,247,250,251,252,253,254,255
OZ41,117,119,121,122,141,142,153,154,165,167,170,171,173,174,177,179,186,187,188,190,193,195,201,203,206,207,209,211,212,213,214,215,218,219,221,223,230,231,233,235,236,237,241,243,244,247,249,251
OZ42,169,171,173,174,177,179,181,183,186,187,190,191,198,199,201,203,205,207,212,213,217,219,221,223,230,231,236,237,246,247,250,251
OZ43,103,107,119,122,135,139,151,157,158,159,173,174,177,179,186,187,195,199,201,202,203,205,211,212,213,214,216,218,219,223,224,226,227,228,230,231,235,236,237,238,243,247,251,253
OZ44,165,167,170,171,173,174,177,179,186,187,189,191,197,199,201,203,206,207,212,214,216,217,221,223,224,225,226,227,230,231,238,239,244,245,250,251
OZ45,141,142,149,151,153,154,157,158,173,174,177,179,186,187,188,189,190,191,193,197,201,202,203,205,209,212,214,215,217,223,225,228,230,231,233,239,241,245,249,250,251,253
OZ46,212,213,214,215,216,217,218,219,224,225,226,227,236,237,238,239
OZ47,94,95,115,119,122,125,149,151,153,155,177,179,185,187,188,189,190,191,193,195,197,198,201,202,203,205,213,214,216,218,219,220,222,223,224,226,227,229,230,231,236,238,241,243,245,246,249,250,251,253
OZ48,93,95,107,111,115,119,121,122,139,143,149,151,155,157,158,159,163,167,170,174,177,181,186,188,189,191,193,195,197,198,199,201,203,204,206,207,209,211,213,214,215,216,217,218,224,225,228,233,234,235,237,238,241,242,243,245,246,249,252,255
OZ49,193,195,201,202,209,211,220,223,229,231,233,235,241,243,249,250
OZ50,91,95,107,111,115,119,121,122,123,125,149,151,163,167,170,171,174,175,179,183,185,186,190,191,199,202,203,206,209,211,213,217,219,220,221,223,225,226,231,233,234,236,237,239,242,250
OZ51,153,155,157,158,177,179,181,183,188,189,190,191,195,197,198,199,202,207,209,214,216,217,218,221,224,225,226,228,233,238,243,245,246,247,250,255
OZ52,142,143,149,151,154,155,157,158,163,167,170,173,177,183,187,188,190,191,195,197,201,205,209,213,217,221,225,226,228,230,233,234,237,239,242,243,245,247,250,251,253,254
OZ53,197,199,204,206,213,215,217,219,225,227,236,239,245,247,252,254
OZ54,59,61,115,119,139,159,171,186,189,191,195,204,206,211,225,227,231,243,252,254
OZ55,149,151,157,158,181,183,189,190,195,198,202,204,206,207,209,214,216,217,218,221,224,225,226,228,233,238,243,246,250,252,254,255
OZ56,213,215,217,219,225,227,236,239
OZ57,139,143,155,157,158,159,171,175,177,179,181,183,185,188,189,190,198,199,201,204,206,207,209,211,214,215,216,218,219,221,224,226,228,229,233,236,238,239,246,247,249,252,254,255
OZ58,209,211,220,223,229,231,233,235
OZ59,79,87,111,119,143,155,163,167,170,173,174,177,181,186,187,188,189,191,198,201,204,205,206,207,214,215,216,217,218,219,224,225,227,230,234,236,237,238,242,246,247,250,251,252,253,255
OZ60,135,143,151,155,167,175,177,179,181,185,188,191,195,201,202,207,211,219,220,223,227,235,236,239,243,249,250,255
OZ61,163,173,177,187,195,198,199,201,202,203,204,205,211,214,215,216,217,220,224,225,229,230,234,235,238,239,242,243,246,247,250,251,252,253
OZ62,61,63,107,111,122,126,157,158,167,170,171,175,177,179,181,185,188,191,198,199,201,203,206,207,214,215,217,218,221,223,228,229,231,235,237,238,246,249,250,255
OZ63,87,95,107,111,115,121,122,125,143,155,167,170,173,174,175,177,179,181,185,186,187,188,190,191,195,198,201,203,204,205,207,211,214,215,216,217,219,220,221,223,224,225,226,227,230,231,236,237,238,243,246,247,251,252,253,254
OZ64,167,171,181,191,199,207,215,217,225,227
OZ65,174,175,177,179,185,186,201,203,221,223,229,231,249,250
OZ66,157,158,170,175,177,179,185,190,198,201,203,206,214,216,221,223,224,226,228,229,231,238,246,249
OZ67,170,171,181,183,189,191,204,207,217,218,225,227,252,254
