X0,0,2,16,18,128,130,144,146
X1,1,3,17,19,129,131,145,147
X2,0,32,64,96,128,160,192,240
X3,1,33,65,97,129,161,193,241
X4,4,6,20,22,132,134,148,150
X5,5,7,21,23,133,135,149,151
X6,4,36,68,100,132,164,196,244
X7,5,37,69,101,133,165,197,245
X8,8,10,24,27,140,142,152,154
X9,9,11,25,26,141,143,153,155
X10,8,32,92,112,152,176,200,240
X11,9,33,93,113,153,177,201,241
X12,12,14,28,31,136,139,156,159
X13,13,15,29,30,137,138,157,158
X14,12,38,90,117,159,182,205,247
X15,13,39,91,116,158,183,204,246
X16,2,34,67,99,130,162,195,243
X17,3,35,66,98,131,163,194,242
X18,16,52,88,126,146,180,216,238
X19,17,53,89,127,147,181,217,239
X20,6,38,71,103,134,166,199,247
X21,7,39,70,102,135,167,198,246
X22,20,48,94,120,148,178,222,232
X23,21,49,95,121,149,179,223,233
X24,10,34,94,115,154,178,202,243
X25,11,35,95,114,155,179,203,242
X26,25,55,69,111,143,165,213,237
X27,24,54,68,110,142,164,212,236
X28,14,36,88,118,156,180,206,244
X29,15,37,89,119,157,181,207,245
X30,29,49,65,105,137,161,209,233
X31,28,48,64,104,136,160,208,232
X32,32,34,48,50,160,162,176,178
X33,33,35,49,51,161,163,177,179
X34,0,40,80,124,144,184,192,248
X35,1,41,81,125,145,185,193,249
X36,36,38,52,54,164,166,180,182
X37,37,39,53,55,165,167,181,183
X38,4,46,86,120,148,188,196,254
X39,5,47,87,121,149,189,197,255
X40,40,42,56,59,172,174,184,186
X41,41,43,57,58,173,175,185,187
X42,8,41,76,109,140,173,200,249
X43,44,46,60,63,168,171,188,191
X44,45,47,61,62,169,170,189,190
X45,12,45,73,104,136,169,205,252
X46,2,42,83,126,146,186,195,250
X47,3,43,82,127,147,187,194,251
X48,20,59,77,103,134,172,222,231
X49,21,58,76,102,135,173,223,230
X50,6,44,85,122,150,191,199,253
X51,7,45,84,123,151,190,198,252
X52,16,60,72,96,128,168,216,224
X53,17,61,73,97,129,169,217,225
X54,10,43,79,110,142,175,202,251
X55,18,54,90,124,144,182,219,236
X56,28,58,82,118,156,187,208,230
X57,14,47,74,107,139,170,206,255
X58,24,62,84,112,152,190,212,226
X59,64,66,80,82,192,194,208,210
X60,65,67,81,83,193,195,209,211
X61,9,40,77,108,141,172,201,248
X62,68,70,84,86,196,198,212,214
X63,69,71,85,87,197,199,213,215
X64,13,44,72,105,137,168,204,253
X65,72,74,88,91,204,206,216,218
X66,73,75,89,90,205,207,217,219
X67,22,50,92,122,150,176,220,235
X68,76,78,92,95,200,203,220,223
X69,77,79,93,94,201,202,221,222
X70,19,55,91,125,145,183,218,237
X71,23,51,93,123,151,177,221,234
X72,18,63,75,99,130,171,219,227
X73,22,56,78,100,132,174,220,228
X74,96,98,112,114,224,226,240,242
X75,97,99,113,115,225,227,241,243
X76,30,51,66,106,138,163,210,234
X77,100,102,116,118,228,230,244,246
X78,101,103,117,119,229,231,245,247
X79,26,53,70,108,141,167,214,239
X80,104,106,120,123,232,234,252,254
X81,105,107,121,122,233,235,253,255
X82,108,110,124,127,236,239,248,251
X83,109,111,125,126,237,238,249,250
X84,19,62,74,98,131,170,218,226
X85,26,60,86,114,155,188,214,224
X86,25,63,85,113,153,191,213,227
X87,11,42,78,111,143,174,203,250
X88,15,46,75,106,138,171,207,254
X89,27,52,71,109,140,166,215,238
X90,29,59,83,119,157,186,209,231
X91,27,61,87,115,154,189,215,225
X92,30,56,80,116,158,184,210,228
X93,23,57,79,101,133,175,221,229
OX0,129,131,133,135,137,138,141,143,145,147,148,150,153,155,156,159,161,163,165,167,169,170,173,175,177,179,180,182,185,187,188,191,193,194,196,199,201,203,205,206,209,210,212,215,217,218,220,222,225,226,228,231,233,234,236,238,241,242,244,247,249,251,253,254
OX1,208,209,210,211,212,213,214,215,216,217,218,219,220,221,222,223,224,225,226,227,228,229,230,231,232,233,234,235,236,237,238,239
OX2,176,177,178,179,180,181,182,183,184,185,186,187,188,189,190,191,196,197,198,199,200,201,202,203,212,213,214,215,220,221,222,223,228,229,230,231,236,237,238,239,244,245,246,247,248,249,250,251
OX3,194,195,196,197,202,203,206,207,210,211,212,213,218,219,220,221,226,227,228,229,234,235,236,237,242,243,244,245,250,251,254,255
OX4,113,114,117,118,121,123,124,126,145,147,148,150,152,154,157,158,184,185,186,187,193,195,198,199,200,203,206,207,209,211,214,215,218,219,221,222,226,227,229,231,233,235,238,239,241,243,246,247,249,250,254,255
OX5,184,185,186,187,188,189,190,191,193,195,197,199,201,202,205,207,209,211,213,215,216,218,220,223,224,226,228,230,233,235,237,238,241,243,245,247,248,251,252,254
OX6,130,131,134,135,138,139,140,141,146,147,150,151,154,155,158,159,164,165,166,167,172,173,174,175,196,197,198,199,212,213,214,215,226,227,228,229,234,235,238,239,242,243,246,247,250,251,254,255
OX7,82,83,86,87,90,91,94,95,124,125,126,127,134,135,137,139,140,142,148,149,153,155,156,158,166,167,169,171,172,174,177,179,180,183,188,189,202,203,204,205,209,210,212,215,216,218,220,223,224,225,226,227,234,235,238,239,248,249,254,255
OX8,196,197,198,199,204,205,206,207,212,213,214,215,216,217,218,219,224,225,226,227,236,237,238,239,244,245,246,247,252,253,254,255
OX9,99,103,106,110,115,117,123,125,126,127,131,134,139,140,142,143,145,148,153,156,161,162,164,165,166,167,169,170,178,179,180,181,182,183,185,187,188,191,197,199,206,207,213,215,216,217,224,227,233,234,236,237,238,239,241,242,244,246,249,250,252,255
OX10,78,79,81,83,86,87,90,91,93,95,106,107,110,111,121,122,124,127,137,138,141,143,162,163,164,165,170,171,173,174,178,179,181,182,185,186,188,190,193,195,197,198,202,203,206,207,209,211,212,213,214,215,216,218,222,223,224,227,229,231,234,235,236,238,241,242,244,246,248,249,250,251,253,255
OX11,148,149,150,151,156,157,158,159,161,163,165,167,169,170,172,174,177,179,180,182,185,187,189,190,193,195,197,199,201,202,205,207,209,211,213,215,217,219,221,222,226,227,228,229,234,235,238,239,242,243,246,247,250,251,254,255
OX12,161,162,164,167,169,170,172,174,178,179,180,181,188,189,190,191,201,203,204,207,212,213,214,215,217,218,220,222,233,235,237,238,241,243,244,246,252,253,254,255
OX13,106,107,110,111,122,123,124,125,145,147,149,151,153,155,157,158,169,170,172,174,177,179,181,183,197,198,204,207,213,214,217,218,228,231,234,235,236,239,245,246,248,251,252,253
OX14,114,115,118,119,122,123,124,125,138,139,140,141,145,147,149,151,152,155,156,158,162,163,164,165,166,167,169,171,173,175,178,179,185,187,188,190,197,198,200,202,204,205,206,207,212,215,216,217,218,219,220,222,224,226,228,229,230,231,237,238,242,243,244,247,248,249,253,254
OX15,137,138,141,143,153,155,157,158,164,166,173,175,177,179,180,181,182,183,189,190,193,195,197,199,201,202,205,207,209,211,213,215,216,218,220,223,224,226,228,229,234,235,236,239,241,243,244,245,249,250,252,253
OX16,164,165,166,167,172,173,174,175,180,181,182,183,188,189,190,191,193,195,197,199,201,202,205,207,209,211,213,215,216,218,220,223,224,226,229,231,233,235,236,239,241,243,244,246,249,250,252,254
OX17,162,163,166,167,170,171,172,173,178,179,182,183,186,187,190,191,193,195,197,199,201,202,205,207,209,211,213,215,217,219,221,222,225,226,229,230,233,234,237,239,241,242,245,246,249,251,252,255
OX18,170,171,172,173,177,179,181,183,185,186,189,191,201,203,204,207,212,213,214,215,216,219,221,223,224,226,229,231,236,237,238,239,249,250,253,255
OX19,81,83,85,87,89,90,93,94,152,153,154,155,197,199,200,203,212,214,221,222,229,231,236,239,245,247,249,250
OX20,152,153,154,155,156,157,158,159,193,195,197,199,200,203,204,206,209,211,213,215,216,218,220,223,224,226,228,230,233,235,237,238,241,243,245,247,249,250,253,255
OX21,86,87,89,91,93,94,118,119,121,123,125,126,134,135,142,143,149,150,154,155,156,159,165,167,172,174,180,181,182,183,185,187,189,190,197,199,201,203,206,207,212,213,217,219,220,222,225,227,230,231,237,239,250,251,254,255
OX22,172,173,174,175,180,181,182,183,193,195,197,199,201,202,204,206,209,211,212,214,216,218,220,223,224,226,229,231,233,235,236,239,241,243,245,247,249,250,253,255
OX23,138,139,140,141,154,155,158,159,166,167,169,171,173,175,177,179,180,183,188,189,197,199,201,202,204,205,206,207,213,215,220,223,225,227,228,229,234,235,237,238,245,246,253,254
OX24,67,71,75,79,83,85,90,93,124,125,126,127,133,135,140,143,145,147,149,151,154,155,156,157,158,159,163,165,171,174,177,180,181,182,186,189,190,191,193,195,198,199,201,202,204,205,209,211,212,215,216,217,224,225,228,230,233,234,236,238,241,242,248,249,252,253
OX25,89,91,93,95,110,111,117,118,121,123,126,127,141,143,149,151,153,155,157,158,185,187,188,191,193,195,197,199,201,202,206,207,209,211,212,214,216,218,220,221,224,226,228,229,233,235,241,243,245,247,254,255
OX26,140,141,142,143,156,157,158,159,193,195,197,199,201,202,204,206,209,211,212,214,216,218,220,223,224,226,228,230,233,235,237,238,241,243,245,247,249,250,253,255
OX27,145,147,149,151,153,155,157,158,166,167,169,171,173,175,177,179,180,183,188,189,197,199,204,206,209,211,220,223,225,227,228,229,233,235,238,239,245,246,249,251,252,253,254,255
OX28,165,166,173,174,180,183,185,186,197,199,204,206,209,211,212,213,214,215,216,217,218,219,220,223,224,225,226,227,233,235,236,239,249,250,253,255
OX29,134,135,142,143,150,151,154,155,156,157,158,159,166,167,174,175,182,183,186,187,188,189,190,191,198,199,202,203,204,205,206,207,209,211,213,214,216,218,221,223,224,226,228,231,233,235,236,238,246,247,250,251,252,253,254,255
OX30,133,135,141,143,149,151,153,155,166,167,174,175,182,183,186,187,188,189,190,191,198,199,201,203,205,207,209,211,213,214,216,217,218,219,220,221,224,225,226,227,229,230,233,235,238,239,245,246,250,251,252,254
OX31,131,135,139,141,142,143,147,151,154,159,163,166,169,174,179,180,181,183,185,186,187,188,190,191,193,199,201,202,203,205,206,207,209,212,213,214,218,220,225,230,233,234,235,238,241,246,250,254
OX32,180,181,182,183,188,189,190,191,204,205,206,207,216,217,218,219,224,225,226,227,252,253,254,255
OX33,212,213,214,215,216,217,218,219,224,225,226,227,236,237,238,239
OX34,43,47,59,61,71,75,83,85,87,94,103,111,115,122,124,125,126,127,139,141,142,143,149,151,153,154,155,156,166,167,171,174,177,179,181,182,185,188,195,199,204,205,206,207,209,211,213,215,219,220,222,223,225,227,230,231,233,236,237,238,243,246,248,250,252,253,254,255
OX35,75,79,83,85,93,94,110,111,124,127,135,139,149,157,158,159,163,167,169,171,173,174,179,183,185,186,189,191,197,198,199,201,202,204,211,214,215,216,217,222,224,228,229,231,234,236,237,238,242,245,246,247,248,249,251,252,253,255
OX36,124,125,126,127,156,157,158,159,193,195,197,199,201,202,204,206,209,211,213,215,217,219,220,223,225,227,228,230,233,235,237,238,241,243,245,247,248,251,253,255
OX37,122,123,126,127,166,167,169,171,173,175,177,179,181,182,188,189,193,197,198,199,203,205,211,214,219,223,225,229,235,238,241,245,249,250,251,254
OX38,121,123,125,127,156,157,158,159,163,166,171,173,179,182,187,191,198,199,206,207,209,211,213,214,216,219,220,223,224,228,233,234,235,237,238,239,242,246,249,255
OX39,90,91,94,95,118,119,126,127,156,157,158,159,163,166,171,173,179,182,185,188,202,203,209,211,213,215,216,217,220,221,222,223,224,225,227,228,229,231,233,234,235,237,242,247,249,250,251,254
OX40,110,111,126,127,141,143,149,151,153,155,156,159,188,189,190,191,197,198,201,203,204,205,206,207,213,214,216,217,218,219,221,223,224,225,226,227,229,230,236,237,245,246,250,251,252,253,254,255
OX41,115,117,123,127,166,167,169,171,173,175,177,179,181,182,188,189,193,195,197,198,203,205,214,215,219,223,225,229,241,243,245,247,249,250,251,254
OX42,166,167,169,171,173,175,177,179,181,182,190,191,193,195,198,199,202,203,205,207,213,214,216,217,218,219,221,223,224,226,237,238,241,243,249,250
OX43,188,189,190,191,197,199,205,207,213,215,216,218,224,226,237,238,245,247,252,254
OX44,117,119,125,126,141,142,153,154,163,167,171,173,174,175,177,181,185,186,187,189,190,191,193,197,201,202,203,204,205,207,211,215,217,218,219,220,225,226,229,230,234,235,236,238,241,242,245,246,249,251,252,253
OX45,83,85,91,95,107,111,118,119,123,125,126,127,142,143,149,151,154,155,157,158,163,167,173,174,177,181,185,186,193,195,197,203,204,206,211,216,217,219,224,225,227,228,230,234,236,239,241,242,243,245,246,249,251,253
OX46,169,171,173,174,185,186,189,191,197,199,205,207,209,211,220,223,225,227,233,235,245,247,249,250
OX47,103,107,119,123,125,127,135,139,141,143,151,153,155,156,157,158,163,167,171,173,177,183,185,191,193,195,197,199,201,202,206,207,209,211,213,215,216,217,220,223,224,225,227,228,230,231,233,234,235,238,241,242,243,245,249,250,251,255
OX48,174,175,177,179,185,186,193,195,202,203,209,211,220,221,233,235,241,243
OX49,85,87,93,95,107,111,118,119,123,125,139,141,142,143,149,151,153,154,155,159,177,179,185,187,195,197,198,201,203,204,205,206,209,213,214,219,227,233,236,237,243,245,246,250,251,252,253,255
OX50,93,94,163,175,177,187,195,198,199,203,204,205,209,214,215,216,217,221,222,223,224,225,230,231,233,234,238,239,242,243,246,247,250,251,252,253
OX51,91,94,118,119,123,125,126,127,139,142,154,157,158,159,167,173,177,179,183,185,193,203,205,206,209,213,215,219,220,222,227,228,230,231,233,235,236,237,238,239,241,246,249,250,251,252
OX52,118,119,126,127,163,167,171,173,177,183,187,189,190,191,193,199,203,205,206,207,209,215,218,223,226,227,233,234,238,239,241,242,246,247,249,250,252,255
OX53,141,142,153,154,156,157,158,159,197,199,201,202,204,206,209,211,217,219,220,223,225,227,228,230,233,235,236,239,245,247,253,255
OX54,149,151,153,155,177,179,189,190,213,215,216,218,224,226,237,238
OX55,94,95,107,111,123,125,126,127,139,143,153,156,157,158,177,179,181,183,185,187,189,190,195,198,199,204,205,206,211,213,214,216,217,218,220,222,224,225,226,228,231,235,237,239,243,246,247,252,253,255
OX56,107,111,123,125,142,143,153,154,156,159,171,175,177,179,185,189,190,191,195,197,198,203,204,205,206,207,211,214,215,216,217,218,219,223,224,225,226,229,230,236,238,239,243,245,246,250,252,253
OX57,177,179,181,183,185,187,189,190,193,195,197,198,202,203,214,215,216,218,221,223,224,226,229,230,238,239,241,243,245,246,250,251
OX58,156,157,158,159,197,199,204,206,209,211,220,223,228,230,233,235,245,247,253,255
OX59,59,61,79,87,111,119,123,127,167,171,173,175,183,185,186,187,189,191,199,205,207,221,225,227,229,230,231,237,239,246,247,249,250,252
OX60,173,175,181,183,185,187,189,190,197,198,214,215,216,218,224,226,229,230,238,239,245,246,249,251
OX61,125,126,135,139,151,153,155,157,158,159,163,167,171,175,179,181,187,191,193,197,203,204,205,207,209,213,216,220,224,227,228,229,230,233,234,235,237,239,241,242,245,250,251,252,253,255
OX62,71,79,87,95,139,142,154,157,158,159,163,175,179,187,189,190,195,197,199,203,204,205,209,213,215,218,219,220,221,223,226,227,228,229,230,233,234,235,236,237,242,243,245,250,251,252,253,255
OX63,142,143,153,154,157,158,181,183,185,187,193,195,209,211,217,219,220,223,225,227,228,230,233,235,236,237,241,243,250,251
OX64,61,63,167,171,181,190,198,207,213,214,215,216,217,218,224,226,237,238
OX65,79,95,111,126,139,143,153,159,163,167,171,175,179,183,185,191,193,197,198,203,204,205,207,211,213,214,216,221,224,227,229,234,237,241,242,245,250,252,253,255
OX66,47,63,87,95,111,119,126,127,143,153,171,175,185,189,193,203,207,209,215,217,225,229,233,238,241,250,251,255
OX67,126,127,135,139,151,153,155,157,158,159,163,171,179,185,187,189,190,191,193,198,203,204,205,207,209,213,214,215,218,220,226,227,228,230,233,234,235,237,238,239,241,242,250,252,253,255
Z0,0,2,16,18,128,130,144,146
Z1,1,3,17,19,129,131,145,147
Z2,0,32,64,96,128,160,192,240
Z3,1,33,65,97,129,161,193,241
Z4,4,6,20,22,132,134,148,150
Z5,5,7,21,23,133,135,149,151
Z6,4,36,68,100,132,164,196,244
Z7,5,37,69,101,133,165,197,245
Z8,8,10,24,27,140,142,152,154
Z9,9,11,25,26,141,143,153,155
Z10,8,32,92,112,152,176,200,240
Z11,9,33,93,113,153,177,201,241
Z12,12,14,28,31,136,139,156,159
Z13,13,15,29,30,137,138,157,158
Z14,12,38,90,117,159,182,205,247
Z15,13,39,91,116,158,183,204,246
Z16,2,34,67,99,130,162,195,243
Z17,3,35,66,98,131,163,194,242
Z18,16,52,88,126,146,180,216,238
Z19,17,53,89,127,147,181,217,239
Z20,6,38,71,103,134,166,199,247
Z21,7,39,70,102,135,167,198,246
Z22,20,48,94,120,148,178,222,232
Z23,21,49,95,121,149,179,223,233
Z24,10,34,94,115,154,178,202,243
Z25,11,35,95,114,155,179,203,242
Z26,25,55,69,111,143,165,213,237
Z27,24,54,68,110,142,164,212,236
Z28,14,36,88,118,156,180,206,244
Z29,15,37,89,119,157,181,207,245
Z30,29,49,65,105,137,161,209,233
Z31,28,48,64,104,136,160,208,232
Z32,32,34,48,50,160,162,176,178
Z33,33,35,49,51,161,163,177,179
Z34,0,40,80,124,144,184,192,248
Z35,1,41,81,125,145,185,193,249
Z36,36,38,52,54,164,166,180,182
Z37,37,39,53,55,165,167,181,183
Z38,4,46,86,120,148,188,196,254
Z39,5,47,87,121,149,189,197,255
Z40,40,42,56,59,172,174,184,186
Z41,41,43,57,58,173,175,185,187
Z42,8,41,76,109,140,173,200,249
Z43,44,46,60,63,168,171,188,191
Z44,45,47,61,62,169,170,189,190
Z45,12,45,73,104,136,169,205,252
Z46,2,42,83,126,146,186,195,250
Z47,3,43,82,127,147,187,194,251
Z48,20,59,77,103,134,172,222,231
Z49,21,58,76,102,135,173,223,230
Z50,6,44,85,122,150,191,199,253
Z51,7,45,84,123,151,190,198,252
Z52,16,60,72,96,128,168,216,224
Z53,17,61,73,97,129,169,217,225
Z54,10,43,79,110,142,175,202,251
Z55,18,54,90,124,144,182,219,236
Z56,28,58,82,118,156,187,208,230
Z57,14,47,74,107,139,170,206,255
Z58,24,62,84,112,152,190,212,226
Z59,64,66,80,82,192,194,208,210
Z60,65,67,81,83,193,195,209,211
Z61,9,40,77,108,141,172,201,248
Z62,68,70,84,86,196,198,212,214
Z63,69,71,85,87,197,199,213,215
Z64,13,44,72,105,137,168,204,253
Z65,72,74,88,91,204,206,216,218
Z66,73,75,89,90,205,207,217,219
Z67,22,50,92,122,150,176,220,235
Z68,76,78,92,95,200,203,220,223
Z69,77,79,93,94,201,202,221,222
Z70,19,55,91,125,145,183,218,237
Z71,23,51,93,123,151,177,221,234
Z72,18,63,75,99,130,171,219,227
Z73,22,56,78,100,132,174,220,228
Z74,96,98,112,114,224,226,240,242
Z75,97,99,113,115,225,227,241,243
Z76,30,51,66,106,138,163,210,234
Z77,100,102,116,118,228,230,244,246
Z78,101,103,117,119,229,231,245,247
Z79,26,53,70,108,141,167,214,239
Z80,104,106,120,123,232,234,252,254
Z81,105,107,121,122,233,235,253,255
Z82,108,110,124,127,236,239,248,251
Z83,109,111,125,126,237,238,249,250
Z84,19,62,74,98,131,170,218,226
Z85,26,60,86,114,155,188,214,224
Z86,25,63,85,113,153,191,213,227
Z87,11,42,78,111,143,174,203,250
Z88,15,46,75,106,138,171,207,254
Z89,27,52,71,109,140,166,215,238
Z90,29,59,83,119,157,186,209,231
Z91,27,61,87,115,154,189,215,225
Z92,30,56,80,116,158,184,210,228
Z93,23,57,79,101,133,175,221,229
OZ0,129,131,133,135,137,138,141,143,145,147,148,150,153,155,156,159,161,163,165,167,169,170,173,175,177,179,180,182,185,187,188,191,193,194,196,199,201,203,205,206,209,210,212,215,217,218,220,222,225,226,228,231,233,234,236,238,241,242,244,247,249,251,253,254
OZ1,208,209,210,211,212,213,214,215,216,217,218,219,220,221,222,223,224,225,226,227,228,229,230,231,232,233,234,235,236,237,238,239
OZ2,176,177,178,179,180,181,182,183,184,185,186,187,188,189,190,191,196,197,198,199,200,201,202,203,212,213,214,215,220,221,222,223,228,229,230,231,236,237,238,239,244,245,246,247,248,249,250,251
OZ3,194,195,196,197,202,203,206,207,210,211,212,213,218,219,220,221,226,227,228,229,234,235,236,237,242,243,244,245,250,251,254,255
OZ4,113,114,117,118,121,123,124,126,145,147,148,150,152,154,157,158,184,185,186,187,193,195,198,199,200,203,206,207,209,211,214,215,218,219,221,222,226,227,229,231,233,235,238,239,241,243,246,247,249,250,254,255
OZ5,184,185,186,187,188,189,190,191,193,195,197,199,201,202,205,207,209,211,213,215,216,218,220,223,224,226,228,230,233,235,237,238,241,243,245,247,248,251,252,254
OZ6,130,131,134,135,138,139,140,141,146,147,150,151,154,155,158,159,164,165,166,167,172,173,174,175,196,197,198,199,212,213,214,215,226,227,228,229,234,235,238,239,242,243,246,247,250,251,254,255
OZ7,82,83,86,87,90,91,94,95,124,125,126,127,134,135,137,139,140,142,148,149,153,155,156,158,166,167,169,171,172,174,177,179,180,183,188,189,202,203,204,205,209,210,212,215,216,218,220,223,224,225,226,227,234,235,238,239,248,249,254,255
OZ8,196,197,198,199,204,205,206,207,212,213,214,215,216,217,218,219,224,225,226,227,236,237,238,239,244,245,246,247,252,253,254,255
OZ9,99,103,106,110,115,117,123,125,126,127,131,134,139,140,142,143,145,148,153,156,161,162,164,165,166,167,169,170,178,179,180,181,182,183,185,187,188,191,197,199,206,207,213,215,216,217,224,227,233,234,236,237,238,239,241,242,244,246,249,250,252,255
OZ10,78,79,81,83,86,87,90,91,93,95,106,107,110,111,121,122,124,127,137,138,141,143,162,163,164,165,170,171,173,174,178,179,181,182,185,186,188,190,193,195,197,198,202,203,206,207,209,211,212,213,214,215,216,218,222,223,224,227,229,231,234,235,236,238,241,242,244,246,248,249,250,251,253,255
OZ11,148,149,150,151,156,157,158,159,161,163,165,167,169,170,172,174,177,179,180,182,185,187,189,190,193,195,197,199,201,202,205,207,209,211,213,215,217,219,221,222,226,227,228,229,234,235,238,239,242,243,246,247,250,251,254,255
OZ12,161,162,164,167,169,170,172,174,178,179,180,181,188,189,190,191,201,203,204,207,212,213,214,215,217,218,220,222,233,235,237,238,241,243,244,246,252,253,254,255
OZ13,106,107,110,111,122,123,124,125,145,147,149,151,153,155,157,158,169,170,172,174,177,179,181,183,197,198,204,207,213,214,217,218,228,231,234,235,236,239,245,246,248,251,252,253
OZ14,114,115,118,119,122,123,124,125,138,139,140,141,145,147,149,151,152,155,156,158,162,163,164,165,166,167,169,171,173,175,178,179,185,187,188,190,197,198,200,202,204,205,206,207,212,215,216,217,218,219,220,222,224,226,228,229,230,231,237,238,242,243,244,247,248,249,253,254
OZ15,137,138,141,143,153,155,157,158,164,166,173,175,177,179,180,181,182,183,189,190,193,195,197,199,201,202,205,207,209,211,213,215,216,218,220,223,224,226,228,229,234,235,236,239,241,243,244,245,249,250,252,253
OZ16,164,165,166,167,172,173,174,175,180,181,182,183,188,189,190,191,193,195,197,199,201,202,205,207,209,211,213,215,216,218,220,223,224,226,229,231,233,235,236,239,241,243,244,246,249,250,252,254
OZ17,162,163,166,167,170,171,172,173,178,179,182,183,186,187,190,191,193,195,197,199,201,202,205,207,209,211,213,215,217,219,221,222,225,226,229,230,233,234,237,239,241,242,245,246,249,251,252,255
OZ18,170,171,172,173,177,179,181,183,185,186,189,191,201,203,204,207,212,213,214,215,216,219,221,223,224,226,229,231,236,237,238,239,249,250,253,255
OZ19,81,83,85,87,89,90,93,94,152,153,154,155,197,199,200,203,212,214,221,222,229,231,236,239,245,247,249,250
OZ20,152,153,154,155,156,157,158,159,193,195,197,199,200,203,204,206,209,211,213,215,216,218,220,223,224,226,228,230,233,235,237,238,241,243,245,247,249,250,253,255
OZ21,86,87,89,91,93,94,118,119,121,123,125,126,134,135,142,143,149,150,154,155,156,159,165,167,172,174,180,181,182,183,185,187,189,190,197,199,201,203,206,207,212,213,217,219,220,222,225,227,230,231,237,239,250,251,254,255
OZ22,172,173,174,175,180,181,182,183,193,195,197,199,201,202,204,206,209,211,212,214,216,218,220,223,224,226,229,231,233,235,236,239,241,243,245,247,249,250,253,255
OZ23,138,139,140,141,154,155,158,159,166,167,169,171,173,175,177,179,180,183,188,189,197,199,201,202,204,205,206,207,213,215,220,223,225,227,228,229,234,235,237,238,245,246,253,254
OZ24,67,71,75,79,83,85,90,93,124,125,126,127,133,135,140,143,145,147,149,151,154,155,156,157,158,159,163,165,171,174,177,180,181,182,186,189,190,191,193,195,198,199,201,202,204,205,209,211,212,215,216,217,224,225,228,230,233,234,236,238,241,242,248,249,252,253
OZ25,89,91,93,95,110,111,117,118,121,123,126,127,141,143,149,151,153,155,157,158,185,187,188,191,193,195,197,199,201,202,206,207,209,211,212,214,216,218,220,221,224,226,228,229,233,235,241,243,245,247,254,255
OZ26,140,141,142,143,156,157,158,159,193,195,197,199,201,202,204,206,209,211,212,214,216,218,220,223,224,226,228,230,233,235,237,238,241,243,245,247,249,250,253,255
OZ27,145,147,149,151,153,155,157,158,166,167,169,171,173,175,177,179,180,183,188,189,197,199,204,206,209,211,220,223,225,227,228,229,233,235,238,239,245,246,249,251,252,253,254,255
OZ28,165,166,173,174,180,183,185,186,197,199,204,206,209,211,212,213,214,215,216,217,218,219,220,223,224,225,226,227,233,235,236,239,249,250,253,255
OZ29,134,135,142,143,150,151,154,155,156,157,158,159,166,167,174,175,182,183,186,187,188,189,190,191,198,199,202,203,204,205,206,207,209,211,213,214,216,218,221,223,224,226,228,231,233,235,236,238,246,247,250,251,252,253,254,255
OZ30,133,135,141,143,149,151,153,155,166,167,174,175,182,183,186,187,188,189,190,191,198,199,201,203,205,207,209,211,213,214,216,217,218,219,220,221,224,225,226,227,229,230,233,235,238,239,245,246,250,251,252,254
OZ31,131,135,139,141,142,143,147,151,154,159,163,166,169,174,179,180,181,183,185,186,187,188,190,191,193,199,201,202,203,205,206,207,209,212,213,214,218,220,225,230,233,234,235,238,241,246,250,254
OZ32,180,181,182,183,188,189,190,191,204,205,206,207,216,217,218,219,224,225,226,227,252,253,254,255
OZ33,212,213,214,215,216,217,218,219,224,225,226,227,236,237,238,239
OZ34,43,47,59,61,71,75,83,85,87,94,103,111,115,122,124,125,126,127,139,141,142,143,149,151,153,154,155,156,166,167,171,174,177,179,181,182,185,188,195,199,204,205,206,207,209,211,213,215,219,220,222,223,225,227,230,231,233,236,237,238,243,246,248,250,252,253,254,255
OZ35,75,79,83,85,93,94,110,111,124,127,135,139,149,157,158,159,163,167,169,171,173,174,179,183,185,186,189,191,197,198,199,201,202,204,211,214,215,216,217,222,224,228,229,231,234,236,237,238,242,245,246,247,248,249,251,252,253,255
OZ36,124,125,126,127,156,157,158,159,193,195,197,199,201,202,204,206,209,211,213,215,217,219,220,223,225,227,228,230,233,235,237,238,241,243,245,247,248,251,253,255
OZ37,122,123,126,127,166,167,169,171,173,175,177,179,181,182,188,189,193,197,198,199,203,205,211,214,219,223,225,229,235,238,241,245,249,250,251,254
OZ38,121,123,125,127,156,157,158,159,163,166,171,173,179,182,187,191,198,199,206,207,209,211,213,214,216,219,220,223,224,228,233,234,235,237,238,239,242,246,249,255
OZ39,90,91,94,95,118,119,126,127,156,157,158,159,163,166,171,173,179,182,185,188,202,203,209,211,213,215,216,217,220,221,222,223,224,225,227,228,229,231,233,234,235,237,242,247,249,250,251,254
OZ40,110,111,126,127,141,143,149,151,153,155,156,159,188,189,190,191,197,198,201,203,204,205,206,207,213,214,216,217,218,219,221,223,224,225,226,227,229,230,236,237,245,246,250,251,252,253,254,255
OZ41,115,117,123,127,166,167,169,171,173,175,177,179,181,182,188,189,193,195,197,198,203,205,214,215,219,223,225,229,241,243,245,247,249,250,251,254
OZ42,166,167,169,171,173,175,177,179,181,182,190,191,193,195,198,199,202,203,205,207,213,214,216,217,218,219,221,223,224,226,237,238,241,243,249,250
OZ43,188,189,190,191,197,199,205,207,213,215,216,218,224,226,237,238,245,247,252,254
OZ44,117,119,125,126,141,142,153,154,163,167,171,173,174,175,177,181,185,186,187,189,190,191,193,197,201,202,203,204,205,207,211,215,217,218,219,220,225,226,229,230,234,235,236,238,241,242,245,246,249,251,252,253
OZ45,83,85,91,95,107,111,118,119,123,125,126,127,142,143,149,151,154,155,157,158,163,167,173,174,177,181,185,186,193,195,197,203,204,206,211,216,217,219,224,225,227,228,230,234,236,239,241,242,243,245,246,249,251,253
OZ46,169,171,173,174,185,186,189,191,197,199,205,207,209,211,220,223,225,227,233,235,245,247,249,250
OZ47,103,107,119,123,125,127,135,139,141,143,151,153,155,156,157,158,163,167,171,173,177,183,185,191,193,195,197,199,201,202,206,207,209,211,213,215,216,217,220,223,224,225,227,228,230,231,233,234,235,238,241,242,243,245,249,250,251,255
OZ48,174,175,177,179,185,186,193,195,202,203,209,211,220,221,233,235,241,243
OZ49,85,87,93,95,107,111,118,119,123,125,139,141,142,143,149,151,153,154,155,159,177,179,185,187,195,197,198,201,203,204,205,206,209,213,214,219,227,233,236,237,243,245,246,250,251,252,253,255
OZ50,93,94,163,175,177,187,195,198,199,203,204,205,209,214,215,216,217,221,222,223,224,225,230,231,233,234,238,239,242,243,246,247,250,251,252,253
OZ51,91,94,118,119,123,125,126,127,139,142,154,157,158,159,167,173,177,179,183,185,193,203,205,206,209,213,215,219,220,222,227,228,230,231,233,235,236,237,238,239,241,246,249,250,251,252
OZ52,118,119,126,127,163,167,171,173,177,183,187,189,190,191,193,199,203,205,206,207,209,215,218,223,226,227,233,234,238,239,241,242,246,247,249,250,252,255
OZ53,141,142,153,154,156,157,158,159,197,199,201,202,204,206,209,211,217,219,220,223,225,227,228,230,233,235,236,239,245,247,253,255
OZ54,149,151,153,155,177,179,189,190,213,215,216,218,224,226,237,238
OZ55,94,95,107,111,123,125,126,127,139,143,153,156,157,158,177,179,181,183,185,187,189,190,195,198,199,204,205,206,211,213,214,216,217,218,220,222,224,225,226,228,231,235,237,239,243,246,247,252,253,255
OZ56,107,111,123,125,142,143,153,154,156,159,171,175,177,179,185,189,190,191,195,197,198,203,204,205,206,207,211,214,215,216,217,218,219,223,224,225,226,229,230,236,238,239,243,245,246,250,252,253
OZ57,177,179,181,183,185,187,189,190,193,195,197,198,202,203,214,215,216,218,221,223,224,226,229,230,238,239,241,243,245,246,250,251
OZ58,156,157,158,159,197,199,204,206,209,211,220,223,228,230,233,235,245,247,253,255
OZ59,59,61,79,87,111,119,123,127,167,171,173,175,183,185,186,187,189,191,199,205,207,221,225,227,229,230,231,237,239,246,247,249,250,252
OZ60,173,175,181,183,185,187,189,190,197,198,214,215,216,218,224,226,229,230,238,239,245,246,249,251
OZ61,125,126,135,139,151,153,155,157,158,159,163,167,171,175,179,181,187,191,193,197,203,204,205,207,209,213,216,220,224,227,228,229,230,233,234,235,237,239,241,242,245,250,251,252,253,255
OZ62,71,79,87,95,139,142,154,157,158,159,163,175,179,187,189,190,195,197,199,203,204,205,209,213,215,218,219,220,221,223,226,227,228,229,230,233,234,235,236,237,242,243,245,250,251,252,253,255
OZ63,142,143,153,154,157,158,181,183,185,187,193,195,209,211,217,219,220,223,225,227,228,230,233,235,236,237,241,243,250,251
OZ64,61,63,167,171,181,190,198,207,213,214,215,216,217,218,224,226,237,238
OZ65,79,95,111,126,139,143,153,159,163,167,171,175,179,183,185,191,193,197,198,203,204,205,207,211,213,214,216,221,224,227,229,234,237,241,242,245,250,252,253,255
OZ66,47,63,87,95,111,119,126,127,143,153,171,175,185,189,193,203,207,209,215,217,225,229,233,238,241,250,251,255
OZ67,126,127,135,139,151,153,155,157,158,159,163,171,179,185,187,189,190,191,193,198,203,204,205,207,209,213,214,215,218,220,226,227,228,230,233,234,235,237,238,239,241,242,250,252,253,255
