X0,0,9,18,30,144,160,162,171
X1,1,10,19,33,145,156,163,172
X2,2,11,20,34,146,159,164,173
X3,3,12,21,31,147,158,165,174
X4,4,13,22,27,148,155,166,175
X5,5,14,23,29,149,154,167,176
X6,6,15,24,35,150,157,168,177
X7,7,16,25,32,151,161,169,178
X8,8,17,26,28,152,153,170,179
X9,0,36,72,108,144,180,216,270
X10,1,37,73,109,145,181,217,271
X11,2,38,74,110,146,182,218,272
X12,3,39,75,111,147,183,219,273
X13,4,36,94,126,166,198,220,270
X14,5,38,95,128,167,200,221,272
X15,6,42,78,114,150,186,222,276
X16,7,41,97,131,169,203,223,275
X17,8,37,98,127,170,199,224,271
X18,9,47,106,139,171,209,227,279
X19,10,45,102,143,172,207,225,280
X20,11,46,105,140,173,208,226,281
X21,12,50,85,124,158,192,232,283
X22,13,47,81,122,155,193,230,279
X23,14,46,83,125,154,194,233,281
X24,15,48,103,136,177,210,228,285
X25,16,51,107,137,178,213,231,286
X26,17,45,82,121,153,197,229,280
X27,22,57,103,138,175,210,242,259
X28,26,59,77,116,152,185,239,260
X29,23,58,76,113,149,184,238,257
X30,18,55,73,108,144,181,235,252
X31,21,54,102,135,174,207,240,254
X32,25,56,106,137,178,209,237,253
X33,19,56,74,109,145,182,236,253
X34,20,54,72,110,146,180,234,254
X35,24,55,105,136,177,208,241,252
X36,36,45,54,67,180,197,198,207
X37,37,46,55,71,181,194,199,208
X38,38,47,56,68,182,193,200,209
X39,39,48,57,63,183,190,201,210
X40,40,49,58,66,184,195,202,211
X41,41,50,59,70,185,192,203,212
X42,42,51,60,64,186,191,204,213
X43,43,52,61,65,187,189,205,214
X44,44,53,62,69,188,196,206,215
X45,0,39,90,129,162,201,216,273
X46,1,42,91,132,163,204,217,276
X47,2,43,92,133,164,205,218,277
X48,3,40,93,130,165,202,219,274
X49,27,65,92,126,166,205,245,261
X50,5,41,77,113,149,185,221,275
X51,6,44,96,134,168,206,222,278
X52,28,63,90,127,170,201,243,262
X53,10,48,87,117,156,190,225,285
X54,11,51,88,118,159,191,226,286
X55,9,52,84,119,160,189,227,282
X56,15,49,89,120,157,195,228,287
X57,18,58,99,139,171,211,235,257
X58,12,52,104,135,174,214,232,282
X59,14,53,100,142,176,215,233,284
X60,19,62,100,143,172,215,236,256
X61,22,62,80,112,148,188,242,256
X62,21,60,78,111,147,186,240,255
X63,23,61,104,142,176,214,238,258
X64,20,59,101,140,173,212,234,260
X65,28,68,81,121,153,193,243,265
X66,27,71,83,122,155,194,245,266
X67,30,64,88,119,160,191,250,263
X68,31,68,95,130,165,200,248,265
X69,72,81,90,101,216,230,234,243
X70,73,82,91,99,217,229,235,244
X71,74,83,92,100,218,233,236,245
X72,75,84,93,106,219,227,237,246
X73,76,85,94,104,220,232,238,247
X74,77,86,95,107,221,231,239,248
X75,78,87,96,102,222,225,240,249
X76,79,88,97,105,223,226,241,250
X77,80,89,98,103,224,228,242,251
X78,4,40,76,112,148,184,220,274
X79,8,44,80,116,152,188,224,278
X80,7,43,79,115,151,187,223,277
X81,25,57,75,115,151,183,237,259
X82,24,61,79,114,150,187,241,258
X83,29,64,91,128,167,204,244,263
X84,32,66,89,123,161,195,251,267
X85,33,65,84,117,156,189,246,261
X86,34,63,87,118,159,190,249,262
X87,26,60,107,141,179,213,239,255
X88,30,70,97,129,162,203,250,264
X89,31,69,86,124,158,196,248,268
X90,32,71,98,131,169,199,251,266
X91,29,67,82,125,154,197,244,269
X92,108,117,126,136,252,261,270,285
X93,109,118,127,137,253,262,271,286
X94,110,119,128,135,254,263,272,282
X95,111,120,129,141,255,264,273,287
X96,112,121,130,143,256,265,274,280
X97,113,122,131,139,257,266,275,279
X98,114,123,132,142,258,267,276,284
X99,115,124,133,138,259,268,277,283
X100,116,125,134,140,260,269,278,281
X101,13,50,101,138,175,212,230,283
X102,16,53,86,123,161,196,231,284
X103,33,66,93,132,163,202,246,267
X104,34,69,96,133,164,206,249,268
X105,17,49,99,141,179,211,229,287
OX0,216,217,218,219,220,221,222,223,224,225,226,227,228,229,230,231,232,233,270,271,272,273,274,275,276,277,278,279,280,281,282,283,284,285,286,287
OX1,225,226,227,228,229,230,231,232,233,234,235,236,237,238,239,240,241,242,252,253,254,255,256,257,258,259,260,279,280,281,282,283,284,285,286,287
OX2,234,235,236,237,238,239,240,241,242,243,244,245,246,247,248,249,250,251,252,253,254,255,256,257,258,259,260,261,262,263,264,265,266,267,268,269
OX3,146,147,152,155,158,160,162,163,164,165,166,167,168,169,170,172,174,176,177,178,180,181,182,183,184,185,186,187,188,189,190,191,192,193,194,195,196,197,198,199,200,201,202,203,204,205,206,207,208,209,210,211,212,213,214,215,218,220,221,222,224,227,228,229,231,232,235,236,238,239,246,247,248,249,256,258,259,260,265,267,268,269,270,271,272,277,278,281,282,283,285,286
OX4,145,148,151,153,156,157,162,163,164,165,166,167,168,169,170,171,172,173,174,176,180,181,182,183,184,185,186,187,188,189,190,191,192,193,194,195,196,197,198,199,200,201,202,203,204,205,206,207,208,209,210,211,212,213,214,215,218,219,220,222,223,228,230,232,233,237,238,239,240,243,247,248,250,251,252,254,258,259,262,264,265,266,269,270,274,275,277,278,282,284,286,287
OX5,153,155,156,157,158,160,171,172,174,175,177,179,218,221,223,226,227,230,231,232,233,235,240,242,243,244,246,247,249,251,252,255,256,262,263,266,267,268,269,272,275,277,280,281,284,285,286,287
OX6,154,155,158,159,160,161,171,173,174,175,176,178,217,222,224,227,230,232,235,236,239,240,241,242,243,245,246,247,248,250,252,253,255,256,258,260,261,262,264,265,267,269,271,276,278,281,284,286
OX7,147,148,149,150,156,158,160,161,162,163,165,169,174,175,176,177,182,183,185,187,188,189,190,192,193,196,200,201,203,205,206,209,210,212,214,215,218,221,223,226,227,230,231,232,233,235,240,242,243,244,246,247,249,251,252,253,256,257,259,260,261,263,269,274,275,276,278,281,282,283,284,286
OX8,148,150,151,152,156,157,158,159,163,164,165,168,175,177,178,179,180,183,184,185,186,190,191,192,195,197,198,201,202,203,204,207,210,211,212,213,217,218,221,222,223,224,226,231,233,236,239,241,244,245,248,249,250,251,253,254,255,256,257,260,261,262,266,270,271,272,273,276,280,281,284,286
OX9,180,181,182,193,194,197,198,199,200,207,208,209,252,253,254,265,266,269,270,271,272,279,280,281
OX10,156,157,158,159,162,163,166,167,168,169,171,173,174,175,176,178,181,183,184,188,190,194,195,196,199,201,202,206,208,210,211,215,218,219,220,222,223,228,230,232,233,237,238,239,240,243,247,248,250,251,252,255,256,260,261,263,265,266,268,271,272,276,277,278,279,284,286,287
OX11,157,159,160,161,163,164,165,166,169,170,171,172,174,175,177,179,181,182,183,186,188,190,191,193,194,196,199,200,201,204,206,208,209,210,213,215,217,218,220,221,228,229,230,231,238,240,241,242,243,245,249,250,252,253,257,258,259,262,263,264,267,268,273,274,275,276,278,280,281,282,284,285
OX12,181,182,187,188,189,193,194,196,199,200,205,206,208,209,214,215,252,253,256,258,261,265,266,268,271,272,277,278,279,281,282,284
OX13,182,183,185,187,188,189,190,192,193,196,200,201,203,205,206,209,210,212,214,215,253,256,258,259,260,261,262,264,265,268,272,273,275,277,278,279,282,283,284,285
OX14,183,186,187,189,190,191,201,204,205,210,213,214,255,258,259,261,262,263,273,276,277,282,285,286
OX15,184,185,188,192,195,196,202,203,206,211,212,215,256,257,260,264,267,268,274,275,278,283,284,287
OX16,162,163,164,171,172,173,189,190,191,193,194,197,202,203,206,207,208,209,210,211,212,213,214,215,219,222,223,229,230,233,237,240,241,243,244,245,255,258,259,261,262,263,273,276,277,282,285,286
OX17,163,164,169,170,172,173,178,179,189,192,195,197,198,199,200,201,204,205,208,209,210,211,212,213,218,219,220,223,226,227,228,231,233,236,237,238,241,245,246,248,250,251,253,257,258,259,263,264,266,268,269,272,273,274,277,280,281,283,284,286
OX18,164,165,167,169,170,173,174,176,178,179,191,192,193,196,202,203,206,209,211,213,217,221,222,223,227,230,231,233,235,239,240,241,243,245,246,248,252,255,258,260,261,263,264,266,271,275,276,277,281,282,283,286
OX19,165,168,169,174,177,178,189,190,191,192,195,196,198,199,200,207,208,209,210,211,212,213,214,215,220,221,224,228,229,230,231,232,233,238,239,242,243,244,245,247,248,251,256,257,260,261,262,263,265,266,269,274,275,278,279,280,281,282,285,286
OX20,166,167,170,175,176,179,192,193,194,195,196,197,201,204,205,207,208,209,210,211,212,213,214,215,219,220,221,222,223,224,228,231,232,237,238,239,240,241,242,247,248,251,255,256,257,258,259,260,265,266,269,273,274,275,276,277,278,279,280,281
OX21,149,151,155,158,160,171,174,175,176,178,185,187,190,191,193,195,196,198,199,200,202,203,206,207,208,210,213,214,217,220,221,222,226,227,229,236,239,241,242,245,246,247,249,251,253,256,257,259,261,264,265,271,274,275,276,280,283,284,285,287
OX22,150,151,167,168,176,178,186,188,189,191,192,193,195,196,198,199,200,202,203,206,207,208,214,215,220,223,224,226,229,230,231,235,236,238,240,242,243,245,248,249,252,253,257,258,259,261,262,263,264,266,267,274,280,282,283,287
OX23,151,152,155,158,160,167,168,171,174,175,176,177,178,179,190,191,193,194,196,208,209,210,213,215,218,226,228,233,235,239,240,241,242,244,248,249,252,255,256,258,259,265,268,269,272,277,278,282,283,284,285,287
OX24,152,155,158,160,167,169,170,171,174,175,176,178,186,188,192,193,196,197,200,201,202,205,207,210,211,212,213,214,218,219,221,222,224,228,230,232,235,236,238,241,243,244,246,248,249,250,252,253,255,256,257,258,260,261,262,264,266,268,272,273,275,278,279,280,282,283,284,287
OX25,155,158,160,171,174,175,189,192,193,209,212,214,217,222,224,235,236,239,240,241,242,245,248,250,252,253,255,256,258,260,261,264,265,271,276,278
OX26,185,186,187,188,189,191,194,197,199,200,201,202,203,204,207,209,210,211,213,215,217,218,219,222,226,228,230,231,232,236,238,239,240,242,243,244,246,250,253,257,258,265,266,271,272,273,275,277,278,279,280,281,282,283,284,287
OX27,186,188,189,190,191,194,196,197,198,200,201,203,208,209,212,214,219,220,221,222,226,228,229,230,233,237,239,241,242,243,244,245,247,249,255,258,259,260,261,263,264,265,268,273,274,275,278,279,282,284,285,287
OX28,189,191,192,193,194,196,208,209,212,213,214,215,217,218,221,222,223,224,227,230,232,236,239,241,243,244,246,247,249,251,253,258,260,262,263,266,267,268,269,271,272,275,276,277,278,281,284,286
OX29,190,191,194,195,196,197,207,208,210,211,213,215,218,221,223,226,231,233,235,240,242,244,249,251,252,255,256,263,266,268,272,275,277,280,285,287
OX30,158,160,161,171,174,178,187,188,191,192,196,201,202,203,206,210,211,213,214,215,219,223,226,227,228,233,236,240,242,249,253,255,258,262,264,267,273,278,281,287
OX31,159,167,169,173,176,178,188,191,192,194,196,198,201,206,207,208,210,212,213,215,217,219,220,221,222,224,226,228,229,231,235,236,238,240,242,244,245,246,250,251,252,253,255,257,261,262,264,267,268,269,271,273,274,275,276,280,281,283,286,287
OX32,160,167,168,169,170,171,176,177,178,179,187,191,192,194,195,196,197,199,200,201,202,203,204,205,207,209,210,215,217,219,224,227,230,233,235,236,237,240,243,246,249,251,252,253,255,258,259,261,262,264,265,266,268,269,271,273,277,278,279,280,283,284,286,287
OX33,161,168,170,177,178,179,191,192,193,196,197,198,199,200,201,203,206,208,210,213,217,218,219,220,222,223,224,229,230,231,233,235,236,238,241,242,243,244,245,246,248,249,252,253,256,257,258,261,262,263,264,266,267,271,272,273,274,276,277,278,281,283,284,286
OX34,187,188,191,193,196,197,199,200,201,202,207,208,210,211,213,214,218,219,224,227,228,233,238,240,241,242,247,249,250,251,255,257,262,264,265,267,268,269,272,273,277,279,280,281,282,284,286,287
OX35,188,192,193,194,195,196,198,200,201,203,204,207,208,210,211,213,218,219,220,222,223,228,229,230,231,235,240,242,243,245,246,247,248,250,252,255,261,263,267,272,273,274,276,277,278,280,281,283
OX36,193,195,196,197,198,199,202,203,204,205,208,209,212,213,214,215,218,220,221,222,224,226,227,229,230,237,239,241,242,243,244,245,247,249,256,258,259,260,262,264,266,267,268,272,274,275,276,278,282,284,286,287
OX37,192,194,196,197,199,200,201,202,205,206,207,209,210,211,212,214,217,218,219,222,226,228,230,231,232,237,238,239,240,243,244,245,250,251,255,257,259,260,263,264,265,267,268,271,272,273,276,279,280,281,286,287
OX38,96,98,99,101,102,103,105,106,119,122,126,128,129,131,132,134,135,136,137,139,140,143,167,168,169,176,177,178,194,195,199,200,205,209,211,214,217,218,219,220,224,226,227,228,230,231,236,237,238,241,248,250,253,257,258,259,267,268,271,272,273,274,278,281,284,286
OX39,95,97,99,100,102,105,106,107,119,125,136,138,142,143,167,168,170,176,177,179,191,196,198,199,200,201,203,205,206,207,208,209,210,212,213,214,217,219,220,221,222,223,224,226,228,229,236,237,238,239,242,244,246,251,253,256,257,259,260,261,267,268,271,273,274,275,276,277,278,280,281,282,284,287
OX40,99,101,102,103,104,106,127,129,130,134,167,168,176,177,194,197,199,203,207,212,217,218,219,222,223,224,227,229,233,237,238,241,243,244,257,258,259,265,266,271,272,273,276,277,278,282
OX41,100,101,104,105,106,107,129,130,131,132,133,134,168,169,170,177,178,179,191,194,195,196,198,201,204,205,206,207,208,210,211,214,220,224,226,227,229,232,235,236,237,239,240,243,246,247,249,251,252,253,255,259,260,261,262,263,264,265,266,268,274,278,280,281,282,283,284,287
OX42,126,127,130,132,191,194,195,197,198,199,200,202,203,206,209,212,213,215,217,218,223,224,229,230,233,235,236,238,239,241,243,244,245,247,248,251,252,253,257,258,260,263,264,265,268,271,272,277,278,279,286,287
OX43,127,128,133,134,191,194,196,197,198,201,203,205,208,210,212,213,214,215,217,219,220,221,222,226,227,228,229,230,231,233,235,236,237,238,239,243,244,246,248,249,250,251,252,253,257,259,260,261,262,265,266,267,271,273,274,275,276,279,282,287
OX44,128,129,130,133,194,196,198,202,204,206,207,208,211,213,217,219,220,221,223,224,227,229,230,231,232,238,240,241,243,247,249,251,255,257,258,262,264,265,266,267,268,271,273,274,275,277,278,279,280,281,282,283
OX45,129,130,131,132,133,134,191,195,200,204,205,206,209,211,214,215,217,218,219,222,223,224,230,231,232,235,236,241,243,246,247,248,249,251,252,253,258,261,262,263,264,265,268,271,272,273,276,277,278,279,283,284,286,287
OX46,97,98,102,104,119,123,124,125,130,133,134,137,138,140,142,143,167,169,170,176,178,179,195,197,198,199,203,205,208,211,212,214,217,218,220,222,223,226,229,231,232,238,240,241,242,245,248,249,255,256,257,258,262,263,266,271,272,274,276,277,281,282,286,287
OX47,98,102,104,105,122,124,131,133,135,138,141,143,169,170,178,179,191,194,198,199,202,205,206,207,211,213,214,215,217,218,220,221,222,223,227,229,231,235,236,240,242,244,246,249,252,253,255,256,261,262,263,268,269,271,272,274,275,276,277,279,280,281,282,283,284,286
OX48,130,131,134,139,140,143,196,197,198,200,203,205,206,209,212,214,217,220,221,222,223,224,227,230,233,237,238,242,243,244,245,248,249,250,256,257,259,262,263,265,266,271,274,275,276,277,278,279,280,281,282,284
OX49,102,104,106,107,136,140,141,142,167,168,169,176,177,178,191,196,199,204,206,208,218,222,223,224,229,230,231,232,239,240,241,243,244,245,246,248,249,251,255,258,260,261,262,263,265,266,267,269,272,276,277,278,279,280,283,286
OX50,103,105,106,107,137,140,141,143,169,170,178,179,194,196,199,200,203,204,205,206,209,212,213,214,217,221,223,224,227,228,229,230,233,241,242,243,245,250,256,258,263,265,268,271,275,277,278,279,280,282,284,287
OX51,135,139,140,142,191,194,196,197,198,202,204,206,208,211,220,222,227,229,231,233,236,237,239,240,241,242,244,247,250,251,253,255,256,258,259,260,264,266,267,268,274,276,282,286
OX52,136,138,139,143,191,196,199,203,205,206,208,212,213,214,217,218,221,222,226,228,229,230,231,232,235,239,241,242,243,244,245,247,248,249,252,256,258,260,262,263,264,265,266,269,271,272,275,276,279,280,283,287
OX53,137,138,139,142,191,194,195,196,199,201,202,204,210,215,217,219,226,228,230,231,237,238,242,243,244,247,248,250,256,257,259,264,265,266,267,269,271,273,279,281
OX54,138,139,140,141,142,143,196,197,198,200,202,205,209,211,214,215,217,220,221,222,223,224,227,230,233,237,239,243,244,245,247,249,250,251,259,260,262,263,264,265,266,267,268,271,274,275,276,277,278,279,280,281,282,284
OX55,119,122,123,124,125,132,134,139,141,143,191,195,197,200,203,207,209,211,212,213,217,221,224,229,230,232,233,236,239,240,243,247,249,251,253,255,260,262,264,265,266,267,268,271,275,278,282,284,286,287
OX56,122,123,124,125,131,132,133,134,198,199,201,203,205,206,207,208,210,212,214,215,219,220,222,224,228,229,230,232,235,238,239,240,242,243,246,247,248,251,252,255,256,257,260,261,264,265,266,269,273,274,276,278,280,281,284,287
OX57,123,124,131,133,139,142,191,194,195,196,200,201,202,204,205,206,208,209,210,214,217,218,219,223,224,226,227,228,230,233,236,238,241,242,243,244,245,247,250,251,253,256,257,258,264,265,267,269,271,272,273,277,278,279,282,283
OX58,124,132,134,139,141,143,194,198,201,207,208,210,217,218,219,220,221,223,224,226,227,228,231,232,233,235,236,237,240,245,246,249,252,253,255,259,261,262,268,271,272,273,274,275,277,278,282,284,286,287
OX59,125,131,133,141,142,143,197,198,200,202,203,209,211,212,218,220,227,232,233,237,238,239,242,247,248,251,256,257,259,260,264,267,268,272,274,280,282,283
OX60,101,104,105,106,107,132,134,139,141,143,191,194,195,196,200,205,208,209,211,213,214,215,217,218,224,229,230,231,233,235,238,239,241,244,246,248,251,252,257,258,260,261,263,266,269,271,272,278,279,280,286,287
OX61,104,105,106,107,131,132,133,134,139,140,141,142,167,168,176,177,191,194,195,196,198,199,200,202,204,206,207,209,218,220,221,224,226,228,229,230,231,232,236,237,238,239,240,242,243,244,249,251,253,255,256,257,259,260,262,263,265,266,268,269,272,274,275,278,279,280,281,283
OX62,105,106,132,134,140,141,168,169,177,178,191,194,198,199,200,201,207,209,210,213,218,219,220,222,223,224,227,229,230,231,232,233,235,236,238,239,240,241,242,243,245,246,247,250,252,253,255,256,257,258,260,261,264,265,272,273,274,276,277,278,279,280,282,283,284,286
OX63,106,131,133,139,140,143,170,179,195,196,201,202,203,204,205,210,212,213,214,215,217,219,226,228,229,232,235,237,241,244,246,247,251,252,258,259,261,264,268,269,271,273,280,283,284,286
OX64,107,131,133,139,141,143,168,169,170,177,178,179,191,194,198,199,200,202,203,205,206,207,209,211,212,213,214,215,217,220,221,222,224,226,227,228,230,231,236,237,239,240,241,242,243,244,245,247,251,253,255,256,258,259,260,263,264,265,267,269,271,274,275,276,278,279,281,282,284,287
OX65,131,133,139,140,141,142,167,170,176,179,191,194,195,197,199,203,207,211,212,213,221,223,226,227,231,232,233,236,237,240,242,247,249,251,253,255,256,259,262,263,264,266,269,275,277,280,282,283,284,287
OX66,132,134,140,141,168,177,196,197,198,200,202,203,204,209,211,212,213,215,217,218,220,222,223,224,226,228,229,230,236,238,241,243,249,250,253,257,258,262,263,265,268,269,271,272,274,276,277,278,279,284,286,287
OX67,139,142,168,169,170,177,178,179,194,195,196,197,199,200,206,207,209,211,218,223,228,231,233,235,236,237,238,240,242,244,245,246,247,248,249,250,252,253,255,256,257,259,261,262,263,264,267,272,277,280
OX68,140,141,167,169,170,176,178,179,191,194,195,196,198,199,200,201,203,207,209,210,211,212,213,215,218,219,220,221,223,228,229,230,231,235,240,241,242,243,245,246,247,249,252,255,256,258,261,262,263,264,265,267,268,272,273,274,275,277,279,280,281,286
OX69,133,134,141,142,167,170,176,179,191,194,196,197,198,201,203,205,208,210,212,213,214,215,218,219,220,223,224,226,228,229,231,232,233,235,238,239,242,246,247,251,252,256,257,260,261,263,264,266,267,268,269,272,273,274,277,278,283,287
OX70,134,141,167,169,170,176,178,179,191,195,199,201,202,204,208,210,217,218,219,223,224,228,233,237,241,244,258,259,263,267,269,271,272,273,277,278,281,286
OX71,142,143,167,168,169,176,177,178,203,204,205,212,213,214,217,221,223,224,228,229,232,236,239,241,245,247,253,258,260,264,266,271,275,277,278,280,283,287
OX72,141,143,167,169,176,178,191,194,196,197,199,201,202,204,207,210,211,215,217,218,219,223,228,229,233,235,236,240,241,242,244,245,246,249,252,253,255,256,258,261,262,263,268,271,272,273,277,284,286,287
OX73,53,62,71,143,167,168,169,176,177,178,191,194,195,196,201,202,204,210,215,217,219,221,224,227,229,230,232,233,235,237,238,243,244,245,246,248,251,252,256,257,259,261,263,265,266,269,271,273,275,278,279,280,282,283,286,287
OX74,62,71,168,170,177,179,191,194,200,201,202,203,204,206,209,210,211,212,218,219,222,223,224,230,231,233,237,238,239,241,243,247,249,251,256,257,258,259,260,262,263,264,265,267,272,273,276,277,278,279,284,286
OX75,71,143,167,168,169,176,177,178,191,194,195,196,198,199,200,202,205,207,208,209,213,214,215,220,223,224,226,228,230,232,233,235,236,237,238,240,241,242,243,244,246,247,249,250,251,252,253,255,256,257,258,259,261,262,264,265,268,269,274,277,278,279,283,284
Z0,0,9,18,30,144,160,162,171
Z1,1,10,19,33,145,156,163,172
Z2,2,11,20,34,146,159,164,173
Z3,3,12,21,31,147,158,165,174
Z4,4,13,22,27,148,155,166,175
Z5,5,14,23,29,149,154,167,176
Z6,6,15,24,35,150,157,168,177
Z7,7,16,25,32,151,161,169,178
Z8,8,17,26,28,152,153,170,179
Z9,0,36,72,108,144,180,216,270
Z10,1,37,73,109,145,181,217,271
Z11,2,38,74,110,146,182,218,272
Z12,3,39,75,111,147,183,219,273
Z13,4,36,94,126,166,198,220,270
Z14,5,38,95,128,167,200,221,272
Z15,6,42,78,114,150,186,222,276
Z16,7,41,97,131,169,203,223,275
Z17,8,37,98,127,170,199,224,271
Z18,9,47,106,139,171,209,227,279
Z19,10,45,102,143,172,207,225,280
Z20,11,46,105,140,173,208,226,281
Z21,12,50,85,124,158,192,232,283
Z22,13,47,81,122,155,193,230,279
Z23,14,46,83,125,154,194,233,281
Z24,15,48,103,136,177,210,228,285
Z25,16,51,107,137,178,213,231,286
Z26,17,45,82,121,153,197,229,280
Z27,22,57,103,138,175,210,242,259
Z28,26,59,77,116,152,185,239,260
Z29,23,58,76,113,149,184,238,257
Z30,18,55,73,108,144,181,235,252
Z31,21,54,102,135,174,207,240,254
Z32,25,56,106,137,178,209,237,253
Z33,19,56,74,109,145,182,236,253
Z34,20,54,72,110,146,180,234,254
Z35,24,55,105,136,177,208,241,252
Z36,36,45,54,67,180,197,198,207
Z37,37,46,55,71,181,194,199,208
Z38,38,47,56,68,182,193,200,209
Z39,39,48,57,63,183,190,201,210
Z40,40,49,58,66,184,195,202,211
Z41,41,50,59,70,185,192,203,212
Z42,42,51,60,64,186,191,204,213
Z43,43,52,61,65,187,189,205,214
Z44,44,53,62,69,188,196,206,215
Z45,0,39,90,129,162,201,216,273
Z46,1,42,91,132,163,204,217,276
Z47,2,43,92,133,164,205,218,277
Z48,3,40,93,130,165,202,219,274
Z49,27,65,92,126,166,205,245,261
Z50,5,41,77,113,149,185,221,275
Z51,6,44,96,134,168,206,222,278
Z52,28,63,90,127,170,201,243,262
Z53,10,48,87,117,156,190,225,285
Z54,11,51,88,118,159,191,226,286
Z55,9,52,84,119,160,189,227,282
Z56,15,49,89,120,157,195,228,287
Z57,18,58,99,139,171,211,235,257
Z58,12,52,104,135,174,214,232,282
Z59,14,53,100,142,176,215,233,284
Z60,19,62,100,143,172,215,236,256
Z61,22,62,80,112,148,188,242,256
Z62,21,60,78,111,147,186,240,255
Z63,23,61,104,142,176,214,238,258
Z64,20,59,101,140,173,212,234,260
Z65,28,68,81,121,153,193,243,265
Z66,27,71,83,122,155,194,245,266
Z67,30,64,88,119,160,191,250,263
Z68,31,68,95,130,165,200,248,265
Z69,72,81,90,101,216,230,234,243
Z70,73,82,91,99,217,229,235,244
Z71,74,83,92,100,218,233,236,245
Z72,75,84,93,106,219,227,237,246
Z73,76,85,94,104,220,232,238,247
Z74,77,86,95,107,221,231,239,248
Z75,78,87,96,102,222,225,240,249
Z76,79,88,97,105,223,226,241,250
Z77,80,89,98,103,224,228,242,251
Z78,4,40,76,112,148,184,220,274
Z79,8,44,80,116,152,188,224,278
Z80,7,43,79,115,151,187,223,277
Z81,25,57,75,115,151,183,237,259
Z82,24,61,79,114,150,187,241,258
Z83,29,64,91,128,167,204,244,263
Z84,32,66,89,123,161,195,251,267
Z85,33,65,84,117,156,189,246,261
Z86,34,63,87,118,159,190,249,262
Z87,26,60,107,141,179,213,239,255
Z88,30,70,97,129,162,203,250,264
Z89,31,69,86,124,158,196,248,268
Z90,32,71,98,131,169,199,251,266
Z91,29,67,82,125,154,197,244,269
Z92,108,117,126,136,252,261,270,285
Z93,109,118,127,137,253,262,271,286
Z94,110,119,128,135,254,263,272,282
Z95,111,120,129,141,255,264,273,287
Z96,112,121,130,143,256,265,274,280
Z97,113,122,131,139,257,266,275,279
Z98,114,123,132,142,258,267,276,284
Z99,115,124,133,138,259,268,277,283
Z100,116,125,134,140,260,269,278,281
Z101,13,50,101,138,175,212,230,283
Z102,16,53,86,123,161,196,231,284
Z103,33,66,93,132,163,202,246,267
Z104,34,69,96,133,164,206,249,268
Z105,17,49,99,141,179,211,229,287
OZ0,216,217,218,219,220,221,222,223,224,225,226,227,228,229,230,231,232,233,270,271,272,273,274,275,276,277,278,279,280,281,282,283,284,285,286,287
OZ1,225,226,227,228,229,230,231,232,233,234,235,236,237,238,239,240,241,242,252,253,254,255,256,257,258,259,260,279,280,281,282,283,284,285,286,287
OZ2,234,235,236,237,238,239,240,241,242,243,244,245,246,247,248,249,250,251,252,253,254,255,256,257,258,259,260,261,262,263,264,265,266,267,268,269
OZ3,146,147,152,155,158,160,162,163,164,165,166,167,168,169,170,172,174,176,177,178,180,181,182,183,184,185,186,187,188,189,190,191,192,193,194,195,196,197,198,199,200,201,202,203,204,205,206,207,208,209,210,211,212,213,214,215,218,220,221,222,224,227,228,229,231,232,235,236,238,239,246,247,248,249,256,258,259,260,265,267,268,269,270,271,272,277,278,281,282,283,285,286
OZ4,145,148,151,153,156,157,162,163,164,165,166,167,168,169,170,171,172,173,174,176,180,181,182,183,184,185,186,187,188,189,190,191,192,193,194,195,196,197,198,199,200,201,202,203,204,205,206,207,208,209,210,211,212,213,214,215,218,219,220,222,223,228,230,232,233,237,238,239,240,243,247,248,250,251,252,254,258,259,262,264,265,266,269,270,274,275,277,278,282,284,286,287
OZ5,153,155,156,157,158,160,171,172,174,175,177,179,218,221,223,226,227,230,231,232,233,235,240,242,243,244,246,247,249,251,252,255,256,262,263,266,267,268,269,272,275,277,280,281,284,285,286,287
OZ6,154,155,158,159,160,161,171,173,174,175,176,178,217,222,224,227,230,232,235,236,239,240,241,242,243,245,246,247,248,250,252,253,255,256,258,260,261,262,264,265,267,269,271,276,278,281,284,286
OZ7,147,148,149,150,156,158,160,161,162,163,165,169,174,175,176,177,182,183,185,187,188,189,190,192,193,196,200,201,203,205,206,209,210,212,214,215,218,221,223,226,227,230,231,232,233,235,240,242,243,244,246,247,249,251,252,253,256,257,259,260,261,263,269,274,275,276,278,281,282,283,284,286
OZ8,148,150,151,152,156,157,158,159,163,164,165,168,175,177,178,179,180,183,184,185,186,190,191,192,195,197,198,201,202,203,204,207,210,211,212,213,217,218,221,222,223,224,226,231,233,236,239,241,244,245,248,249,250,251,253,254,255,256,257,260,261,262,266,270,271,272,273,276,280,281,284,286
OZ9,180,181,182,193,194,197,198,199,200,207,208,209,252,253,254,265,266,269,270,271,272,279,280,281
OZ10,156,157,158,159,162,163,166,167,168,169,171,173,174,175,176,178,181,183,184,188,190,194,195,196,199,201,202,206,208,210,211,215,218,219,220,222,223,228,230,232,233,237,238,239,240,243,247,248,250,251,252,255,256,260,261,263,265,266,268,271,272,276,277,278,279,284,286,287
OZ11,157,159,160,161,163,164,165,166,169,170,171,172,174,175,177,179,181,182,183,186,188,190,191,193,194,196,199,200,201,204,206,208,209,210,213,215,217,218,220,221,228,229,230,231,238,240,241,242,243,245,249,250,252,253,257,258,259,262,263,264,267,268,273,274,275,276,278,280,281,282,284,285
OZ12,181,182,187,188,189,193,194,196,199,200,205,206,208,209,214,215,252,253,256,258,261,265,266,268,271,272,277,278,279,281,282,284
OZ13,182,183,185,187,188,189,190,192,193,196,200,201,203,205,206,209,210,212,214,215,253,256,258,259,260,261,262,264,265,268,272,273,275,277,278,279,282,283,284,285
OZ14,183,186,187,189,190,191,201,204,205,210,213,214,255,258,259,261,262,263,273,276,277,282,285,286
OZ15,184,185,188,192,195,196,202,203,206,211,212,215,256,257,260,264,267,268,274,275,278,283,284,287
OZ16,162,163,164,171,172,173,189,190,191,193,194,197,202,203,206,207,208,209,210,211,212,213,214,215,219,222,223,229,230,233,237,240,241,243,244,245,255,258,259,261,262,263,273,276,277,282,285,286
OZ17,163,164,169,170,172,173,178,179,189,192,195,197,198,199,200,201,204,205,208,209,210,211,212,213,218,219,220,223,226,227,228,231,233,236,237,238,241,245,246,248,250,251,253,257,258,259,263,264,266,268,269,272,273,274,277,280,281,283,284,286
OZ18,164,165,167,169,170,173,174,176,178,179,191,192,193,196,202,203,206,209,211,213,217,221,222,223,227,230,231,233,235,239,240,241,243,245,246,248,252,255,258,260,261,263,264,266,271,275,276,277,281,282,283,286
OZ19,165,168,169,174,177,178,189,190,191,192,195,196,198,199,200,207,208,209,210,211,212,213,214,215,220,221,224,228,229,230,231,232,233,238,239,242,243,244,245,247,248,251,256,257,260,261,262,263,265,266,269,274,275,278,279,280,281,282,285,286
OZ20,166,167,170,175,176,179,192,193,194,195,196,197,201,204,205,207,208,209,210,211,212,213,214,215,219,220,221,222,223,224,228,231,232,237,238,239,240,241,242,247,248,251,255,256,257,258,259,260,265,266,269,273,274,275,276,277,278,279,280,281
OZ21,149,151,155,158,160,171,174,175,176,178,185,187,190,191,193,195,196,198,199,200,202,203,206,207,208,210,213,214,217,220,221,222,226,227,229,236,239,241,242,245,246,247,249,251,253,256,257,259,261,264,265,271,274,275,276,280,283,284,285,287
OZ22,150,151,167,168,176,178,186,188,189,191,192,193,195,196,198,199,200,202,203,206,207,208,214,215,220,223,224,226,229,230,231,235,236,238,240,242,243,245,248,249,252,253,257,258,259,261,262,263,264,266,267,274,280,282,283,287
OZ23,151,152,155,158,160,167,168,171,174,175,176,177,178,179,190,191,193,194,196,208,209,210,213,215,218,226,228,233,235,239,240,241,242,244,248,249,252,255,256,258,259,265,268,269,272,277,278,282,283,284,285,287
OZ24,152,155,158,160,167,169,170,171,174,175,176,178,186,188,192,193,196,197,200,201,202,205,207,210,211,212,213,214,218,219,221,222,224,228,230,232,235,236,238,241,243,244,246,248,249,250,252,253,255,256,257,258,260,261,262,264,266,268,272,273,275,278,279,280,282,283,284,287
OZ25,155,158,160,171,174,175,189,192,193,209,212,214,217,222,224,235,236,239,240,241,242,245,248,250,252,253,255,256,258,260,261,264,265,271,276,278
OZ26,185,186,187,188,189,191,194,197,199,200,201,202,203,204,207,209,210,211,213,215,217,218,219,222,226,228,230,231,232,236,238,239,240,242,243,244,246,250,253,257,258,265,266,271,272,273,275,277,278,279,280,281,282,283,284,287
OZ27,186,188,189,190,191,194,196,197,198,200,201,203,208,209,212,214,219,220,221,222,226,228,229,230,233,237,239,241,242,243,244,245,247,249,255,258,259,260,261,263,264,265,268,273,274,275,278,279,282,284,285,287
OZ28,189,191,192,193,194,196,208,209,212,213,214,215,217,218,221,222,223,224,227,230,232,236,239,241,243,244,246,247,249,251,253,258,260,262,263,266,267,268,269,271,272,275,276,277,278,281,284,286
OZ29,190,191,194,195,196,197,207,208,210,211,213,215,218,221,223,226,231,233,235,240,242,244,249,251,252,255,256,263,266,268,272,275,277,280,285,287
OZ30,158,160,161,171,174,178,187,188,191,192,196,201,202,203,206,210,211,213,214,215,219,223,226,227,228,233,236,240,242,249,253,255,258,262,264,267,273,278,281,287
OZ31,159,167,169,173,176,178,188,191,192,194,196,198,201,206,207,208,210,212,213,215,217,219,220,221,222,224,226,228,229,231,235,236,238,240,242,244,245,246,250,251,252,253,255,257,261,262,264,267,268,269,271,273,274,275,276,280,281,283,286,287
OZ32,160,167,168,169,170,171,176,177,178,179,187,191,192,194,195,196,197,199,200,201,202,203,204,205,207,209,210,215,217,219,224,227,230,233,235,236,237,240,243,246,249,251,252,253,255,258,259,261,262,264,265,266,268,269,271,273,277,278,279,280,283,284,286,287
OZ33,161,168,170,177,178,179,191,192,193,196,197,198,199,200,201,203,206,208,210,213,217,218,219,220,222,223,224,229,230,231,233,235,236,238,241,242,243,244,245,246,248,249,252,253,256,257,258,261,262,263,264,266,267,271,272,273,274,276,277,278,281,283,284,286
OZ34,187,188,191,193,196,197,199,200,201,202,207,208,210,211,213,214,218,219,224,227,228,233,238,240,241,242,247,249,250,251,255,257,262,264,265,267,268,269,272,273,277,279,280,281,282,284,286,287
OZ35,188,192,193,194,195,196,198,200,201,203,204,207,208,210,211,213,218,219,220,222,223,228,229,230,231,235,240,242,243,245,246,247,248,250,252,255,261,263,267,272,273,274,276,277,278,280,281,283
OZ36,193,195,196,197,198,199,202,203,204,205,208,209,212,213,214,215,218,220,221,222,224,226,227,229,230,237,239,241,242,243,244,245,247,249,256,258,259,260,262,264,266,267,268,272,274,275,276,278,282,284,286,287
OZ37,192,194,196,197,199,200,201,202,205,206,207,209,210,211,212,214,217,218,219,222,226,228,230,231,232,237,238,239,240,243,244,245,250,251,255,257,259,260,263,264,265,267,268,271,272,273,276,279,280,281,286,287
OZ38,96,98,99,101,102,103,105,106,119,122,126,128,129,131,132,134,135,136,137,139,140,143,167,168,169,176,177,178,194,195,199,200,205,209,211,214,217,218,219,220,224,226,227,228,230,231,236,237,238,241,248,250,253,257,258,259,267,268,271,272,273,274,278,281,284,286
OZ39,95,97,99,100,102,105,106,107,119,125,136,138,142,143,167,168,170,176,177,179,191,196,198,199,200,201,203,205,206,207,208,209,210,212,213,214,217,219,220,221,222,223,224,226,228,229,236,237,238,239,242,244,246,251,253,256,257,259,260,261,267,268,271,273,274,275,276,277,278,280,281,282,284,287
OZ40,99,101,102,103,104,106,127,129,130,134,167,168,176,177,194,197,199,203,207,212,217,218,219,222,223,224,227,229,233,237,238,241,243,244,257,258,259,265,266,271,272,273,276,277,278,282
OZ41,100,101,104,105,106,107,129,130,131,132,133,134,168,169,170,177,178,179,191,194,195,196,198,201,204,205,206,207,208,210,211,214,220,224,226,227,229,232,235,236,237,239,240,243,246,247,249,251,252,253,255,259,260,261,262,263,264,265,266,268,274,278,280,281,282,283,284,287
OZ42,126,127,130,132,191,194,195,197,198,199,200,202,203,206,209,212,213,215,217,218,223,224,229,230,233,235,236,238,239,241,243,244,245,247,248,251,252,253,257,258,260,263,264,265,268,271,272,277,278,279,286,287
OZ43,127,128,133,134,191,194,196,197,198,201,203,205,208,210,212,213,214,215,217,219,220,221,222,226,227,228,229,230,231,233,235,236,237,238,239,243,244,246,248,249,250,251,252,253,257,259,260,261,262,265,266,267,271,273,274,275,276,279,282,287
OZ44,128,129,130,133,194,196,198,202,204,206,207,208,211,213,217,219,220,221,223,224,227,229,230,231,232,238,240,241,243,247,249,251,255,257,258,262,264,265,266,267,268,271,273,274,275,277,278,279,280,281,282,283
OZ45,129,130,131,132,133,134,191,195,200,204,205,206,209,211,214,215,217,218,219,222,223,224,230,231,232,235,236,241,243,246,247,248,249,251,252,253,258,261,262,263,264,265,268,271,272,273,276,277,278,279,283,284,286,287
OZ46,97,98,102,104,119,123,124,125,130,133,134,137,138,140,142,143,167,169,170,176,178,179,195,197,198,199,203,205,208,211,212,214,217,218,220,222,223,226,229,231,232,238,240,241,242,245,248,249,255,256,257,258,262,263,266,271,272,274,276,277,281,282,286,287
OZ47,98,102,104,105,122,124,131,133,135,138,141,143,169,170,178,179,191,194,198,199,202,205,206,207,211,213,214,215,217,218,220,221,222,223,227,229,231,235,236,240,242,244,246,249,252,253,255,256,261,262,263,268,269,271,272,274,275,276,277,279,280,281,282,283,284,286
OZ48,130,131,134,139,140,143,196,197,198,200,203,205,206,209,212,214,217,220,221,222,223,224,227,230,233,237,238,242,243,244,245,248,249,250,256,257,259,262,263,265,266,271,274,275,276,277,278,279,280,281,282,284
OZ49,102,104,106,107,136,140,141,142,167,168,169,176,177,178,191,196,199,204,206,208,218,222,223,224,229,230,231,232,239,240,241,243,244,245,246,248,249,251,255,258,260,261,262,263,265,266,267,269,272,276,277,278,279,280,283,286
OZ50,103,105,106,107,137,140,141,143,169,170,178,179,194,196,199,200,203,204,205,206,209,212,213,214,217,221,223,224,227,228,229,230,233,241,242,243,245,250,256,258,263,265,268,271,275,277,278,279,280,282,284,287
OZ51,135,139,140,142,191,194,196,197,198,202,204,206,208,211,220,222,227,229,231,233,236,237,239,240,241,242,244,247,250,251,253,255,256,258,259,260,264,266,267,268,274,276,282,286
OZ52,136,138,139,143,191,196,199,203,205,206,208,212,213,214,217,218,221,222,226,228,229,230,231,232,235,239,241,242,243,244,245,247,248,249,252,256,258,260,262,263,264,265,266,269,271,272,275,276,279,280,283,287
OZ53,137,138,139,142,191,194,195,196,199,201,202,204,210,215,217,219,226,228,230,231,237,238,242,243,244,247,248,250,256,257,259,264,265,266,267,269,271,273,279,281
OZ54,138,139,140,141,142,143,196,197,198,200,202,205,209,211,214,215,217,220,221,222,223,224,227,230,233,237,239,243,244,245,247,249,250,251,259,260,262,263,264,265,266,267,268,271,274,275,276,277,278,279,280,281,282,284
OZ55,119,122,123,124,125,132,134,139,141,143,191,195,197,200,203,207,209,211,212,213,217,221,224,229,230,232,233,236,239,240,243,247,249,251,253,255,260,262,264,265,266,267,268,271,275,278,282,284,286,287
OZ56,122,123,124,125,131,132,133,134,198,199,201,203,205,206,207,208,210,212,214,215,219,220,222,224,228,229,230,232,235,238,239,240,242,243,246,247,248,251,252,255,256,257,260,261,264,265,266,269,273,274,276,278,280,281,284,287
OZ57,123,124,131,133,139,142,191,194,195,196,200,201,202,204,205,206,208,209,210,214,217,218,219,223,224,226,227,228,230,233,236,238,241,242,243,244,245,247,250,251,253,256,257,258,264,265,267,269,271,272,273,277,278,279,282,283
OZ58,124,132,134,139,141,143,194,198,201,207,208,210,217,218,219,220,221,223,224,226,227,228,231,232,233,235,236,237,240,245,246,249,252,253,255,259,261,262,268,271,272,273,274,275,277,278,282,284,286,287
OZ59,125,131,133,141,142,143,197,198,200,202,203,209,211,212,218,220,227,232,233,237,238,239,242,247,248,251,256,257,259,260,264,267,268,272,274,280,282,283
OZ60,101,104,105,106,107,132,134,139,141,143,191,194,195,196,200,205,208,209,211,213,214,215,217,218,224,229,230,231,233,235,238,239,241,244,246,248,251,252,257,258,260,261,263,266,269,271,272,278,279,280,286,287
OZ61,104,105,106,107,131,132,133,134,139,140,141,142,167,168,176,177,191,194,195,196,198,199,200,202,204,206,207,209,218,220,221,224,226,228,229,230,231,232,236,237,238,239,240,242,243,244,249,251,253,255,256,257,259,260,262,263,265,266,268,269,272,274,275,278,279,280,281,283
OZ62,105,106,132,134,140,141,168,169,177,178,191,194,198,199,200,201,207,209,210,213,218,219,220,222,223,224,227,229,230,231,232,233,235,236,238,239,240,241,242,243,245,246,247,250,252,253,255,256,257,258,260,261,264,265,272,273,274,276,277,278,279,280,282,283,284,286
OZ63,106,131,133,139,140,143,170,179,195,196,201,202,203,204,205,210,212,213,214,215,217,219,226,228,229,232,235,237,241,244,246,247,251,252,258,259,261,264,268,269,271,273,280,283,284,286
OZ64,107,131,133,139,141,143,168,169,170,177,178,179,191,194,198,199,200,202,203,205,206,207,209,211,212,213,214,215,217,220,221,222,224,226,227,228,230,231,236,237,239,240,241,242,243,244,245,247,251,253,255,256,258,259,260,263,264,265,267,269,271,274,275,276,278,279,281,282,284,287
OZ65,131,133,139,140,141,142,167,170,176,179,191,194,195,197,199,203,207,211,212,213,221,223,226,227,231,232,233,236,237,240,242,247,249,251,253,255,256,259,262,263,264,266,269,275,277,280,282,283,284,287
OZ66,132,134,140,141,168,177,196,197,198,200,202,203,204,209,211,212,213,215,217,218,220,222,223,224,226,228,229,230,236,238,241,243,249,250,253,257,258,262,263,265,268,269,271,272,274,276,277,278,279,284,286,287
OZ67,139,142,168,169,170,177,178,179,194,195,196,197,199,200,206,207,209,211,218,223,228,231,233,235,236,237,238,240,242,244,245,246,247,248,249,250,252,253,255,256,257,259,261,262,263,264,267,272,277,280
OZ68,140,141,167,169,170,176,178,179,191,194,195,196,198,199,200,201,203,207,209,210,211,212,213,215,218,219,220,221,223,228,229,230,231,235,240,241,242,243,245,246,247,249,252,255,256,258,261,262,263,264,265,267,268,272,273,274,275,277,279,280,281,286
OZ69,133,134,141,142,167,170,176,179,191,194,196,197,198,201,203,205,208,210,212,213,214,215,218,219,220,223,224,226,228,229,231,232,233,235,238,239,242,246,247,251,252,256,257,260,261,263,264,266,267,268,269,272,273,274,277,278,283,287
OZ70,134,141,167,169,170,176,178,179,191,195,199,201,202,204,208,210,217,218,219,223,224,228,233,237,241,244,258,259,263,267,269,271,272,273,277,278,281,286
OZ71,142,143,167,168,169,176,177,178,203,204,205,212,213,214,217,221,223,224,228,229,232,236,239,241,245,247,253,258,260,264,266,271,275,277,278,280,283,287
OZ72,141,143,167,169,176,178,191,194,196,197,199,201,202,204,207,210,211,215,217,218,219,223,228,229,233,235,236,240,241,242,244,245,246,249,252,253,255,256,258,261,262,263,268,271,272,273,277,284,286,287
OZ73,53,62,71,143,167,168,169,176,177,178,191,194,195,196,201,202,204,210,215,217,219,221,224,227,229,230,232,233,235,237,238,243,244,245,246,248,251,252,256,257,259,261,263,265,266,269,271,273,275,278,279,280,282,283,286,287
OZ74,62,71,168,170,177,179,191,194,200,201,202,203,204,206,209,210,211,212,218,219,222,223,224,230,231,233,237,238,239,241,243,247,249,251,256,257,258,259,260,262,263,264,265,267,272,273,276,277,278,279,284,286
OZ75,71,143,167,168,169,176,177,178,191,194,195,196,198,199,200,202,205,207,208,209,213,214,215,220,223,224,226,228,230,232,233,235,236,237,238,240,241,242,243,244,246,247,249,250,251,252,253,255,256,257,258,259,261,262,264,265,268,269,274,277,278,279,283,284
