X0,0,9,18,30,144,154,162,171
X1,1,10,19,32,145,155,163,172
X2,2,11,20,34,146,153,164,173
X3,3,12,21,31,147,158,165,174
X4,4,13,22,27,148,159,166,175
X5,5,14,23,33,149,160,167,176
X6,6,15,24,28,150,161,168,177
X7,7,16,25,35,151,156,169,178
X8,8,17,26,29,152,157,170,179
X9,0,36,72,108,144,180,216,270
X10,1,37,73,109,145,181,217,271
X11,2,38,74,110,146,182,218,272
X12,3,39,75,111,147,183,219,273
X13,4,36,94,126,166,198,220,270
X14,5,41,77,113,149,185,221,275
X15,6,37,96,127,168,199,222,271
X16,7,43,79,115,151,187,223,277
X17,8,38,98,128,170,200,224,272
X18,9,45,81,117,154,191,228,283
X19,10,46,82,118,155,189,230,285
X20,11,47,83,119,153,190,232,287
X21,12,48,84,120,158,196,229,279
X22,13,45,107,136,175,207,225,283
X23,14,50,86,122,160,192,231,280
X24,15,46,103,137,177,208,226,285
X25,16,52,88,124,156,194,233,281
X26,17,47,105,135,179,209,227,287
X27,22,55,103,136,175,208,240,252
X28,24,56,105,137,177,209,242,253
X29,26,54,107,135,179,207,238,254
X30,18,55,73,108,144,181,235,252
X31,21,59,77,111,147,185,239,255
X32,19,56,74,109,145,182,236,253
X33,23,61,79,113,149,187,241,257
X34,20,54,72,110,146,180,234,254
X35,25,57,75,115,151,183,237,259
X36,36,45,54,67,180,191,198,207
X37,37,46,55,69,181,189,199,208
X38,38,47,56,71,182,190,200,209
X39,39,48,57,63,183,196,201,210
X40,40,49,58,66,184,197,202,211
X41,41,50,59,64,185,192,203,212
X42,42,51,60,68,186,193,204,213
X43,43,52,61,65,187,194,205,214
X44,44,53,62,70,188,195,206,215
X45,0,39,90,129,162,201,216,273
X46,1,41,91,131,163,203,217,275
X47,2,43,92,133,164,205,218,277
X48,3,40,93,130,165,202,219,274
X49,5,42,95,132,167,204,221,276
X50,7,44,97,134,169,206,223,278
X51,9,48,101,140,171,210,228,279
X52,10,50,99,142,172,212,230,280
X53,11,52,100,138,173,214,232,281
X54,12,49,106,141,174,211,229,282
X55,27,68,87,121,159,193,249,265
X56,14,51,102,143,176,213,231,284
X57,28,70,89,123,161,195,251,267
X58,16,53,104,139,178,215,233,286
X59,20,57,101,138,173,210,234,259
X60,18,59,99,140,171,212,235,255
X61,19,61,100,142,172,214,236,257
X62,25,58,106,139,178,211,237,260
X63,21,60,102,141,174,213,239,256
X64,23,62,104,143,176,215,241,258
X65,72,81,90,101,216,228,234,243
X66,73,82,91,99,217,230,235,244
X67,74,83,92,100,218,232,236,245
X68,75,84,93,106,219,229,237,246
X69,76,85,94,107,220,225,238,247
X70,77,86,95,102,221,231,239,248
X71,78,87,96,103,222,226,240,249
X72,79,88,97,104,223,233,241,250
X73,80,89,98,105,224,227,242,251
X74,4,40,76,112,148,184,220,274
X75,6,42,78,114,150,186,222,276
X76,8,44,80,116,152,188,224,278
X77,26,58,76,116,152,184,238,260
X78,22,60,78,112,148,186,240,256
X79,24,62,80,114,150,188,242,258
X80,30,64,91,129,162,203,244,264
X81,31,64,86,120,158,192,248,264
X82,32,65,92,131,163,205,245,266
X83,33,65,88,122,160,194,250,266
X84,108,117,126,136,252,261,270,283
X85,109,118,127,137,253,262,271,285
X86,110,119,128,135,254,263,272,287
X87,111,120,129,140,255,264,273,279
X88,112,121,130,141,256,265,274,282
X89,113,122,131,142,257,266,275,280
X90,114,123,132,143,258,267,276,284
X91,115,124,133,138,259,268,277,281
X92,116,125,134,139,260,269,278,286
X93,27,69,96,126,166,199,249,261
X94,28,71,98,127,168,200,251,262
X95,30,69,82,117,154,189,244,261
X96,32,71,83,118,155,190,245,262
X97,13,49,85,121,159,197,225,282
X98,15,51,87,123,161,193,226,284
X99,17,53,89,125,157,195,227,286
X100,34,63,90,133,164,201,243,268
X101,29,66,85,125,157,197,247,269
X102,29,67,94,128,170,198,247,263
X103,33,70,97,132,167,206,250,267
X104,31,68,95,130,165,204,248,265
X105,34,67,81,119,153,191,243,263
OX0,117,119,120,121,124,125,130,134,135,136,138,140,149,150,153,154,156,157,158,159,160,161,162,164,165,166,167,168,169,170,176,177,186,188,193,195,204,206,213,215,216,217,218,228,230,232,235,236,237,238,244,245,246,247,252,253,256,257,259,260,261,262,265,266,268,269,270,271,272,275,278,280,283,285,286,287
OX1,118,119,122,123,124,125,132,134,135,137,138,142,149,150,151,152,153,155,163,164,176,177,178,179,184,186,193,197,202,204,211,213,234,235,237,238,239,240,243,244,246,247,248,249,252,254,255,257,258,260,261,263,264,266,267,269,274,275,277,278,280,281,282,286
OX2,216,217,218,219,220,221,222,223,224,225,226,227,228,229,230,231,232,233,270,271,272,273,274,275,276,277,278,279,280,281,282,283,284,285,286,287
OX3,225,226,227,228,229,230,231,232,233,234,235,236,237,238,239,240,241,242,252,253,254,255,256,257,258,259,260,279,280,281,282,283,284,285,286,287
OX4,130,134,139,141,149,150,160,161,162,164,165,166,167,168,169,170,171,173,174,175,176,177,178,179,186,188,193,195,204,206,213,215,219,220,221,222,223,224,228,230,232,237,238,239,240,241,242,243,244,245,255,258,259,260,261,262,263,265,266,273,274,276,277,280,283,285,286,287
OX5,132,134,139,143,149,150,151,152,156,157,160,161,163,164,172,173,184,186,193,197,202,204,211,213,256,257,258,259,265,266,267,268,274,275,277,278,280,281,282,286
OX6,234,235,236,237,238,239,240,241,242,243,244,245,246,247,248,249,250,251,252,253,254,255,256,257,258,259,260,261,262,263,264,265,266,267,268,269
OX7,98,105,128,133,134,135,138,139,150,152,157,161,164,165,166,168,170,173,174,175,177,179,184,186,187,188,193,194,195,197,200,202,204,209,211,213,220,222,223,227,228,229,230,231,232,235,236,239,243,246,247,249,250,251,252,253,255,256,257,263,267,268,269,276,279,280,281,282,283,285,286,287
OX8,97,104,128,133,134,135,138,139,149,151,156,160,162,165,167,169,170,171,174,176,178,179,187,188,194,195,200,209,219,221,223,224,227,229,231,233,235,236,240,241,244,245,249,250,252,253,256,257,258,259,261,262,265,266,267,268,273,277,279,281
OX9,167,168,169,170,176,177,178,179,217,218,221,223,230,231,232,233,235,238,239,240,242,244,247,248,249,251,252,255,256,258,260,261,264,265,267,269,271,272,275,277,280,281,285,287
OX10,163,164,168,170,172,173,177,179,221,222,223,224,226,227,231,233,237,238,241,242,246,247,250,251,257,258,259,260,266,267,268,269,275,276,277,278,280,281,284,286
OX11,165,166,169,170,174,175,178,179,217,220,221,222,224,228,229,232,233,236,238,240,241,242,243,244,246,248,253,256,257,258,260,261,263,264,268,271,274,275,276,278,279,281,283,287
OX12,162,164,166,170,171,173,175,179,219,220,223,224,226,228,230,231,232,237,238,239,240,243,244,245,250,251,255,256,259,260,261,262,263,266,267,273,274,277,278,280,283,284,285,287
OX13,85,87,89,103,105,107,119,124,125,135,138,139,153,156,157,164,169,179,189,190,191,192,193,194,195,196,197,207,208,209,210,211,212,213,214,215,218,224,227,228,229,230,231,233,236,239,242,243,244,246,250,251,253,255,258,262,264,267,272,278,286,287
OX14,84,86,88,102,104,106,119,124,125,135,138,139,153,156,157,164,170,178,189,190,191,192,193,194,195,196,197,207,208,209,210,211,212,213,214,215,223,224,227,229,231,235,241,242,244,246,248,251,252,257,258,262,263,264,265,268,269,277,278,279,280,282,283,284,285,287
OX15,152,157,170,179,218,223,232,233,235,236,238,239,240,241,242,244,245,247,248,249,250,251,252,253,255,256,257,258,261,262,264,265,266,267,272,277,278,281,286,287
OX16,150,161,168,177,184,186,188,193,195,197,202,204,206,211,213,215,217,221,230,231,236,241,245,250,253,256,257,260,262,265,266,269,271,274,275,278,280,282,285,286
OX17,184,186,188,193,195,197,202,204,206,211,213,215,256,258,260,265,267,269,274,276,278,282,284,286
OX18,151,156,169,178,218,224,227,232,235,236,237,239,240,241,242,244,245,246,248,249,250,251,252,253,255,256,257,258,261,262,264,265,266,267,272,277,278,281,286,287
OX19,149,160,168,169,170,177,178,179,218,221,222,223,226,231,232,233,235,236,238,239,240,244,245,247,248,249,252,253,255,256,257,260,261,262,264,265,266,269,272,276,277,281,284,287
OX20,49,51,67,69,89,105,119,121,122,123,125,133,134,135,136,137,139,143,153,157,159,160,161,166,173,176,177,179,185,187,190,192,193,195,197,198,201,202,203,205,208,209,210,211,212,215,217,219,221,222,223,226,228,232,235,236,239,240,242,243,246,249,250,251,252,253,256,257,258,261,262,264,266,267,268,269,271,273,276,280,283,284
OX21,51,53,69,71,87,89,103,105,120,123,124,125,133,134,135,137,138,141,156,157,158,161,164,168,169,173,174,179,186,187,188,189,190,192,193,195,199,203,205,206,208,213,217,222,226,230,236,242,245,251,253,256,257,262,264,267,271,277,278,280,286,287
OX22,133,134,138,139,164,166,168,169,170,173,175,177,178,179,185,186,192,193,198,199,200,201,202,205,206,207,208,209,210,211,214,215,219,221,223,229,231,233,237,239,241,246,248,250,256,257,259,265,266,268,273,276,277,279,281,284
OX23,128,134,135,139,164,166,168,169,170,173,175,177,178,179,185,192,200,201,205,206,209,210,214,215,217,218,219,220,223,226,227,228,231,235,236,242,243,246,247,248,249,250,252,253,255,258,263,265,266,268,269,271,272,273,274,275,277,283,284,286
OX24,164,166,168,169,170,173,175,177,178,179,200,202,204,205,206,209,211,213,214,215,218,220,222,223,224,228,229,230,231,235,236,237,238,239,242,243,249,250,252,253,255,258,259,260,263,265,266,272,274,276,277,278,279,280,283,285
OX25,198,200,202,206,207,209,211,215,217,220,221,222,224,228,229,232,233,235,238,239,240,242,243,245,246,250,252,255,256,258,260,262,263,266,268,271,274,275,276,278,279,281,283,287
OX26,201,202,205,206,210,211,214,215,217,219,221,222,223,226,229,230,231,233,235,237,239,240,241,244,246,248,249,250,252,255,256,257,259,261,264,265,266,268,271,273,275,276,277,279,280,281,284,285
OX27,199,200,204,206,208,209,213,215,217,218,221,223,230,231,232,233,235,236,239,241,244,245,248,250,252,253,255,257,261,262,264,266,271,272,275,277,280,281,285,287
OX28,203,204,205,206,212,213,214,215,217,218,222,224,226,227,230,232,235,236,240,242,244,245,249,251,252,253,256,258,261,262,265,267,271,272,276,278,284,285,286,287
OX29,120,121,122,123,124,125,138,139,140,141,142,143,153,154,155,156,157,158,159,160,161,171,172,173,174,175,176,177,178,179,189,190,191,192,193,194,195,196,197,205,206,207,208,209,210,211,212,213,218,224,227,232,236,237,239,241,242,245,246,248,250,251,253,255,257,258,259,262,265,269,272,278,279,280,281,282,284,287
OX30,67,69,88,99,101,102,103,104,106,107,119,121,122,123,124,135,139,140,142,143,155,156,158,160,161,166,169,170,172,174,175,176,177,179,186,187,191,192,193,194,197,200,202,204,205,206,208,209,212,213,214,215,217,218,220,221,222,223,224,226,227,228,230,232,235,237,238,247,249,250,252,256,257,259,260,261,262,263,265,266,271,272,274,275,278,279,280,286
OX31,69,71,86,88,99,100,103,105,121,123,124,125,138,139,140,142,153,154,156,157,159,160,166,170,171,173,176,178,185,187,188,190,191,194,196,197,202,204,205,207,208,210,212,213,214,215,220,221,224,228,229,231,232,233,235,236,237,238,240,241,243,245,248,250,252,253,255,256,258,259,260,262,263,267,268,269,274,277,280,281,282,283,284,287
OX32,119,121,123,124,135,138,141,143,154,155,158,159,160,161,171,172,174,175,176,177,200,205,209,214,223,224,227,233,235,237,238,244,246,247,252,259,260,262,263,264,266,269,277,278,279,280,283,285,286,287
OX33,153,154,155,156,157,158,159,160,161,171,172,173,174,175,176,177,178,179,189,190,191,192,193,194,195,196,197,207,208,209,210,211,212,213,214,215
OX34,185,192,204,205,206,213,214,215,218,221,224,227,231,232,236,239,242,245,248,251,253,258,262,267,272,278,286,287
OX35,187,194,205,214,218,223,224,227,232,233,236,241,242,245,250,251,253,258,262,267,272,278,286,287
OX36,186,193,204,213,217,221,222,226,230,231,235,239,240,244,248,249,252,255,261,264,271,275,280,285
OX37,188,195,206,215,218,223,224,227,232,233,236,241,242,245,250,251,253,257,262,266,272,277,281,287
OX38,104,105,106,107,158,159,160,161,174,175,176,177,190,191,194,196,207,209,210,214,227,229,230,236,237,240,244,245,246,247,249,250,253,256,259,261,263,264,266,267,269,279,280,281,282,283,284,285,286,287
OX39,100,101,105,107,154,155,159,161,171,172,175,177,194,195,196,197,210,211,214,215,226,227,228,229,230,233,235,238,241,245,246,249,252,257,260,261,266,269
OX40,102,103,106,107,156,157,160,161,176,177,178,179,189,191,192,196,207,208,210,212,226,227,228,229,230,233,235,236,237,238,240,241,243,245,246,248,249,251,252,253,256,257,259,260,261,262,265,266,268,269
OX41,99,101,103,107,154,156,158,159,160,171,174,175,176,178,189,190,191,194,195,207,208,209,214,215,226,228,233,236,237,240,244,245,246,247,249,250,253,256,259,261,263,264,266,267,269,279,280,281,282,283,284,285,286,287
OX42,134,139,166,168,169,170,175,177,178,179,200,202,204,205,206,209,211,213,214,215,220,222,223,227,228,229,230,231,232,238,240,241,243,244,245,246,248,251,256,257,260,261,262,263,264,267,268,274,276,277,279,280,283,285,286,287
OX43,217,218,221,222,223,224,226,227,230,231,232,233,235,236,239,240,241,242,244,245,248,249,250,251,252,253,255,256,257,258,261,262,264,265,266,267,271,272,275,276,277,278,280,281,284,285,286,287
OX44,218,223,224,227,232,233,236,241,242,245,250,251,253,257,258,262,266,267,272,277,278,281,286,287
OX45,166,168,170,175,177,179,200,202,204,205,206,209,211,213,214,215,220,222,223,227,228,229,230,231,232,238,240,241,243,244,245,246,248,251,256,257,260,261,262,263,264,267,268,274,276,277,279,280,283,285,286,287
OX46,169,170,178,179,224,227,235,238,239,240,244,247,248,249,252,255,256,260,261,264,265,269,278,286
OX47,89,105,156,157,158,159,160,161,174,175,176,177,178,179,190,194,195,209,214,215,228,230,233,235,238,239,241,242,243,247,248,251,252,255,257,258,260,262,263,265,268,279,280,281,282,283,284,285,286,287
OX48,87,103,121,123,125,139,141,143,190,191,194,195,196,197,200,205,207,210,211,215,223,224,227,230,231,233,235,236,237,238,239,241,242,245,246,247,250,251,252,253,255,257,258,259,260,263,267,269,277,278,279,280,283,285,286,287
OX49,121,123,125,139,141,143,156,157,158,159,160,161,174,175,176,177,178,179,189,190,191,192,193,194,195,196,197,200,205,207,208,210,211,212,213,215,223,224,227,228,230,232,233,237,239,242,243,244,245,246,248,251,255,258,259,264,265,268,269,277,278,281,282,284
OX50,88,105,106,107,156,159,161,175,177,178,189,190,192,193,194,197,208,209,211,212,213,214,230,231,232,233,235,236,238,240,246,248,249,251,252,253,256,260,261,262,265,269
OX51,156,157,158,159,160,161,174,175,176,177,178,179,228,230,232,236,238,240,241,243,244,247,249,250,253,256,257,260,261,263,264,267,268,279,280,281,282,283,284,285,286,287
OX52,86,103,106,107,158,159,174,175,191,193,196,207,210,213,227,229,230,232,233,237,244,245,246,247,248,249,250,251,259,261,262,263,264,265,266,267,269,279,280,281,282,283,284,285,286,287
OX53,235,239,240,244,248,249,252,255,256,261,264,265
OX54,157,159,161,175,177,179,189,190,191,192,193,194,195,196,197,207,208,209,210,211,212,213,214,215,228,229,230,231,232,233,237,239,241,243,244,245,255,257,259,264,266,268
OX55,236,241,242,245,250,251,253,257,258,262,266,267
OX56,101,103,105,106,107,137,139,141,142,143,155,161,172,177,192,193,194,195,212,213,214,215,226,227,228,230,231,237,238,239,240,241,242,244,249,250,251,255,256,257,258,259,260,261,262,264,267,281,283,284
OX57,135,137,139,143,154,158,171,174,189,191,193,197,207,208,211,213,228,229,230,231,232,233,239,240,242,243,244,245,246,249,250,251,255,256,258,261,262,264,266,267,268,269,280,281,282,283,284,287
OX58,138,139,142,143,154,159,171,175,192,193,196,197,210,211,212,213,229,231,233,240,241,246,248,249,256,257,261,265,269,281,283,284
OX59,136,137,141,143,154,155,158,160,171,172,174,176,190,191,195,197,207,209,211,215,238,239,240,241,247,248,249,250,255,256,257,260,261,263,265,267,279,280,282,285,286,287
OX60,140,141,142,143,154,155,159,161,171,172,175,177,194,195,196,197,210,211,214,215,237,240,241,242,246,249,250,251,256,257,258,259,261,262,267,269,279,281,283,284,285,286
OX61,205,206,214,215,223,233,241,250,257,266,277,281
OX62,200,206,209,215,224,227,242,251,258,267,278,286
OX63,122,142,155,160,161,172,176,177,192,193,194,195,196,197,210,211,212,213,214,215,237,239,241,242,246,248,250,251,255,257,258,259,262,265,267,269,279,280,281,282,285,286
OX64,124,139,142,143,155,158,160,161,172,174,176,177,189,190,191,192,193,196,197,207,208,209,210,211,212,213,229,231,233,237,238,239,240,247,249,250,255,256,259,260,261,263,267,279,280,282,283,287
OX65,192,193,194,195,196,197,210,211,212,213,214,215,237,239,241,246,248,250,255,257,259,265,267,269,279,280,281,282,284,286
OX66,123,143,155,160,161,172,176,177,189,190,191,193,195,197,207,208,209,211,213,215,238,240,241,247,249,250,256,257,260,261,263,267,280,282,283,284,286,287
OX67,125,139,154,155,158,159,160,161,171,172,174,175,176,177,193,195,197,211,213,215,239,240,241,242,248,249,250,251,255,256,257,258,261,262,265,267,279,280,283,285
OX68,189,190,191,193,195,197,207,208,209,211,213,215,238,240,242,247,249,251,256,258,260,261,262,263,282,283,284,285,286,287
OX69,53,62,71,103,107,137,139,141,159,161,175,177,190,193,194,195,213,214,215,226,232,233,238,241,245,257,258,260,262,266,282,284
OX70,154,158,159,171,174,175,190,191,193,194,196,207,209,210,213,214,226,230,231,237,238,239,240,241,242,244,246,247,250,251,255,256,257,258,259,260,262,263,264,267,269,280,281,282,285,287
OX71,155,160,161,172,176,177,190,194,195,209,214,215,227,232,233,245,250,251,262,266,267,280,284,285
OX72,62,71,137,143,161,177,195,209,227,242,262,284
OX73,71,103,107,137,139,141,159,161,170,175,177,179,190,191,193,194,196,197,206,207,210,211,213,214,215,224,230,231,237,238,241,244,246,248,249,250,251,257,259,260,261,263,264,265,269,278,279,280,281,283,285,287
OX74,168,170,177,179,190,193,194,197,204,206,209,211,214,215,222,224,226,232,233,238,241,245,247,251,257,260,265,266,267,276,278,282
OX75,170,179,190,191,194,195,196,197,206,207,209,210,211,214,224,226,227,230,231,237,241,242,244,246,248,249,250,251,257,258,259,261,262,263,264,265,269,278,279,280,281,282,283,284,285,287
Z0,0,9,18,30,144,154,162,171
Z1,1,10,19,32,145,155,163,172
Z2,2,11,20,34,146,153,164,173
Z3,3,12,21,31,147,158,165,174
Z4,4,13,22,27,148,159,166,175
Z5,5,14,23,33,149,160,167,176
Z6,6,15,24,28,150,161,168,177
Z7,7,16,25,35,151,156,169,178
Z8,8,17,26,29,152,157,170,179
Z9,0,36,72,108,144,180,216,270
Z10,1,37,73,109,145,181,217,271
Z11,2,38,74,110,146,182,218,272
Z12,3,39,75,111,147,183,219,273
Z13,4,36,94,126,166,198,220,270
Z14,5,41,77,113,149,185,221,275
Z15,6,37,96,127,168,199,222,271
Z16,7,43,79,115,151,187,223,277
Z17,8,38,98,128,170,200,224,272
Z18,9,45,81,117,154,191,228,283
Z19,10,46,82,118,155,189,230,285
Z20,11,47,83,119,153,190,232,287
Z21,12,48,84,120,158,196,229,279
Z22,13,45,107,136,175,207,225,283
Z23,14,50,86,122,160,192,231,280
Z24,15,46,103,137,177,208,226,285
Z25,16,52,88,124,156,194,233,281
Z26,17,47,105,135,179,209,227,287
Z27,22,55,103,136,175,208,240,252
Z28,24,56,105,137,177,209,242,253
Z29,26,54,107,135,179,207,238,254
Z30,18,55,73,108,144,181,235,252
Z31,21,59,77,111,147,185,239,255
Z32,19,56,74,109,145,182,236,253
Z33,23,61,79,113,149,187,241,257
Z34,20,54,72,110,146,180,234,254
Z35,25,57,75,115,151,183,237,259
Z36,36,45,54,67,180,191,198,207
Z37,37,46,55,69,181,189,199,208
Z38,38,47,56,71,182,190,200,209
Z39,39,48,57,63,183,196,201,210
Z40,40,49,58,66,184,197,202,211
Z41,41,50,59,64,185,192,203,212
Z42,42,51,60,68,186,193,204,213
Z43,43,52,61,65,187,194,205,214
Z44,44,53,62,70,188,195,206,215
Z45,0,39,90,129,162,201,216,273
Z46,1,41,91,131,163,203,217,275
Z47,2,43,92,133,164,205,218,277
Z48,3,40,93,130,165,202,219,274
Z49,5,42,95,132,167,204,221,276
Z50,7,44,97,134,169,206,223,278
Z51,9,48,101,140,171,210,228,279
Z52,10,50,99,142,172,212,230,280
Z53,11,52,100,138,173,214,232,281
Z54,12,49,106,141,174,211,229,282
Z55,27,68,87,121,159,193,249,265
Z56,14,51,102,143,176,213,231,284
Z57,28,70,89,123,161,195,251,267
Z58,16,53,104,139,178,215,233,286
Z59,20,57,101,138,173,210,234,259
Z60,18,59,99,140,171,212,235,255
Z61,19,61,100,142,172,214,236,257
Z62,25,58,106,139,178,211,237,260
Z63,21,60,102,141,174,213,239,256
Z64,23,62,104,143,176,215,241,258
Z65,72,81,90,101,216,228,234,243
Z66,73,82,91,99,217,230,235,244
Z67,74,83,92,100,218,232,236,245
Z68,75,84,93,106,219,229,237,246
Z69,76,85,94,107,220,225,238,247
Z70,77,86,95,102,221,231,239,248
Z71,78,87,96,103,222,226,240,249
Z72,79,88,97,104,223,233,241,250
Z73,80,89,98,105,224,227,242,251
Z74,4,40,76,112,148,184,220,274
Z75,6,42,78,114,150,186,222,276
Z76,8,44,80,116,152,188,224,278
Z77,26,58,76,116,152,184,238,260
Z78,22,60,78,112,148,186,240,256
Z79,24,62,80,114,150,188,242,258
Z80,30,64,91,129,162,203,244,264
Z81,31,64,86,120,158,192,248,264
Z82,32,65,92,131,163,205,245,266
Z83,33,65,88,122,160,194,250,266
Z84,108,117,126,136,252,261,270,283
Z85,109,118,127,137,253,262,271,285
Z86,110,119,128,135,254,263,272,287
Z87,111,120,129,140,255,264,273,279
Z88,112,121,130,141,256,265,274,282
Z89,113,122,131,142,257,266,275,280
Z90,114,123,132,143,258,267,276,284
Z91,115,124,133,138,259,268,277,281
Z92,116,125,134,139,260,269,278,286
Z93,27,69,96,126,166,199,249,261
Z94,28,71,98,127,168,200,251,262
Z95,30,69,82,117,154,189,244,261
Z96,32,71,83,118,155,190,245,262
Z97,13,49,85,121,159,197,225,282
Z98,15,51,87,123,161,193,226,284
Z99,17,53,89,125,157,195,227,286
Z100,34,63,90,133,164,201,243,268
Z101,29,66,85,125,157,197,247,269
Z102,29,67,94,128,170,198,247,263
Z103,33,70,97,132,167,206,250,267
Z104,31,68,95,130,165,204,248,265
Z105,34,67,81,119,153,191,243,263
OZ0,117,119,120,121,124,125,130,134,135,136,138,140,149,150,153,154,156,157,158,159,160,161,162,164,165,166,167,168,169,170,176,177,186,188,193,195,204,206,213,215,216,217,218,228,230,232,235,236,237,238,244,245,246,247,252,253,256,257,259,260,261,262,265,266,268,269,270,271,272,275,278,280,283,285,286,287
OZ1,118,119,122,123,124,125,132,134,135,137,138,142,149,150,151,152,153,155,163,164,176,177,178,179,184,186,193,197,202,204,211,213,234,235,237,238,239,240,243,244,246,247,248,249,252,254,255,257,258,260,261,263,264,266,267,269,274,275,277,278,280,281,282,286
OZ2,216,217,218,219,220,221,222,223,224,225,226,227,228,229,230,231,232,233,270,271,272,273,274,275,276,277,278,279,280,281,282,283,284,285,286,287
OZ3,225,226,227,228,229,230,231,232,233,234,235,236,237,238,239,240,241,242,252,253,254,255,256,257,258,259,260,279,280,281,282,283,284,285,286,287
OZ4,130,134,139,141,149,150,160,161,162,164,165,166,167,168,169,170,171,173,174,175,176,177,178,179,186,188,193,195,204,206,213,215,219,220,221,222,223,224,228,230,232,237,238,239,240,241,242,243,244,245,255,258,259,260,261,262,263,265,266,273,274,276,277,280,283,285,286,287
OZ5,132,134,139,143,149,150,151,152,156,157,160,161,163,164,172,173,184,186,193,197,202,204,211,213,256,257,258,259,265,266,267,268,274,275,277,278,280,281,282,286
OZ6,234,235,236,237,238,239,240,241,242,243,244,245,246,247,248,249,250,251,252,253,254,255,256,257,258,259,260,261,262,263,264,265,266,267,268,269
OZ7,98,105,128,133,134,135,138,139,150,152,157,161,164,165,166,168,170,173,174,175,177,179,184,186,187,188,193,194,195,197,200,202,204,209,211,213,220,222,223,227,228,229,230,231,232,235,236,239,243,246,247,249,250,251,252,253,255,256,257,263,267,268,269,276,279,280,281,282,283,285,286,287
OZ8,97,104,128,133,134,135,138,139,149,151,156,160,162,165,167,169,170,171,174,176,178,179,187,188,194,195,200,209,219,221,223,224,227,229,231,233,235,236,240,241,244,245,249,250,252,253,256,257,258,259,261,262,265,266,267,268,273,277,279,281
OZ9,167,168,169,170,176,177,178,179,217,218,221,223,230,231,232,233,235,238,239,240,242,244,247,248,249,251,252,255,256,258,260,261,264,265,267,269,271,272,275,277,280,281,285,287
OZ10,163,164,168,170,172,173,177,179,221,222,223,224,226,227,231,233,237,238,241,242,246,247,250,251,257,258,259,260,266,267,268,269,275,276,277,278,280,281,284,286
OZ11,165,166,169,170,174,175,178,179,217,220,221,222,224,228,229,232,233,236,238,240,241,242,243,244,246,248,253,256,257,258,260,261,263,264,268,271,274,275,276,278,279,281,283,287
OZ12,162,164,166,170,171,173,175,179,219,220,223,224,226,228,230,231,232,237,238,239,240,243,244,245,250,251,255,256,259,260,261,262,263,266,267,273,274,277,278,280,283,284,285,287
OZ13,85,87,89,103,105,107,119,124,125,135,138,139,153,156,157,164,169,179,189,190,191,192,193,194,195,196,197,207,208,209,210,211,212,213,214,215,218,224,227,228,229,230,231,233,236,239,242,243,244,246,250,251,253,255,258,262,264,267,272,278,286,287
OZ14,84,86,88,102,104,106,119,124,125,135,138,139,153,156,157,164,170,178,189,190,191,192,193,194,195,196,197,207,208,209,210,211,212,213,214,215,223,224,227,229,231,235,241,242,244,246,248,251,252,257,258,262,263,264,265,268,269,277,278,279,280,282,283,284,285,287
OZ15,152,157,170,179,218,223,232,233,235,236,238,239,240,241,242,244,245,247,248,249,250,251,252,253,255,256,257,258,261,262,264,265,266,267,272,277,278,281,286,287
OZ16,150,161,168,177,184,186,188,193,195,197,202,204,206,211,213,215,217,221,230,231,236,241,245,250,253,256,257,260,262,265,266,269,271,274,275,278,280,282,285,286
OZ17,184,186,188,193,195,197,202,204,206,211,213,215,256,258,260,265,267,269,274,276,278,282,284,286
OZ18,151,156,169,178,218,224,227,232,235,236,237,239,240,241,242,244,245,246,248,249,250,251,252,253,255,256,257,258,261,262,264,265,266,267,272,277,278,281,286,287
OZ19,149,160,168,169,170,177,178,179,218,221,222,223,226,231,232,233,235,236,238,239,240,244,245,247,248,249,252,253,255,256,257,260,261,262,264,265,266,269,272,276,277,281,284,287
OZ20,49,51,67,69,89,105,119,121,122,123,125,133,134,135,136,137,139,143,153,157,159,160,161,166,173,176,177,179,185,187,190,192,193,195,197,198,201,202,203,205,208,209,210,211,212,215,217,219,221,222,223,226,228,232,235,236,239,240,242,243,246,249,250,251,252,253,256,257,258,261,262,264,266,267,268,269,271,273,276,280,283,284
OZ21,51,53,69,71,87,89,103,105,120,123,124,125,133,134,135,137,138,141,156,157,158,161,164,168,169,173,174,179,186,187,188,189,190,192,193,195,199,203,205,206,208,213,217,222,226,230,236,242,245,251,253,256,257,262,264,267,271,277,278,280,286,287
OZ22,133,134,138,139,164,166,168,169,170,173,175,177,178,179,185,186,192,193,198,199,200,201,202,205,206,207,208,209,210,211,214,215,219,221,223,229,231,233,237,239,241,246,248,250,256,257,259,265,266,268,273,276,277,279,281,284
OZ23,128,134,135,139,164,166,168,169,170,173,175,177,178,179,185,192,200,201,205,206,209,210,214,215,217,218,219,220,223,226,227,228,231,235,236,242,243,246,247,248,249,250,252,253,255,258,263,265,266,268,269,271,272,273,274,275,277,283,284,286
OZ24,164,166,168,169,170,173,175,177,178,179,200,202,204,205,206,209,211,213,214,215,218,220,222,223,224,228,229,230,231,235,236,237,238,239,242,243,249,250,252,253,255,258,259,260,263,265,266,272,274,276,277,278,279,280,283,285
OZ25,198,200,202,206,207,209,211,215,217,220,221,222,224,228,229,232,233,235,238,239,240,242,243,245,246,250,252,255,256,258,260,262,263,266,268,271,274,275,276,278,279,281,283,287
OZ26,201,202,205,206,210,211,214,215,217,219,221,222,223,226,229,230,231,233,235,237,239,240,241,244,246,248,249,250,252,255,256,257,259,261,264,265,266,268,271,273,275,276,277,279,280,281,284,285
OZ27,199,200,204,206,208,209,213,215,217,218,221,223,230,231,232,233,235,236,239,241,244,245,248,250,252,253,255,257,261,262,264,266,271,272,275,277,280,281,285,287
OZ28,203,204,205,206,212,213,214,215,217,218,222,224,226,227,230,232,235,236,240,242,244,245,249,251,252,253,256,258,261,262,265,267,271,272,276,278,284,285,286,287
OZ29,120,121,122,123,124,125,138,139,140,141,142,143,153,154,155,156,157,158,159,160,161,171,172,173,174,175,176,177,178,179,189,190,191,192,193,194,195,196,197,205,206,207,208,209,210,211,212,213,218,224,227,232,236,237,239,241,242,245,246,248,250,251,253,255,257,258,259,262,265,269,272,278,279,280,281,282,284,287
OZ30,67,69,88,99,101,102,103,104,106,107,119,121,122,123,124,135,139,140,142,143,155,156,158,160,161,166,169,170,172,174,175,176,177,179,186,187,191,192,193,194,197,200,202,204,205,206,208,209,212,213,214,215,217,218,220,221,222,223,224,226,227,228,230,232,235,237,238,247,249,250,252,256,257,259,260,261,262,263,265,266,271,272,274,275,278,279,280,286
OZ31,69,71,86,88,99,100,103,105,121,123,124,125,138,139,140,142,153,154,156,157,159,160,166,170,171,173,176,178,185,187,188,190,191,194,196,197,202,204,205,207,208,210,212,213,214,215,220,221,224,228,229,231,232,233,235,236,237,238,240,241,243,245,248,250,252,253,255,256,258,259,260,262,263,267,268,269,274,277,280,281,282,283,284,287
OZ32,119,121,123,124,135,138,141,143,154,155,158,159,160,161,171,172,174,175,176,177,200,205,209,214,223,224,227,233,235,237,238,244,246,247,252,259,260,262,263,264,266,269,277,278,279,280,283,285,286,287
OZ33,153,154,155,156,157,158,159,160,161,171,172,173,174,175,176,177,178,179,189,190,191,192,193,194,195,196,197,207,208,209,210,211,212,213,214,215
OZ34,185,192,204,205,206,213,214,215,218,221,224,227,231,232,236,239,242,245,248,251,253,258,262,267,272,278,286,287
OZ35,187,194,205,214,218,223,224,227,232,233,236,241,242,245,250,251,253,258,262,267,272,278,286,287
OZ36,186,193,204,213,217,221,222,226,230,231,235,239,240,244,248,249,252,255,261,264,271,275,280,285
OZ37,188,195,206,215,218,223,224,227,232,233,236,241,242,245,250,251,253,257,262,266,272,277,281,287
OZ38,104,105,106,107,158,159,160,161,174,175,176,177,190,191,194,196,207,209,210,214,227,229,230,236,237,240,244,245,246,247,249,250,253,256,259,261,263,264,266,267,269,279,280,281,282,283,284,285,286,287
OZ39,100,101,105,107,154,155,159,161,171,172,175,177,194,195,196,197,210,211,214,215,226,227,228,229,230,233,235,238,241,245,246,249,252,257,260,261,266,269
OZ40,102,103,106,107,156,157,160,161,176,177,178,179,189,191,192,196,207,208,210,212,226,227,228,229,230,233,235,236,237,238,240,241,243,245,246,248,249,251,252,253,256,257,259,260,261,262,265,266,268,269
OZ41,99,101,103,107,154,156,158,159,160,171,174,175,176,178,189,190,191,194,195,207,208,209,214,215,226,228,233,236,237,240,244,245,246,247,249,250,253,256,259,261,263,264,266,267,269,279,280,281,282,283,284,285,286,287
OZ42,134,139,166,168,169,170,175,177,178,179,200,202,204,205,206,209,211,213,214,215,220,222,223,227,228,229,230,231,232,238,240,241,243,244,245,246,248,251,256,257,260,261,262,263,264,267,268,274,276,277,279,280,283,285,286,287
OZ43,217,218,221,222,223,224,226,227,230,231,232,233,235,236,239,240,241,242,244,245,248,249,250,251,252,253,255,256,257,258,261,262,264,265,266,267,271,272,275,276,277,278,280,281,284,285,286,287
OZ44,218,223,224,227,232,233,236,241,242,245,250,251,253,257,258,262,266,267,272,277,278,281,286,287
OZ45,166,168,170,175,177,179,200,202,204,205,206,209,211,213,214,215,220,222,223,227,228,229,230,231,232,238,240,241,243,244,245,246,248,251,256,257,260,261,262,263,264,267,268,274,276,277,279,280,283,285,286,287
OZ46,169,170,178,179,224,227,235,238,239,240,244,247,248,249,252,255,256,260,261,264,265,269,278,286
OZ47,89,105,156,157,158,159,160,161,174,175,176,177,178,179,190,194,195,209,214,215,228,230,233,235,238,239,241,242,243,247,248,251,252,255,257,258,260,262,263,265,268,279,280,281,282,283,284,285,286,287
OZ48,87,103,121,123,125,139,141,143,190,191,194,195,196,197,200,205,207,210,211,215,223,224,227,230,231,233,235,236,237,238,239,241,242,245,246,247,250,251,252,253,255,257,258,259,260,263,267,269,277,278,279,280,283,285,286,287
OZ49,121,123,125,139,141,143,156,157,158,159,160,161,174,175,176,177,178,179,189,190,191,192,193,194,195,196,197,200,205,207,208,210,211,212,213,215,223,224,227,228,230,232,233,237,239,242,243,244,245,246,248,251,255,258,259,264,265,268,269,277,278,281,282,284
OZ50,88,105,106,107,156,159,161,175,177,178,189,190,192,193,194,197,208,209,211,212,213,214,230,231,232,233,235,236,238,240,246,248,249,251,252,253,256,260,261,262,265,269
OZ51,156,157,158,159,160,161,174,175,176,177,178,179,228,230,232,236,238,240,241,243,244,247,249,250,253,256,257,260,261,263,264,267,268,279,280,281,282,283,284,285,286,287
OZ52,86,103,106,107,158,159,174,175,191,193,196,207,210,213,227,229,230,232,233,237,244,245,246,247,248,249,250,251,259,261,262,263,264,265,266,267,269,279,280,281,282,283,284,285,286,287
OZ53,235,239,240,244,248,249,252,255,256,261,264,265
OZ54,157,159,161,175,177,179,189,190,191,192,193,194,195,196,197,207,208,209,210,211,212,213,214,215,228,229,230,231,232,233,237,239,241,243,244,245,255,257,259,264,266,268
OZ55,236,241,242,245,250,251,253,257,258,262,266,267
OZ56,101,103,105,106,107,137,139,141,142,143,155,161,172,177,192,193,194,195,212,213,214,215,226,227,228,230,231,237,238,239,240,241,242,244,249,250,251,255,256,257,258,259,260,261,262,264,267,281,283,284
OZ57,135,137,139,143,154,158,171,174,189,191,193,197,207,208,211,213,228,229,230,231,232,233,239,240,242,243,244,245,246,249,250,251,255,256,258,261,262,264,266,267,268,269,280,281,282,283,284,287
OZ58,138,139,142,143,154,159,171,175,192,193,196,197,210,211,212,213,229,231,233,240,241,246,248,249,256,257,261,265,269,281,283,284
OZ59,136,137,141,143,154,155,158,160,171,172,174,176,190,191,195,197,207,209,211,215,238,239,240,241,247,248,249,250,255,256,257,260,261,263,265,267,279,280,282,285,286,287
OZ60,140,141,142,143,154,155,159,161,171,172,175,177,194,195,196,197,210,211,214,215,237,240,241,242,246,249,250,251,256,257,258,259,261,262,267,269,279,281,283,284,285,286
OZ61,205,206,214,215,223,233,241,250,257,266,277,281
OZ62,200,206,209,215,224,227,242,251,258,267,278,286
OZ63,122,142,155,160,161,172,176,177,192,193,194,195,196,197,210,211,212,213,214,215,237,239,241,242,246,248,250,251,255,257,258,259,262,265,267,269,279,280,281,282,285,286
OZ64,124,139,142,143,155,158,160,161,172,174,176,177,189,190,191,192,193,196,197,207,208,209,210,211,212,213,229,231,233,237,238,239,240,247,249,250,255,256,259,260,261,263,267,279,280,282,283,287
OZ65,192,193,194,195,196,197,210,211,212,213,214,215,237,239,241,246,248,250,255,257,259,265,267,269,279,280,281,282,284,286
OZ66,123,143,155,160,161,172,176,177,189,190,191,193,195,197,207,208,209,211,213,215,238,240,241,247,249,250,256,257,260,261,263,267,280,282,283,284,286,287
OZ67,125,139,154,155,158,159,160,161,171,172,174,175,176,177,193,195,197,211,213,215,239,240,241,242,248,249,250,251,255,256,257,258,261,262,265,267,279,280,283,285
OZ68,189,190,191,193,195,197,207,208,209,211,213,215,238,240,242,247,249,251,256,258,260,261,262,263,282,283,284,285,286,287
OZ69,53,62,71,103,107,137,139,141,159,161,175,177,190,193,194,195,213,214,215,226,232,233,238,241,245,257,258,260,262,266,282,284
OZ70,154,158,159,171,174,175,190,191,193,194,196,207,209,210,213,214,226,230,231,237,238,239,240,241,242,244,246,247,250,251,255,256,257,258,259,260,262,263,264,267,269,280,281,282,285,287
OZ71,155,160,161,172,176,177,190,194,195,209,214,215,227,232,233,245,250,251,262,266,267,280,284,285
OZ72,62,71,137,143,161,177,195,209,227,242,262,284
OZ73,71,103,107,137,139,141,159,161,170,175,177,179,190,191,193,194,196,197,206,207,210,211,213,214,215,224,230,231,237,238,241,244,246,248,249,250,251,257,259,260,261,263,264,265,269,278,279,280,281,283,285,287
OZ74,168,170,177,179,190,193,194,197,204,206,209,211,214,215,222,224,226,232,233,238,241,245,247,251,257,260,265,266,267,276,278,282
OZ75,170,179,190,191,194,195,196,197,206,207,209,210,211,214,224,226,227,230,231,237,241,242,244,246,248,249,250,251,257,258,259,261,262,263,264,265,269,278,279,280,281,282,283,284,285,287
