X0,0,1,20,21,160,161,180,181
X1,0,40,80,120,160,200,240,300
X2,2,3,22,23,162,163,182,183
X3,2,42,82,122,162,202,242,302
X4,4,5,24,25,164,165,186,187
X5,4,46,86,124,165,206,246,304
X6,6,7,26,27,166,167,184,185
X7,6,44,84,126,166,204,244,306
X8,8,9,28,29,168,169,188,189
X9,8,47,110,144,189,227,250,305
X10,10,11,30,31,170,171,190,191
X11,10,45,109,147,190,224,248,307
X12,12,13,32,33,172,173,192,193
X13,12,51,113,148,192,229,253,309
X14,14,15,34,35,174,175,194,195
X15,14,49,114,151,194,231,254,311
X16,16,17,36,37,176,177,196,197
X17,16,40,116,140,196,220,256,300
X18,18,19,38,39,178,179,198,199
X19,18,42,118,143,198,222,258,302
X20,1,41,81,121,161,201,241,301
X21,20,64,84,120,160,204,264,280
X22,3,43,83,123,163,203,243,303
X23,22,67,87,123,163,207,267,283
X24,5,47,87,125,164,207,247,305
X25,24,68,115,159,186,230,272,296
X26,7,45,85,127,167,205,245,307
X27,26,70,113,157,185,229,275,299
X28,9,46,111,145,188,226,251,304
X29,28,60,80,128,168,200,260,288
X30,11,44,108,146,191,225,249,306
X31,30,63,82,130,170,202,262,290
X32,13,50,112,149,193,228,252,308
X33,32,60,117,148,192,221,277,288
X34,15,48,115,150,195,230,255,310
X35,34,62,118,150,195,222,279,291
X36,17,41,117,141,197,221,257,301
X37,36,65,108,140,196,225,268,281
X38,19,43,119,142,199,223,259,303
X39,38,66,110,142,199,227,271,282
X40,40,41,60,61,200,201,220,221
X41,0,52,100,152,180,232,240,312
X42,42,43,62,63,202,203,222,223
X43,2,54,103,154,182,234,242,314
X44,44,45,64,65,204,205,224,225
X45,6,57,105,156,184,237,244,316
X46,46,47,66,67,206,207,226,227
X47,4,59,106,159,186,239,246,319
X48,48,49,68,69,208,209,230,231
X49,10,48,88,130,170,209,248,310
X50,50,51,70,71,210,211,228,229
X51,8,50,90,128,168,210,250,308
X52,52,53,72,73,212,213,232,233
X53,14,52,94,132,174,212,254,312
X54,54,55,74,75,214,215,234,235
X55,12,54,92,134,172,214,253,314
X56,56,57,76,77,216,217,236,237
X57,16,58,96,138,176,218,256,318
X58,58,59,78,79,218,219,238,239
X59,1,53,101,153,181,233,241,313
X60,28,73,101,145,188,233,260,285
X61,3,55,102,155,183,235,243,315
X62,30,74,102,146,191,235,262,287
X63,7,56,104,157,185,236,245,317
X64,20,76,104,153,181,236,264,293
X65,5,58,107,158,187,238,247,318
X66,22,78,106,154,182,239,267,295
X67,11,49,89,131,171,208,249,311
X68,24,73,94,125,164,212,272,285
X69,9,51,91,129,169,211,251,309
X70,26,75,93,126,166,215,275,286
X71,15,53,95,133,175,213,255,313
X72,32,78,96,135,173,218,277,295
X73,13,55,93,135,173,215,252,315
X74,34,76,99,132,174,217,279,293
X75,17,59,97,139,177,219,257,319
X76,36,69,88,139,177,209,268,297
X77,80,81,100,101,240,241,260,261
X78,18,56,98,136,178,216,258,317
X79,82,83,102,103,242,243,262,263
X80,84,85,104,105,244,245,264,265
X81,86,87,106,107,246,247,266,267
X82,88,89,108,109,248,249,268,269
X83,90,91,110,111,250,251,270,271
X84,92,93,112,113,252,253,274,275
X85,94,95,114,115,254,255,272,273
X86,96,97,116,117,256,257,276,277
X87,98,99,118,119,258,259,278,279
X88,21,65,85,121,161,205,265,281
X89,23,66,86,122,162,206,266,282
X90,27,71,112,156,184,228,274,298
X91,25,69,114,158,187,231,273,297
X92,31,62,83,131,171,203,263,291
X93,29,61,81,129,169,201,261,289
X94,33,61,116,149,193,220,276,289
X95,35,63,119,151,194,223,278,290
X96,37,64,109,141,197,224,269,280
X97,120,121,140,141,280,281,300,301
X98,122,123,142,143,282,283,302,303
X99,124,125,144,145,284,285,304,305
X100,126,127,146,147,286,287,306,307
X101,128,129,148,149,288,289,308,309
X102,130,131,150,151,290,291,310,311
X103,132,133,152,153,292,293,312,313
X104,134,135,154,155,294,295,314,315
X105,136,137,156,157,298,299,316,317
X106,138,139,158,159,296,297,318,319
X107,21,77,105,152,180,237,265,292
X108,23,79,107,155,183,238,266,294
X109,25,72,95,124,165,213,273,284
X110,27,74,92,127,167,214,274,287
X111,31,75,103,147,190,234,263,286
X112,29,72,100,144,189,232,261,284
X113,33,79,97,134,172,219,276,294
X114,35,77,98,133,175,216,278,292
X115,19,57,99,137,179,217,259,316
X116,38,71,91,136,178,211,271,298
X117,37,68,89,138,176,208,269,296
OX0,260,261,262,263,264,265,266,267,268,269,270,271,272,273,274,275,276,277,278,279,280,281,282,283,284,285,286,287,288,289,290,291,292,293,294,295,296,297,298,299
OX1,241,242,245,246,248,251,253,255,257,258,261,262,265,266,268,271,273,274,276,278,281,282,284,287,289,290,292,294,297,298,301,302,304,307,309,310,313,314,317,319
OX2,164,165,166,167,172,173,174,175,176,177,178,179,188,189,190,191,192,193,194,195,200,201,202,203,204,205,206,207,208,209,210,211,212,213,214,215,216,217,218,219,220,221,222,223,224,225,226,227,228,229,230,231,232,233,234,235,236,237,238,239,242,243,246,247,250,251,254,255,258,259,262,263,264,265,268,269,274,275,276,277,282,283,286,287,288,289,294,295,296,297,300,301,304,305,310,311,312,313,316,317
OX3,166,167,170,171,172,173,174,175,176,177,178,179,182,183,184,185,186,187,188,189,194,195,198,199,200,201,202,203,204,205,206,207,208,209,210,211,212,213,214,215,216,217,218,219,244,245,248,249,252,253,256,257,262,263,268,269,274,275,276,277,280,281,282,283,284,285,286,287,288,289,290,291,294,295,296,297,300,301,302,303,304,305,306,307,308,309,310,311,314,315,318,319
OX4,168,169,170,171,172,173,174,175,176,177,178,179,184,185,186,187,188,189,190,191,192,193,194,195,200,201,202,203,204,205,206,207,208,209,210,211,212,213,214,215,216,217,218,219,242,243,244,245,248,249,252,253,256,257,262,263,266,267,268,269,274,275,276,277,280,281,284,285,290,291,294,295,296,297,300,301,304,305,310,311,314,315,318,319
OX5,162,163,172,173,174,175,176,177,186,187,190,191,194,195,196,197,200,201,202,203,204,205,206,207,208,209,210,211,212,213,214,215,216,217,218,219,220,221,222,223,224,225,226,227,228,229,230,231,232,233,234,235,236,237,238,239,244,245,246,247,250,251,252,253,254,255,256,257,258,259,262,263,264,265,266,267,282,283,284,285,286,287,288,289,298,299,300,301,310,311,312,313,314,315,318,319
OX6,172,173,174,175,188,189,190,191,192,193,194,195,196,197,198,199,200,201,202,203,204,205,206,207,208,209,210,211,212,213,214,215,216,217,218,219,220,221,222,223,224,225,226,227,228,229,230,231,232,233,234,235,236,237,238,239,244,245,246,247,252,253,254,255,256,257,258,259,268,269,270,271,272,273,274,275,276,277,278,279,280,281,282,283,288,289,290,291,292,293,294,295,300,301,302,303,308,309,310,311,312,313,314,315
OX7,174,175,176,177,182,183,194,195,196,197,198,199,220,221,222,223,224,225,226,227,228,229,230,231,232,233,234,235,236,237,238,239,244,245,250,251,262,263,264,265,266,267,268,269,270,271,272,273,276,277,278,279,280,281,282,283,284,285,290,291,294,295,298,299,306,307,308,309,312,313,318,319
OX8,176,177,178,179,184,185,186,187,192,193,194,195,200,201,202,203,204,205,206,207,208,209,210,211,212,213,214,215,216,217,218,219,248,249,250,251,252,253,254,255,256,257,258,259,264,265,266,267,272,273,274,275,288,289,290,291,292,293,294,295,300,301,302,303,304,305,306,307,316,317,318,319
OX9,170,171,178,179,186,187,188,189,190,191,198,199,220,221,222,223,224,225,226,227,228,229,230,231,232,233,234,235,236,237,238,239,242,243,244,245,246,247,248,249,250,251,254,255,256,257,258,259,264,265,276,277,280,281,290,291,294,295,298,299,302,303,304,305,306,307,308,309,312,313,318,319
OX10,220,221,222,223,224,225,226,227,228,229,230,231,232,233,234,235,236,237,238,239,242,243,244,245,250,251,254,255,256,257,262,263,264,265,270,271,272,273,276,277,280,281,284,285,290,291,294,295,298,299,302,303,306,307,308,309,312,313,318,319
OX11,156,157,158,159,186,187,188,189,190,191,192,193,194,195,196,197,200,201,204,205,210,211,214,215,218,219,222,223,226,227,230,231,232,233,236,237,244,245,246,247,248,249,250,251,252,253,254,255,258,259,264,265,266,267,268,269,282,283,286,287,288,289,294,295,296,297,298,299,300,301,304,305,310,311,312,313,316,317,318,319
OX12,184,185,186,187,196,197,198,199,200,201,202,203,204,205,206,207,208,209,210,211,212,213,214,215,216,217,218,219,242,243,244,245,250,251,254,255,258,259,262,263,264,265,268,269,272,273,276,277,282,283,286,287,288,289,292,293,298,299,300,301,304,305,310,311,314,315,318,319
OX13,186,187,188,189,194,195,198,199,244,245,246,247,248,249,258,259,262,263,270,271,272,273,274,275,284,285,286,287,290,291,298,299,304,305,306,307,310,311,316,317
OX14,188,189,190,191,192,193,194,195,200,201,202,203,204,205,206,207,208,209,210,211,212,213,214,215,216,217,218,219,242,243,244,245,248,249,254,255,256,257,262,263,266,267,268,269,274,275,278,279,280,281,284,285,288,289,294,295,298,299,300,301,304,305,308,309,314,315,316,317
OX15,182,183,190,191,192,193,194,195,200,201,202,203,204,205,206,207,208,209,210,211,212,213,214,215,216,217,218,219,242,243,244,245,248,249,250,251,252,253,254,255,256,257,264,265,270,271,272,273,282,283,286,287,288,289,290,291,292,293,294,295,296,297,300,301,304,305,316,317
OX16,192,193,194,195,200,201,202,203,204,205,206,207,208,209,210,211,212,213,214,215,216,217,218,219,248,249,250,251,252,253,254,255,256,257,258,259,264,265,266,267,272,273,274,275,288,289,290,291,292,293,294,295,296,297,298,299,300,301,302,303,304,305,306,307
OX17,194,195,198,199,244,245,248,249,258,259,262,263,270,271,274,275,286,287,290,291,298,299,306,307,310,311,316,317
OX18,196,197,198,199,200,201,202,203,204,205,206,207,208,209,210,211,212,213,214,215,216,217,218,219,244,245,246,247,252,253,254,255,272,273,274,275,276,277,278,279,280,281,282,283,288,289,290,291,296,297,298,299,300,301,302,303,308,309,310,311,316,317,318,319
OX19,190,191,198,199,244,245,258,259,270,271,274,275,286,287,298,299,306,307,316,317
OX20,178,179,198,199,201,202,205,206,209,211,213,214,216,219,221,222,224,226,229,230,233,234,236,239,258,259,262,263,264,265,272,273,276,277,280,282,285,287,289,291,292,295,297,299,301,302,304,307,309,310,313,314,317,319
OX21,200,201,202,203,204,205,206,207,208,209,210,211,212,213,214,215,216,217,218,219,242,243,244,245,250,251,254,255,256,257,262,263,264,265,270,271,272,273,276,277,282,283,286,287,288,289,292,293,296,297,300,301,304,305,310,311,314,315,316,317
OX22,198,199,202,203,206,207,222,223,224,225,226,227,230,231,232,233,244,245,254,255,258,259,262,263,264,265,270,271,272,273,274,275,278,279,280,281,282,283,284,285,286,287,292,293,298,299,302,303,304,305,306,307,312,313,316,317
OX23,208,209,210,211,212,213,214,215,216,217,218,219,224,225,226,227,236,237,238,239,242,243,244,245,250,251,254,255,258,259,262,263,264,265,270,271,272,273,278,279,280,281,286,287,290,291,294,295,296,297,302,303,306,307,310,311,314,315,318,319
OX24,202,203,204,205,206,207,214,215,224,225,228,229,232,233,236,237,242,243,244,245,248,249,250,251,254,255,262,263,264,265,268,269,270,271,272,273,282,283,284,285,286,287,296,297,298,299,304,305,308,309,310,311,312,313,314,315
OX25,204,205,206,207,212,213,214,215,228,229,230,231,232,233,234,235,248,249,250,251,268,269,270,271,280,281,282,283,284,285,286,287,296,297,298,299,304,305,306,307,308,309,310,311,312,313,314,315
OX26,206,207,210,211,212,213,214,215,216,217,218,219,222,223,224,225,228,229,230,231,234,235,238,239,242,243,244,245,250,251,252,253,254,255,262,263,264,265,270,271,272,273,274,275,280,281,282,283,290,291,292,293,294,295,302,303,304,305,306,307,316,317,318,319
OX27,216,217,218,219,224,225,226,227,232,233,234,235,236,237,238,239,248,249,250,251,252,253,254,255,268,269,270,271,272,273,274,275,284,285,286,287,292,293,294,295,296,297,298,299,308,309,310,311,312,313,314,315,316,317,318,319
OX28,210,211,218,219,224,225,228,229,236,237,238,239,244,245,264,265,280,281,294,295,298,299,306,307,308,309,318,319
OX29,212,213,214,215,228,229,230,231,236,237,238,239,242,243,246,247,250,251,254,255,258,259,262,263,266,267,270,271,272,273,278,279,282,283,286,287,290,291,292,293,298,299,302,303,304,305,308,309,314,315,316,317
OX30,214,215,218,219,222,223,228,229,230,231,232,233,234,235,236,237,246,247,250,251,254,255,258,259,266,267,270,271,272,273,278,279,282,283,284,285,286,287,292,293,294,295,298,299,304,305,308,309,312,313,314,315,316,317,318,319
OX31,201,203,205,207,209,211,213,215,217,218,221,223,225,227,229,231,232,235,237,239,242,243,244,245,246,247,250,251,252,253,254,255,258,259,266,267,274,275,276,277,278,279,281,282,284,287,289,291,292,294,297,298,301,302,304,306,308,310,312,314,317,318
OX32,228,229,230,231,232,233,234,235,252,253,254,255,272,273,274,275,284,285,286,287,312,313,314,315
OX33,222,223,230,231,234,235,238,239,244,245,246,247,248,249,250,251,252,253,258,259,264,265,266,267,268,269,270,271,274,275,278,279,280,281,282,283,286,287,292,293,296,297,298,299,304,305,306,307,308,309,310,311,314,315,316,317
OX34,224,225,226,227,242,243,244,245,250,251,252,253,258,259,262,263,264,265,270,271,274,275,278,279,280,281,286,287,290,291,292,293,298,299,302,303,306,307,308,309,314,315,316,317
OX35,226,227,230,231,234,235,238,239,242,243,244,245,246,247,248,249,258,259,262,263,264,265,266,267,268,269,278,279,280,281,282,283,290,291,292,293,296,297,302,303,304,305,306,307,310,311,316,317
OX36,236,237,238,239,242,243,246,247,250,251,252,253,258,259,262,263,266,267,270,271,274,275,278,279,282,283,286,287,290,291,292,293,298,299,302,303,304,305,308,309,314,315,316,317
OX37,230,231,238,239,242,243,244,245,246,247,248,249,250,251,252,253,258,259,262,263,264,265,266,267,268,269,270,271,274,275,278,279,280,281,282,283,286,287,290,291,292,293,296,297,298,299,302,303,304,305,306,307,308,309,310,311,314,315,316,317
OX38,232,233,234,235,242,243,244,245,248,249,254,255,258,259,262,263,264,265,268,269,272,273,278,279,280,281,284,285,290,291,292,293,296,297,302,303,306,307,310,311,312,313,316,317
OX39,101,103,105,107,109,111,113,115,117,119,141,143,145,147,149,151,153,155,157,159,161,165,171,173,179,181,187,191,193,199,203,205,211,213,218,223,225,229,233,238,242,245,251,255,257,261,262,263,264,265,267,269,270,271,272,273,275,276,277,279,280,281,283,284,285,286,289,290,291,293,294,295,296,301,302,303,304,311,315,316,318,319
OX40,234,235,238,239,246,247,250,251,252,253,266,267,270,271,274,275,282,283,286,287,298,299,304,305,308,309,314,315
OX41,161,163,165,167,169,171,173,175,177,179,181,183,185,187,189,191,193,195,197,199,218,219,238,239,242,243,246,247,248,249,252,253,258,259,264,265,266,267,280,282,284,287,289,291,292,294,297,299,301,302,305,307,309,310,313,314,317,318
OX42,158,159,238,239,262,263,264,265,266,267,268,269,270,271,274,275,278,279,280,281,282,283,286,287,290,291,292,293,296,297,298,299
OX43,89,91,93,95,97,99,105,107,109,111,113,115,121,123,125,127,129,131,133,135,137,139,165,167,173,175,185,187,193,195,217,219,237,238,242,247,248,252,253,255,257,258,259,262,265,269,272,274,275,278,283,287,289,290,291,292,297,298,299,301,302,303,304,310,314,317
OX44,218,219,238,239,294,295,318,319
OX45,83,85,87,93,103,105,109,113,115,117,165,177,187,197,209,219,231,239,243,244,246,247,249,253,262,264,266,268,269,270,271,273,274,277,278,279,280,281,282,283,286,287,290,291,292,293,294,295,296,297,298,299,306,307,310,311,314,315
OX46,85,87,93,95,105,107,109,111,118,119,141,143,145,147,149,151,153,155,157,159,173,175,177,179,193,195,197,199,209,211,229,231,238,239,242,246,248,250,251,252,253,255,258,262,264,265,266,270,272,273,274,278,280,282,283,285,286,287,290,295,298,302,304,305,307,308,313,314,315,316,317,319
OX47,87,91,93,95,97,99,103,111,115,119,121,123,125,127,129,131,133,135,137,139,141,143,145,147,149,151,153,155,157,159,163,173,183,193,215,219,235,239,243,246,251,253,255,258,264,265,266,267,271,273,276,279,280,282,285,287,289,291,292,294,297,299,301,303,304,307,309,311,313,314,317,319
OX48,97,99,105,107,113,115,121,123,125,127,129,131,133,135,137,139,163,167,171,175,177,183,185,191,195,197,203,205,209,215,219,223,225,231,235,239,242,244,246,247,248,249,251,253,258,262,264,265,266,271,272,274,275,276,280,281,282,287,289,290,291,293,294,295,297,298,299,301,302,303,304,306,307,311,314,317
OX49,91,93,95,99,107,118,141,143,145,147,149,151,153,155,157,159,163,171,173,175,177,179,183,191,193,195,197,199,203,205,207,209,215,217,223,225,227,231,235,237,243,244,245,247,248,249,250,251,252,255,259,263,266,267,271,272,273,279,281,282,283,285,291,292,293,295,299,303,306,308,313,319
OX50,93,95,109,111,113,115,117,118,121,123,125,127,129,131,133,135,137,139,177,179,197,199,205,207,217,219,225,227,237,238,242,247,248,249,251,253,257,263,266,268,270,271,272,273,274,276,277,279,282,286,289,292,297,298,299,301,302,303,305,310,314,316
OX51,95,99,103,105,107,113,117,118,121,123,125,127,129,131,133,135,137,139,165,167,171,177,185,187,191,197,205,209,215,219,225,231,235,238,243,244,247,248,249,251,253,257,258,268,269,270,272,276,277,279,283,286,289,292,296,301,304,306,307,311,314,317
OX52,118,119,141,143,145,147,149,151,153,155,157,159,242,244,248,249,251,252,253,255,257,258,259,263,264,270,272,276,280,285,291,294,299,302,306,309,310,311,313,314,315,316,317,319
OX53,109,111,113,115,121,123,125,127,129,131,133,135,137,139,141,143,145,147,149,151,153,155,157,159,173,175,177,179,193,195,197,199,209,211,229,231,238,239,242,243,244,245,246,247,249,251,253,255,257,259,264,265,266,267,274,275,276,278,280,282,285,286,289,291,292,294,297,298,301,302,304,306,309,310,313,314,316,319
OX54,103,105,107,111,115,117,121,123,125,127,129,131,133,135,137,139,141,143,145,147,149,151,153,155,157,159,163,167,173,175,179,183,185,193,195,199,205,209,211,215,219,225,229,231,235,239,242,246,247,249,251,255,257,259,264,266,268,274,275,276,277,278,280,282,285,287,289,291,292,295,297,298,301,302,304,307,309,310,313,315,316,319
OX55,105,107,163,167,171,173,177,183,185,191,193,197,203,207,211,215,217,223,227,229,235,237,245,247,249,250,257,259,264,265,266,267,268,270,274,275,276,278,280,281,282,283,292,293,294,295,298,299,308,309
OX56,107,111,115,117,121,123,125,127,129,131,133,135,137,139,163,171,175,177,179,183,191,195,197,199,203,205,209,211,215,217,219,223,225,229,231,235,237,239,242,244,245,246,247,248,249,253,257,258,259,262,264,265,267,271,272,275,276,277,280,281,283,287,289,290,291,293,297,301,302,303,304,306,307,311,314,317
OX57,117,119,121,123,125,127,129,131,133,135,137,139,163,165,171,175,177,183,187,191,195,197,203,207,211,215,219,223,227,229,235,238,243,244,248,250,251,252,257,262,265,269,270,271,272,273,275,276,277,278,283,287,289,290,291,292,296,301,304,306,307,308,309,310,315,316
OX58,111,119,141,143,145,147,149,151,153,155,157,159,179,199,203,211,215,223,229,235,244,248,249,252,255,257,258,262,263,264,271,272,275,276,280,285,290,294,299,303,306,309,310,311,313,316,317,319
OX59,113,115,163,165,171,173,177,183,187,191,193,197,203,205,209,215,217,223,225,231,235,237,238,239,242,243,245,246,252,253,257,258,262,263,265,266,268,269,270,271,273,274,276,279,282,283,286,287,290,291,294,295,296,297,298,299,302,303,310,311,314,315,316,317
OX60,115,119,141,143,145,147,149,151,153,155,157,159,175,195,205,209,217,225,231,237,242,244,245,248,251,252,253,257,259,263,269,270,272,276,281,285,291,292,293,294,296,297,299,302,306,309,313,314,315,319
OX61,121,123,125,127,129,131,133,135,137,139,141,143,145,147,149,151,153,155,157,159,250,251,258,259,266,267,268,269,270,271,274,275,278,279,281,282,285,286,289,291,293,295,296,298,301,303,305,307,308,311,313,315,317,319
OX62,119,123,131,147,149,153,155,157,163,169,171,179,183,189,191,199,205,209,213,217,225,231,233,237,242,244,249,250,253,255,258,263,264,269,271,272,274,278,279,280,281,284,285,287,289,291,292,296,297,298,299,302,306,307,308,309,310,311,314,317
OX63,141,143,145,147,149,151,153,155,157,159,238,239,243,244,246,247,248,249,250,255,257,258,259,262,264,266,267,271,272,274,275,276,280,282,283,285,286,287,290,294,298,303,304,305,306,308,310,311,313,316,317,319
OX64,125,127,133,135,137,139,145,147,149,151,157,159,163,167,169,173,177,183,185,189,193,197,203,205,209,213,217,223,225,231,233,237,243,244,251,255,257,263,264,270,272,276,280,281,283,284,289,292,293,294,297,303,305,306,307,310,313,319
OX65,127,131,133,135,137,139,143,147,155,159,175,179,195,199,203,217,223,237,244,245,248,249,258,259,262,263,264,265,266,267,268,269,280,281,282,283,287,290,291,293,295,296,303,306,310,315,317,319
OX66,129,131,133,135,137,139,145,147,157,159,163,167,169,175,179,183,185,189,195,199,203,207,211,215,217,223,227,229,235,237,242,243,244,245,248,249,250,251,252,253,258,259,266,267,270,271,272,273,278,279,282,283,284,285,286,287,292,295,297,299,302,303,305,306,308,310,314,315,317,319
OX67,123,133,135,139,143,147,149,153,163,165,167,169,179,183,185,187,189,199,203,207,209,211,213,215,217,223,227,229,231,233,235,237,242,243,244,245,246,247,248,249,252,253,264,265,266,267,268,269,270,271,272,273,278,279,280,281,282,284,285,286,287,289,291,295,296,297,302,306,311,314,315,319
OX68,133,135,149,151,157,159,165,167,177,179,185,187,197,199,205,207,225,227,238,239,242,245,248,249,251,252,253,255,257,258,259,262,265,268,269,270,273,276,283,287,290,292,294,295,296,302,304,305,307,309,310,311,314,317
OX69,135,137,143,145,147,149,151,159,165,171,173,179,187,191,193,199,207,209,211,215,227,229,231,235,242,243,246,247,248,249,250,251,252,253,262,263,272,273,274,275,283,285,287,290,297,298,302,303,308,314
OX70,137,139,145,147,153,155,157,159,169,171,173,175,189,191,193,195,213,215,233,235,238,239,242,243,246,247,248,249,252,253,258,259,264,265,268,269,280,281,284,286,289,291,292,295,296,299,302,303,304,305,309,310,314,315,317,319
OX71,131,139,147,151,153,155,165,169,171,173,175,187,189,191,193,195,203,207,209,213,215,223,227,231,233,235,242,243,244,245,246,247,252,253,258,259,264,265,266,267,268,269,272,273,280,281,282,284,285,286,289,291,292,295,296,297,302,306,307,309,310,314,315,316,317,319
OX72,163,167,169,175,177,183,185,189,195,197,203,205,211,213,219,223,225,229,233,239,242,244,250,252,253,255,257,258,259,262,265,266,267,268,269,271,272,276,282,284,285,287,289,290,291,292,296,302,306,308,313,314,315,316,317,319
OX73,99,139,143,145,151,153,155,157,165,167,169,171,173,185,187,189,191,193,205,209,211,215,219,225,229,231,235,238,242,244,249,250,253,255,262,264,266,267,269,271,272,275,279,280,281,282,283,284,285,287,289,290,291,294,295,296,302,304,306,308,310,313,314,316
OX74,145,147,157,159,165,167,185,187,213,215,217,219,233,235,237,238,264,265,268,269,280,281,286,287,293,294,296,297,304,307,313,315,316,319
OX75,147,149,153,159,165,169,171,175,187,189,191,195,211,215,217,219,229,235,237,238,248,249,250,251,262,263,264,265,268,269,274,275,278,279,280,281,284,287,289,290,294,296,297,298,304,308,309,310,313,315,316,319
OX76,149,151,153,155,173,175,193,195,209,211,217,219,229,231,237,239,262,263,274,275,286,287,290,291,292,293,294,295,297,298,309,310,313,315,316,319
OX77,143,151,167,171,179,185,191,199,203,223,238,239,242,243,244,245,246,247,250,251,252,253,266,267,282,283,287,299,302,304,305,306,308,309,311,314,315,316
OX78,153,155,169,171,177,179,189,191,197,199,205,207,209,211,225,227,229,231,242,245,250,252,253,255,257,258,259,263,264,270,273,274,275,276,280,281,283,284,286,287,289,294,298,302,305,308,310,311,313,314,315,317
OX79,155,159,165,169,173,187,189,193,219,238,250,251,262,263,264,265,266,267,268,269,270,271,274,275,278,279,280,281,282,283,284,286,287,289,290,291,292,293,294,295,296,297,298,299,304,308,315,319
OX80,157,159,165,167,173,175,177,179,185,187,193,195,197,199,205,207,209,211,217,219,225,227,229,231,237,238,242,245,248,249,251,252,253,255,257,258,259,262,265,266,267,268,269,271,273,276,278,279,282,287,290,295,296,297,299,302,304,305,307,311,314,316,317,319
OX81,151,159,165,171,173,175,177,179,187,191,193,195,197,199,203,205,209,211,213,219,223,225,229,231,233,239,243,244,246,247,248,249,250,255,257,262,264,271,272,276,278,279,280,281,285,290,293,295,299,305,306,307,308,309,313,315,316,319
OX82,78,79,294,295
OX83,59,79,139,159,219,239,262,263,264,265,266,267,268,269,270,271,274,275,278,279,280,281,282,283,286,287,290,291,292,293,296,298,299,319
Z0,0,1,20,21,160,161,180,181
Z1,0,40,80,120,160,200,240,300
Z2,2,3,22,23,162,163,182,183
Z3,2,42,82,122,162,202,242,302
Z4,4,5,24,25,164,165,186,187
Z5,4,46,86,124,165,206,246,304
Z6,6,7,26,27,166,167,184,185
Z7,6,44,84,126,166,204,244,306
Z8,8,9,28,29,168,169,188,189
Z9,8,47,110,144,189,227,250,305
Z10,10,11,30,31,170,171,190,191
Z11,10,45,109,147,190,224,248,307
Z12,12,13,32,33,172,173,192,193
Z13,12,51,113,148,192,229,253,309
Z14,14,15,34,35,174,175,194,195
Z15,14,49,114,151,194,231,254,311
Z16,16,17,36,37,176,177,196,197
Z17,16,40,116,140,196,220,256,300
Z18,18,19,38,39,178,179,198,199
Z19,18,42,118,143,198,222,258,302
Z20,1,41,81,121,161,201,241,301
Z21,20,64,84,120,160,204,264,280
Z22,3,43,83,123,163,203,243,303
Z23,22,67,87,123,163,207,267,283
Z24,5,47,87,125,164,207,247,305
Z25,24,68,115,159,186,230,272,296
Z26,7,45,85,127,167,205,245,307
Z27,26,70,113,157,185,229,275,299
Z28,9,46,111,145,188,226,251,304
Z29,28,60,80,128,168,200,260,288
Z30,11,44,108,146,191,225,249,306
Z31,30,63,82,130,170,202,262,290
Z32,13,50,112,149,193,228,252,308
Z33,32,60,117,148,192,221,277,288
Z34,15,48,115,150,195,230,255,310
Z35,34,62,118,150,195,222,279,291
Z36,17,41,117,141,197,221,257,301
Z37,36,65,108,140,196,225,268,281
Z38,19,43,119,142,199,223,259,303
Z39,38,66,110,142,199,227,271,282
Z40,40,41,60,61,200,201,220,221
Z41,0,52,100,152,180,232,240,312
Z42,42,43,62,63,202,203,222,223
Z43,2,54,103,154,182,234,242,314
Z44,44,45,64,65,204,205,224,225
Z45,6,57,105,156,184,237,244,316
Z46,46,47,66,67,206,207,226,227
Z47,4,59,106,159,186,239,246,319
Z48,48,49,68,69,208,209,230,231
Z49,10,48,88,130,170,209,248,310
Z50,50,51,70,71,210,211,228,229
Z51,8,50,90,128,168,210,250,308
Z52,52,53,72,73,212,213,232,233
Z53,14,52,94,132,174,212,254,312
Z54,54,55,74,75,214,215,234,235
Z55,12,54,92,134,172,214,253,314
Z56,56,57,76,77,216,217,236,237
Z57,16,58,96,138,176,218,256,318
Z58,58,59,78,79,218,219,238,239
Z59,1,53,101,153,181,233,241,313
Z60,28,73,101,145,188,233,260,285
Z61,3,55,102,155,183,235,243,315
Z62,30,74,102,146,191,235,262,287
Z63,7,56,104,157,185,236,245,317
Z64,20,76,104,153,181,236,264,293
Z65,5,58,107,158,187,238,247,318
Z66,22,78,106,154,182,239,267,295
Z67,11,49,89,131,171,208,249,311
Z68,24,73,94,125,164,212,272,285
Z69,9,51,91,129,169,211,251,309
Z70,26,75,93,126,166,215,275,286
Z71,15,53,95,133,175,213,255,313
Z72,32,78,96,135,173,218,277,295
Z73,13,55,93,135,173,215,252,315
Z74,34,76,99,132,174,217,279,293
Z75,17,59,97,139,177,219,257,319
Z76,36,69,88,139,177,209,268,297
Z77,80,81,100,101,240,241,260,261
Z78,18,56,98,136,178,216,258,317
Z79,82,83,102,103,242,243,262,263
Z80,84,85,104,105,244,245,264,265
Z81,86,87,106,107,246,247,266,267
Z82,88,89,108,109,248,249,268,269
Z83,90,91,110,111,250,251,270,271
Z84,92,93,112,113,252,253,274,275
Z85,94,95,114,115,254,255,272,273
Z86,96,97,116,117,256,257,276,277
Z87,98,99,118,119,258,259,278,279
Z88,21,65,85,121,161,205,265,281
Z89,23,66,86,122,162,206,266,282
Z90,27,71,112,156,184,228,274,298
Z91,25,69,114,158,187,231,273,297
Z92,31,62,83,131,171,203,263,291
Z93,29,61,81,129,169,201,261,289
Z94,33,61,116,149,193,220,276,289
Z95,35,63,119,151,194,223,278,290
Z96,37,64,109,141,197,224,269,280
Z97,120,121,140,141,280,281,300,301
Z98,122,123,142,143,282,283,302,303
Z99,124,125,144,145,284,285,304,305
Z100,126,127,146,147,286,287,306,307
Z101,128,129,148,149,288,289,308,309
Z102,130,131,150,151,290,291,310,311
Z103,132,133,152,153,292,293,312,313
Z104,134,135,154,155,294,295,314,315
Z105,136,137,156,157,298,299,316,317
Z106,138,139,158,159,296,297,318,319
Z107,21,77,105,152,180,237,265,292
Z108,23,79,107,155,183,238,266,294
Z109,25,72,95,124,165,213,273,284
Z110,27,74,92,127,167,214,274,287
Z111,31,75,103,147,190,234,263,286
Z112,29,72,100,144,189,232,261,284
Z113,33,79,97,134,172,219,276,294
Z114,35,77,98,133,175,216,278,292
Z115,19,57,99,137,179,217,259,316
Z116,38,71,91,136,178,211,271,298
Z117,37,68,89,138,176,208,269,296
OZ0,260,261,262,263,264,265,266,267,268,269,270,271,272,273,274,275,276,277,278,279,280,281,282,283,284,285,286,287,288,289,290,291,292,293,294,295,296,297,298,299
OZ1,241,242,245,246,248,251,253,255,257,258,261,262,265,266,268,271,273,274,276,278,281,282,284,287,289,290,292,294,297,298,301,302,304,307,309,310,313,314,317,319
OZ2,164,165,166,167,172,173,174,175,176,177,178,179,188,189,190,191,192,193,194,195,200,201,202,203,204,205,206,207,208,209,210,211,212,213,214,215,216,217,218,219,220,221,222,223,224,225,226,227,228,229,230,231,232,233,234,235,236,237,238,239,242,243,246,247,250,251,254,255,258,259,262,263,264,265,268,269,274,275,276,277,282,283,286,287,288,289,294,295,296,297,300,301,304,305,310,311,312,313,316,317
OZ3,166,167,170,171,172,173,174,175,176,177,178,179,182,183,184,185,186,187,188,189,194,195,198,199,200,201,202,203,204,205,206,207,208,209,210,211,212,213,214,215,216,217,218,219,244,245,248,249,252,253,256,257,262,263,268,269,274,275,276,277,280,281,282,283,284,285,286,287,288,289,290,291,294,295,296,297,300,301,302,303,304,305,306,307,308,309,310,311,314,315,318,319
OZ4,168,169,170,171,172,173,174,175,176,177,178,179,184,185,186,187,188,189,190,191,192,193,194,195,200,201,202,203,204,205,206,207,208,209,210,211,212,213,214,215,216,217,218,219,242,243,244,245,248,249,252,253,256,257,262,263,266,267,268,269,274,275,276,277,280,281,284,285,290,291,294,295,296,297,300,301,304,305,310,311,314,315,318,319
OZ5,162,163,172,173,174,175,176,177,186,187,190,191,194,195,196,197,200,201,202,203,204,205,206,207,208,209,210,211,212,213,214,215,216,217,218,219,220,221,222,223,224,225,226,227,228,229,230,231,232,233,234,235,236,237,238,239,244,245,246,247,250,251,252,253,254,255,256,257,258,259,262,263,264,265,266,267,282,283,284,285,286,287,288,289,298,299,300,301,310,311,312,313,314,315,318,319
OZ6,172,173,174,175,188,189,190,191,192,193,194,195,196,197,198,199,200,201,202,203,204,205,206,207,208,209,210,211,212,213,214,215,216,217,218,219,220,221,222,223,224,225,226,227,228,229,230,231,232,233,234,235,236,237,238,239,244,245,246,247,252,253,254,255,256,257,258,259,268,269,270,271,272,273,274,275,276,277,278,279,280,281,282,283,288,289,290,291,292,293,294,295,300,301,302,303,308,309,310,311,312,313,314,315
OZ7,174,175,176,177,182,183,194,195,196,197,198,199,220,221,222,223,224,225,226,227,228,229,230,231,232,233,234,235,236,237,238,239,244,245,250,251,262,263,264,265,266,267,268,269,270,271,272,273,276,277,278,279,280,281,282,283,284,285,290,291,294,295,298,299,306,307,308,309,312,313,318,319
OZ8,176,177,178,179,184,185,186,187,192,193,194,195,200,201,202,203,204,205,206,207,208,209,210,211,212,213,214,215,216,217,218,219,248,249,250,251,252,253,254,255,256,257,258,259,264,265,266,267,272,273,274,275,288,289,290,291,292,293,294,295,300,301,302,303,304,305,306,307,316,317,318,319
OZ9,170,171,178,179,186,187,188,189,190,191,198,199,220,221,222,223,224,225,226,227,228,229,230,231,232,233,234,235,236,237,238,239,242,243,244,245,246,247,248,249,250,251,254,255,256,257,258,259,264,265,276,277,280,281,290,291,294,295,298,299,302,303,304,305,306,307,308,309,312,313,318,319
OZ10,220,221,222,223,224,225,226,227,228,229,230,231,232,233,234,235,236,237,238,239,242,243,244,245,250,251,254,255,256,257,262,263,264,265,270,271,272,273,276,277,280,281,284,285,290,291,294,295,298,299,302,303,306,307,308,309,312,313,318,319
OZ11,156,157,158,159,186,187,188,189,190,191,192,193,194,195,196,197,200,201,204,205,210,211,214,215,218,219,222,223,226,227,230,231,232,233,236,237,244,245,246,247,248,249,250,251,252,253,254,255,258,259,264,265,266,267,268,269,282,283,286,287,288,289,294,295,296,297,298,299,300,301,304,305,310,311,312,313,316,317,318,319
OZ12,184,185,186,187,196,197,198,199,200,201,202,203,204,205,206,207,208,209,210,211,212,213,214,215,216,217,218,219,242,243,244,245,250,251,254,255,258,259,262,263,264,265,268,269,272,273,276,277,282,283,286,287,288,289,292,293,298,299,300,301,304,305,310,311,314,315,318,319
OZ13,186,187,188,189,194,195,198,199,244,245,246,247,248,249,258,259,262,263,270,271,272,273,274,275,284,285,286,287,290,291,298,299,304,305,306,307,310,311,316,317
OZ14,188,189,190,191,192,193,194,195,200,201,202,203,204,205,206,207,208,209,210,211,212,213,214,215,216,217,218,219,242,243,244,245,248,249,254,255,256,257,262,263,266,267,268,269,274,275,278,279,280,281,284,285,288,289,294,295,298,299,300,301,304,305,308,309,314,315,316,317
OZ15,182,183,190,191,192,193,194,195,200,201,202,203,204,205,206,207,208,209,210,211,212,213,214,215,216,217,218,219,242,243,244,245,248,249,250,251,252,253,254,255,256,257,264,265,270,271,272,273,282,283,286,287,288,289,290,291,292,293,294,295,296,297,300,301,304,305,316,317
OZ16,192,193,194,195,200,201,202,203,204,205,206,207,208,209,210,211,212,213,214,215,216,217,218,219,248,249,250,251,252,253,254,255,256,257,258,259,264,265,266,267,272,273,274,275,288,289,290,291,292,293,294,295,296,297,298,299,300,301,302,303,304,305,306,307
OZ17,194,195,198,199,244,245,248,249,258,259,262,263,270,271,274,275,286,287,290,291,298,299,306,307,310,311,316,317
OZ18,196,197,198,199,200,201,202,203,204,205,206,207,208,209,210,211,212,213,214,215,216,217,218,219,244,245,246,247,252,253,254,255,272,273,274,275,276,277,278,279,280,281,282,283,288,289,290,291,296,297,298,299,300,301,302,303,308,309,310,311,316,317,318,319
OZ19,190,191,198,199,244,245,258,259,270,271,274,275,286,287,298,299,306,307,316,317
OZ20,178,179,198,199,201,202,205,206,209,211,213,214,216,219,221,222,224,226,229,230,233,234,236,239,258,259,262,263,264,265,272,273,276,277,280,282,285,287,289,291,292,295,297,299,301,302,304,307,309,310,313,314,317,319
OZ21,200,201,202,203,204,205,206,207,208,209,210,211,212,213,214,215,216,217,218,219,242,243,244,245,250,251,254,255,256,257,262,263,264,265,270,271,272,273,276,277,282,283,286,287,288,289,292,293,296,297,300,301,304,305,310,311,314,315,316,317
OZ22,198,199,202,203,206,207,222,223,224,225,226,227,230,231,232,233,244,245,254,255,258,259,262,263,264,265,270,271,272,273,274,275,278,279,280,281,282,283,284,285,286,287,292,293,298,299,302,303,304,305,306,307,312,313,316,317
OZ23,208,209,210,211,212,213,214,215,216,217,218,219,224,225,226,227,236,237,238,239,242,243,244,245,250,251,254,255,258,259,262,263,264,265,270,271,272,273,278,279,280,281,286,287,290,291,294,295,296,297,302,303,306,307,310,311,314,315,318,319
OZ24,202,203,204,205,206,207,214,215,224,225,228,229,232,233,236,237,242,243,244,245,248,249,250,251,254,255,262,263,264,265,268,269,270,271,272,273,282,283,284,285,286,287,296,297,298,299,304,305,308,309,310,311,312,313,314,315
OZ25,204,205,206,207,212,213,214,215,228,229,230,231,232,233,234,235,248,249,250,251,268,269,270,271,280,281,282,283,284,285,286,287,296,297,298,299,304,305,306,307,308,309,310,311,312,313,314,315
OZ26,206,207,210,211,212,213,214,215,216,217,218,219,222,223,224,225,228,229,230,231,234,235,238,239,242,243,244,245,250,251,252,253,254,255,262,263,264,265,270,271,272,273,274,275,280,281,282,283,290,291,292,293,294,295,302,303,304,305,306,307,316,317,318,319
OZ27,216,217,218,219,224,225,226,227,232,233,234,235,236,237,238,239,248,249,250,251,252,253,254,255,268,269,270,271,272,273,274,275,284,285,286,287,292,293,294,295,296,297,298,299,308,309,310,311,312,313,314,315,316,317,318,319
OZ28,210,211,218,219,224,225,228,229,236,237,238,239,244,245,264,265,280,281,294,295,298,299,306,307,308,309,318,319
OZ29,212,213,214,215,228,229,230,231,236,237,238,239,242,243,246,247,250,251,254,255,258,259,262,263,266,267,270,271,272,273,278,279,282,283,286,287,290,291,292,293,298,299,302,303,304,305,308,309,314,315,316,317
OZ30,214,215,218,219,222,223,228,229,230,231,232,233,234,235,236,237,246,247,250,251,254,255,258,259,266,267,270,271,272,273,278,279,282,283,284,285,286,287,292,293,294,295,298,299,304,305,308,309,312,313,314,315,316,317,318,319
OZ31,201,203,205,207,209,211,213,215,217,218,221,223,225,227,229,231,232,235,237,239,242,243,244,245,246,247,250,251,252,253,254,255,258,259,266,267,274,275,276,277,278,279,281,282,284,287,289,291,292,294,297,298,301,302,304,306,308,310,312,314,317,318
OZ32,228,229,230,231,232,233,234,235,252,253,254,255,272,273,274,275,284,285,286,287,312,313,314,315
OZ33,222,223,230,231,234,235,238,239,244,245,246,247,248,249,250,251,252,253,258,259,264,265,266,267,268,269,270,271,274,275,278,279,280,281,282,283,286,287,292,293,296,297,298,299,304,305,306,307,308,309,310,311,314,315,316,317
OZ34,224,225,226,227,242,243,244,245,250,251,252,253,258,259,262,263,264,265,270,271,274,275,278,279,280,281,286,287,290,291,292,293,298,299,302,303,306,307,308,309,314,315,316,317
OZ35,226,227,230,231,234,235,238,239,242,243,244,245,246,247,248,249,258,259,262,263,264,265,266,267,268,269,278,279,280,281,282,283,290,291,292,293,296,297,302,303,304,305,306,307,310,311,316,317
OZ36,236,237,238,239,242,243,246,247,250,251,252,253,258,259,262,263,266,267,270,271,274,275,278,279,282,283,286,287,290,291,292,293,298,299,302,303,304,305,308,309,314,315,316,317
OZ37,230,231,238,239,242,243,244,245,246,247,248,249,250,251,252,253,258,259,262,263,264,265,266,267,268,269,270,271,274,275,278,279,280,281,282,283,286,287,290,291,292,293,296,297,298,299,302,303,304,305,306,307,308,309,310,311,314,315,316,317
OZ38,232,233,234,235,242,243,244,245,248,249,254,255,258,259,262,263,264,265,268,269,272,273,278,279,280,281,284,285,290,291,292,293,296,297,302,303,306,307,310,311,312,313,316,317
OZ39,101,103,105,107,109,111,113,115,117,119,141,143,145,147,149,151,153,155,157,159,161,165,171,173,179,181,187,191,193,199,203,205,211,213,218,223,225,229,233,238,242,245,251,255,257,261,262,263,264,265,267,269,270,271,272,273,275,276,277,279,280,281,283,284,285,286,289,290,291,293,294,295,296,301,302,303,304,311,315,316,318,319
OZ40,234,235,238,239,246,247,250,251,252,253,266,267,270,271,274,275,282,283,286,287,298,299,304,305,308,309,314,315
OZ41,161,163,165,167,169,171,173,175,177,179,181,183,185,187,189,191,193,195,197,199,218,219,238,239,242,243,246,247,248,249,252,253,258,259,264,265,266,267,280,282,284,287,289,291,292,294,297,299,301,302,305,307,309,310,313,314,317,318
OZ42,158,159,238,239,262,263,264,265,266,267,268,269,270,271,274,275,278,279,280,281,282,283,286,287,290,291,292,293,296,297,298,299
OZ43,89,91,93,95,97,99,105,107,109,111,113,115,121,123,125,127,129,131,133,135,137,139,165,167,173,175,185,187,193,195,217,219,237,238,242,247,248,252,253,255,257,258,259,262,265,269,272,274,275,278,283,287,289,290,291,292,297,298,299,301,302,303,304,310,314,317
OZ44,218,219,238,239,294,295,318,319
OZ45,83,85,87,93,103,105,109,113,115,117,165,177,187,197,209,219,231,239,243,244,246,247,249,253,262,264,266,268,269,270,271,273,274,277,278,279,280,281,282,283,286,287,290,291,292,293,294,295,296,297,298,299,306,307,310,311,314,315
OZ46,85,87,93,95,105,107,109,111,118,119,141,143,145,147,149,151,153,155,157,159,173,175,177,179,193,195,197,199,209,211,229,231,238,239,242,246,248,250,251,252,253,255,258,262,264,265,266,270,272,273,274,278,280,282,283,285,286,287,290,295,298,302,304,305,307,308,313,314,315,316,317,319
OZ47,87,91,93,95,97,99,103,111,115,119,121,123,125,127,129,131,133,135,137,139,141,143,145,147,149,151,153,155,157,159,163,173,183,193,215,219,235,239,243,246,251,253,255,258,264,265,266,267,271,273,276,279,280,282,285,287,289,291,292,294,297,299,301,303,304,307,309,311,313,314,317,319
OZ48,97,99,105,107,113,115,121,123,125,127,129,131,133,135,137,139,163,167,171,175,177,183,185,191,195,197,203,205,209,215,219,223,225,231,235,239,242,244,246,247,248,249,251,253,258,262,264,265,266,271,272,274,275,276,280,281,282,287,289,290,291,293,294,295,297,298,299,301,302,303,304,306,307,311,314,317
OZ49,91,93,95,99,107,118,141,143,145,147,149,151,153,155,157,159,163,171,173,175,177,179,183,191,193,195,197,199,203,205,207,209,215,217,223,225,227,231,235,237,243,244,245,247,248,249,250,251,252,255,259,263,266,267,271,272,273,279,281,282,283,285,291,292,293,295,299,303,306,308,313,319
OZ50,93,95,109,111,113,115,117,118,121,123,125,127,129,131,133,135,137,139,177,179,197,199,205,207,217,219,225,227,237,238,242,247,248,249,251,253,257,263,266,268,270,271,272,273,274,276,277,279,282,286,289,292,297,298,299,301,302,303,305,310,314,316
OZ51,95,99,103,105,107,113,117,118,121,123,125,127,129,131,133,135,137,139,165,167,171,177,185,187,191,197,205,209,215,219,225,231,235,238,243,244,247,248,249,251,253,257,258,268,269,270,272,276,277,279,283,286,289,292,296,301,304,306,307,311,314,317
OZ52,118,119,141,143,145,147,149,151,153,155,157,159,242,244,248,249,251,252,253,255,257,258,259,263,264,270,272,276,280,285,291,294,299,302,306,309,310,311,313,314,315,316,317,319
OZ53,109,111,113,115,121,123,125,127,129,131,133,135,137,139,141,143,145,147,149,151,153,155,157,159,173,175,177,179,193,195,197,199,209,211,229,231,238,239,242,243,244,245,246,247,249,251,253,255,257,259,264,265,266,267,274,275,276,278,280,282,285,286,289,291,292,294,297,298,301,302,304,306,309,310,313,314,316,319
OZ54,103,105,107,111,115,117,121,123,125,127,129,131,133,135,137,139,141,143,145,147,149,151,153,155,157,159,163,167,173,175,179,183,185,193,195,199,205,209,211,215,219,225,229,231,235,239,242,246,247,249,251,255,257,259,264,266,268,274,275,276,277,278,280,282,285,287,289,291,292,295,297,298,301,302,304,307,309,310,313,315,316,319
OZ55,105,107,163,167,171,173,177,183,185,191,193,197,203,207,211,215,217,223,227,229,235,237,245,247,249,250,257,259,264,265,266,267,268,270,274,275,276,278,280,281,282,283,292,293,294,295,298,299,308,309
OZ56,107,111,115,117,121,123,125,127,129,131,133,135,137,139,163,171,175,177,179,183,191,195,197,199,203,205,209,211,215,217,219,223,225,229,231,235,237,239,242,244,245,246,247,248,249,253,257,258,259,262,264,265,267,271,272,275,276,277,280,281,283,287,289,290,291,293,297,301,302,303,304,306,307,311,314,317
OZ57,117,119,121,123,125,127,129,131,133,135,137,139,163,165,171,175,177,183,187,191,195,197,203,207,211,215,219,223,227,229,235,238,243,244,248,250,251,252,257,262,265,269,270,271,272,273,275,276,277,278,283,287,289,290,291,292,296,301,304,306,307,308,309,310,315,316
OZ58,111,119,141,143,145,147,149,151,153,155,157,159,179,199,203,211,215,223,229,235,244,248,249,252,255,257,258,262,263,264,271,272,275,276,280,285,290,294,299,303,306,309,310,311,313,316,317,319
OZ59,113,115,163,165,171,173,177,183,187,191,193,197,203,205,209,215,217,223,225,231,235,237,238,239,242,243,245,246,252,253,257,258,262,263,265,266,268,269,270,271,273,274,276,279,282,283,286,287,290,291,294,295,296,297,298,299,302,303,310,311,314,315,316,317
OZ60,115,119,141,143,145,147,149,151,153,155,157,159,175,195,205,209,217,225,231,237,242,244,245,248,251,252,253,257,259,263,269,270,272,276,281,285,291,292,293,294,296,297,299,302,306,309,313,314,315,319
OZ61,121,123,125,127,129,131,133,135,137,139,141,143,145,147,149,151,153,155,157,159,250,251,258,259,266,267,268,269,270,271,274,275,278,279,281,282,285,286,289,291,293,295,296,298,301,303,305,307,308,311,313,315,317,319
OZ62,119,123,131,147,149,153,155,157,163,169,171,179,183,189,191,199,205,209,213,217,225,231,233,237,242,244,249,250,253,255,258,263,264,269,271,272,274,278,279,280,281,284,285,287,289,291,292,296,297,298,299,302,306,307,308,309,310,311,314,317
OZ63,141,143,145,147,149,151,153,155,157,159,238,239,243,244,246,247,248,249,250,255,257,258,259,262,264,266,267,271,272,274,275,276,280,282,283,285,286,287,290,294,298,303,304,305,306,308,310,311,313,316,317,319
OZ64,125,127,133,135,137,139,145,147,149,151,157,159,163,167,169,173,177,183,185,189,193,197,203,205,209,213,217,223,225,231,233,237,243,244,251,255,257,263,264,270,272,276,280,281,283,284,289,292,293,294,297,303,305,306,307,310,313,319
OZ65,127,131,133,135,137,139,143,147,155,159,175,179,195,199,203,217,223,237,244,245,248,249,258,259,262,263,264,265,266,267,268,269,280,281,282,283,287,290,291,293,295,296,303,306,310,315,317,319
OZ66,129,131,133,135,137,139,145,147,157,159,163,167,169,175,179,183,185,189,195,199,203,207,211,215,217,223,227,229,235,237,242,243,244,245,248,249,250,251,252,253,258,259,266,267,270,271,272,273,278,279,282,283,284,285,286,287,292,295,297,299,302,303,305,306,308,310,314,315,317,319
OZ67,123,133,135,139,143,147,149,153,163,165,167,169,179,183,185,187,189,199,203,207,209,211,213,215,217,223,227,229,231,233,235,237,242,243,244,245,246,247,248,249,252,253,264,265,266,267,268,269,270,271,272,273,278,279,280,281,282,284,285,286,287,289,291,295,296,297,302,306,311,314,315,319
OZ68,133,135,149,151,157,159,165,167,177,179,185,187,197,199,205,207,225,227,238,239,242,245,248,249,251,252,253,255,257,258,259,262,265,268,269,270,273,276,283,287,290,292,294,295,296,302,304,305,307,309,310,311,314,317
OZ69,135,137,143,145,147,149,151,159,165,171,173,179,187,191,193,199,207,209,211,215,227,229,231,235,242,243,246,247,248,249,250,251,252,253,262,263,272,273,274,275,283,285,287,290,297,298,302,303,308,314
OZ70,137,139,145,147,153,155,157,159,169,171,173,175,189,191,193,195,213,215,233,235,238,239,242,243,246,247,248,249,252,253,258,259,264,265,268,269,280,281,284,286,289,291,292,295,296,299,302,303,304,305,309,310,314,315,317,319
OZ71,131,139,147,151,153,155,165,169,171,173,175,187,189,191,193,195,203,207,209,213,215,223,227,231,233,235,242,243,244,245,246,247,252,253,258,259,264,265,266,267,268,269,272,273,280,281,282,284,285,286,289,291,292,295,296,297,302,306,307,309,310,314,315,316,317,319
OZ72,163,167,169,175,177,183,185,189,195,197,203,205,211,213,219,223,225,229,233,239,242,244,250,252,253,255,257,258,259,262,265,266,267,268,269,271,272,276,282,284,285,287,289,290,291,292,296,302,306,308,313,314,315,316,317,319
OZ73,99,139,143,145,151,153,155,157,165,167,169,171,173,185,187,189,191,193,205,209,211,215,219,225,229,231,235,238,242,244,249,250,253,255,262,264,266,267,269,271,272,275,279,280,281,282,283,284,285,287,289,290,291,294,295,296,302,304,306,308,310,313,314,316
OZ74,145,147,157,159,165,167,185,187,213,215,217,219,233,235,237,238,264,265,268,269,280,281,286,287,293,294,296,297,304,307,313,315,316,319
OZ75,147,149,153,159,165,169,171,175,187,189,191,195,211,215,217,219,229,235,237,238,248,249,250,251,262,263,264,265,268,269,274,275,278,279,280,281,284,287,289,290,294,296,297,298,304,308,309,310,313,315,316,319
OZ76,149,151,153,155,173,175,193,195,209,211,217,219,229,231,237,239,262,263,274,275,286,287,290,291,292,293,294,295,297,298,309,310,313,315,316,319
OZ77,143,151,167,171,179,185,191,199,203,223,238,239,242,243,244,245,246,247,250,251,252,253,266,267,282,283,287,299,302,304,305,306,308,309,311,314,315,316
OZ78,153,155,169,171,177,179,189,191,197,199,205,207,209,211,225,227,229,231,242,245,250,252,253,255,257,258,259,263,264,270,273,274,275,276,280,281,283,284,286,287,289,294,298,302,305,308,310,311,313,314,315,317
OZ79,155,159,165,169,173,187,189,193,219,238,250,251,262,263,264,265,266,267,268,269,270,271,274,275,278,279,280,281,282,283,284,286,287,289,290,291,292,293,294,295,296,297,298,299,304,308,315,319
OZ80,157,159,165,167,173,175,177,179,185,187,193,195,197,199,205,207,209,211,217,219,225,227,229,231,237,238,242,245,248,249,251,252,253,255,257,258,259,262,265,266,267,268,269,271,273,276,278,279,282,287,290,295,296,297,299,302,304,305,307,311,314,316,317,319
OZ81,151,159,165,171,173,175,177,179,187,191,193,195,197,199,203,205,209,211,213,219,223,225,229,231,233,239,243,244,246,247,248,249,250,255,257,262,264,271,272,276,278,279,280,281,285,290,293,295,299,305,306,307,308,309,313,315,316,319
OZ82,78,79,294,295
OZ83,59,79,139,159,219,239,262,263,264,265,266,267,268,269,270,271,274,275,278,279,280,281,282,283,286,287,290,291,292,293,296,298,299,319
