X0,0,1,2,3,16,17,18,19
X1,0,4,8,12,16,20,24,30
X2,1,5,9,13,17,21,25,31
X3,2,6,8,12,16,20,26,28
X4,4,5,6,7,20,21,22,23
X5,8,9,10,11,24,25,26,27
X6,0,4,10,14,18,22,24,30
X7,2,6,11,15,19,23,26,28
X8,12,13,14,15,28,29,30,31
X9,1,5,11,15,19,23,25,31
OX0,24,25,30,31
OX1,25,26,28,31
OX2,26,27,28,29
OX3,20,21,22,23,28,29,30,31
OX4,18,19,22,23
OX5,17,19,21,23
OX6,14,15,22,23
OX7,13,15,21,23
OX8,11,15,27,29
OX9,5,6,7,15,23,28,29,31
OX10,6,7,28,29
OX11,7,15,23,29
Z0,0,1,2,3,16,17,18,19
Z1,0,4,8,12,16,20,24,30
Z2,1,5,9,13,17,21,25,31
Z3,2,6,8,12,16,20,26,28
Z4,4,5,6,7,20,21,22,23
Z5,8,9,10,11,24,25,26,27
Z6,0,4,10,14,18,22,24,30
Z7,2,6,11,15,19,23,26,28
Z8,12,13,14,15,28,29,30,31
Z9,1,5,11,15,19,23,25,31
OZ0,24,25,30,31
OZ1,25,26,28,31
OZ2,26,27,28,29
OZ3,20,21,22,23,28,29,30,31
OZ4,18,19,22,23
OZ5,17,19,21,23
OZ6,14,15,22,23
OZ7,13,15,21,23
OZ8,11,15,27,29
OZ9,5,6,7,15,23,28,29,31
OZ10,6,7,28,29
OZ11,7,15,23,29
