X0,0,49,99,153,203,238,288,294
X1,1,51,98,154,198,239,289,295
X2,2,52,101,150,200,235,291,298
X3,3,50,100,155,199,234,290,296
X4,4,53,96,151,201,236,293,297
X5,5,48,97,152,202,237,292,299
X6,6,55,110,147,209,244,257,300
X7,7,57,111,148,204,245,252,301
X8,8,58,113,144,206,241,254,304
X9,9,56,112,149,205,240,253,302
X10,10,59,108,145,207,242,256,303
X11,11,54,109,146,208,243,255,305
X12,12,67,104,160,172,250,263,306
X13,13,68,105,159,173,251,258,307
X14,14,70,107,156,169,247,260,310
X15,15,69,106,161,168,246,259,308
X16,16,71,102,157,170,248,262,309
X17,17,66,103,158,171,249,261,311
X18,18,73,122,129,184,219,275,324
X19,19,74,124,128,185,220,270,325
X20,20,76,123,130,180,221,271,326
X21,21,75,125,131,181,216,272,327
X22,22,77,120,126,182,217,274,328
X23,23,72,121,127,183,218,273,329
X24,24,61,116,166,178,213,269,312
X25,25,62,118,165,179,214,264,313
X26,26,63,117,167,174,215,265,314
X27,27,64,119,162,175,210,266,316
X28,28,65,114,163,176,211,268,315
X29,29,60,115,164,177,212,267,317
X30,30,79,85,135,190,225,287,318
X31,31,80,87,134,191,226,282,319
X32,32,82,86,136,186,227,283,320
X33,33,83,89,132,188,223,285,322
X34,34,81,88,137,187,222,284,321
X35,35,78,84,133,189,224,286,323
X36,36,42,91,141,196,231,281,330
X37,37,43,93,140,197,232,276,331
X38,38,45,92,142,192,233,277,332
X39,39,46,95,138,194,229,279,335
X40,40,44,94,143,193,228,278,333
X41,41,47,90,139,195,230,280,334
X42,27,42,64,91,137,197,222,232
X43,24,43,61,93,135,193,225,228
X44,28,44,65,94,133,192,224,233
X45,26,45,63,92,132,194,223,229
X46,29,46,60,95,134,195,226,230
X47,25,47,62,90,136,196,227,231
X48,5,113,144,188,261,285,299,311
X49,0,108,145,189,260,286,294,310
X50,3,109,146,186,262,283,296,309
X51,1,111,148,190,263,287,295,306
X52,2,110,147,187,258,284,298,307
X53,4,112,149,191,259,282,297,308
X54,3,50,54,109,151,177,212,236
X55,2,52,55,110,155,179,214,234
X56,4,53,56,112,152,174,215,237
X57,1,51,57,111,150,175,210,235
X58,5,48,58,113,153,176,211,238
X59,0,49,59,108,154,178,213,239
X60,29,95,138,169,260,286,317,323
X61,24,93,140,170,262,283,312,320
X62,25,90,139,171,261,285,313,322
X63,26,92,142,172,263,287,314,318
X64,27,91,141,168,259,282,316,319
X65,28,94,143,173,258,284,315,321
X66,15,66,69,103,126,183,217,218
X67,12,105,159,201,289,293,295,306
X68,12,67,68,105,129,181,216,219
X69,15,103,158,198,289,293,297,308
X70,14,104,160,199,288,290,294,310
X71,13,68,71,102,130,184,219,221
X72,23,101,150,175,255,266,305,329
X73,18,99,153,176,252,268,301,324
X74,19,96,151,177,254,267,304,325
X75,21,97,152,174,256,265,303,327
X76,20,98,154,178,257,269,300,326
X77,22,100,155,179,253,264,302,328
X78,9,56,78,84,157,202,237,248
X79,8,58,79,85,161,203,238,246
X80,6,55,80,87,160,199,234,250
X81,10,59,81,88,158,198,239,249
X82,7,57,82,86,156,200,235,247
X83,11,54,83,89,159,201,236,251
X84,9,84,133,192,274,277,302,328
X85,8,85,135,193,270,278,304,325
X86,7,86,136,196,275,281,301,324
X87,6,87,134,195,271,280,300,326
X88,10,88,137,197,272,276,303,327
X89,11,89,132,194,273,279,305,329
X90,30,62,79,118,141,168,231,246
X91,35,64,78,119,140,170,232,248
X92,32,63,82,117,138,169,229,247
X93,33,61,83,116,143,173,228,251
X94,31,65,80,114,142,172,233,250
X95,34,60,81,115,139,171,230,249
X96,13,102,157,202,291,292,298,307
X97,16,69,71,106,127,180,218,221
X98,14,67,70,104,131,185,216,220
X99,16,106,161,203,288,290,296,309
X100,18,49,73,99,166,205,213,240
X101,22,50,77,100,164,204,212,245
X102,23,52,72,101,165,207,214,242
X103,20,51,76,98,162,206,210,241
X104,19,53,74,96,167,209,215,244
X105,21,48,75,97,163,208,211,243
X106,31,114,163,208,255,266,316,319
X107,34,115,164,204,252,268,315,321
X108,33,116,166,205,253,264,313,322
X109,32,117,167,209,257,269,312,320
X110,30,118,165,207,256,265,314,318
X111,35,119,162,206,254,267,317,323
X112,17,107,156,200,291,292,299,311
X113,17,66,70,107,128,182,217,220
X114,36,42,74,124,147,187,222,244
X115,39,46,73,122,149,191,226,240
X116,37,43,77,120,148,190,225,245
X117,38,45,76,123,144,188,223,241
X118,37,120,126,183,273,279,331,335
X119,36,124,128,182,274,277,330,332
X120,39,122,129,181,272,276,331,335
X121,38,123,130,184,275,281,330,332
X122,40,121,127,180,271,280,333,334
X123,40,44,72,121,145,189,224,242
OX0,137,157,167,197,202,209,215,222,232,237,244,248
OX1,136,161,163,196,203,208,211,227,231,238,243,246
OX2,142,154,161,163,174,180,184,186,190,192,196,198,203,204,208,209,211,215,221,231,233,238,239,243,245,246,252,257,263,265,269,271,275,277,281,283,287,289,301,306,312,314,326,330
OX3,141,143,150,151,158,160,165,166,175,176,180,182,183,185,187,189,192,193,195,196,198,199,200,201,206,207,208,209,210,211,213,214,218,220,228,230,231,233,234,235,236,239,242,244,249,250,253,254,255,257,258,259,267,268,270,271,273,274,277,278,280,281,284,286,291,293,300,302,307,308,315,317,325,329,332,334
OX4,140,155,156,162,178,182,183,186,188,194,197,199,200,205,206,208,210,213,217,229,232,234,235,241,243,247,253,255,262,264,269,273,274,276,279,283,285,290,305,309,312,313,328,335
OX5,143,150,158,166,176,180,183,187,191,193,195,198,200,205,208,209,211,213,218,228,230,235,239,240,244,249,255,257,258,266,268,271,273,278,280,282,284,291,300,307,315,316,329,334
OX6,157,158,160,168,169,170,171,172,173,200,201,203,246,247,248,249,250,251,258,259,260,261,262,263,288,289,290,291,292,293,295,296,299,307,308,310
OX7,156,159,161,168,169,170,171,172,173,198,199,202,246,247,248,249,250,251,258,259,260,261,262,263,288,289,290,291,292,293,294,297,298,306,309,311
OX8,148,150,151,158,166,173,176,177,180,183,187,190,191,193,195,198,200,205,208,209,211,212,213,218,225,230,235,236,239,240,244,245,249,251,255,257,258,266,268,271,273,278,280,282,284,291,300,307,315,316,329,334
OX9,145,154,155,161,163,172,174,179,180,184,186,189,190,192,196,198,203,204,208,209,211,214,215,221,224,231,234,238,239,242,243,245,246,250,252,257,263,265,269,271,275,277,281,283,287,289,301,306,312,314,326,330
OX10,149,152,154,159,164,171,178,179,181,185,188,190,191,193,195,201,202,204,206,207,212,213,214,216,226,228,236,237,239,240,241,245,249,251,254,256,261,264,265,270,272,278,280,285,287,292,304,311,313,314,327,333
OX11,144,150,153,158,160,167,168,170,171,172,173,175,177,181,184,187,188,189,194,197,200,201,202,204,207,209,210,212,215,219,223,232,235,237,238,241,242,244,246,249,250,251,252,256,258,259,261,262,263,267,268,272,275,276,279,284,286,289,290,291,292,293,295,296,299,303,307,308,315,317,324,331
OX12,147,152,155,159,161,162,168,169,171,172,173,174,178,182,183,186,187,188,194,197,198,200,202,205,206,208,210,213,215,217,222,229,234,235,237,241,243,244,246,249,250,251,253,255,258,259,260,261,263,264,269,273,274,276,279,283,285,288,289,291,292,293,294,297,298,305,306,311,312,313,328,335
OX13,146,151,153,160,165,168,175,176,182,185,186,189,191,192,196,199,201,205,206,207,210,211,214,220,227,233,234,236,238,240,242,243,246,250,253,254,259,266,267,270,274,277,281,282,286,293,302,308,316,317,325,332
OX14,97,98,100,152,154,155,186,188,190,193,194,196,198,199,202,204,206,208,223,225,227,234,237,239,252,254,255,270,273,275,278,279,281,289,290,292,295,296,299,324,325,329
OX15,96,99,101,150,151,153,187,189,191,192,195,197,200,201,203,205,207,209,222,224,226,235,236,238,253,256,257,271,272,274,276,277,280,288,291,293,294,297,298,326,327,328
OX16,100,122,124,152,159,160,161,162,163,165,166,170,171,172,173,175,176,181,182,183,184,187,188,191,192,193,194,195,196,198,200,201,203,204,206,208,210,211,214,215,216,218,220,221,222,226,227,228,229,232,233,234,240,241,243,244,247,249,252,258,261,262,263,264,265,266,268,275,277,278,279,280,281,282,284,289,290,291,294,296,297,299,300,302,306,307,308,310,311,312,313,319,320,321,322,324,326,328,331,332,333,335
OX17,99,101,123,125,150,151,159,160,162,164,165,166,171,172,178,179,180,182,184,185,186,187,188,191,193,194,198,199,200,202,211,212,213,214,216,217,218,219,222,223,224,227,228,231,232,233,235,238,240,241,242,243,246,248,249,251,253,256,261,263,264,267,268,269,272,274,278,279,283,285,289,291,292,293,296,298,304,305,306,308,309,311,316,317,319,320,322,323,325,327,328,329,330,331,332,333
OX18,98,121,124,155,158,161,163,164,166,167,168,173,176,177,180,182,184,185,186,187,189,193,194,195,196,197,198,199,200,201,203,204,206,208,211,212,213,214,216,217,218,219,222,224,225,229,230,231,233,239,242,243,244,245,247,249,250,251,254,258,259,264,267,268,269,270,276,278,279,280,281,284,286,290,291,293,294,295,296,300,303,306,307,308,310,312,314,318,320,321,323,325,326,327,330,332,334,335
OX19,101,120,125,151,158,159,161,162,163,166,167,168,169,172,173,174,178,180,181,183,185,186,190,191,192,194,195,196,197,200,201,205,207,209,210,212,213,215,217,219,220,221,222,225,227,228,229,230,233,235,240,243,244,245,246,249,256,258,259,260,263,265,266,267,269,272,276,277,279,280,281,283,287,288,289,291,294,295,301,305,307,315,316,318,319,320,321,324,327,329,332,333,334,335
OX20,123,150,151,152,154,155,158,161,163,164,166,167,169,173,178,179,180,183,188,189,191,193,194,195,197,198,200,202,205,207,213,214,218,222,224,225,227,229,230,231,233,234,235,236,237,239,240,243,244,245,246,249,250,251,252,255,256,257,258,260,261,266,267,271,273,275,276,278,279,280,282,285,286,288,291,292,294,295,306,307,311,312,314,315,316,318,320,321,323,324,326,329,330,332,334,335
OX21,121,150,151,152,153,155,158,159,161,162,163,166,167,168,169,171,173,175,177,182,183,188,189,190,192,194,196,197,198,200,202,203,204,206,210,212,217,222,225,226,227,228,229,230,233,234,235,236,237,238,240,241,243,244,246,250,252,253,255,257,258,259,261,264,265,271,273,274,276,277,279,281,285,286,287,291,292,293,294,295,297,306,307,310,311,312,313,315,316,318,319,320,321,326,328,329,332,333,334,335
OX22,125,150,152,153,154,155,158,159,160,162,164,165,167,170,171,172,173,174,178,181,184,186,187,191,192,194,196,197,199,200,201,202,205,209,213,215,219,223,224,225,226,228,230,231,232,234,235,237,238,239,241,242,244,245,246,250,252,253,254,256,258,261,263,266,268,270,272,275,276,277,279,281,282,283,284,289,291,292,295,296,297,307,308,309,311,313,314,315,317,318,319,322,323,324,325,327,330,331,333,334
OX23,124,150,151,152,153,154,159,160,162,164,165,166,170,171,176,177,181,185,186,187,190,193,194,195,197,200,201,202,204,208,211,212,216,223,224,226,227,228,231,232,233,235,236,237,238,239,240,241,242,245,246,249,250,251,253,254,255,256,258,261,262,265,269,270,272,274,276,278,279,280,283,284,287,290,291,292,296,297,307,308,311,313,314,316,317,319,320,322,323,325,327,328,330,331,332,333
OX24,120,151,152,153,154,155,159,160,161,162,163,165,166,169,170,171,172,174,179,182,185,187,189,190,192,193,195,196,201,202,207,209,214,215,220,222,223,226,227,228,229,232,233,234,236,237,238,239,240,241,242,243,249,251,253,254,255,257,260,261,262,267,268,270,273,274,277,278,280,281,284,286,287,288,290,292,294,296,297,308,311,312,313,316,317,319,320,321,322,325,328,329,331,332,333,335
OX25,122,150,151,153,154,155,158,160,161,163,164,165,167,168,169,170,173,175,176,180,184,186,188,191,192,193,195,196,198,200,206,208,210,211,221,222,223,224,225,229,230,231,232,234,235,236,238,239,242,243,244,245,249,251,252,254,256,257,258,260,262,264,269,271,272,275,277,278,280,281,282,283,285,288,290,291,294,295,296,306,307,312,314,315,317,318,321,322,323,324,326,327,330,331,334,335
OX26,168,171,177,178,179,182,183,189,191,192,195,196,198,201,205,207,213,214,217,224,226,231,236,249,253,255,256,259,263,264,265,267,271,273,274,277,280,281,282,286,289,293,297,305,306,313,314,319,323,326,328,330
OX27,169,172,174,176,179,181,185,187,189,192,194,197,199,203,207,209,214,215,216,222,224,229,238,250,254,256,257,260,262,265,268,269,270,272,274,276,277,279,284,286,288,290,294,304,309,312,314,321,323,327,328,335
OX28,172,173,176,177,178,181,184,186,190,192,193,196,198,201,204,208,211,212,219,225,227,233,239,251,252,255,256,259,263,266,268,269,270,272,275,277,278,281,283,287,289,293,295,303,308,315,316,318,320,324,325,332
OX29,170,173,174,175,178,180,184,187,191,193,195,197,200,202,205,209,213,215,221,222,226,228,235,248,252,253,257,258,261,264,266,269,271,272,275,276,278,280,282,284,291,292,298,301,311,312,313,319,321,326,327,333
OX30,171,173,174,176,177,182,184,186,187,188,189,192,193,194,198,199,200,201,202,203,206,207,208,209,210,211,214,215,217,218,221,222,223,224,227,228,231,232,234,235,236,246,248,249,252,254,256,258,259,260,261,262,263,264,265,269,271,272,274,277,278,279,283,284,285,286,288,289,290,291,292,293,296,297,298,300,301,305,306,310,311,312,314,316,317,320,321,322,323,324,327,328,329,330,331,333
OX31,174,175,176,177,178,179,192,193,194,195,196,197,216,217,218,219,220,221,228,229,230,231,232,233,234,235,236,237,238,239,246,247,248,249,250,251,252,253,254,255,256,257,264,265,266,267,268,269,270,271,272,273,274,275,276,277,278,279,280,281,294,295,296,297,298,299,300,301,302,303,304,305,306,307,308,309,310,311,330,331,332,333,334,335
OX32,107,150,151,159,160,161,165,176,177,179,180,182,185,186,188,189,190,192,193,194,195,197,198,200,201,202,207,208,211,213,217,218,220,223,224,225,226,227,231,232,234,235,239,240,246,248,253,256,257,260,261,263,264,265,266,269,274,275,276,277,278,279,280,285,286,287,288,289,290,292,294,295,298,300,305,307,309,311,313,314,316,317,318,319,322,323,324,326,328,329,330,331
OX33,104,152,155,159,160,164,175,176,177,179,180,182,183,184,185,186,187,189,191,192,193,195,197,200,202,203,207,208,212,214,217,221,222,224,226,228,234,235,237,238,243,251,252,254,255,256,263,265,266,267,268,269,270,271,272,273,275,276,277,278,280,282,283,284,288,292,294,301,304,305,306,312,314,319,321,326,327,333
OX34,175,177,184,185,186,188,193,194,195,197,198,199,206,207,208,209,211,212,214,215,217,218,220,221,225,227,229,230,231,232,234,235,237,238,241,245,246,247,248,249,253,256,258,259,270,272,273,274,276,278,279,280,283,284,285,286,288,289,290,293,296,297,298,299,300,301,302,305,307,309,310,311,313,314,315,316,318,320,321,323,324,325,326,327,330,331,334,335
OX35,176,179,180,182,184,185,186,187,188,189,192,193,194,195,196,197,198,199,201,203,210,212,213,215,220,221,224,225,226,227,229,232,234,235,236,237,238,239,240,241,244,245,247,248,254,257,258,259,261,263,264,265,266,267,268,269,272,273,276,277,278,279,280,281,298,299,301,302,306,307,308,309,310,311,318,319,321,322,324,327,328,329,331,335
OX36,177,179,180,182,183,185,186,187,189,190,194,197,198,201,202,203,204,205,206,209,211,212,216,217,219,221,223,224,225,226,228,230,232,233,234,238,240,241,243,244,248,249,250,251,254,256,258,260,261,263,264,265,266,267,268,269,270,271,273,275,276,279,282,284,285,287,288,290,291,292,294,295,297,298,301,303,304,305,309,310,312,314,316,317,318,320,326,327,331,332,333,334
OX37,178,179,181,182,187,191,192,193,195,196,200,203,204,205,206,209,210,212,214,215,217,218,219,221,222,224,228,230,231,232,235,236,237,239,240,242,246,248,249,251,254,255,262,263,270,271,273,274,277,278,280,281,282,284,285,287,288,290,291,292,295,296,297,298,300,301,303,305,306,307,308,311,312,314,316,317,318,321,322,323,324,325,327,328,330,331,333,334
OX38,179,181,183,184,185,186,188,190,191,195,196,197,198,199,201,202,203,205,206,208,210,211,213,214,216,218,221,223,224,225,226,227,228,229,232,233,235,238,239,242,247,248,250,251,252,255,256,257,259,260,261,263,264,265,268,269,273,274,276,277,280,281,282,285,287,288,289,290,292,293,294,295,298,300,301,302,304,307,308,309,311,313,314,316,318,319,322,323,324,325,326,328,329,331,333,335
OX39,253,257,258,260,267,268,270,275,277,280,283,285,290,292,296,299,300,302,307,310,315,317,320,322,324,325,332,334
OX40,256,257,259,260,266,267,270,273,276,280,283,287,289,290,295,296,300,303,308,310,316,317,318,320,325,329,331,334
OX41,198,199,200,201,202,203,204,205,206,207,208,209,222,223,224,225,226,227,228,229,230,231,232,233,240,241,242,243,244,245,246,247,248,249,250,251,254,257,258,259,261,263,267,269,270,271,278,280,283,286,288,290,295,297,298,299,300,304,309,310,312,317,318,319,321,322,325,326,330,331,332,335
OX42,254,255,262,263,265,269,271,272,278,279,282,286,288,293,294,297,304,305,306,309,312,314,319,323,326,327,333,335
OX43,252,255,261,263,264,265,272,274,279,281,282,284,291,293,297,298,301,305,306,311,313,314,319,321,327,328,330,335
OX44,150,154,158,159,162,163,180,185,189,193,194,199,200,201,203,204,210,212,214,216,219,221,227,228,229,231,234,236,239,242,243,246,247,251,255,257,260,262,263,264,265,267,268,271,272,274,275,279,280,285,286,293,294,297,300,301,303,306,308,309,311,314,320,322,325,326,328,330,334,335
OX45,151,155,160,161,162,164,182,184,187,193,196,200,201,202,203,208,211,212,215,217,218,221,223,228,229,231,234,237,238,241,244,246,247,251,255,257,260,261,263,266,267,270,273,274,275,279,280,282,283,284,285,286,287,290,292,293,296,297,298,299,304,307,311,314,315,317,318,319,320,323,325,326,328,334
OX46,153,154,160,161,166,167,182,184,188,192,195,201,203,204,205,206,208,209,210,213,214,216,219,220,223,224,225,226,227,228,229,231,234,235,238,240,242,243,245,246,247,251,259,260,261,262,263,265,266,272,273,274,275,282,283,284,285,291,294,295,296,297,300,303,304,307,308,309,311,313,318,321,322,323,324,325,329,330,332,333,334,335
OX47,154,155,160,161,162,163,165,166,180,181,183,185,189,190,192,193,194,197,199,201,204,209,210,215,216,218,226,227,228,229,230,231,232,233,234,235,237,239,240,242,243,245,246,247,248,249,250,251,259,262,264,267,268,269,272,273,274,275,283,287,290,293,298,299,300,302,303,305,307,308,310,311,314,317,319,323,324,325,326,327,328,329,330,334
OX48,152,155,158,159,160,161,162,164,165,167,180,182,184,185,186,187,193,195,196,197,202,203,204,206,207,209,212,213,220,221,222,225,226,227,234,236,237,239,240,245,255,257,258,259,260,262,264,266,267,268,271,273,279,280,282,285,288,290,292,293,295,296,302,303,304,305,306,309,310,311,312,314,315,317,318,322,324,326,328,329,330,331,333,335
OX49,186,187,188,189,190,191,204,205,206,207,208,209,210,211,212,213,214,215,216,217,218,219,220,221,222,223,224,225,226,227,228,229,230,231,232,233,234,235,236,237,238,239,246,247,248,249,250,251,258,259,260,261,262,263,288,289,290,291,292,293,300,301,302,303,304,305,312,313,314,315,316,317,324,325,326,327,328,329,330,331,332,333,334,335
OX50,155,158,161,163,166,167,173,180,181,189,191,193,194,195,199,200,207,209,211,212,214,215,219,221,222,224,225,229,230,232,233,236,237,238,240,244,245,247,248,249,250,251,257,264,265,266,267,269,270,271,272,273,274,277,278,279,284,286,289,290,292,293,294,295,296,298,300,301,302,303,306,308,309,310,314,316,318,319,323,324,325,326,328,329,331,335
OX51,158,159,160,161,164,166,180,185,188,189,190,192,193,195,196,199,200,201,204,205,210,211,212,217,218,220,224,227,228,230,235,236,238,241,243,245,249,251,255,259,264,265,268,270,271,272,274,275,277,279,281,284,285,287,289,290,291,293,294,295,297,298,302,304,306,312,313,314,316,320,321,324,325,327,329,335
OX52,159,160,161,164,167,182,183,184,185,187,196,197,199,202,203,208,211,212,215,216,217,219,222,231,236,237,238,246,262,268,269,270,271,272,275,278,281,282,283,289,295,296,297,305,306,307,309,312,319,320,324,326,329,330,331,333
OX53,160,165,166,181,182,183,185,188,189,192,195,196,197,199,202,206,207,208,210,211,214,215,216,217,222,223,226,229,231,233,234,235,237,238,240,242,244,246,247,250,257,261,262,264,265,267,270,271,272,276,280,281,282,285,287,288,289,291,295,302,304,305,308,309,310,311,312,313,315,316,317,318,321,322,323,326,327,329,330,335
OX54,161,163,164,180,181,183,184,188,189,190,191,192,193,194,196,200,203,204,205,206,212,213,216,217,220,221,224,226,227,228,229,230,236,239,241,243,245,247,249,251,255,259,261,265,266,268,270,272,273,277,284,286,287,289,291,293,294,302,307,310,312,314,316,320,321,322,323,324,327,328,330,334
OX55,162,163,164,165,166,167,180,181,182,183,184,185,187,189,191,200,201,203,210,211,212,216,217,221,235,236,238,240,242,244,257,260,264,265,266,268,269,270,276,277,278,279,281,283,288,290,291,293,294,296,297,298,302,303,310,315,316,319,320,321,323,324,329,330,331,332,333,335
OX56,181,182,187,190,192,193,200,201,202,204,206,207,213,214,216,220,222,223,226,228,229,230,232,233,234,239,240,241,245,247,248,249,250,251,255,258,261,264,265,266,268,269,270,271,273,274,275,276,277,279,283,284,286,289,290,293,298,299,302,303,305,306,309,310,314,315,316,318,319,320,321,322,323,324,326,329,332,334
OX57,180,182,188,189,194,195,199,200,203,205,206,208,213,215,217,218,222,224,227,229,230,231,232,233,237,239,241,243,244,246,247,248,249,250,255,260,261,262,263,267,268,269,270,271,273,274,275,277,279,280,284,286,287,289,292,293,294,296,297,298,300,302,305,308,314,315,317,318,320,322,323,324,325,328,330,331,334,335
OX58,192,193,194,195,196,197,200,201,203,205,207,209,210,211,212,213,214,215,223,225,227,230,232,233,234,235,236,237,238,239,241,243,245,248,249,250,257,258,259,267,271,272,273,274,275,280,282,284,285,286,287,288,289,291,292,293,294,296,297,298,301,302,303,304,305,306,307,308,309,311,312,313,314,315,316,319,320,321,323,324,326,327,328,329,330,333,334,335
OX59,184,185,188,189,190,191,193,197,199,202,203,205,206,208,211,213,214,215,217,218,220,221,222,225,226,230,234,237,238,239,241,242,244,249,257,259,260,261,263,264,266,269,271,272,273,274,275,278,280,281,282,285,287,288,289,292,294,299,302,303,305,306,308,310,314,315,316,318,319,321,323,327,330,331
OX60,183,185,189,190,193,195,196,197,201,202,204,205,207,208,212,213,214,215,217,220,222,224,225,227,230,233,234,236,237,239,243,244,249,250,255,257,259,261,262,263,266,267,268,269,270,272,278,280,283,286,289,292,296,299,301,302,303,305,308,309,313,314,315,316,321,323,325,327,328,329,330,331,332,334
OX61,173,188,189,190,193,195,200,202,204,205,207,209,211,212,214,216,217,218,219,220,221,222,223,224,225,226,227,229,231,232,233,234,236,238,240,243,244,246,247,248,250,251,257,259,260,264,268,269,270,275,277,280,282,283,284,286,287,289,290,293,294,295,298,299,300,301,303,305,306,309,312,317,318,323,326,327,328,329,330,331,333,335
OX62,188,189,193,194,195,197,200,203,204,205,206,207,208,209,210,213,214,215,216,217,218,219,220,221,223,224,225,227,230,231,232,233,234,235,237,239,243,245,246,248,249,250,255,257,258,260,264,266,267,268,270,274,276,278,279,281,282,284,286,287,288,289,291,292,296,298,302,303,304,305,306,307,308,309,310,311,312,314,315,317,319,320,321,323,324,326,327,329,331,332
OX63,187,189,193,194,195,197,202,203,204,205,206,207,208,209,210,211,213,215,222,225,229,230,235,237,238,239,242,245,247,249,255,257,261,262,264,266,267,268,271,275,276,277,279,280,282,283,285,287,290,293,295,296,297,298,302,304,309,310,312,313,314,317,319,320,322,323,324,326,332,333,334,335
OX64,190,191,199,200,202,203,204,205,206,207,208,209,210,215,216,217,218,219,220,221,224,227,231,233,235,237,240,242,243,245,246,250,260,262,272,273,274,275,276,277,279,281,282,284,285,287,288,289,290,291,292,293,295,297,298,299,300,304,306,308,309,310,314,316,320,321,322,323,325,326,331,335
OX65,189,191,193,195,199,200,203,204,206,208,210,213,224,225,227,230,231,233,235,239,240,243,245,246,249,250,255,258,260,261,262,264,265,267,268,269,271,272,275,277,279,280,284,286,287,288,289,290,291,292,298,299,302,304,305,306,307,308,309,310,313,314,315,316,317,319,320,321,323,324,326,327,330,333,334,335
OX66,255,257,260,263,265,267,270,272,279,280,282,283,290,293,296,297,300,305,306,310,314,317,319,320,325,327,334,335
OX67,182,185,191,195,197,199,200,203,206,207,208,209,212,214,220,222,223,225,226,227,228,229,231,234,236,241,243,244,245,246,247,251,257,262,265,267,268,270,274,277,281,282,283,284,290,291,294,296,297,300,301,303,307,308,309,310,313,314,315,318,319,322,325,331,332,333,334,335
OX68,212,215,222,225,228,232,236,237,244,245,248,251,259,260,261,263,264,265,266,268,271,272,273,274,280,281,284,286,288,290,292,293,294,296,300,301,306,307,308,309,310,311,313,315,316,317,318,323,326,327,328,329,330,331,333,334
OX69,214,215,222,224,232,233,234,237,242,244,248,250,262,263,264,267,268,269,270,272,274,275,276,280,284,285,286,287,288,291,294,296,298,299,300,303,312,314,315,317,318,322,324,325,327,328,332,334
OX70,210,215,222,223,229,232,235,237,241,244,247,248,258,259,261,263,270,271,278,280,282,284,285,287,288,289,290,293,294,295,296,297,298,299,300,304,306,307,308,309,310,311,314,316,318,319,325,326,331,333,334,335
OX71,213,215,222,226,230,232,237,239,240,244,248,249,261,262,264,265,266,268,271,272,273,275,277,280,282,283,284,287,291,293,295,297,298,299,300,302,312,313,315,316,318,320,324,326,327,329,331,332
OX72,211,215,222,227,231,232,237,238,243,244,246,248,258,260,261,263,264,267,268,269,270,273,274,275,279,280,283,287,288,289,292,293,295,297,300,305,306,307,308,309,310,311,312,313,314,317,318,321,324,325,328,329,330,331,334,335
OX73,165,166,167,205,207,209,216,217,218,219,220,221,257,258,259,264,265,266,268,269,270,271,272,274,278,279,280,281,285,287,289,292,295,299,302,303,307,308,315,316,318,322,324,329,330,333,334,335
OX74,215,216,217,218,219,220,221,222,232,237,244,248,258,259,260,262,265,266,267,269,271,274,275,276,277,278,279,281,284,287,289,290,291,292,295,296,298,300,307,308,310,312,316,317,318,325,327,329,330,332,333,335
OX75,195,202,205,209,216,217,218,219,220,221,222,226,232,240,244,248,257,258,260,262,263,265,266,267,269,274,275,276,277,278,279,280,281,282,284,285,290,291,293,296,297,298,299,300,306,307,310,312,314,316,317,322,325,326,327,329,330,332,333,335
OX76,197,199,207,209,216,217,218,219,220,221,222,224,233,242,244,250,257,261,263,264,265,267,268,271,273,277,278,279,281,284,286,287,288,290,291,294,298,300,311,313,314,315,317,318,324,325,327,328,330,331,333,335
OX77,193,194,196,204,206,208,216,217,218,219,220,221,223,225,227,241,243,245,258,259,260,261,262,263,266,267,268,271,272,274,276,277,280,282,283,284,285,286,287,288,289,290,291,292,293,294,295,296,297,298,299,306,307,308,309,310,311,315,316,317,319,321,323,324,325,329,330,331,332,333,334,335
OX78,196,201,204,208,216,217,218,219,220,221,225,227,228,243,245,251,257,258,263,268,269,270,272,273,274,276,277,278,279,282,284,287,289,295,297,300,306,312,315,319,320,321,324,326,330,331,332,335
OX79,194,203,206,208,216,217,218,219,220,221,223,227,231,241,243,246,257,258,259,260,262,264,266,267,268,271,272,276,277,278,281,282,285,286,292,294,299,300,307,309,310,313,315,316,317,319,320,323,324,325,328,329,331,332,333,335
OX80,200,201,203,204,206,208,223,225,227,228,229,231,241,243,245,246,247,251,257,258,259,264,265,266,268,269,271,272,273,274,275,280,282,284,285,286,287,288,289,291,292,293,295,299,300,310,312,313,314,315,316,319,320,321,323,324,326,327,328,329,330,333,334,335
OX81,257,260,267,270,280,283,290,296,300,310,317,320,325,334
OX82,167,191,201,204,205,209,216,217,218,219,220,221,225,228,240,245,251,259,270,272,273,274,275,276,277,278,279,281,282,284,285,292,293,299,300,307,308,314,318,321,322,326,330,331,332,335
OX83,163,164,191,201,205,208,216,217,218,219,220,221,225,228,240,245,251,261,262,264,265,266,267,268,269,273,275,276,277,278,280,282,285,286,287,288,289,291,292,293,294,295,298,299,301,305,307,309,311,312,313,314,316,322,323,325,326,327,328,331,332,334
OX84,166,201,202,203,204,205,208,209,216,217,218,219,220,221,222,225,227,228,231,232,243,244,245,246,248,251,258,259,260,262,265,266,267,269,275,276,278,279,280,281,282,283,287,288,289,291,292,293,295,298,302,310,314,316,317,319,321,325,326,327,328,329,334,335
OX85,191,199,201,203,204,205,207,208,224,225,227,228,231,233,240,242,243,245,246,250,251,259,263,267,269,270,271,283,284,285,286,289,292,293,294,295,296,299,307,312,317,318,319,321,322,325,326,330,332,333
OX86,164,201,202,203,208,209,222,225,227,228,231,232,243,244,245,246,248,251,258,259,265,266,267,269,270,271,272,273,275,281,282,286,287,289,290,291,292,293,294,295,296,298,301,309,312,314,316,319,320,321,323,324,325,326,327,329,331,333
OX87,216,217,218,219,220,221,270,271,272,273,274,275,276,277,278,279,280,281,330,331,332,333,334,335
Z0,0,49,99,153,203,238,288,294
Z1,1,51,98,154,198,239,289,295
Z2,2,52,101,150,200,235,291,298
Z3,3,50,100,155,199,234,290,296
Z4,4,53,96,151,201,236,293,297
Z5,5,48,97,152,202,237,292,299
Z6,6,55,110,147,209,244,257,300
Z7,7,57,111,148,204,245,252,301
Z8,8,58,113,144,206,241,254,304
Z9,9,56,112,149,205,240,253,302
Z10,10,59,108,145,207,242,256,303
Z11,11,54,109,146,208,243,255,305
Z12,12,67,104,160,172,250,263,306
Z13,13,68,105,159,173,251,258,307
Z14,14,70,107,156,169,247,260,310
Z15,15,69,106,161,168,246,259,308
Z16,16,71,102,157,170,248,262,309
Z17,17,66,103,158,171,249,261,311
Z18,18,73,122,129,184,219,275,324
Z19,19,74,124,128,185,220,270,325
Z20,20,76,123,130,180,221,271,326
Z21,21,75,125,131,181,216,272,327
Z22,22,77,120,126,182,217,274,328
Z23,23,72,121,127,183,218,273,329
Z24,24,61,116,166,178,213,269,312
Z25,25,62,118,165,179,214,264,313
Z26,26,63,117,167,174,215,265,314
Z27,27,64,119,162,175,210,266,316
Z28,28,65,114,163,176,211,268,315
Z29,29,60,115,164,177,212,267,317
Z30,30,79,85,135,190,225,287,318
Z31,31,80,87,134,191,226,282,319
Z32,32,82,86,136,186,227,283,320
Z33,33,83,89,132,188,223,285,322
Z34,34,81,88,137,187,222,284,321
Z35,35,78,84,133,189,224,286,323
Z36,36,42,91,141,196,231,281,330
Z37,37,43,93,140,197,232,276,331
Z38,38,45,92,142,192,233,277,332
Z39,39,46,95,138,194,229,279,335
Z40,40,44,94,143,193,228,278,333
Z41,41,47,90,139,195,230,280,334
Z42,27,42,64,91,137,197,222,232
Z43,24,43,61,93,135,193,225,228
Z44,28,44,65,94,133,192,224,233
Z45,26,45,63,92,132,194,223,229
Z46,29,46,60,95,134,195,226,230
Z47,25,47,62,90,136,196,227,231
Z48,5,113,144,188,261,285,299,311
Z49,0,108,145,189,260,286,294,310
Z50,3,109,146,186,262,283,296,309
Z51,1,111,148,190,263,287,295,306
Z52,2,110,147,187,258,284,298,307
Z53,4,112,149,191,259,282,297,308
Z54,3,50,54,109,151,177,212,236
Z55,2,52,55,110,155,179,214,234
Z56,4,53,56,112,152,174,215,237
Z57,1,51,57,111,150,175,210,235
Z58,5,48,58,113,153,176,211,238
Z59,0,49,59,108,154,178,213,239
Z60,29,95,138,169,260,286,317,323
Z61,24,93,140,170,262,283,312,320
Z62,25,90,139,171,261,285,313,322
Z63,26,92,142,172,263,287,314,318
Z64,27,91,141,168,259,282,316,319
Z65,28,94,143,173,258,284,315,321
Z66,15,66,69,103,126,183,217,218
Z67,12,105,159,201,289,293,295,306
Z68,12,67,68,105,129,181,216,219
Z69,15,103,158,198,289,293,297,308
Z70,14,104,160,199,288,290,294,310
Z71,13,68,71,102,130,184,219,221
Z72,23,101,150,175,255,266,305,329
Z73,18,99,153,176,252,268,301,324
Z74,19,96,151,177,254,267,304,325
Z75,21,97,152,174,256,265,303,327
Z76,20,98,154,178,257,269,300,326
Z77,22,100,155,179,253,264,302,328
Z78,9,56,78,84,157,202,237,248
Z79,8,58,79,85,161,203,238,246
Z80,6,55,80,87,160,199,234,250
Z81,10,59,81,88,158,198,239,249
Z82,7,57,82,86,156,200,235,247
Z83,11,54,83,89,159,201,236,251
Z84,9,84,133,192,274,277,302,328
Z85,8,85,135,193,270,278,304,325
Z86,7,86,136,196,275,281,301,324
Z87,6,87,134,195,271,280,300,326
Z88,10,88,137,197,272,276,303,327
Z89,11,89,132,194,273,279,305,329
Z90,30,62,79,118,141,168,231,246
Z91,35,64,78,119,140,170,232,248
Z92,32,63,82,117,138,169,229,247
Z93,33,61,83,116,143,173,228,251
Z94,31,65,80,114,142,172,233,250
Z95,34,60,81,115,139,171,230,249
Z96,13,102,157,202,291,292,298,307
Z97,16,69,71,106,127,180,218,221
Z98,14,67,70,104,131,185,216,220
Z99,16,106,161,203,288,290,296,309
Z100,18,49,73,99,166,205,213,240
Z101,22,50,77,100,164,204,212,245
Z102,23,52,72,101,165,207,214,242
Z103,20,51,76,98,162,206,210,241
Z104,19,53,74,96,167,209,215,244
Z105,21,48,75,97,163,208,211,243
Z106,31,114,163,208,255,266,316,319
Z107,34,115,164,204,252,268,315,321
Z108,33,116,166,205,253,264,313,322
Z109,32,117,167,209,257,269,312,320
Z110,30,118,165,207,256,265,314,318
Z111,35,119,162,206,254,267,317,323
Z112,17,107,156,200,291,292,299,311
Z113,17,66,70,107,128,182,217,220
Z114,36,42,74,124,147,187,222,244
Z115,39,46,73,122,149,191,226,240
Z116,37,43,77,120,148,190,225,245
Z117,38,45,76,123,144,188,223,241
Z118,37,120,126,183,273,279,331,335
Z119,36,124,128,182,274,277,330,332
Z120,39,122,129,181,272,276,331,335
Z121,38,123,130,184,275,281,330,332
Z122,40,121,127,180,271,280,333,334
Z123,40,44,72,121,145,189,224,242
OZ0,137,157,167,197,202,209,215,222,232,237,244,248
OZ1,136,161,163,196,203,208,211,227,231,238,243,246
OZ2,142,154,161,163,174,180,184,186,190,192,196,198,203,204,208,209,211,215,221,231,233,238,239,243,245,246,252,257,263,265,269,271,275,277,281,283,287,289,301,306,312,314,326,330
OZ3,141,143,150,151,158,160,165,166,175,176,180,182,183,185,187,189,192,193,195,196,198,199,200,201,206,207,208,209,210,211,213,214,218,220,228,230,231,233,234,235,236,239,242,244,249,250,253,254,255,257,258,259,267,268,270,271,273,274,277,278,280,281,284,286,291,293,300,302,307,308,315,317,325,329,332,334
OZ4,140,155,156,162,178,182,183,186,188,194,197,199,200,205,206,208,210,213,217,229,232,234,235,241,243,247,253,255,262,264,269,273,274,276,279,283,285,290,305,309,312,313,328,335
OZ5,143,150,158,166,176,180,183,187,191,193,195,198,200,205,208,209,211,213,218,228,230,235,239,240,244,249,255,257,258,266,268,271,273,278,280,282,284,291,300,307,315,316,329,334
OZ6,157,158,160,168,169,170,171,172,173,200,201,203,246,247,248,249,250,251,258,259,260,261,262,263,288,289,290,291,292,293,295,296,299,307,308,310
OZ7,156,159,161,168,169,170,171,172,173,198,199,202,246,247,248,249,250,251,258,259,260,261,262,263,288,289,290,291,292,293,294,297,298,306,309,311
OZ8,148,150,151,158,166,173,176,177,180,183,187,190,191,193,195,198,200,205,208,209,211,212,213,218,225,230,235,236,239,240,244,245,249,251,255,257,258,266,268,271,273,278,280,282,284,291,300,307,315,316,329,334
OZ9,145,154,155,161,163,172,174,179,180,184,186,189,190,192,196,198,203,204,208,209,211,214,215,221,224,231,234,238,239,242,243,245,246,250,252,257,263,265,269,271,275,277,281,283,287,289,301,306,312,314,326,330
OZ10,149,152,154,159,164,171,178,179,181,185,188,190,191,193,195,201,202,204,206,207,212,213,214,216,226,228,236,237,239,240,241,245,249,251,254,256,261,264,265,270,272,278,280,285,287,292,304,311,313,314,327,333
OZ11,144,150,153,158,160,167,168,170,171,172,173,175,177,181,184,187,188,189,194,197,200,201,202,204,207,209,210,212,215,219,223,232,235,237,238,241,242,244,246,249,250,251,252,256,258,259,261,262,263,267,268,272,275,276,279,284,286,289,290,291,292,293,295,296,299,303,307,308,315,317,324,331
OZ12,147,152,155,159,161,162,168,169,171,172,173,174,178,182,183,186,187,188,194,197,198,200,202,205,206,208,210,213,215,217,222,229,234,235,237,241,243,244,246,249,250,251,253,255,258,259,260,261,263,264,269,273,274,276,279,283,285,288,289,291,292,293,294,297,298,305,306,311,312,313,328,335
OZ13,146,151,153,160,165,168,175,176,182,185,186,189,191,192,196,199,201,205,206,207,210,211,214,220,227,233,234,236,238,240,242,243,246,250,253,254,259,266,267,270,274,277,281,282,286,293,302,308,316,317,325,332
OZ14,97,98,100,152,154,155,186,188,190,193,194,196,198,199,202,204,206,208,223,225,227,234,237,239,252,254,255,270,273,275,278,279,281,289,290,292,295,296,299,324,325,329
OZ15,96,99,101,150,151,153,187,189,191,192,195,197,200,201,203,205,207,209,222,224,226,235,236,238,253,256,257,271,272,274,276,277,280,288,291,293,294,297,298,326,327,328
OZ16,100,122,124,152,159,160,161,162,163,165,166,170,171,172,173,175,176,181,182,183,184,187,188,191,192,193,194,195,196,198,200,201,203,204,206,208,210,211,214,215,216,218,220,221,222,226,227,228,229,232,233,234,240,241,243,244,247,249,252,258,261,262,263,264,265,266,268,275,277,278,279,280,281,282,284,289,290,291,294,296,297,299,300,302,306,307,308,310,311,312,313,319,320,321,322,324,326,328,331,332,333,335
OZ17,99,101,123,125,150,151,159,160,162,164,165,166,171,172,178,179,180,182,184,185,186,187,188,191,193,194,198,199,200,202,211,212,213,214,216,217,218,219,222,223,224,227,228,231,232,233,235,238,240,241,242,243,246,248,249,251,253,256,261,263,264,267,268,269,272,274,278,279,283,285,289,291,292,293,296,298,304,305,306,308,309,311,316,317,319,320,322,323,325,327,328,329,330,331,332,333
OZ18,98,121,124,155,158,161,163,164,166,167,168,173,176,177,180,182,184,185,186,187,189,193,194,195,196,197,198,199,200,201,203,204,206,208,211,212,213,214,216,217,218,219,222,224,225,229,230,231,233,239,242,243,244,245,247,249,250,251,254,258,259,264,267,268,269,270,276,278,279,280,281,284,286,290,291,293,294,295,296,300,303,306,307,308,310,312,314,318,320,321,323,325,326,327,330,332,334,335
OZ19,101,120,125,151,158,159,161,162,163,166,167,168,169,172,173,174,178,180,181,183,185,186,190,191,192,194,195,196,197,200,201,205,207,209,210,212,213,215,217,219,220,221,222,225,227,228,229,230,233,235,240,243,244,245,246,249,256,258,259,260,263,265,266,267,269,272,276,277,279,280,281,283,287,288,289,291,294,295,301,305,307,315,316,318,319,320,321,324,327,329,332,333,334,335
OZ20,123,150,151,152,154,155,158,161,163,164,166,167,169,173,178,179,180,183,188,189,191,193,194,195,197,198,200,202,205,207,213,214,218,222,224,225,227,229,230,231,233,234,235,236,237,239,240,243,244,245,246,249,250,251,252,255,256,257,258,260,261,266,267,271,273,275,276,278,279,280,282,285,286,288,291,292,294,295,306,307,311,312,314,315,316,318,320,321,323,324,326,329,330,332,334,335
OZ21,121,150,151,152,153,155,158,159,161,162,163,166,167,168,169,171,173,175,177,182,183,188,189,190,192,194,196,197,198,200,202,203,204,206,210,212,217,222,225,226,227,228,229,230,233,234,235,236,237,238,240,241,243,244,246,250,252,253,255,257,258,259,261,264,265,271,273,274,276,277,279,281,285,286,287,291,292,293,294,295,297,306,307,310,311,312,313,315,316,318,319,320,321,326,328,329,332,333,334,335
OZ22,125,150,152,153,154,155,158,159,160,162,164,165,167,170,171,172,173,174,178,181,184,186,187,191,192,194,196,197,199,200,201,202,205,209,213,215,219,223,224,225,226,228,230,231,232,234,235,237,238,239,241,242,244,245,246,250,252,253,254,256,258,261,263,266,268,270,272,275,276,277,279,281,282,283,284,289,291,292,295,296,297,307,308,309,311,313,314,315,317,318,319,322,323,324,325,327,330,331,333,334
OZ23,124,150,151,152,153,154,159,160,162,164,165,166,170,171,176,177,181,185,186,187,190,193,194,195,197,200,201,202,204,208,211,212,216,223,224,226,227,228,231,232,233,235,236,237,238,239,240,241,242,245,246,249,250,251,253,254,255,256,258,261,262,265,269,270,272,274,276,278,279,280,283,284,287,290,291,292,296,297,307,308,311,313,314,316,317,319,320,322,323,325,327,328,330,331,332,333
OZ24,120,151,152,153,154,155,159,160,161,162,163,165,166,169,170,171,172,174,179,182,185,187,189,190,192,193,195,196,201,202,207,209,214,215,220,222,223,226,227,228,229,232,233,234,236,237,238,239,240,241,242,243,249,251,253,254,255,257,260,261,262,267,268,270,273,274,277,278,280,281,284,286,287,288,290,292,294,296,297,308,311,312,313,316,317,319,320,321,322,325,328,329,331,332,333,335
OZ25,122,150,151,153,154,155,158,160,161,163,164,165,167,168,169,170,173,175,176,180,184,186,188,191,192,193,195,196,198,200,206,208,210,211,221,222,223,224,225,229,230,231,232,234,235,236,238,239,242,243,244,245,249,251,252,254,256,257,258,260,262,264,269,271,272,275,277,278,280,281,282,283,285,288,290,291,294,295,296,306,307,312,314,315,317,318,321,322,323,324,326,327,330,331,334,335
OZ26,168,171,177,178,179,182,183,189,191,192,195,196,198,201,205,207,213,214,217,224,226,231,236,249,253,255,256,259,263,264,265,267,271,273,274,277,280,281,282,286,289,293,297,305,306,313,314,319,323,326,328,330
OZ27,169,172,174,176,179,181,185,187,189,192,194,197,199,203,207,209,214,215,216,222,224,229,238,250,254,256,257,260,262,265,268,269,270,272,274,276,277,279,284,286,288,290,294,304,309,312,314,321,323,327,328,335
OZ28,172,173,176,177,178,181,184,186,190,192,193,196,198,201,204,208,211,212,219,225,227,233,239,251,252,255,256,259,263,266,268,269,270,272,275,277,278,281,283,287,289,293,295,303,308,315,316,318,320,324,325,332
OZ29,170,173,174,175,178,180,184,187,191,193,195,197,200,202,205,209,213,215,221,222,226,228,235,248,252,253,257,258,261,264,266,269,271,272,275,276,278,280,282,284,291,292,298,301,311,312,313,319,321,326,327,333
OZ30,171,173,174,176,177,182,184,186,187,188,189,192,193,194,198,199,200,201,202,203,206,207,208,209,210,211,214,215,217,218,221,222,223,224,227,228,231,232,234,235,236,246,248,249,252,254,256,258,259,260,261,262,263,264,265,269,271,272,274,277,278,279,283,284,285,286,288,289,290,291,292,293,296,297,298,300,301,305,306,310,311,312,314,316,317,320,321,322,323,324,327,328,329,330,331,333
OZ31,174,175,176,177,178,179,192,193,194,195,196,197,216,217,218,219,220,221,228,229,230,231,232,233,234,235,236,237,238,239,246,247,248,249,250,251,252,253,254,255,256,257,264,265,266,267,268,269,270,271,272,273,274,275,276,277,278,279,280,281,294,295,296,297,298,299,300,301,302,303,304,305,306,307,308,309,310,311,330,331,332,333,334,335
OZ32,107,150,151,159,160,161,165,176,177,179,180,182,185,186,188,189,190,192,193,194,195,197,198,200,201,202,207,208,211,213,217,218,220,223,224,225,226,227,231,232,234,235,239,240,246,248,253,256,257,260,261,263,264,265,266,269,274,275,276,277,278,279,280,285,286,287,288,289,290,292,294,295,298,300,305,307,309,311,313,314,316,317,318,319,322,323,324,326,328,329,330,331
OZ33,104,152,155,159,160,164,175,176,177,179,180,182,183,184,185,186,187,189,191,192,193,195,197,200,202,203,207,208,212,214,217,221,222,224,226,228,234,235,237,238,243,251,252,254,255,256,263,265,266,267,268,269,270,271,272,273,275,276,277,278,280,282,283,284,288,292,294,301,304,305,306,312,314,319,321,326,327,333
OZ34,175,177,184,185,186,188,193,194,195,197,198,199,206,207,208,209,211,212,214,215,217,218,220,221,225,227,229,230,231,232,234,235,237,238,241,245,246,247,248,249,253,256,258,259,270,272,273,274,276,278,279,280,283,284,285,286,288,289,290,293,296,297,298,299,300,301,302,305,307,309,310,311,313,314,315,316,318,320,321,323,324,325,326,327,330,331,334,335
OZ35,176,179,180,182,184,185,186,187,188,189,192,193,194,195,196,197,198,199,201,203,210,212,213,215,220,221,224,225,226,227,229,232,234,235,236,237,238,239,240,241,244,245,247,248,254,257,258,259,261,263,264,265,266,267,268,269,272,273,276,277,278,279,280,281,298,299,301,302,306,307,308,309,310,311,318,319,321,322,324,327,328,329,331,335
OZ36,177,179,180,182,183,185,186,187,189,190,194,197,198,201,202,203,204,205,206,209,211,212,216,217,219,221,223,224,225,226,228,230,232,233,234,238,240,241,243,244,248,249,250,251,254,256,258,260,261,263,264,265,266,267,268,269,270,271,273,275,276,279,282,284,285,287,288,290,291,292,294,295,297,298,301,303,304,305,309,310,312,314,316,317,318,320,326,327,331,332,333,334
OZ37,178,179,181,182,187,191,192,193,195,196,200,203,204,205,206,209,210,212,214,215,217,218,219,221,222,224,228,230,231,232,235,236,237,239,240,242,246,248,249,251,254,255,262,263,270,271,273,274,277,278,280,281,282,284,285,287,288,290,291,292,295,296,297,298,300,301,303,305,306,307,308,311,312,314,316,317,318,321,322,323,324,325,327,328,330,331,333,334
OZ38,179,181,183,184,185,186,188,190,191,195,196,197,198,199,201,202,203,205,206,208,210,211,213,214,216,218,221,223,224,225,226,227,228,229,232,233,235,238,239,242,247,248,250,251,252,255,256,257,259,260,261,263,264,265,268,269,273,274,276,277,280,281,282,285,287,288,289,290,292,293,294,295,298,300,301,302,304,307,308,309,311,313,314,316,318,319,322,323,324,325,326,328,329,331,333,335
OZ39,253,257,258,260,267,268,270,275,277,280,283,285,290,292,296,299,300,302,307,310,315,317,320,322,324,325,332,334
OZ40,256,257,259,260,266,267,270,273,276,280,283,287,289,290,295,296,300,303,308,310,316,317,318,320,325,329,331,334
OZ41,198,199,200,201,202,203,204,205,206,207,208,209,222,223,224,225,226,227,228,229,230,231,232,233,240,241,242,243,244,245,246,247,248,249,250,251,254,257,258,259,261,263,267,269,270,271,278,280,283,286,288,290,295,297,298,299,300,304,309,310,312,317,318,319,321,322,325,326,330,331,332,335
OZ42,254,255,262,263,265,269,271,272,278,279,282,286,288,293,294,297,304,305,306,309,312,314,319,323,326,327,333,335
OZ43,252,255,261,263,264,265,272,274,279,281,282,284,291,293,297,298,301,305,306,311,313,314,319,321,327,328,330,335
OZ44,150,154,158,159,162,163,180,185,189,193,194,199,200,201,203,204,210,212,214,216,219,221,227,228,229,231,234,236,239,242,243,246,247,251,255,257,260,262,263,264,265,267,268,271,272,274,275,279,280,285,286,293,294,297,300,301,303,306,308,309,311,314,320,322,325,326,328,330,334,335
OZ45,151,155,160,161,162,164,182,184,187,193,196,200,201,202,203,208,211,212,215,217,218,221,223,228,229,231,234,237,238,241,244,246,247,251,255,257,260,261,263,266,267,270,273,274,275,279,280,282,283,284,285,286,287,290,292,293,296,297,298,299,304,307,311,314,315,317,318,319,320,323,325,326,328,334
OZ46,153,154,160,161,166,167,182,184,188,192,195,201,203,204,205,206,208,209,210,213,214,216,219,220,223,224,225,226,227,228,229,231,234,235,238,240,242,243,245,246,247,251,259,260,261,262,263,265,266,272,273,274,275,282,283,284,285,291,294,295,296,297,300,303,304,307,308,309,311,313,318,321,322,323,324,325,329,330,332,333,334,335
OZ47,154,155,160,161,162,163,165,166,180,181,183,185,189,190,192,193,194,197,199,201,204,209,210,215,216,218,226,227,228,229,230,231,232,233,234,235,237,239,240,242,243,245,246,247,248,249,250,251,259,262,264,267,268,269,272,273,274,275,283,287,290,293,298,299,300,302,303,305,307,308,310,311,314,317,319,323,324,325,326,327,328,329,330,334
OZ48,152,155,158,159,160,161,162,164,165,167,180,182,184,185,186,187,193,195,196,197,202,203,204,206,207,209,212,213,220,221,222,225,226,227,234,236,237,239,240,245,255,257,258,259,260,262,264,266,267,268,271,273,279,280,282,285,288,290,292,293,295,296,302,303,304,305,306,309,310,311,312,314,315,317,318,322,324,326,328,329,330,331,333,335
OZ49,186,187,188,189,190,191,204,205,206,207,208,209,210,211,212,213,214,215,216,217,218,219,220,221,222,223,224,225,226,227,228,229,230,231,232,233,234,235,236,237,238,239,246,247,248,249,250,251,258,259,260,261,262,263,288,289,290,291,292,293,300,301,302,303,304,305,312,313,314,315,316,317,324,325,326,327,328,329,330,331,332,333,334,335
OZ50,155,158,161,163,166,167,173,180,181,189,191,193,194,195,199,200,207,209,211,212,214,215,219,221,222,224,225,229,230,232,233,236,237,238,240,244,245,247,248,249,250,251,257,264,265,266,267,269,270,271,272,273,274,277,278,279,284,286,289,290,292,293,294,295,296,298,300,301,302,303,306,308,309,310,314,316,318,319,323,324,325,326,328,329,331,335
OZ51,158,159,160,161,164,166,180,185,188,189,190,192,193,195,196,199,200,201,204,205,210,211,212,217,218,220,224,227,228,230,235,236,238,241,243,245,249,251,255,259,264,265,268,270,271,272,274,275,277,279,281,284,285,287,289,290,291,293,294,295,297,298,302,304,306,312,313,314,316,320,321,324,325,327,329,335
OZ52,159,160,161,164,167,182,183,184,185,187,196,197,199,202,203,208,211,212,215,216,217,219,222,231,236,237,238,246,262,268,269,270,271,272,275,278,281,282,283,289,295,296,297,305,306,307,309,312,319,320,324,326,329,330,331,333
OZ53,160,165,166,181,182,183,185,188,189,192,195,196,197,199,202,206,207,208,210,211,214,215,216,217,222,223,226,229,231,233,234,235,237,238,240,242,244,246,247,250,257,261,262,264,265,267,270,271,272,276,280,281,282,285,287,288,289,291,295,302,304,305,308,309,310,311,312,313,315,316,317,318,321,322,323,326,327,329,330,335
OZ54,161,163,164,180,181,183,184,188,189,190,191,192,193,194,196,200,203,204,205,206,212,213,216,217,220,221,224,226,227,228,229,230,236,239,241,243,245,247,249,251,255,259,261,265,266,268,270,272,273,277,284,286,287,289,291,293,294,302,307,310,312,314,316,320,321,322,323,324,327,328,330,334
OZ55,162,163,164,165,166,167,180,181,182,183,184,185,187,189,191,200,201,203,210,211,212,216,217,221,235,236,238,240,242,244,257,260,264,265,266,268,269,270,276,277,278,279,281,283,288,290,291,293,294,296,297,298,302,303,310,315,316,319,320,321,323,324,329,330,331,332,333,335
OZ56,181,182,187,190,192,193,200,201,202,204,206,207,213,214,216,220,222,223,226,228,229,230,232,233,234,239,240,241,245,247,248,249,250,251,255,258,261,264,265,266,268,269,270,271,273,274,275,276,277,279,283,284,286,289,290,293,298,299,302,303,305,306,309,310,314,315,316,318,319,320,321,322,323,324,326,329,332,334
OZ57,180,182,188,189,194,195,199,200,203,205,206,208,213,215,217,218,222,224,227,229,230,231,232,233,237,239,241,243,244,246,247,248,249,250,255,260,261,262,263,267,268,269,270,271,273,274,275,277,279,280,284,286,287,289,292,293,294,296,297,298,300,302,305,308,314,315,317,318,320,322,323,324,325,328,330,331,334,335
OZ58,192,193,194,195,196,197,200,201,203,205,207,209,210,211,212,213,214,215,223,225,227,230,232,233,234,235,236,237,238,239,241,243,245,248,249,250,257,258,259,267,271,272,273,274,275,280,282,284,285,286,287,288,289,291,292,293,294,296,297,298,301,302,303,304,305,306,307,308,309,311,312,313,314,315,316,319,320,321,323,324,326,327,328,329,330,333,334,335
OZ59,184,185,188,189,190,191,193,197,199,202,203,205,206,208,211,213,214,215,217,218,220,221,222,225,226,230,234,237,238,239,241,242,244,249,257,259,260,261,263,264,266,269,271,272,273,274,275,278,280,281,282,285,287,288,289,292,294,299,302,303,305,306,308,310,314,315,316,318,319,321,323,327,330,331
OZ60,183,185,189,190,193,195,196,197,201,202,204,205,207,208,212,213,214,215,217,220,222,224,225,227,230,233,234,236,237,239,243,244,249,250,255,257,259,261,262,263,266,267,268,269,270,272,278,280,283,286,289,292,296,299,301,302,303,305,308,309,313,314,315,316,321,323,325,327,328,329,330,331,332,334
OZ61,173,188,189,190,193,195,200,202,204,205,207,209,211,212,214,216,217,218,219,220,221,222,223,224,225,226,227,229,231,232,233,234,236,238,240,243,244,246,247,248,250,251,257,259,260,264,268,269,270,275,277,280,282,283,284,286,287,289,290,293,294,295,298,299,300,301,303,305,306,309,312,317,318,323,326,327,328,329,330,331,333,335
OZ62,188,189,193,194,195,197,200,203,204,205,206,207,208,209,210,213,214,215,216,217,218,219,220,221,223,224,225,227,230,231,232,233,234,235,237,239,243,245,246,248,249,250,255,257,258,260,264,266,267,268,270,274,276,278,279,281,282,284,286,287,288,289,291,292,296,298,302,303,304,305,306,307,308,309,310,311,312,314,315,317,319,320,321,323,324,326,327,329,331,332
OZ63,187,189,193,194,195,197,202,203,204,205,206,207,208,209,210,211,213,215,222,225,229,230,235,237,238,239,242,245,247,249,255,257,261,262,264,266,267,268,271,275,276,277,279,280,282,283,285,287,290,293,295,296,297,298,302,304,309,310,312,313,314,317,319,320,322,323,324,326,332,333,334,335
OZ64,190,191,199,200,202,203,204,205,206,207,208,209,210,215,216,217,218,219,220,221,224,227,231,233,235,237,240,242,243,245,246,250,260,262,272,273,274,275,276,277,279,281,282,284,285,287,288,289,290,291,292,293,295,297,298,299,300,304,306,308,309,310,314,316,320,321,322,323,325,326,331,335
OZ65,189,191,193,195,199,200,203,204,206,208,210,213,224,225,227,230,231,233,235,239,240,243,245,246,249,250,255,258,260,261,262,264,265,267,268,269,271,272,275,277,279,280,284,286,287,288,289,290,291,292,298,299,302,304,305,306,307,308,309,310,313,314,315,316,317,319,320,321,323,324,326,327,330,333,334,335
OZ66,255,257,260,263,265,267,270,272,279,280,282,283,290,293,296,297,300,305,306,310,314,317,319,320,325,327,334,335
OZ67,182,185,191,195,197,199,200,203,206,207,208,209,212,214,220,222,223,225,226,227,228,229,231,234,236,241,243,244,245,246,247,251,257,262,265,267,268,270,274,277,281,282,283,284,290,291,294,296,297,300,301,303,307,308,309,310,313,314,315,318,319,322,325,331,332,333,334,335
OZ68,212,215,222,225,228,232,236,237,244,245,248,251,259,260,261,263,264,265,266,268,271,272,273,274,280,281,284,286,288,290,292,293,294,296,300,301,306,307,308,309,310,311,313,315,316,317,318,323,326,327,328,329,330,331,333,334
OZ69,214,215,222,224,232,233,234,237,242,244,248,250,262,263,264,267,268,269,270,272,274,275,276,280,284,285,286,287,288,291,294,296,298,299,300,303,312,314,315,317,318,322,324,325,327,328,332,334
OZ70,210,215,222,223,229,232,235,237,241,244,247,248,258,259,261,263,270,271,278,280,282,284,285,287,288,289,290,293,294,295,296,297,298,299,300,304,306,307,308,309,310,311,314,316,318,319,325,326,331,333,334,335
OZ71,213,215,222,226,230,232,237,239,240,244,248,249,261,262,264,265,266,268,271,272,273,275,277,280,282,283,284,287,291,293,295,297,298,299,300,302,312,313,315,316,318,320,324,326,327,329,331,332
OZ72,211,215,222,227,231,232,237,238,243,244,246,248,258,260,261,263,264,267,268,269,270,273,274,275,279,280,283,287,288,289,292,293,295,297,300,305,306,307,308,309,310,311,312,313,314,317,318,321,324,325,328,329,330,331,334,335
OZ73,165,166,167,205,207,209,216,217,218,219,220,221,257,258,259,264,265,266,268,269,270,271,272,274,278,279,280,281,285,287,289,292,295,299,302,303,307,308,315,316,318,322,324,329,330,333,334,335
OZ74,215,216,217,218,219,220,221,222,232,237,244,248,258,259,260,262,265,266,267,269,271,274,275,276,277,278,279,281,284,287,289,290,291,292,295,296,298,300,307,308,310,312,316,317,318,325,327,329,330,332,333,335
OZ75,195,202,205,209,216,217,218,219,220,221,222,226,232,240,244,248,257,258,260,262,263,265,266,267,269,274,275,276,277,278,279,280,281,282,284,285,290,291,293,296,297,298,299,300,306,307,310,312,314,316,317,322,325,326,327,329,330,332,333,335
OZ76,197,199,207,209,216,217,218,219,220,221,222,224,233,242,244,250,257,261,263,264,265,267,268,271,273,277,278,279,281,284,286,287,288,290,291,294,298,300,311,313,314,315,317,318,324,325,327,328,330,331,333,335
OZ77,193,194,196,204,206,208,216,217,218,219,220,221,223,225,227,241,243,245,258,259,260,261,262,263,266,267,268,271,272,274,276,277,280,282,283,284,285,286,287,288,289,290,291,292,293,294,295,296,297,298,299,306,307,308,309,310,311,315,316,317,319,321,323,324,325,329,330,331,332,333,334,335
OZ78,196,201,204,208,216,217,218,219,220,221,225,227,228,243,245,251,257,258,263,268,269,270,272,273,274,276,277,278,279,282,284,287,289,295,297,300,306,312,315,319,320,321,324,326,330,331,332,335
OZ79,194,203,206,208,216,217,218,219,220,221,223,227,231,241,243,246,257,258,259,260,262,264,266,267,268,271,272,276,277,278,281,282,285,286,292,294,299,300,307,309,310,313,315,316,317,319,320,323,324,325,328,329,331,332,333,335
OZ80,200,201,203,204,206,208,223,225,227,228,229,231,241,243,245,246,247,251,257,258,259,264,265,266,268,269,271,272,273,274,275,280,282,284,285,286,287,288,289,291,292,293,295,299,300,310,312,313,314,315,316,319,320,321,323,324,326,327,328,329,330,333,334,335
OZ81,257,260,267,270,280,283,290,296,300,310,317,320,325,334
OZ82,167,191,201,204,205,209,216,217,218,219,220,221,225,228,240,245,251,259,270,272,273,274,275,276,277,278,279,281,282,284,285,292,293,299,300,307,308,314,318,321,322,326,330,331,332,335
OZ83,163,164,191,201,205,208,216,217,218,219,220,221,225,228,240,245,251,261,262,264,265,266,267,268,269,273,275,276,277,278,280,282,285,286,287,288,289,291,292,293,294,295,298,299,301,305,307,309,311,312,313,314,316,322,323,325,326,327,328,331,332,334
OZ84,166,201,202,203,204,205,208,209,216,217,218,219,220,221,222,225,227,228,231,232,243,244,245,246,248,251,258,259,260,262,265,266,267,269,275,276,278,279,280,281,282,283,287,288,289,291,292,293,295,298,302,310,314,316,317,319,321,325,326,327,328,329,334,335
OZ85,191,199,201,203,204,205,207,208,224,225,227,228,231,233,240,242,243,245,246,250,251,259,263,267,269,270,271,283,284,285,286,289,292,293,294,295,296,299,307,312,317,318,319,321,322,325,326,330,332,333
OZ86,164,201,202,203,208,209,222,225,227,228,231,232,243,244,245,246,248,251,258,259,265,266,267,269,270,271,272,273,275,281,282,286,287,289,290,291,292,293,294,295,296,298,301,309,312,314,316,319,320,321,323,324,325,326,327,329,331,333
OZ87,216,217,218,219,220,221,270,271,272,273,274,275,276,277,278,279,280,281,330,331,332,333,334,335
