X0,0,52,116,149,208,210,273,324
X1,1,50,119,144,205,214,274,326
X2,2,53,118,145,206,212,270,329
X3,3,48,115,148,207,215,272,328
X4,4,49,117,147,204,211,275,325
X5,5,51,114,146,209,213,271,327
X6,6,73,100,165,197,216,279,298
X7,7,75,101,162,193,220,280,295
X8,8,77,99,163,194,218,276,299
X9,9,72,97,167,195,221,278,297
X10,10,74,98,166,192,217,281,294
X11,11,76,96,164,196,219,277,296
X12,12,61,125,128,179,240,285,310
X13,13,64,122,131,177,241,286,306
X14,14,65,124,126,175,243,282,311
X15,15,60,121,130,176,245,284,309
X16,16,62,123,129,174,242,287,307
X17,17,63,120,127,178,244,283,308
X18,18,79,112,134,185,228,254,335
X19,19,83,110,137,183,229,255,330
X20,20,81,113,132,181,232,256,332
X21,21,78,109,136,182,233,253,334
X22,22,80,111,135,180,230,257,331
X23,23,82,108,133,184,231,252,333
X24,24,42,94,159,191,246,266,322
X25,25,46,91,161,189,247,267,318
X26,26,44,95,156,187,251,268,320
X27,27,47,93,157,188,249,264,323
X28,28,43,92,160,186,248,269,319
X29,29,45,90,158,190,250,265,321
X30,30,55,106,153,173,222,291,304
X31,31,58,104,155,171,223,292,300
X32,32,56,107,150,168,226,293,301
X33,33,59,105,151,169,224,288,305
X34,34,54,103,154,170,227,290,303
X35,35,57,102,152,172,225,289,302
X36,36,67,88,140,203,234,260,316
X37,37,70,85,143,202,235,261,312
X38,38,69,89,138,199,238,262,314
X39,39,71,87,139,200,237,258,317
X40,40,66,84,142,201,239,259,315
X41,41,68,86,141,198,236,263,313
X42,24,61,125,131,161,177,246,267
X43,28,65,124,128,157,179,248,264
X44,26,63,120,126,159,175,251,266
X45,29,60,121,127,160,178,250,269
X46,25,62,123,130,156,176,247,268
X47,27,64,122,129,158,174,249,265
X48,3,50,119,162,167,193,215,278
X49,0,49,117,162,167,195,210,280
X50,1,51,114,163,165,194,214,279
X51,2,52,116,164,166,192,212,277
X52,11,54,103,129,158,190,219,287
X53,6,55,106,131,161,189,216,286
X54,9,56,107,130,156,187,221,284
X55,7,57,102,128,157,188,220,285
X56,8,58,104,127,160,186,218,283
X57,10,59,105,126,159,191,217,282
X58,15,69,89,132,148,181,245,272
X59,12,67,88,137,149,183,240,273
X60,16,71,87,134,145,185,242,270
X61,17,66,84,133,147,184,244,275
X62,13,68,86,136,144,182,241,274
X63,14,70,85,135,146,180,243,271
X64,23,72,97,141,152,172,231,263
X65,18,73,100,143,155,171,228,261
X66,19,74,98,138,154,170,229,262
X67,21,75,101,142,150,168,233,259
X68,20,76,96,140,151,169,232,260
X69,22,77,99,139,153,173,230,258
X70,21,78,84,209,244,259,308,327
X71,18,79,85,208,243,261,311,324
X72,23,82,86,206,241,263,306,329
X73,22,80,87,207,242,258,307,328
X74,20,81,88,205,240,260,310,326
X75,19,83,89,204,245,262,309,325
X76,27,47,90,203,238,265,314,316
X77,24,42,91,202,237,267,312,317
X78,28,43,93,201,236,264,313,315
X79,25,46,95,198,239,268,313,315
X80,2,53,96,197,232,277,298,332
X81,3,48,97,196,231,278,296,333
X82,5,51,98,194,229,281,299,330
X83,4,49,99,195,230,276,297,331
X84,1,50,100,193,228,279,295,335
X85,0,52,101,192,233,280,294,334
X86,35,57,111,188,223,257,300,323
X87,34,54,109,190,225,253,302,321
X88,31,58,113,186,227,256,303,319
X89,33,59,108,191,226,252,301,322
X90,30,55,110,189,224,255,305,318
X91,32,56,112,187,222,254,304,320
X92,10,74,124,170,248,282,303,319
X93,9,72,121,172,250,284,302,321
X94,7,75,125,168,246,285,301,322
X95,8,77,120,173,251,283,304,320
X96,11,76,123,169,247,287,305,318
X97,6,73,122,171,249,286,300,323
X98,14,65,114,179,214,271,310,326
X99,17,63,117,175,210,275,311,324
X100,12,61,116,177,212,273,306,329
X101,16,62,118,176,211,270,309,325
X102,15,60,115,178,213,272,308,327
X103,13,64,119,174,215,274,307,328
X104,31,80,111,132,148,207,223,256
X105,32,82,108,134,145,206,226,254
X106,30,79,112,137,149,208,222,255
X107,34,81,113,136,144,205,227,253
X108,36,67,104,183,218,292,299,330
X109,36,42,94,143,155,202,234,292
X110,33,83,110,133,147,204,224,252
X111,35,78,109,135,146,209,225,257
X112,37,70,107,180,221,293,297,331
X113,38,45,90,139,153,200,238,291
X114,38,69,106,181,216,291,298,332
X115,37,43,92,142,150,201,235,293
X116,5,48,115,164,166,196,213,281
X117,4,53,118,163,165,197,211,276
X118,39,46,91,141,152,198,237,289
X119,39,71,102,185,220,289,295,335
X120,40,66,103,184,219,290,296,333
X121,40,44,95,138,154,199,239,290
X122,26,44,94,199,234,266,314,316
X123,29,45,92,200,235,269,312,317
OX0,121,122,124,165,166,167,170,171,172,192,193,194,195,196,197,216,217,221,228,229,231,248,249,250,282,284,286,294,295,296,297,298,299,300,302,303,319,321,323,330,333,335
OX1,120,123,125,162,163,164,168,169,173,192,193,194,195,196,197,218,219,220,230,232,233,246,247,251,283,285,287,294,295,296,297,298,299,301,304,305,318,320,322,331,332,334
OX2,95,109,123,125,147,155,158,160,162,163,165,167,170,171,172,174,175,178,183,184,185,187,188,191,193,196,198,201,203,204,205,206,208,209,210,212,214,215,218,219,220,222,223,224,225,228,229,232,233,234,235,236,240,241,242,245,246,248,250,251,252,253,254,256,257,259,260,261,263,264,268,269,272,274,277,279,280,281,282,284,289,290,294,296,297,300,302,304,305,306,307,308,313,316,319,326,327,331,334,335
OX3,109,113,123,147,149,158,160,161,163,165,167,168,170,172,174,175,177,178,184,185,186,187,188,189,191,192,196,201,202,203,204,205,206,209,214,215,219,222,224,225,227,228,229,232,234,235,236,237,239,240,241,242,245,247,248,250,251,252,253,254,257,259,260,261,263,264,269,272,274,277,279,280,281,282,284,285,289,290,295,296,297,299,301,302,303,304,305,307,308,312,315,316,317,318,322,324,326,327,329,330,331,335
OX4,93,108,122,146,148,153,159,161,164,165,167,168,169,170,171,172,173,174,175,177,180,181,182,187,188,190,197,198,199,201,204,206,210,211,213,215,222,223,226,227,228,230,232,237,238,239,240,243,244,245,246,247,248,252,253,254,255,257,258,259,262,263,264,267,268,271,272,273,274,275,276,277,279,282,284,285,286,287,288,293,297,298,299,301,302,304,306,308,311,314,315,318,319,321,323,325,326,327,328,329,330,331
OX5,108,110,124,146,159,160,161,164,166,167,168,169,172,174,175,177,178,180,182,186,187,188,189,190,192,193,194,198,199,200,204,206,207,210,211,217,223,224,226,227,229,230,232,235,236,237,238,239,240,243,244,245,246,247,248,249,252,253,254,257,258,259,262,263,267,268,271,272,273,274,275,276,277,279,284,285,287,288,293,294,295,297,298,300,301,302,303,305,306,311,312,313,314,317,319,321,325,326,329,331,332,335
OX6,110,112,122,146,148,158,159,160,162,164,167,169,170,173,176,177,178,179,181,182,189,194,197,198,200,203,204,205,207,208,210,212,216,222,223,224,225,228,230,233,237,240,241,242,243,246,248,252,253,255,256,259,260,261,262,266,268,270,273,276,279,280,281,282,283,287,288,291,294,296,297,298,300,302,303,304,305,306,309,312,313,314,315,318,320,321,322,324,325,326,327,331,333,334
OX7,111,113,123,125,147,158,159,161,162,165,168,170,171,173,176,177,178,179,183,184,186,193,196,197,199,201,202,205,206,207,213,215,219,220,222,223,226,227,228,231,232,233,235,242,243,244,245,246,250,251,252,253,255,256,258,260,262,263,264,265,270,271,272,273,275,278,279,280,282,283,285,286,290,292,297,298,300,303,308,310,313,315,316,317,318,319,320,321,323,324,326,328,331,332,333,335
OX8,146,147,148,153,158,159,160,163,164,166,168,169,171,172,174,177,178,179,180,181,182,183,187,192,195,198,199,200,201,202,204,207,210,211,214,215,216,217,220,223,224,225,226,227,228,230,231,232,236,237,239,247,249,251,252,253,254,256,259,264,265,267,268,273,274,275,277,278,283,284,285,286,287,288,292,293,294,295,298,299,300,301,303,304,305,309,312,314,315,319,320,322,327,328,330,332
OX9,148,149,153,155,158,160,162,165,169,171,172,173,174,175,176,179,180,181,183,184,187,191,193,194,195,197,200,203,205,206,207,208,210,211,213,214,217,218,223,224,234,235,236,239,240,241,242,245,247,248,250,251,252,253,254,256,260,263,270,271,272,273,274,275,276,279,280,281,284,287,290,293,295,297,298,299,300,301,302,303,306,307,309,311,312,315,316,317,318,322,326,328,330,331,334,335
OX10,153,155,158,159,162,167,168,171,172,173,174,175,176,179,190,191,194,197,200,202,204,205,210,212,213,215,220,221,224,227,229,231,232,233,234,238,241,242,243,244,246,247,248,249,250,251,260,262,265,266,267,269,270,271,274,275,276,277,278,279,280,281,284,285,291,292,294,295,296,297,300,301,302,303,304,305,306,308,312,317,320,323,324,328,330,332,333,334
OX11,155,158,159,160,161,166,168,169,175,176,177,178,180,183,184,185,188,190,192,193,194,195,196,199,202,204,205,206,208,209,210,211,217,218,219,223,226,227,229,231,235,237,243,245,247,250,252,255,256,257,259,260,261,262,263,265,269,270,272,273,275,276,278,279,285,286,287,289,290,293,294,295,298,299,301,302,305,307,308,310,312,313,315,316,317,322,323,324,325,326,327,328,330,332,333,335
OX12,158,159,160,161,162,163,165,167,168,169,170,172,180,182,184,185,187,188,190,191,199,200,202,203,204,205,206,209,210,212,213,215,216,217,218,219,222,223,224,227,234,235,237,238,241,242,243,244,246,249,250,251,254,255,256,257,259,260,262,263,277,278,280,281,282,284,285,287,288,289,290,293,300,303,304,305,306,308,309,310,313,314,315,316,318,319,321,322,324,325,326,328,330,332,333,334
OX13,160,161,163,164,165,166,168,171,172,173,180,181,183,185,190,191,200,202,206,207,208,209,210,211,214,215,217,219,220,221,224,225,226,227,235,237,240,242,243,245,246,250,252,253,255,256,258,259,261,263,276,278,279,280,283,284,285,286,289,291,292,293,301,302,303,305,306,307,308,311,312,313,315,317,318,319,325,326,327,329,331,333,334,335
OX14,68,69,70,112,124,147,149,162,166,167,173,176,179,181,182,184,185,186,187,188,193,194,196,200,201,204,207,211,212,214,215,218,219,221,225,226,228,230,232,233,235,236,237,239,244,247,248,250,254,256,257,259,260,261,264,269,270,271,273,275,276,285,287,288,289,290,291,294,299,301,303,305,307,308,309,311,312,314,315,316,318,319,320,321,326,327,332,333
OX15,66,67,71,113,125,149,159,161,163,169,170,171,172,173,177,178,180,181,186,187,189,192,194,196,197,199,200,202,203,205,207,209,210,211,213,215,217,219,221,222,224,225,226,228,233,234,235,236,239,242,243,244,246,249,251,252,254,256,258,259,260,262,263,265,269,272,276,277,278,280,283,287,291,293,295,296,298,299,300,303,304,306,308,310,311,315,317,321,323,325,326,328,331,332,333,334
OX16,69,70,82,83,122,124,147,149,163,166,167,168,170,171,172,173,174,175,177,179,180,183,184,188,189,190,192,193,194,195,197,198,199,200,203,206,208,211,212,214,215,217,220,221,222,225,227,228,232,234,235,236,237,238,239,241,243,244,245,246,247,249,250,253,255,257,258,259,260,262,263,265,266,268,269,271,274,275,276,277,278,279,281,282,284,286,287,292,293,296,299,308,310,313,316,317,319,320,321,325,327,328,330,332,334,335
OX17,67,71,78,81,125,147,149,159,162,166,168,170,171,173,174,175,176,178,181,182,183,184,185,186,191,192,193,194,195,197,198,200,203,204,206,210,212,213,214,220,221,222,223,225,226,227,228,230,233,234,236,239,241,242,246,251,256,262,265,266,268,269,270,272,273,276,277,280,283,284,285,289,290,291,292,296,298,300,303,304,306,311,314,315,316,321,324,326,327,328,329,330,331,332,333,334
OX18,70,79,82,112,122,124,147,162,164,165,166,169,170,171,172,175,178,180,181,189,194,196,198,200,202,203,204,206,207,210,211,213,215,217,218,220,221,222,223,228,229,233,235,236,237,239,240,246,247,248,251,255,259,260,263,265,267,268,269,272,273,275,282,283,284,285,286,290,291,292,293,297,298,300,301,302,305,309,311,312,313,318,321,322,327,328,329,331,332,333,334,335
OX19,71,78,80,113,123,165,166,168,169,171,173,174,176,178,179,181,182,183,184,185,186,187,190,191,193,194,195,196,198,200,201,202,204,205,207,209,216,217,220,221,223,226,227,228,229,236,239,240,242,244,246,247,249,252,253,254,256,258,259,260,262,264,267,268,269,270,272,274,276,277,278,280,283,285,286,287,288,289,290,291,292,293,295,297,300,301,302,306,308,309,310,312,314,315,316,317,321,325,327,329,331,332,334,335
OX20,162,163,164,170,171,172,180,181,182,187,189,191,192,195,197,218,219,220,222,224,226,228,229,230,231,232,233,234,235,236,237,238,239,240,241,242,243,244,245,252,254,255,258,259,260,270,273,275,278,279,281,282,283,284,285,286,287,288,289,290,291,292,293,312,313,314,318,320,322,324,325,329
OX21,165,166,167,168,169,173,183,184,185,186,188,190,193,194,196,216,217,221,223,225,227,228,229,230,231,232,233,234,235,236,237,238,239,240,241,242,243,244,245,253,256,257,261,262,263,271,272,274,276,277,280,282,283,284,285,286,287,288,289,290,291,292,293,315,316,317,319,321,323,326,327,328
OX22,53,78,80,81,113,123,125,147,161,167,168,174,176,177,178,179,183,184,185,187,190,191,192,193,197,198,200,201,203,205,206,208,209,211,213,215,219,220,223,224,229,232,234,236,238,239,241,244,247,250,253,254,255,259,260,262,264,265,267,268,270,273,274,275,276,277,278,280,281,282,284,285,286,289,290,292,293,295,298,299,302,303,305,306,310,311,315,316,317,318,321,322,323,325,328,329,330,331,332,333
OX23,51,79,82,83,112,147,159,166,168,169,170,171,173,174,175,176,177,179,180,182,185,186,188,191,192,195,197,199,202,205,208,214,219,221,222,225,226,227,228,229,231,233,238,239,241,243,244,245,248,249,257,258,260,263,267,268,270,272,276,280,281,283,284,285,287,291,292,294,295,296,298,299,302,304,305,309,312,313,315,316,317,318,320,324,325,327,328,329
OX24,147,159,163,164,168,169,171,173,174,176,177,179,181,183,184,185,186,187,188,189,190,195,196,197,199,200,201,204,206,208,211,212,213,214,216,218,219,220,224,225,228,229,230,232,236,237,238,242,244,249,250,251,252,254,255,257,259,262,264,267,268,269,272,273,275,276,280,281,282,284,288,289,290,293,294,296,297,299,300,303,304,305,306,308,310,311,313,314,320,322,323,326,327,328,330,335
OX25,149,159,161,163,164,171,173,178,179,180,181,182,183,184,185,187,189,190,191,192,193,197,198,202,204,205,206,207,208,213,214,217,220,226,227,229,231,232,233,234,235,238,239,240,241,244,245,248,249,252,256,258,259,260,261,262,263,265,266,267,269,270,271,273,278,282,284,285,287,289,290,291,293,296,297,298,299,300,302,306,307,310,311,312,317,318,320,322,323,324,325,328,331,332,333,335
OX26,159,163,168,169,170,174,175,176,179,180,186,187,188,191,192,193,194,198,201,203,205,207,210,211,213,215,217,220,221,224,231,233,235,236,237,238,239,240,242,243,244,246,249,250,252,253,256,260,262,263,264,267,268,269,270,273,275,277,280,281,282,283,290,291,294,295,296,297,301,304,309,311,312,313,317,318,321,322,323,326,327,329,331,332
OX27,161,163,164,169,170,172,173,174,175,177,178,180,181,187,188,190,192,193,195,196,199,200,203,207,209,210,212,213,214,216,217,218,220,224,226,228,230,231,233,237,243,245,247,248,250,252,254,256,257,259,260,261,262,264,265,266,268,276,277,278,281,282,283,284,287,288,289,290,291,294,296,298,299,301,305,306,311,312,315,319,321,322,324,326,328,329,331,334
OX28,78,79,80,82,123,125,163,164,166,167,168,171,172,173,175,176,180,182,183,185,188,190,193,196,198,202,206,207,208,209,210,212,213,214,217,218,219,221,223,225,228,231,232,233,234,235,236,239,240,241,242,245,246,247,256,257,258,260,266,268,271,272,276,277,282,283,284,285,288,289,290,293,295,299,302,303,304,305,306,308,309,310,315,317,318,320,321,323,326,327,330,331,334,335
OX29,122,123,125,164,166,174,175,176,179,180,183,184,188,189,190,192,194,195,198,200,201,202,210,211,214,215,217,219,223,224,225,228,229,233,236,239,240,245,246,247,249,252,256,257,259,261,262,264,265,266,268,271,272,275,276,277,278,282,285,286,288,289,290,291,292,293,294,296,301,303,304,314,315,317,320,323,324,326,327,332,334,335
OX30,79,80,81,83,123,163,166,169,170,171,173,176,177,180,181,185,190,192,193,194,195,197,199,202,204,205,207,208,210,211,213,215,217,218,225,230,231,233,234,236,242,245,247,257,259,260,261,262,263,267,268,271,276,282,283,287,288,290,294,295,297,298,300,302,304,306,307,308,311,315,320,321,326,330,333,334
OX31,123,124,163,164,167,168,169,173,176,177,178,179,181,184,185,186,188,191,192,193,194,199,200,202,203,211,212,213,214,218,219,221,223,226,227,229,231,232,233,235,237,241,244,247,248,253,254,256,258,262,263,264,267,268,269,270,272,274,277,279,280,282,284,285,287,288,289,290,291,292,293,294,296,298,299,301,302,313,316,317,319,320,322,325,327,328,330,332
OX32,80,82,83,125,164,167,168,169,170,172,175,177,181,182,183,187,188,189,191,192,194,195,196,197,200,201,202,203,204,205,206,209,211,212,214,215,218,220,221,222,223,224,226,228,233,235,239,242,243,244,245,246,252,253,254,255,257,260,261,262,263,266,267,270,271,273,274,275,277,282,283,286,288,290,291,292,294,295,296,297,298,302,305,307,309,310,311,312,313,314,317,320,322,323,324,325,326,328,329,330,332,334
OX33,81,83,124,125,166,169,171,172,175,177,178,179,180,181,182,183,184,187,188,189,192,194,196,198,199,200,203,206,207,208,209,210,211,216,218,219,220,221,222,223,224,230,231,232,233,234,236,237,239,240,242,244,245,246,248,253,254,257,258,259,261,264,266,267,269,270,271,274,276,279,280,283,287,291,292,297,299,300,302,306,308,309,310,312,314,317,320,325,326,328,331,332,334,335
OX34,82,163,164,166,167,168,169,171,172,174,175,177,179,181,182,183,185,186,188,190,193,195,196,197,198,203,205,207,219,220,221,222,223,224,231,232,233,236,237,238,239,240,242,243,244,247,248,249,251,252,253,254,255,261,267,268,271,272,274,275,279,281,283,284,290,291,296,297,299,301,302,303,306,309,312,314,315,316,317,321,325,327,333,334
OX35,124,167,170,171,172,176,177,180,181,183,184,187,189,193,197,198,199,200,201,210,212,214,215,221,223,224,225,226,228,229,231,232,233,236,238,240,242,248,252,254,256,257,259,260,267,268,270,271,272,275,276,277,278,279,286,288,289,290,293,295,296,297,299,302,307,309,310,311,316,317,319,324,325,326,327,332,333,334
OX36,83,164,167,168,171,174,176,177,178,182,183,187,189,191,193,197,199,200,207,209,216,220,221,223,224,227,229,230,232,234,235,238,239,240,241,242,244,246,249,250,251,253,257,258,259,260,261,262,266,268,270,275,276,277,280,281,282,285,292,293,294,295,299,300,303,305,309,311,314,318,320,321,322,323,325,327,328,329,330,332
OX37,125,163,168,169,173,174,178,180,182,183,184,186,190,196,197,199,200,201,202,211,212,214,215,218,222,223,224,225,228,230,231,232,233,237,239,241,245,246,252,255,256,257,261,263,265,269,271,272,273,275,276,277,278,281,287,289,291,292,293,294,297,298,299,304,306,308,309,310,313,314,322,324,326,327,329,331,333,335
OX38,112,163,164,166,167,169,170,176,178,182,184,185,186,189,190,191,194,195,196,197,198,199,202,204,205,208,210,214,216,217,221,225,230,231,232,233,234,235,237,238,239,240,243,247,249,252,253,257,258,259,262,263,265,269,270,271,273,274,275,278,279,280,281,283,284,287,291,293,294,295,298,301,302,303,304,305,307,310,311,314,316,322,323,324,326,327,329,332,333,334
OX39,164,166,168,170,174,176,177,179,180,181,182,184,186,191,192,193,194,196,198,200,202,203,204,205,208,209,210,211,213,215,216,217,218,221,222,227,229,230,231,232,236,237,238,239,240,241,242,243,246,248,250,251,252,257,258,259,260,263,265,266,268,269,270,272,273,275,276,277,279,280,284,286,290,292,294,296,297,299,300,301,303,304,306,311,312,313,314,317,319,322,324,325,326,329,330,331,333,334
OX40,163,166,167,168,171,173,174,175,176,178,180,181,182,184,185,186,189,190,197,198,199,200,201,205,206,207,208,210,212,213,214,220,225,226,227,231,232,236,237,240,243,246,247,248,249,255,256,257,258,259,260,261,263,264,266,267,269,270,272,273,274,275,278,283,285,286,287,288,290,291,293,294,295,298,299,300,301,302,305,306,309,312,313,314,316,317,318,319,321,324,325,326,327,329,330,332,334,335
OX41,113,167,171,174,175,176,177,178,179,180,181,184,185,186,188,189,190,191,192,193,197,198,201,202,204,206,208,210,211,212,213,214,215,216,217,218,221,222,224,226,227,229,230,231,233,236,238,239,240,241,244,245,246,247,248,251,258,259,261,262,263,265,269,270,271,273,274,278,279,281,284,285,287,288,289,290,291,292,293,294,295,297,298,299,302,309,310,311,313,315,317,319,320,323,324,328,329,330,334,335
OX42,168,171,172,173,174,175,176,179,181,182,183,184,187,188,190,191,192,194,196,197,198,200,201,202,204,205,207,208,210,212,213,215,216,218,220,221,224,225,226,227,228,229,230,232,234,236,238,239,241,242,243,244,246,247,248,250,254,255,256,257,259,260,262,263,265,266,267,269,270,271,272,273,276,278,279,280,282,283,286,287,288,289,290,293,294,296,298,299,300,301,302,304,307,309,310,311,312,313,315,317,320,321,322,323,324,325,326,328,330,332,333,334
OX43,169,170,171,173,176,177,178,179,180,182,184,185,186,187,188,189,192,193,195,196,199,200,202,203,204,205,206,209,210,211,214,215,216,217,218,219,222,223,225,226,229,231,232,233,235,236,237,239,240,242,243,245,246,249,250,251,252,253,255,256,258,259,261,263,264,265,266,268,272,273,274,275,276,277,279,281,282,284,285,287,289,291,292,293,294,295,296,297,300,303,304,305,306,308,309,310,312,314,316,317,318,319,320,323,325,326,327,329,331,333,334,335
OX44,166,167,171,172,177,178,180,183,185,187,188,189,190,191,195,198,199,200,201,202,203,204,206,207,212,213,219,220,221,222,223,224,226,227,228,230,232,233,235,239,241,242,245,247,250,253,255,258,259,260,263,267,268,271,272,273,274,278,282,286,288,289,291,292,294,295,296,300,301,303,306,307,308,309,311,314,315,318,322,323,324,325,326,332
OX45,167,173,174,175,176,177,178,179,180,181,182,185,186,187,188,190,192,195,196,197,200,202,204,206,207,212,213,216,217,218,220,223,226,229,230,231,233,234,239,242,244,245,247,249,252,259,262,263,264,266,267,269,271,274,275,276,278,282,284,286,287,290,291,295,296,297,300,301,303,307,309,310,312,313,314,316,317,320,321,322,323,326,328,330,332,335
OX46,171,172,175,177,178,179,180,183,184,185,186,187,189,191,196,197,199,201,202,203,205,208,211,212,214,215,216,220,222,223,224,226,229,230,231,233,235,237,238,239,241,242,248,250,252,253,254,256,258,259,261,262,266,267,271,273,274,275,277,278,279,281,282,283,284,285,288,289,291,292,294,295,297,298,300,301,307,309,312,314,315,316,320,321,326,327,328,329,332,333
OX47,170,172,175,178,180,181,183,184,185,188,192,194,197,199,201,205,206,209,212,214,216,217,219,225,230,231,237,238,240,242,245,246,247,250,251,253,254,258,262,267,268,271,275,276,282,285,286,287,289,290,291,293,296,301,302,304,306,308,309,314,315,321,322,323,325,330,332,334
OX48,174,175,176,177,178,179,183,184,185,186,188,190,193,194,196,198,199,200,201,202,203,204,206,208,210,211,212,213,214,215,218,219,220,223,225,227,228,229,230,231,232,233,234,235,236,237,238,239,241,243,245,246,247,248,249,250,251,252,253,254,255,256,257,258,259,260,261,262,263,270,271,272,273,274,275,276,277,280,295,296,299,300,302,303,307,308,310,312,313,314,315,316,317,318,320,322,324,325,329,330,333,335
OX49,180,181,182,183,184,185,186,187,188,189,190,191,192,193,194,195,196,197,204,205,206,207,208,209,216,217,218,219,220,221,222,223,224,225,226,227,240,241,242,243,244,245,276,277,278,279,280,281,294,295,296,297,298,299,300,301,302,303,304,305,306,307,308,309,310,311,318,319,320,321,322,323,324,325,326,327,328,329,330,331,332,333,334,335
OX50,172,173,175,179,184,188,191,195,197,198,199,200,201,204,205,206,207,208,210,211,212,214,216,217,219,222,228,230,232,233,235,237,238,239,240,242,243,245,246,247,248,251,252,253,254,256,259,260,261,263,267,268,270,271,272,273,275,277,279,285,286,287,294,297,298,302,306,309,310,315,316,319,323,324,325,327,329,331
OX51,181,183,192,193,195,196,198,199,201,203,204,205,206,207,208,209,220,221,222,223,224,225,226,227,228,230,231,233,241,242,243,244,247,248,249,251,258,259,261,263,264,265,266,268,270,271,272,273,274,275,277,278,280,281,284,285,288,289,290,293,295,297,300,304,306,307,308,309,310,311,312,314,316,317,318,319,321,322,330,331,332,333,334,335
OX52,177,178,185,188,189,191,193,202,203,204,207,209,210,211,212,213,214,215,219,223,224,226,228,229,230,231,234,238,240,242,245,246,247,248,251,254,257,258,261,262,263,264,266,268,269,272,273,276,277,279,280,281,282,285,286,287,288,291,294,298,299,300,301,304,308,309,311,313,317,322,326,328,329,330,333,335
OX53,176,179,184,187,189,190,196,198,200,205,208,209,210,211,212,213,214,215,218,222,224,225,228,229,231,233,235,237,242,243,244,246,247,249,251,252,253,259,261,262,263,264,265,266,267,270,271,276,277,278,279,280,283,284,286,287,291,293,295,297,298,301,302,305,306,310,311,314,315,318,325,327,328,330,333,335
OX54,182,184,186,187,188,189,190,191,192,196,198,200,201,202,204,205,206,207,208,209,216,218,222,223,224,225,226,227,228,229,230,232,241,244,246,247,248,250,258,260,261,262,264,267,268,269,277,281,282,284,285,287,289,291,292,293,298,299,303,305,306,307,308,309,310,311,313,314,315,316,318,319,324,325,326,327,328,329,330,331,332,333,334,335
OX55,186,187,188,189,190,191,192,193,194,195,196,197,240,241,242,243,244,245,270,271,272,273,274,275,276,277,278,279,280,281,282,283,284,285,286,287,318,319,320,321,322,323,324,325,326,327,328,329
OX56,173,178,179,183,185,189,192,195,196,197,199,200,206,207,210,215,216,217,218,219,220,223,224,226,228,231,232,234,237,238,239,241,245,246,247,248,249,252,258,260,261,263,265,267,268,269,270,272,273,274,276,277,278,281,282,283,285,287,289,292,294,295,296,301,302,304,305,306,307,309,311,312,313,315,317,318,320,321,322,323,326,328,330,332
OX57,175,178,185,187,188,189,192,193,194,196,197,199,200,201,203,205,206,207,211,215,216,217,218,219,220,227,229,232,235,236,238,239,241,242,244,248,249,250,251,254,256,260,262,264,265,274,275,277,279,281,282,283,284,287,294,296,298,303,306,308,309,312,313,314,317,318,319,323,329,330
OX58,178,179,184,185,187,188,189,190,194,195,196,197,200,201,211,212,214,215,216,218,220,221,224,226,229,231,235,236,242,244,247,249,250,251,252,254,262,263,264,265,266,268,277,278,280,281,283,287,288,291,294,297,301,304,308,310,312,314,315,317,320,321,322,323,325,326,328,329,330,333
OX59,184,185,187,189,190,194,200,201,202,203,204,205,207,208,210,212,213,215,218,219,220,221,222,223,224,227,230,231,235,237,240,241,244,246,248,250,251,258,263,264,266,267,269,270,273,274,277,278,279,280,281,283,285,286,288,289,291,292,294,298,302,303,313,315,316,317,323,324,325,327,331,335
OX60,183,185,188,189,191,196,199,200,201,203,204,205,206,209,210,211,214,215,216,218,219,220,224,225,226,227,228,232,234,238,242,243,244,247,249,250,251,260,261,265,266,268,269,271,273,275,276,278,279,280,281,282,283,287,288,290,292,293,294,297,300,302,312,315,316,317,319,325,328,329,330,332
OX61,187,189,191,192,195,197,198,199,200,201,202,203,216,217,218,219,220,221,228,229,230,231,232,233,234,235,236,237,238,239,240,242,244,258,259,260,261,262,263,270,273,275,276,277,280,283,285,287,312,313,314,315,316,317,318,320,322,324,325,329,330,331,332,333,334,335
OX62,179,188,190,192,196,197,199,202,204,205,206,207,211,213,216,217,218,220,221,222,223,225,232,235,237,240,242,245,246,248,251,252,253,254,255,257,260,266,267,270,272,273,277,282,283,284,286,287,289,290,292,293,295,297,299,301,303,304,306,308,311,314,316,317,318,319,320,321,323,324,326,327,330,331,332,333,334,335
OX63,185,188,189,190,192,196,197,198,199,200,201,202,203,206,210,214,221,224,229,231,232,233,234,235,237,239,240,241,242,243,245,247,251,252,254,259,260,262,263,266,268,271,272,273,274,276,277,279,280,281,284,285,286,287,288,291,295,297,299,304,311,315,316,321,322,323,327,328,329,330,332,334
OX64,193,194,198,201,202,203,205,207,211,212,213,215,216,217,218,220,222,224,225,227,229,231,234,239,240,241,242,245,248,250,252,255,256,257,262,263,264,269,270,272,273,274,276,277,279,281,282,283,285,286,288,289,290,293,296,299,301,304,307,308,309,311,312,314,321,323,324,325,327,328,331,332
OX65,195,197,198,199,200,201,204,208,210,212,213,214,216,218,219,221,223,224,226,227,232,233,236,238,240,243,244,245,246,247,253,254,255,256,259,260,267,268,271,272,273,275,276,277,279,281,283,284,286,287,288,289,290,293,294,298,300,302,306,307,310,311,316,317,320,322,324,326,328,329,330,335
OX66,194,196,199,200,201,202,205,209,210,212,214,215,217,218,219,221,223,224,225,226,228,231,237,239,240,241,243,244,249,250,252,253,254,256,261,263,265,269,271,273,274,275,277,278,280,281,282,283,284,287,289,291,292,293,295,296,304,305,306,307,309,310,313,314,319,323,325,326,328,329,332,334
OX67,192,197,198,200,202,203,204,206,210,211,213,215,216,217,219,220,222,225,226,227,230,233,235,236,241,242,244,245,246,251,252,253,255,257,258,259,266,267,270,272,274,275,277,278,280,281,282,285,286,287,289,291,292,293,294,297,300,303,308,309,310,311,315,316,318,320,324,325,326,327,330,333
OX68,191,197,200,202,204,206,210,212,213,217,219,223,224,225,227,228,230,233,236,237,238,239,242,246,251,253,254,256,257,258,259,261,266,267,270,276,277,280,281,287,288,289,290,292,295,298,299,313,314,317,318,320,322,324,325,327,329,332
OX69,188,196,199,203,207,209,210,214,215,220,221,222,224,225,226,228,229,232,235,237,238,239,245,248,249,252,254,255,256,260,261,262,264,265,272,278,279,280,281,284,288,289,291,293,294,296,298,314,315,317,319,321,323,324,326,327,328,333
OX70,190,196,199,201,211,212,213,214,218,221,224,226,228,229,230,231,238,239,240,241,244,252,254,258,261,262,263,273,274,275,276,277,279,283,284,287,291,293,297,298,304,305,306,307,309,310,312,313,314,317,321,324,327,329,330,331
OX71,189,197,199,200,210,211,214,215,219,221,223,227,230,231,232,233,237,238,240,243,245,253,256,258,259,260,263,271,272,273,278,279,280,284,286,287,289,290,295,296,300,302,306,307,310,311,313,315,316,317,318,325,326,327,331,333
OX72,210,211,212,222,223,224,225,226,227,228,229,231,234,235,236,237,238,239,252,253,254,255,256,257,261,262,263,276,277,280,288,289,290,291,292,293,295,296,299,315,316,317,324,325,329,331,332,334
OX73,213,214,215,222,223,224,225,226,227,230,232,233,234,235,236,237,238,239,252,253,254,255,256,257,258,259,260,278,279,281,288,289,290,291,292,293,294,297,298,312,313,314,326,327,328,330,333,335
OX74,212,217,218,221,222,223,224,225,227,229,230,231,232,233,239,240,241,245,246,248,250,252,253,255,256,257,258,259,260,262,263,264,267,269,272,273,274,277,282,283,284,290,294,296,297,299,300,302,304,305,306,308,310,311,313,314,316,317,318,321,322,323,324,326,328,329
OX75,211,216,217,220,222,223,225,226,227,228,229,230,232,233,234,242,243,245,247,248,249,253,254,255,256,257,258,259,260,261,262,264,265,268,270,271,272,276,282,285,286,292,294,295,298,299,301,302,303,304,306,307,309,310,312,314,315,317,318,319,320,321,325,327,328,329
OX76,215,217,218,220,222,224,225,226,227,228,229,230,231,233,235,241,242,244,246,249,251,252,253,254,255,257,258,259,261,262,263,265,266,267,270,274,275,278,282,283,285,293,294,295,297,299,302,303,304,305,306,307,310,311,313,314,315,317,318,320,321,323,325,326,328,329
OX77,214,216,217,218,219,222,224,226,227,233,234,237,238,239,240,241,242,245,247,249,250,251,252,253,254,255,259,265,266,268,269,270,272,273,274,279,282,283,286,287,289,290,291,292,294,296,299,300,301,302,305,308,309,310,311,314,316,317,318,319,322,323,324,328,329,330,333,335
OX78,218,219,220,222,224,226,228,229,230,231,232,233,235,236,238,240,242,244,246,247,251,252,254,255,258,259,260,261,262,263,266,267,268,270,273,275,283,285,287,288,291,293,295,296,299,315,316,317,324,325,329,331,332,334
OX79,216,217,221,223,225,227,228,229,230,231,232,233,234,237,239,241,243,245,248,249,250,253,256,257,258,259,260,261,262,263,264,265,269,271,272,274,282,284,286,289,290,292,294,297,298,312,313,314,326,327,328,330,333,335
OX80,196,199,201,202,203,204,205,206,208,221,224,225,226,228,229,234,236,237,240,246,249,250,253,255,257,261,262,265,267,269,273,281,284,289,290,293,294,296,297,303,305,309,310,313,315,317,318,319,322,323,325,326,329,331,334,335
OX81,199,202,205,207,219,221,223,224,225,227,230,233,234,236,243,244,246,248,252,257,258,259,264,267,271,275,284,287,288,290,296,297,300,302,307,308,309,311,312,313,314,315,316,317,318,319,322,323,325,326,327,328,333,334
OX82,198,202,207,209,217,219,220,223,224,225,226,227,228,229,230,231,235,236,237,241,242,244,246,249,251,252,253,254,258,261,262,263,265,266,267,270,274,275,282,285,287,288,292,293,294,295,296,302,303,306,308,310,311,312,313,314,318,320,321,323,325,326,327,328,329,330,331,334
OX83,197,200,201,208,209,221,225,235,244,247,255,268,275,276,284,291,297,298,299,302,304,308,309,312,315,317,318,320,324,325,327,330
OX84,201,203,204,206,219,220,221,225,230,231,232,233,235,237,238,242,243,244,247,249,251,252,254,257,258,259,260,263,265,266,268,270,271,275,284,285,287,288,289,291,295,296,297,304,305,308,309,310,311,312,313,314,318,321,322,323,327,332,334,335
OX85,200,203,204,208,217,220,222,224,226,227,228,231,238,239,241,242,247,250,253,254,261,263,268,269,270,274,282,285,288,290,294,295,301,304,306,307,310,311,312,313,314,315,316,317,318,319,320,321,324,325,326,329,333,334
OX86,203,206,208,217,219,221,222,224,225,226,227,228,230,232,233,236,237,238,239,241,243,244,249,250,251,252,253,257,258,259,260,261,265,266,269,271,274,275,282,284,287,289,290,291,294,296,297,301,305,306,307,308,309,312,313,314,319,320,322,323,324,325,326,327,329,332,333,335
OX87,202,205,209,217,220,221,226,228,229,231,233,235,239,241,242,243,248,249,251,253,254,257,259,261,262,263,264,265,266,270,271,274,282,284,285,290,292,293,294,295,297,300,303,306,307,309,310,312,313,314,319,320,321,322,329,330,331,333
Z0,0,52,116,149,208,210,273,324
Z1,1,50,119,144,205,214,274,326
Z2,2,53,118,145,206,212,270,329
Z3,3,48,115,148,207,215,272,328
Z4,4,49,117,147,204,211,275,325
Z5,5,51,114,146,209,213,271,327
Z6,6,73,100,165,197,216,279,298
Z7,7,75,101,162,193,220,280,295
Z8,8,77,99,163,194,218,276,299
Z9,9,72,97,167,195,221,278,297
Z10,10,74,98,166,192,217,281,294
Z11,11,76,96,164,196,219,277,296
Z12,12,61,125,128,179,240,285,310
Z13,13,64,122,131,177,241,286,306
Z14,14,65,124,126,175,243,282,311
Z15,15,60,121,130,176,245,284,309
Z16,16,62,123,129,174,242,287,307
Z17,17,63,120,127,178,244,283,308
Z18,18,79,112,134,185,228,254,335
Z19,19,83,110,137,183,229,255,330
Z20,20,81,113,132,181,232,256,332
Z21,21,78,109,136,182,233,253,334
Z22,22,80,111,135,180,230,257,331
Z23,23,82,108,133,184,231,252,333
Z24,24,42,94,159,191,246,266,322
Z25,25,46,91,161,189,247,267,318
Z26,26,44,95,156,187,251,268,320
Z27,27,47,93,157,188,249,264,323
Z28,28,43,92,160,186,248,269,319
Z29,29,45,90,158,190,250,265,321
Z30,30,55,106,153,173,222,291,304
Z31,31,58,104,155,171,223,292,300
Z32,32,56,107,150,168,226,293,301
Z33,33,59,105,151,169,224,288,305
Z34,34,54,103,154,170,227,290,303
Z35,35,57,102,152,172,225,289,302
Z36,36,67,88,140,203,234,260,316
Z37,37,70,85,143,202,235,261,312
Z38,38,69,89,138,199,238,262,314
Z39,39,71,87,139,200,237,258,317
Z40,40,66,84,142,201,239,259,315
Z41,41,68,86,141,198,236,263,313
Z42,24,61,125,131,161,177,246,267
Z43,28,65,124,128,157,179,248,264
Z44,26,63,120,126,159,175,251,266
Z45,29,60,121,127,160,178,250,269
Z46,25,62,123,130,156,176,247,268
Z47,27,64,122,129,158,174,249,265
Z48,3,50,119,162,167,193,215,278
Z49,0,49,117,162,167,195,210,280
Z50,1,51,114,163,165,194,214,279
Z51,2,52,116,164,166,192,212,277
Z52,11,54,103,129,158,190,219,287
Z53,6,55,106,131,161,189,216,286
Z54,9,56,107,130,156,187,221,284
Z55,7,57,102,128,157,188,220,285
Z56,8,58,104,127,160,186,218,283
Z57,10,59,105,126,159,191,217,282
Z58,15,69,89,132,148,181,245,272
Z59,12,67,88,137,149,183,240,273
Z60,16,71,87,134,145,185,242,270
Z61,17,66,84,133,147,184,244,275
Z62,13,68,86,136,144,182,241,274
Z63,14,70,85,135,146,180,243,271
Z64,23,72,97,141,152,172,231,263
Z65,18,73,100,143,155,171,228,261
Z66,19,74,98,138,154,170,229,262
Z67,21,75,101,142,150,168,233,259
Z68,20,76,96,140,151,169,232,260
Z69,22,77,99,139,153,173,230,258
Z70,21,78,84,209,244,259,308,327
Z71,18,79,85,208,243,261,311,324
Z72,23,82,86,206,241,263,306,329
Z73,22,80,87,207,242,258,307,328
Z74,20,81,88,205,240,260,310,326
Z75,19,83,89,204,245,262,309,325
Z76,27,47,90,203,238,265,314,316
Z77,24,42,91,202,237,267,312,317
Z78,28,43,93,201,236,264,313,315
Z79,25,46,95,198,239,268,313,315
Z80,2,53,96,197,232,277,298,332
Z81,3,48,97,196,231,278,296,333
Z82,5,51,98,194,229,281,299,330
Z83,4,49,99,195,230,276,297,331
Z84,1,50,100,193,228,279,295,335
Z85,0,52,101,192,233,280,294,334
Z86,35,57,111,188,223,257,300,323
Z87,34,54,109,190,225,253,302,321
Z88,31,58,113,186,227,256,303,319
Z89,33,59,108,191,226,252,301,322
Z90,30,55,110,189,224,255,305,318
Z91,32,56,112,187,222,254,304,320
Z92,10,74,124,170,248,282,303,319
Z93,9,72,121,172,250,284,302,321
Z94,7,75,125,168,246,285,301,322
Z95,8,77,120,173,251,283,304,320
Z96,11,76,123,169,247,287,305,318
Z97,6,73,122,171,249,286,300,323
Z98,14,65,114,179,214,271,310,326
Z99,17,63,117,175,210,275,311,324
Z100,12,61,116,177,212,273,306,329
Z101,16,62,118,176,211,270,309,325
Z102,15,60,115,178,213,272,308,327
Z103,13,64,119,174,215,274,307,328
Z104,31,80,111,132,148,207,223,256
Z105,32,82,108,134,145,206,226,254
Z106,30,79,112,137,149,208,222,255
Z107,34,81,113,136,144,205,227,253
Z108,36,67,104,183,218,292,299,330
Z109,36,42,94,143,155,202,234,292
Z110,33,83,110,133,147,204,224,252
Z111,35,78,109,135,146,209,225,257
Z112,37,70,107,180,221,293,297,331
Z113,38,45,90,139,153,200,238,291
Z114,38,69,106,181,216,291,298,332
Z115,37,43,92,142,150,201,235,293
Z116,5,48,115,164,166,196,213,281
Z117,4,53,118,163,165,197,211,276
Z118,39,46,91,141,152,198,237,289
Z119,39,71,102,185,220,289,295,335
Z120,40,66,103,184,219,290,296,333
Z121,40,44,95,138,154,199,239,290
Z122,26,44,94,199,234,266,314,316
Z123,29,45,92,200,235,269,312,317
OZ0,121,122,124,165,166,167,170,171,172,192,193,194,195,196,197,216,217,221,228,229,231,248,249,250,282,284,286,294,295,296,297,298,299,300,302,303,319,321,323,330,333,335
OZ1,120,123,125,162,163,164,168,169,173,192,193,194,195,196,197,218,219,220,230,232,233,246,247,251,283,285,287,294,295,296,297,298,299,301,304,305,318,320,322,331,332,334
OZ2,95,109,123,125,147,155,158,160,162,163,165,167,170,171,172,174,175,178,183,184,185,187,188,191,193,196,198,201,203,204,205,206,208,209,210,212,214,215,218,219,220,222,223,224,225,228,229,232,233,234,235,236,240,241,242,245,246,248,250,251,252,253,254,256,257,259,260,261,263,264,268,269,272,274,277,279,280,281,282,284,289,290,294,296,297,300,302,304,305,306,307,308,313,316,319,326,327,331,334,335
OZ3,109,113,123,147,149,158,160,161,163,165,167,168,170,172,174,175,177,178,184,185,186,187,188,189,191,192,196,201,202,203,204,205,206,209,214,215,219,222,224,225,227,228,229,232,234,235,236,237,239,240,241,242,245,247,248,250,251,252,253,254,257,259,260,261,263,264,269,272,274,277,279,280,281,282,284,285,289,290,295,296,297,299,301,302,303,304,305,307,308,312,315,316,317,318,322,324,326,327,329,330,331,335
OZ4,93,108,122,146,148,153,159,161,164,165,167,168,169,170,171,172,173,174,175,177,180,181,182,187,188,190,197,198,199,201,204,206,210,211,213,215,222,223,226,227,228,230,232,237,238,239,240,243,244,245,246,247,248,252,253,254,255,257,258,259,262,263,264,267,268,271,272,273,274,275,276,277,279,282,284,285,286,287,288,293,297,298,299,301,302,304,306,308,311,314,315,318,319,321,323,325,326,327,328,329,330,331
OZ5,108,110,124,146,159,160,161,164,166,167,168,169,172,174,175,177,178,180,182,186,187,188,189,190,192,193,194,198,199,200,204,206,207,210,211,217,223,224,226,227,229,230,232,235,236,237,238,239,240,243,244,245,246,247,248,249,252,253,254,257,258,259,262,263,267,268,271,272,273,274,275,276,277,279,284,285,287,288,293,294,295,297,298,300,301,302,303,305,306,311,312,313,314,317,319,321,325,326,329,331,332,335
OZ6,110,112,122,146,148,158,159,160,162,164,167,169,170,173,176,177,178,179,181,182,189,194,197,198,200,203,204,205,207,208,210,212,216,222,223,224,225,228,230,233,237,240,241,242,243,246,248,252,253,255,256,259,260,261,262,266,268,270,273,276,279,280,281,282,283,287,288,291,294,296,297,298,300,302,303,304,305,306,309,312,313,314,315,318,320,321,322,324,325,326,327,331,333,334
OZ7,111,113,123,125,147,158,159,161,162,165,168,170,171,173,176,177,178,179,183,184,186,193,196,197,199,201,202,205,206,207,213,215,219,220,222,223,226,227,228,231,232,233,235,242,243,244,245,246,250,251,252,253,255,256,258,260,262,263,264,265,270,271,272,273,275,278,279,280,282,283,285,286,290,292,297,298,300,303,308,310,313,315,316,317,318,319,320,321,323,324,326,328,331,332,333,335
OZ8,146,147,148,153,158,159,160,163,164,166,168,169,171,172,174,177,178,179,180,181,182,183,187,192,195,198,199,200,201,202,204,207,210,211,214,215,216,217,220,223,224,225,226,227,228,230,231,232,236,237,239,247,249,251,252,253,254,256,259,264,265,267,268,273,274,275,277,278,283,284,285,286,287,288,292,293,294,295,298,299,300,301,303,304,305,309,312,314,315,319,320,322,327,328,330,332
OZ9,148,149,153,155,158,160,162,165,169,171,172,173,174,175,176,179,180,181,183,184,187,191,193,194,195,197,200,203,205,206,207,208,210,211,213,214,217,218,223,224,234,235,236,239,240,241,242,245,247,248,250,251,252,253,254,256,260,263,270,271,272,273,274,275,276,279,280,281,284,287,290,293,295,297,298,299,300,301,302,303,306,307,309,311,312,315,316,317,318,322,326,328,330,331,334,335
OZ10,153,155,158,159,162,167,168,171,172,173,174,175,176,179,190,191,194,197,200,202,204,205,210,212,213,215,220,221,224,227,229,231,232,233,234,238,241,242,243,244,246,247,248,249,250,251,260,262,265,266,267,269,270,271,274,275,276,277,278,279,280,281,284,285,291,292,294,295,296,297,300,301,302,303,304,305,306,308,312,317,320,323,324,328,330,332,333,334
OZ11,155,158,159,160,161,166,168,169,175,176,177,178,180,183,184,185,188,190,192,193,194,195,196,199,202,204,205,206,208,209,210,211,217,218,219,223,226,227,229,231,235,237,243,245,247,250,252,255,256,257,259,260,261,262,263,265,269,270,272,273,275,276,278,279,285,286,287,289,290,293,294,295,298,299,301,302,305,307,308,310,312,313,315,316,317,322,323,324,325,326,327,328,330,332,333,335
OZ12,158,159,160,161,162,163,165,167,168,169,170,172,180,182,184,185,187,188,190,191,199,200,202,203,204,205,206,209,210,212,213,215,216,217,218,219,222,223,224,227,234,235,237,238,241,242,243,244,246,249,250,251,254,255,256,257,259,260,262,263,277,278,280,281,282,284,285,287,288,289,290,293,300,303,304,305,306,308,309,310,313,314,315,316,318,319,321,322,324,325,326,328,330,332,333,334
OZ13,160,161,163,164,165,166,168,171,172,173,180,181,183,185,190,191,200,202,206,207,208,209,210,211,214,215,217,219,220,221,224,225,226,227,235,237,240,242,243,245,246,250,252,253,255,256,258,259,261,263,276,278,279,280,283,284,285,286,289,291,292,293,301,302,303,305,306,307,308,311,312,313,315,317,318,319,325,326,327,329,331,333,334,335
OZ14,68,69,70,112,124,147,149,162,166,167,173,176,179,181,182,184,185,186,187,188,193,194,196,200,201,204,207,211,212,214,215,218,219,221,225,226,228,230,232,233,235,236,237,239,244,247,248,250,254,256,257,259,260,261,264,269,270,271,273,275,276,285,287,288,289,290,291,294,299,301,303,305,307,308,309,311,312,314,315,316,318,319,320,321,326,327,332,333
OZ15,66,67,71,113,125,149,159,161,163,169,170,171,172,173,177,178,180,181,186,187,189,192,194,196,197,199,200,202,203,205,207,209,210,211,213,215,217,219,221,222,224,225,226,228,233,234,235,236,239,242,243,244,246,249,251,252,254,256,258,259,260,262,263,265,269,272,276,277,278,280,283,287,291,293,295,296,298,299,300,303,304,306,308,310,311,315,317,321,323,325,326,328,331,332,333,334
OZ16,69,70,82,83,122,124,147,149,163,166,167,168,170,171,172,173,174,175,177,179,180,183,184,188,189,190,192,193,194,195,197,198,199,200,203,206,208,211,212,214,215,217,220,221,222,225,227,228,232,234,235,236,237,238,239,241,243,244,245,246,247,249,250,253,255,257,258,259,260,262,263,265,266,268,269,271,274,275,276,277,278,279,281,282,284,286,287,292,293,296,299,308,310,313,316,317,319,320,321,325,327,328,330,332,334,335
OZ17,67,71,78,81,125,147,149,159,162,166,168,170,171,173,174,175,176,178,181,182,183,184,185,186,191,192,193,194,195,197,198,200,203,204,206,210,212,213,214,220,221,222,223,225,226,227,228,230,233,234,236,239,241,242,246,251,256,262,265,266,268,269,270,272,273,276,277,280,283,284,285,289,290,291,292,296,298,300,303,304,306,311,314,315,316,321,324,326,327,328,329,330,331,332,333,334
OZ18,70,79,82,112,122,124,147,162,164,165,166,169,170,171,172,175,178,180,181,189,194,196,198,200,202,203,204,206,207,210,211,213,215,217,218,220,221,222,223,228,229,233,235,236,237,239,240,246,247,248,251,255,259,260,263,265,267,268,269,272,273,275,282,283,284,285,286,290,291,292,293,297,298,300,301,302,305,309,311,312,313,318,321,322,327,328,329,331,332,333,334,335
OZ19,71,78,80,113,123,165,166,168,169,171,173,174,176,178,179,181,182,183,184,185,186,187,190,191,193,194,195,196,198,200,201,202,204,205,207,209,216,217,220,221,223,226,227,228,229,236,239,240,242,244,246,247,249,252,253,254,256,258,259,260,262,264,267,268,269,270,272,274,276,277,278,280,283,285,286,287,288,289,290,291,292,293,295,297,300,301,302,306,308,309,310,312,314,315,316,317,321,325,327,329,331,332,334,335
OZ20,162,163,164,170,171,172,180,181,182,187,189,191,192,195,197,218,219,220,222,224,226,228,229,230,231,232,233,234,235,236,237,238,239,240,241,242,243,244,245,252,254,255,258,259,260,270,273,275,278,279,281,282,283,284,285,286,287,288,289,290,291,292,293,312,313,314,318,320,322,324,325,329
OZ21,165,166,167,168,169,173,183,184,185,186,188,190,193,194,196,216,217,221,223,225,227,228,229,230,231,232,233,234,235,236,237,238,239,240,241,242,243,244,245,253,256,257,261,262,263,271,272,274,276,277,280,282,283,284,285,286,287,288,289,290,291,292,293,315,316,317,319,321,323,326,327,328
OZ22,53,78,80,81,113,123,125,147,161,167,168,174,176,177,178,179,183,184,185,187,190,191,192,193,197,198,200,201,203,205,206,208,209,211,213,215,219,220,223,224,229,232,234,236,238,239,241,244,247,250,253,254,255,259,260,262,264,265,267,268,270,273,274,275,276,277,278,280,281,282,284,285,286,289,290,292,293,295,298,299,302,303,305,306,310,311,315,316,317,318,321,322,323,325,328,329,330,331,332,333
OZ23,51,79,82,83,112,147,159,166,168,169,170,171,173,174,175,176,177,179,180,182,185,186,188,191,192,195,197,199,202,205,208,214,219,221,222,225,226,227,228,229,231,233,238,239,241,243,244,245,248,249,257,258,260,263,267,268,270,272,276,280,281,283,284,285,287,291,292,294,295,296,298,299,302,304,305,309,312,313,315,316,317,318,320,324,325,327,328,329
OZ24,147,159,163,164,168,169,171,173,174,176,177,179,181,183,184,185,186,187,188,189,190,195,196,197,199,200,201,204,206,208,211,212,213,214,216,218,219,220,224,225,228,229,230,232,236,237,238,242,244,249,250,251,252,254,255,257,259,262,264,267,268,269,272,273,275,276,280,281,282,284,288,289,290,293,294,296,297,299,300,303,304,305,306,308,310,311,313,314,320,322,323,326,327,328,330,335
OZ25,149,159,161,163,164,171,173,178,179,180,181,182,183,184,185,187,189,190,191,192,193,197,198,202,204,205,206,207,208,213,214,217,220,226,227,229,231,232,233,234,235,238,239,240,241,244,245,248,249,252,256,258,259,260,261,262,263,265,266,267,269,270,271,273,278,282,284,285,287,289,290,291,293,296,297,298,299,300,302,306,307,310,311,312,317,318,320,322,323,324,325,328,331,332,333,335
OZ26,159,163,168,169,170,174,175,176,179,180,186,187,188,191,192,193,194,198,201,203,205,207,210,211,213,215,217,220,221,224,231,233,235,236,237,238,239,240,242,243,244,246,249,250,252,253,256,260,262,263,264,267,268,269,270,273,275,277,280,281,282,283,290,291,294,295,296,297,301,304,309,311,312,313,317,318,321,322,323,326,327,329,331,332
OZ27,161,163,164,169,170,172,173,174,175,177,178,180,181,187,188,190,192,193,195,196,199,200,203,207,209,210,212,213,214,216,217,218,220,224,226,228,230,231,233,237,243,245,247,248,250,252,254,256,257,259,260,261,262,264,265,266,268,276,277,278,281,282,283,284,287,288,289,290,291,294,296,298,299,301,305,306,311,312,315,319,321,322,324,326,328,329,331,334
OZ28,78,79,80,82,123,125,163,164,166,167,168,171,172,173,175,176,180,182,183,185,188,190,193,196,198,202,206,207,208,209,210,212,213,214,217,218,219,221,223,225,228,231,232,233,234,235,236,239,240,241,242,245,246,247,256,257,258,260,266,268,271,272,276,277,282,283,284,285,288,289,290,293,295,299,302,303,304,305,306,308,309,310,315,317,318,320,321,323,326,327,330,331,334,335
OZ29,122,123,125,164,166,174,175,176,179,180,183,184,188,189,190,192,194,195,198,200,201,202,210,211,214,215,217,219,223,224,225,228,229,233,236,239,240,245,246,247,249,252,256,257,259,261,262,264,265,266,268,271,272,275,276,277,278,282,285,286,288,289,290,291,292,293,294,296,301,303,304,314,315,317,320,323,324,326,327,332,334,335
OZ30,79,80,81,83,123,163,166,169,170,171,173,176,177,180,181,185,190,192,193,194,195,197,199,202,204,205,207,208,210,211,213,215,217,218,225,230,231,233,234,236,242,245,247,257,259,260,261,262,263,267,268,271,276,282,283,287,288,290,294,295,297,298,300,302,304,306,307,308,311,315,320,321,326,330,333,334
OZ31,123,124,163,164,167,168,169,173,176,177,178,179,181,184,185,186,188,191,192,193,194,199,200,202,203,211,212,213,214,218,219,221,223,226,227,229,231,232,233,235,237,241,244,247,248,253,254,256,258,262,263,264,267,268,269,270,272,274,277,279,280,282,284,285,287,288,289,290,291,292,293,294,296,298,299,301,302,313,316,317,319,320,322,325,327,328,330,332
OZ32,80,82,83,125,164,167,168,169,170,172,175,177,181,182,183,187,188,189,191,192,194,195,196,197,200,201,202,203,204,205,206,209,211,212,214,215,218,220,221,222,223,224,226,228,233,235,239,242,243,244,245,246,252,253,254,255,257,260,261,262,263,266,267,270,271,273,274,275,277,282,283,286,288,290,291,292,294,295,296,297,298,302,305,307,309,310,311,312,313,314,317,320,322,323,324,325,326,328,329,330,332,334
OZ33,81,83,124,125,166,169,171,172,175,177,178,179,180,181,182,183,184,187,188,189,192,194,196,198,199,200,203,206,207,208,209,210,211,216,218,219,220,221,222,223,224,230,231,232,233,234,236,237,239,240,242,244,245,246,248,253,254,257,258,259,261,264,266,267,269,270,271,274,276,279,280,283,287,291,292,297,299,300,302,306,308,309,310,312,314,317,320,325,326,328,331,332,334,335
OZ34,82,163,164,166,167,168,169,171,172,174,175,177,179,181,182,183,185,186,188,190,193,195,196,197,198,203,205,207,219,220,221,222,223,224,231,232,233,236,237,238,239,240,242,243,244,247,248,249,251,252,253,254,255,261,267,268,271,272,274,275,279,281,283,284,290,291,296,297,299,301,302,303,306,309,312,314,315,316,317,321,325,327,333,334
OZ35,124,167,170,171,172,176,177,180,181,183,184,187,189,193,197,198,199,200,201,210,212,214,215,221,223,224,225,226,228,229,231,232,233,236,238,240,242,248,252,254,256,257,259,260,267,268,270,271,272,275,276,277,278,279,286,288,289,290,293,295,296,297,299,302,307,309,310,311,316,317,319,324,325,326,327,332,333,334
OZ36,83,164,167,168,171,174,176,177,178,182,183,187,189,191,193,197,199,200,207,209,216,220,221,223,224,227,229,230,232,234,235,238,239,240,241,242,244,246,249,250,251,253,257,258,259,260,261,262,266,268,270,275,276,277,280,281,282,285,292,293,294,295,299,300,303,305,309,311,314,318,320,321,322,323,325,327,328,329,330,332
OZ37,125,163,168,169,173,174,178,180,182,183,184,186,190,196,197,199,200,201,202,211,212,214,215,218,222,223,224,225,228,230,231,232,233,237,239,241,245,246,252,255,256,257,261,263,265,269,271,272,273,275,276,277,278,281,287,289,291,292,293,294,297,298,299,304,306,308,309,310,313,314,322,324,326,327,329,331,333,335
OZ38,112,163,164,166,167,169,170,176,178,182,184,185,186,189,190,191,194,195,196,197,198,199,202,204,205,208,210,214,216,217,221,225,230,231,232,233,234,235,237,238,239,240,243,247,249,252,253,257,258,259,262,263,265,269,270,271,273,274,275,278,279,280,281,283,284,287,291,293,294,295,298,301,302,303,304,305,307,310,311,314,316,322,323,324,326,327,329,332,333,334
OZ39,164,166,168,170,174,176,177,179,180,181,182,184,186,191,192,193,194,196,198,200,202,203,204,205,208,209,210,211,213,215,216,217,218,221,222,227,229,230,231,232,236,237,238,239,240,241,242,243,246,248,250,251,252,257,258,259,260,263,265,266,268,269,270,272,273,275,276,277,279,280,284,286,290,292,294,296,297,299,300,301,303,304,306,311,312,313,314,317,319,322,324,325,326,329,330,331,333,334
OZ40,163,166,167,168,171,173,174,175,176,178,180,181,182,184,185,186,189,190,197,198,199,200,201,205,206,207,208,210,212,213,214,220,225,226,227,231,232,236,237,240,243,246,247,248,249,255,256,257,258,259,260,261,263,264,266,267,269,270,272,273,274,275,278,283,285,286,287,288,290,291,293,294,295,298,299,300,301,302,305,306,309,312,313,314,316,317,318,319,321,324,325,326,327,329,330,332,334,335
OZ41,113,167,171,174,175,176,177,178,179,180,181,184,185,186,188,189,190,191,192,193,197,198,201,202,204,206,208,210,211,212,213,214,215,216,217,218,221,222,224,226,227,229,230,231,233,236,238,239,240,241,244,245,246,247,248,251,258,259,261,262,263,265,269,270,271,273,274,278,279,281,284,285,287,288,289,290,291,292,293,294,295,297,298,299,302,309,310,311,313,315,317,319,320,323,324,328,329,330,334,335
OZ42,168,171,172,173,174,175,176,179,181,182,183,184,187,188,190,191,192,194,196,197,198,200,201,202,204,205,207,208,210,212,213,215,216,218,220,221,224,225,226,227,228,229,230,232,234,236,238,239,241,242,243,244,246,247,248,250,254,255,256,257,259,260,262,263,265,266,267,269,270,271,272,273,276,278,279,280,282,283,286,287,288,289,290,293,294,296,298,299,300,301,302,304,307,309,310,311,312,313,315,317,320,321,322,323,324,325,326,328,330,332,333,334
OZ43,169,170,171,173,176,177,178,179,180,182,184,185,186,187,188,189,192,193,195,196,199,200,202,203,204,205,206,209,210,211,214,215,216,217,218,219,222,223,225,226,229,231,232,233,235,236,237,239,240,242,243,245,246,249,250,251,252,253,255,256,258,259,261,263,264,265,266,268,272,273,274,275,276,277,279,281,282,284,285,287,289,291,292,293,294,295,296,297,300,303,304,305,306,308,309,310,312,314,316,317,318,319,320,323,325,326,327,329,331,333,334,335
OZ44,166,167,171,172,177,178,180,183,185,187,188,189,190,191,195,198,199,200,201,202,203,204,206,207,212,213,219,220,221,222,223,224,226,227,228,230,232,233,235,239,241,242,245,247,250,253,255,258,259,260,263,267,268,271,272,273,274,278,282,286,288,289,291,292,294,295,296,300,301,303,306,307,308,309,311,314,315,318,322,323,324,325,326,332
OZ45,167,173,174,175,176,177,178,179,180,181,182,185,186,187,188,190,192,195,196,197,200,202,204,206,207,212,213,216,217,218,220,223,226,229,230,231,233,234,239,242,244,245,247,249,252,259,262,263,264,266,267,269,271,274,275,276,278,282,284,286,287,290,291,295,296,297,300,301,303,307,309,310,312,313,314,316,317,320,321,322,323,326,328,330,332,335
OZ46,171,172,175,177,178,179,180,183,184,185,186,187,189,191,196,197,199,201,202,203,205,208,211,212,214,215,216,220,222,223,224,226,229,230,231,233,235,237,238,239,241,242,248,250,252,253,254,256,258,259,261,262,266,267,271,273,274,275,277,278,279,281,282,283,284,285,288,289,291,292,294,295,297,298,300,301,307,309,312,314,315,316,320,321,326,327,328,329,332,333
OZ47,170,172,175,178,180,181,183,184,185,188,192,194,197,199,201,205,206,209,212,214,216,217,219,225,230,231,237,238,240,242,245,246,247,250,251,253,254,258,262,267,268,271,275,276,282,285,286,287,289,290,291,293,296,301,302,304,306,308,309,314,315,321,322,323,325,330,332,334
OZ48,174,175,176,177,178,179,183,184,185,186,188,190,193,194,196,198,199,200,201,202,203,204,206,208,210,211,212,213,214,215,218,219,220,223,225,227,228,229,230,231,232,233,234,235,236,237,238,239,241,243,245,246,247,248,249,250,251,252,253,254,255,256,257,258,259,260,261,262,263,270,271,272,273,274,275,276,277,280,295,296,299,300,302,303,307,308,310,312,313,314,315,316,317,318,320,322,324,325,329,330,333,335
OZ49,180,181,182,183,184,185,186,187,188,189,190,191,192,193,194,195,196,197,204,205,206,207,208,209,216,217,218,219,220,221,222,223,224,225,226,227,240,241,242,243,244,245,276,277,278,279,280,281,294,295,296,297,298,299,300,301,302,303,304,305,306,307,308,309,310,311,318,319,320,321,322,323,324,325,326,327,328,329,330,331,332,333,334,335
OZ50,172,173,175,179,184,188,191,195,197,198,199,200,201,204,205,206,207,208,210,211,212,214,216,217,219,222,228,230,232,233,235,237,238,239,240,242,243,245,246,247,248,251,252,253,254,256,259,260,261,263,267,268,270,271,272,273,275,277,279,285,286,287,294,297,298,302,306,309,310,315,316,319,323,324,325,327,329,331
OZ51,181,183,192,193,195,196,198,199,201,203,204,205,206,207,208,209,220,221,222,223,224,225,226,227,228,230,231,233,241,242,243,244,247,248,249,251,258,259,261,263,264,265,266,268,270,271,272,273,274,275,277,278,280,281,284,285,288,289,290,293,295,297,300,304,306,307,308,309,310,311,312,314,316,317,318,319,321,322,330,331,332,333,334,335
OZ52,177,178,185,188,189,191,193,202,203,204,207,209,210,211,212,213,214,215,219,223,224,226,228,229,230,231,234,238,240,242,245,246,247,248,251,254,257,258,261,262,263,264,266,268,269,272,273,276,277,279,280,281,282,285,286,287,288,291,294,298,299,300,301,304,308,309,311,313,317,322,326,328,329,330,333,335
OZ53,176,179,184,187,189,190,196,198,200,205,208,209,210,211,212,213,214,215,218,222,224,225,228,229,231,233,235,237,242,243,244,246,247,249,251,252,253,259,261,262,263,264,265,266,267,270,271,276,277,278,279,280,283,284,286,287,291,293,295,297,298,301,302,305,306,310,311,314,315,318,325,327,328,330,333,335
OZ54,182,184,186,187,188,189,190,191,192,196,198,200,201,202,204,205,206,207,208,209,216,218,222,223,224,225,226,227,228,229,230,232,241,244,246,247,248,250,258,260,261,262,264,267,268,269,277,281,282,284,285,287,289,291,292,293,298,299,303,305,306,307,308,309,310,311,313,314,315,316,318,319,324,325,326,327,328,329,330,331,332,333,334,335
OZ55,186,187,188,189,190,191,192,193,194,195,196,197,240,241,242,243,244,245,270,271,272,273,274,275,276,277,278,279,280,281,282,283,284,285,286,287,318,319,320,321,322,323,324,325,326,327,328,329
OZ56,173,178,179,183,185,189,192,195,196,197,199,200,206,207,210,215,216,217,218,219,220,223,224,226,228,231,232,234,237,238,239,241,245,246,247,248,249,252,258,260,261,263,265,267,268,269,270,272,273,274,276,277,278,281,282,283,285,287,289,292,294,295,296,301,302,304,305,306,307,309,311,312,313,315,317,318,320,321,322,323,326,328,330,332
OZ57,175,178,185,187,188,189,192,193,194,196,197,199,200,201,203,205,206,207,211,215,216,217,218,219,220,227,229,232,235,236,238,239,241,242,244,248,249,250,251,254,256,260,262,264,265,274,275,277,279,281,282,283,284,287,294,296,298,303,306,308,309,312,313,314,317,318,319,323,329,330
OZ58,178,179,184,185,187,188,189,190,194,195,196,197,200,201,211,212,214,215,216,218,220,221,224,226,229,231,235,236,242,244,247,249,250,251,252,254,262,263,264,265,266,268,277,278,280,281,283,287,288,291,294,297,301,304,308,310,312,314,315,317,320,321,322,323,325,326,328,329,330,333
OZ59,184,185,187,189,190,194,200,201,202,203,204,205,207,208,210,212,213,215,218,219,220,221,222,223,224,227,230,231,235,237,240,241,244,246,248,250,251,258,263,264,266,267,269,270,273,274,277,278,279,280,281,283,285,286,288,289,291,292,294,298,302,303,313,315,316,317,323,324,325,327,331,335
OZ60,183,185,188,189,191,196,199,200,201,203,204,205,206,209,210,211,214,215,216,218,219,220,224,225,226,227,228,232,234,238,242,243,244,247,249,250,251,260,261,265,266,268,269,271,273,275,276,278,279,280,281,282,283,287,288,290,292,293,294,297,300,302,312,315,316,317,319,325,328,329,330,332
OZ61,187,189,191,192,195,197,198,199,200,201,202,203,216,217,218,219,220,221,228,229,230,231,232,233,234,235,236,237,238,239,240,242,244,258,259,260,261,262,263,270,273,275,276,277,280,283,285,287,312,313,314,315,316,317,318,320,322,324,325,329,330,331,332,333,334,335
OZ62,179,188,190,192,196,197,199,202,204,205,206,207,211,213,216,217,218,220,221,222,223,225,232,235,237,240,242,245,246,248,251,252,253,254,255,257,260,266,267,270,272,273,277,282,283,284,286,287,289,290,292,293,295,297,299,301,303,304,306,308,311,314,316,317,318,319,320,321,323,324,326,327,330,331,332,333,334,335
OZ63,185,188,189,190,192,196,197,198,199,200,201,202,203,206,210,214,221,224,229,231,232,233,234,235,237,239,240,241,242,243,245,247,251,252,254,259,260,262,263,266,268,271,272,273,274,276,277,279,280,281,284,285,286,287,288,291,295,297,299,304,311,315,316,321,322,323,327,328,329,330,332,334
OZ64,193,194,198,201,202,203,205,207,211,212,213,215,216,217,218,220,222,224,225,227,229,231,234,239,240,241,242,245,248,250,252,255,256,257,262,263,264,269,270,272,273,274,276,277,279,281,282,283,285,286,288,289,290,293,296,299,301,304,307,308,309,311,312,314,321,323,324,325,327,328,331,332
OZ65,195,197,198,199,200,201,204,208,210,212,213,214,216,218,219,221,223,224,226,227,232,233,236,238,240,243,244,245,246,247,253,254,255,256,259,260,267,268,271,272,273,275,276,277,279,281,283,284,286,287,288,289,290,293,294,298,300,302,306,307,310,311,316,317,320,322,324,326,328,329,330,335
OZ66,194,196,199,200,201,202,205,209,210,212,214,215,217,218,219,221,223,224,225,226,228,231,237,239,240,241,243,244,249,250,252,253,254,256,261,263,265,269,271,273,274,275,277,278,280,281,282,283,284,287,289,291,292,293,295,296,304,305,306,307,309,310,313,314,319,323,325,326,328,329,332,334
OZ67,192,197,198,200,202,203,204,206,210,211,213,215,216,217,219,220,222,225,226,227,230,233,235,236,241,242,244,245,246,251,252,253,255,257,258,259,266,267,270,272,274,275,277,278,280,281,282,285,286,287,289,291,292,293,294,297,300,303,308,309,310,311,315,316,318,320,324,325,326,327,330,333
OZ68,191,197,200,202,204,206,210,212,213,217,219,223,224,225,227,228,230,233,236,237,238,239,242,246,251,253,254,256,257,258,259,261,266,267,270,276,277,280,281,287,288,289,290,292,295,298,299,313,314,317,318,320,322,324,325,327,329,332
OZ69,188,196,199,203,207,209,210,214,215,220,221,222,224,225,226,228,229,232,235,237,238,239,245,248,249,252,254,255,256,260,261,262,264,265,272,278,279,280,281,284,288,289,291,293,294,296,298,314,315,317,319,321,323,324,326,327,328,333
OZ70,190,196,199,201,211,212,213,214,218,221,224,226,228,229,230,231,238,239,240,241,244,252,254,258,261,262,263,273,274,275,276,277,279,283,284,287,291,293,297,298,304,305,306,307,309,310,312,313,314,317,321,324,327,329,330,331
OZ71,189,197,199,200,210,211,214,215,219,221,223,227,230,231,232,233,237,238,240,243,245,253,256,258,259,260,263,271,272,273,278,279,280,284,286,287,289,290,295,296,300,302,306,307,310,311,313,315,316,317,318,325,326,327,331,333
OZ72,210,211,212,222,223,224,225,226,227,228,229,231,234,235,236,237,238,239,252,253,254,255,256,257,261,262,263,276,277,280,288,289,290,291,292,293,295,296,299,315,316,317,324,325,329,331,332,334
OZ73,213,214,215,222,223,224,225,226,227,230,232,233,234,235,236,237,238,239,252,253,254,255,256,257,258,259,260,278,279,281,288,289,290,291,292,293,294,297,298,312,313,314,326,327,328,330,333,335
OZ74,212,217,218,221,222,223,224,225,227,229,230,231,232,233,239,240,241,245,246,248,250,252,253,255,256,257,258,259,260,262,263,264,267,269,272,273,274,277,282,283,284,290,294,296,297,299,300,302,304,305,306,308,310,311,313,314,316,317,318,321,322,323,324,326,328,329
OZ75,211,216,217,220,222,223,225,226,227,228,229,230,232,233,234,242,243,245,247,248,249,253,254,255,256,257,258,259,260,261,262,264,265,268,270,271,272,276,282,285,286,292,294,295,298,299,301,302,303,304,306,307,309,310,312,314,315,317,318,319,320,321,325,327,328,329
OZ76,215,217,218,220,222,224,225,226,227,228,229,230,231,233,235,241,242,244,246,249,251,252,253,254,255,257,258,259,261,262,263,265,266,267,270,274,275,278,282,283,285,293,294,295,297,299,302,303,304,305,306,307,310,311,313,314,315,317,318,320,321,323,325,326,328,329
OZ77,214,216,217,218,219,222,224,226,227,233,234,237,238,239,240,241,242,245,247,249,250,251,252,253,254,255,259,265,266,268,269,270,272,273,274,279,282,283,286,287,289,290,291,292,294,296,299,300,301,302,305,308,309,310,311,314,316,317,318,319,322,323,324,328,329,330,333,335
OZ78,218,219,220,222,224,226,228,229,230,231,232,233,235,236,238,240,242,244,246,247,251,252,254,255,258,259,260,261,262,263,266,267,268,270,273,275,283,285,287,288,291,293,295,296,299,315,316,317,324,325,329,331,332,334
OZ79,216,217,221,223,225,227,228,229,230,231,232,233,234,237,239,241,243,245,248,249,250,253,256,257,258,259,260,261,262,263,264,265,269,271,272,274,282,284,286,289,290,292,294,297,298,312,313,314,326,327,328,330,333,335
OZ80,196,199,201,202,203,204,205,206,208,221,224,225,226,228,229,234,236,237,240,246,249,250,253,255,257,261,262,265,267,269,273,281,284,289,290,293,294,296,297,303,305,309,310,313,315,317,318,319,322,323,325,326,329,331,334,335
OZ81,199,202,205,207,219,221,223,224,225,227,230,233,234,236,243,244,246,248,252,257,258,259,264,267,271,275,284,287,288,290,296,297,300,302,307,308,309,311,312,313,314,315,316,317,318,319,322,323,325,326,327,328,333,334
OZ82,198,202,207,209,217,219,220,223,224,225,226,227,228,229,230,231,235,236,237,241,242,244,246,249,251,252,253,254,258,261,262,263,265,266,267,270,274,275,282,285,287,288,292,293,294,295,296,302,303,306,308,310,311,312,313,314,318,320,321,323,325,326,327,328,329,330,331,334
OZ83,197,200,201,208,209,221,225,235,244,247,255,268,275,276,284,291,297,298,299,302,304,308,309,312,315,317,318,320,324,325,327,330
OZ84,201,203,204,206,219,220,221,225,230,231,232,233,235,237,238,242,243,244,247,249,251,252,254,257,258,259,260,263,265,266,268,270,271,275,284,285,287,288,289,291,295,296,297,304,305,308,309,310,311,312,313,314,318,321,322,323,327,332,334,335
OZ85,200,203,204,208,217,220,222,224,226,227,228,231,238,239,241,242,247,250,253,254,261,263,268,269,270,274,282,285,288,290,294,295,301,304,306,307,310,311,312,313,314,315,316,317,318,319,320,321,324,325,326,329,333,334
OZ86,203,206,208,217,219,221,222,224,225,226,227,228,230,232,233,236,237,238,239,241,243,244,249,250,251,252,253,257,258,259,260,261,265,266,269,271,274,275,282,284,287,289,290,291,294,296,297,301,305,306,307,308,309,312,313,314,319,320,322,323,324,325,326,327,329,332,333,335
OZ87,202,205,209,217,220,221,226,228,229,231,233,235,239,241,242,243,248,249,251,253,254,257,259,261,262,263,264,265,266,270,271,274,282,284,285,290,292,293,294,295,297,300,303,306,307,309,310,312,313,314,319,320,321,322,329,330,331,333
