X0,0,1,32,33,256,257,288,289
X1,0,64,128,192,256,320,384,480
X2,2,3,34,35,258,259,290,291
X3,2,66,131,195,258,322,387,483
X4,4,5,36,37,262,263,292,293
X5,4,69,134,199,262,327,388,485
X6,6,7,38,39,260,261,294,295
X7,6,71,133,196,260,325,391,486
X8,8,9,40,41,264,265,296,297
X9,8,74,140,206,264,330,397,494
X10,10,11,42,43,266,267,298,299
X11,10,72,142,204,266,328,398,493
X12,12,13,44,45,268,269,302,303
X13,12,78,138,200,269,334,394,488
X14,14,15,46,47,270,271,300,301
X15,14,76,136,202,270,333,392,490
X16,16,17,48,49,280,281,304,305
X17,16,64,184,224,304,352,400,480
X18,18,19,50,51,282,283,306,307
X19,18,66,186,226,307,354,403,483
X20,20,21,52,53,284,285,308,309
X21,20,68,188,230,308,356,404,484
X22,22,23,54,55,286,287,310,311
X23,22,70,190,228,310,359,407,487
X24,24,25,56,57,272,273,312,313
X25,24,79,180,232,313,365,412,489
X26,26,27,58,59,274,275,314,315
X27,26,76,183,234,314,366,414,490
X28,28,29,60,61,276,277,316,317
X29,28,73,177,236,316,361,408,492
X30,30,31,62,63,278,279,318,319
X31,30,74,178,238,318,362,410,494
X32,1,65,129,193,257,321,385,481
X33,32,104,176,249,289,360,432,473
X34,3,67,130,194,259,323,386,482
X35,34,106,179,250,290,363,435,474
X36,5,68,135,198,263,326,389,484
X37,36,109,182,252,292,367,438,477
X38,7,70,132,197,261,324,390,487
X39,38,111,181,255,294,364,436,479
X40,9,75,141,207,265,331,396,495
X41,40,96,185,240,296,353,441,464
X42,11,73,143,205,267,329,399,492
X43,42,98,186,243,299,354,442,467
X44,13,79,139,201,268,335,395,489
X45,44,101,189,247,302,357,444,471
X46,15,77,137,203,271,332,393,491
X47,46,103,190,244,301,359,446,469
X48,17,65,185,225,305,353,401,481
X49,48,109,136,221,281,333,424,477
X50,19,67,187,227,306,355,402,482
X51,50,110,138,222,282,334,426,478
X52,21,69,189,231,309,357,405,485
X53,52,104,143,216,284,329,429,473
X54,23,71,191,229,311,358,406,486
X55,54,107,141,219,287,331,431,475
X56,25,78,181,233,312,364,413,488
X57,56,96,128,208,272,320,416,464
X58,27,77,182,235,315,367,415,491
X59,58,98,130,210,275,323,418,467
X60,29,72,176,237,317,360,409,493
X61,60,102,132,212,276,324,420,468
X62,31,75,179,239,319,363,411,495
X63,62,100,134,214,279,327,423,470
X64,64,65,96,97,320,321,352,353
X65,0,80,160,248,288,368,384,496
X66,66,67,98,99,322,323,354,355
X67,2,82,162,250,290,371,387,499
X68,68,69,100,101,326,327,356,357
X69,4,84,166,252,292,372,388,500
X70,70,71,102,103,324,325,358,359
X71,6,86,164,254,295,374,391,503
X72,72,73,104,105,328,329,360,361
X73,10,94,174,242,298,382,398,506
X74,74,75,106,107,330,331,362,363
X75,8,93,173,240,296,381,397,505
X76,76,77,108,109,332,333,366,367
X77,14,89,169,245,300,376,392,509
X78,78,79,110,111,334,335,364,365
X79,12,90,170,247,302,378,394,510
X80,80,81,112,113,344,345,368,369
X81,16,84,152,220,280,348,400,500
X82,82,83,114,115,346,347,370,371
X83,18,87,155,222,282,351,403,502
X84,84,85,116,117,348,349,372,373
X85,86,87,118,119,350,351,374,375
X86,88,89,120,121,336,337,376,377
X87,26,95,150,211,274,343,414,507
X88,90,91,122,123,338,339,378,379
X89,24,92,148,208,272,340,412,504
X90,92,93,124,125,340,341,380,381
X91,94,95,126,127,342,343,382,383
X92,1,81,161,249,289,369,385,497
X93,40,116,152,207,265,348,441,461
X94,3,83,163,251,291,370,386,498
X95,42,119,154,204,266,350,442,462
X96,5,85,167,253,293,373,389,501
X97,44,113,156,201,268,344,444,457
X98,7,87,165,255,294,375,390,502
X99,46,114,158,202,270,346,446,458
X100,11,95,175,243,299,383,399,507
X101,32,120,144,192,256,336,432,448
X102,9,92,172,241,297,380,396,504
X103,34,122,146,194,259,339,435,450
X104,15,88,168,244,301,377,393,508
X105,36,126,150,198,263,343,438,455
X106,13,91,171,246,303,379,395,511
X107,38,124,148,196,260,340,436,452
X108,17,85,153,221,281,349,401,501
X109,56,113,161,233,312,369,416,457
X110,19,86,154,223,283,350,402,503
X111,58,115,162,234,314,371,418,459
X112,20,80,156,216,284,344,404,496
X113,22,83,159,218,286,347,407,498
X114,27,94,151,210,275,342,415,506
X115,48,121,168,224,304,377,424,449
X116,25,93,149,209,273,341,413,505
X117,50,123,171,227,306,379,426,451
X118,30,91,146,215,278,339,410,511
X119,28,88,144,212,276,336,408,508
X120,128,129,160,161,384,385,416,417
X121,33,105,177,248,288,361,433,472
X122,130,131,162,163,386,387,418,419
X123,35,107,178,251,291,362,434,475
X124,132,133,164,165,390,391,420,421
X125,134,135,166,167,388,389,422,423
X126,136,137,168,169,392,393,424,425
X127,41,97,184,241,297,352,440,465
X128,138,139,170,171,394,395,426,427
X129,140,141,172,173,396,397,430,431
X130,142,143,174,175,398,399,428,429
X131,144,145,176,177,408,409,432,433
X132,146,147,178,179,410,411,434,435
X133,148,149,180,181,412,413,436,437
X134,150,151,182,183,414,415,438,439
X135,152,153,184,185,400,401,440,441
X136,154,155,186,187,402,403,442,443
X137,156,157,188,189,404,405,444,445
X138,158,159,190,191,406,407,446,447
X139,37,108,183,253,293,366,439,476
X140,39,110,180,254,295,365,437,478
X141,43,99,187,242,298,355,443,466
X142,49,108,137,220,280,332,425,476
X143,47,102,191,245,300,358,447,468
X144,45,100,188,246,303,356,445,470
X145,57,97,129,209,273,321,417,465
X146,52,126,174,231,309,382,429,455
X147,54,124,173,228,310,381,431,452
X148,51,111,139,223,283,335,427,479
X149,192,193,224,225,448,449,480,481
X150,59,99,131,211,274,322,419,466
X151,194,195,226,227,450,451,482,483
X152,196,197,228,229,452,453,486,487
X153,198,199,230,231,454,455,484,485
X154,200,201,232,233,456,457,488,489
X155,60,118,164,237,317,374,420,463
X156,202,203,234,235,458,459,490,491
X157,204,205,236,237,462,463,492,493
X158,206,207,238,239,460,461,494,495
X159,208,209,240,241,464,465,504,505
X160,210,211,242,243,466,467,506,507
X161,212,213,244,245,468,469,508,509
X162,214,215,246,247,470,471,510,511
X163,216,217,248,249,472,473,496,497
X164,218,219,250,251,474,475,498,499
X165,220,221,252,253,476,477,500,501
X166,222,223,254,255,478,479,502,503
X167,33,121,145,193,257,337,433,449
X168,35,123,147,195,258,338,434,451
X169,39,125,149,197,261,341,437,453
X170,37,127,151,199,262,342,439,454
X171,45,112,157,200,269,345,445,456
X172,49,120,169,225,305,376,425,448
X173,41,117,153,206,264,349,440,460
X174,43,118,155,205,267,351,443,463
X175,57,112,160,232,313,368,417,456
X176,21,81,157,217,285,345,405,497
X177,23,82,158,219,287,346,406,499
X178,61,103,133,213,277,325,421,469
X179,31,90,147,214,279,338,411,510
X180,29,89,145,213,277,337,409,509
X181,53,105,142,217,285,328,428,472
X182,55,106,140,218,286,330,430,474
X183,62,116,167,238,318,373,423,461
X184,51,122,170,226,307,378,427,450
X185,53,127,175,230,308,383,428,454
X186,55,125,172,229,311,380,430,453
X187,61,119,165,236,316,375,421,462
X188,59,114,163,235,315,370,419,458
X189,47,115,159,203,271,347,447,459
OX0,195,197,203,205,211,213,219,223,227,229,235,237,242,244,250,255,259,261,262,263,267,271,275,276,278,279,280,281,283,284,285,287,290,292,293,295,296,297,299,301,302,303,304,305,307,308,309,310,312,313,315,316,330,331,334,335,338,339,340,341,344,345,348,349,350,351,360,361,366,367,368,369,372,373,374,375,376,377,382,383,388,389,390,391,394,395,396,397,400,401,404,405,412,413,414,415,416,417,420,421,424,425,428,429,432,433,434,435,448,449,450,451,452,453,454,455,456,457,460,461,462,463,464,465,466,467,470,471,474,475,478,479,482,483,486,487,496,497,500,501,502,503,508,509
OX1,280,281,282,283,284,285,286,287,296,297,298,299,300,301,302,303,304,305,306,307,308,309,310,311,312,313,314,315,316,317,318,319,332,333,334,335,338,339,340,341,344,345,350,351,360,361,362,363,368,369,374,375,376,377,382,383,394,395,396,397,400,401,402,403,404,405,406,407,410,411,412,413,416,417,418,419,420,421,422,423,424,425,428,429,432,433,438,439,448,449,450,451,452,453,454,455,456,457,462,463,464,465,466,467,468,469,470,471,474,475,476,477,490,491,494,495,496,497,502,503
OX2,274,275,276,277,282,283,286,287,290,291,294,295,298,299,300,301,332,333,334,335,344,345,346,347,354,355,358,359,360,361,364,365,368,369,374,375,376,377,382,383,392,393,398,399,402,403,406,407,416,417,418,419,420,421,422,423,426,427,430,431,432,433,434,435,436,437,438,439,440,441,444,445,448,449,450,451,452,453,454,455,458,459,460,461,464,465,470,471,476,477,478,479,488,489,492,493,496,497,498,499,506,507,508,509
OX3,332,333,334,335,338,339,340,341,346,347,348,349,364,365,366,367,370,371,372,373,378,379,380,381,394,395,396,397,410,411,412,413,416,417,418,419,420,421,422,423,424,425,428,429,432,433,438,439,440,441,442,443,444,445,446,447,448,449,450,451,452,453,454,455,456,457,462,463,464,465,466,467,468,469,470,471,472,473,478,479,490,491,494,495,498,499,500,501
OX4,338,339,340,341,344,345,348,349,352,353,356,357,362,363,364,365,400,401,404,405,410,411,412,413,434,435,436,437,440,441,444,445
OX5,352,353,354,355,356,357,358,359,360,361,362,363,364,365,366,367,368,369,370,371,372,373,374,375,376,377,378,379,380,381,382,383,392,393,394,395,396,397,398,399,400,401,402,403,404,405,406,407,424,425,426,427,428,429,430,431,440,441,442,443,444,445,446,447,456,457,458,459,460,461,462,463,472,473,474,475,476,477,478,479,488,489,490,491,492,493,494,495,496,497,498,499,500,501,502,503
OX6,344,345,346,347,348,349,350,351,360,361,362,363,364,365,366,367,368,369,370,371,372,373,374,375,376,377,378,379,380,381,382,383,392,393,394,395,396,397,398,399,424,425,426,427,428,429,430,431,456,457,458,459,460,461,462,463,472,473,474,475,476,477,478,479,488,489,490,491,492,493,494,495,496,497,498,499,500,501,502,503
OX7,186,187,190,191,242,243,244,245,250,251,254,255,262,263,278,279,292,293,294,295,300,301,306,307,314,315,318,319,326,327,340,341,342,343,350,351,356,357,362,363,364,365,374,375,378,379,382,383,388,389,406,407,412,413,414,415,418,419,420,421,422,423,436,437,438,439,442,443,454,455,466,467,468,469,470,471,484,485,498,499,502,503,510,511
OX8,292,293,294,295,300,301,302,303,304,305,306,307,312,313,314,315,386,387,390,391,392,393,396,397,400,401,406,407,410,411,412,413,418,419,420,421,426,427,428,429,432,433,438,439,442,443,444,445,448,449,454,455,456,457,462,463,466,467,468,469,472,473,478,479,482,483,486,487,490,491,494,495,498,499,500,501,504,505,510,511
OX9,180,181,182,183,188,189,190,191,244,245,246,247,252,253,254,255,276,277,278,279,284,285,286,287,304,305,306,307,308,309,310,311,312,313,314,315,316,317,318,319,340,341,342,343,348,349,350,351,372,373,374,375,380,381,382,383,385,387,389,390,392,394,397,399,400,402,404,407,409,411,413,414,417,419,421,423,424,426,428,431,432,435,437,438,440,443,444,447,448,450,452,454,457,459,461,462,465,466,468,471,473,474,477,478,481,483,484,487,488,490,492,494,497,499,501,502,504,506,508,511
OX10,242,243,244,245,250,251,254,255,276,277,278,279,298,299,302,303,306,307,310,311,354,355,358,359,370,371,374,375,418,419,420,421,426,427,430,431,466,467,470,471,474,475,478,479,508,509,510,511
OX11,304,305,306,307,308,309,310,311,312,313,314,315,316,317,318,319,388,389,390,391,396,397,398,399,400,401,402,403,412,413,414,415,416,417,418,419,424,425,426,427,436,437,438,439,440,441,442,443,452,453,454,455,460,461,462,463,464,465,466,467,476,477,478,479,484,485,486,487,492,493,494,495,500,501,502,503,504,505,506,507
OX12,174,175,182,183,238,239,244,245,246,247,250,251,252,253,254,255,262,263,276,277,284,285,286,287,294,295,296,297,306,307,308,309,310,311,314,315,316,317,318,319,326,327,348,349,354,355,356,357,358,359,370,371,372,373,374,375,388,389,390,391,392,393,394,395,404,405,406,407,408,409,412,413,414,415,416,417,418,419,426,427,428,429,436,437,444,445,446,447,452,453,454,455,456,457,458,459,460,461,464,465,466,467,468,469,470,471,474,475,478,479,484,485,486,487,488,489,490,491,500,501,504,505,506,507
OX13,244,245,246,247,252,253,254,255,262,263,270,271,278,279,282,283,284,285,286,287,294,295,296,297,300,301,302,303,306,307,308,309,310,311,314,315,326,327,334,335,342,343,346,347,348,349,350,351,356,357,362,363,370,371,372,373,374,375,378,379,380,381,382,383,386,387,388,389,390,391,392,393,396,397,398,399,404,405,408,409,412,413,414,415,416,417,426,427,428,429,430,431,434,435,436,437,438,439,444,445,450,451,452,453,454,455,456,457,460,461,462,463,464,465,478,479,482,483,484,485,486,487,488,489,492,493,494,495,500,501,504,505,508,509,510,511
OX14,284,285,286,287,298,299,302,303,308,309,310,311,312,313,316,317,386,387,390,391,394,395,398,399,402,403,404,405,416,417,418,419,420,421,422,423,424,425,430,431,432,433,438,439,440,441,446,447,448,449,454,455,458,459,460,461,464,465,466,467,468,469,470,471,472,473,476,477,482,483,486,487,488,489,492,493,498,499,502,503
OX15,296,297,298,299,300,301,302,303,312,313,314,315,316,317,318,319,408,409,410,411,412,413,414,415,416,417,418,419,420,421,422,423,464,465,466,467,468,469,470,471,504,505,506,507,508,509,510,511
OX16,250,251,252,253,270,271,278,279,282,283,286,287,290,291,294,295,298,299,306,307,308,309,312,313,334,335,346,347,348,349,350,351,354,355,358,359,362,363,372,373,378,379,380,381,388,389,390,391,392,393,394,395,398,399,408,409,410,411,412,413,418,419,424,425,426,427,428,429,430,431,432,433,434,435,442,443,444,445,446,447,448,449,450,451,456,457,458,459,460,461,466,467,470,471,472,473,476,477,478,479,484,485,486,487,492,493,500,501,504,505,508,509
OX17,312,313,314,315,316,317,318,319,386,387,390,391,392,393,396,397,402,403,406,407,408,409,412,413,418,419,422,423,424,425,428,429,432,433,438,439,442,443,444,445,448,449,454,455,456,457,462,463,466,467,470,471,472,473,476,477,482,483,486,487,490,491,494,495,498,499,502,503,504,505,508,509
OX18,276,277,278,279,290,291,294,295,300,301,302,303,306,307,310,311,392,393,394,395,396,397,398,399,402,403,406,407,408,409,410,411,412,413,414,415,416,417,418,419,420,421,422,423,426,427,430,431,440,441,442,443,444,445,446,447,456,457,458,459,460,461,462,463,464,465,466,467,474,475,478,479,488,489,490,491,492,493,494,495,498,499,502,503,504,505,506,507
OX19,392,393,394,395,396,397,398,399,408,409,410,411,412,413,414,415,416,417,418,419,420,421,422,423,440,441,442,443,444,445,446,447,456,457,458,459,460,461,462,463,464,465,466,467,468,469,470,471,488,489,490,491,492,493,494,495,504,505,506,507,508,509,510,511
OX20,238,239,252,253,262,263,270,271,278,279,286,287,298,299,306,307,348,349,372,373,388,389,390,391,394,395,396,397,402,403,406,407,412,413,414,415,420,421,422,423,424,425,428,429,432,433,434,435,442,443,446,447,448,449,450,451,454,455,460,461,462,463,468,469,472,473,474,475,476,477,486,487,488,489,490,491,494,495,500,501,502,503,504,505,506,507,510,511
OX21,298,299,300,301,306,307,310,311,390,391,398,399,402,403,408,409,416,417,418,419,422,423,424,425,428,429,430,431,432,433,434,435,438,439,440,441,444,445,446,447,448,449,450,451,454,455,456,457,458,459,460,461,464,465,466,467,470,471,472,473,474,475,476,477,486,487,492,493,502,503,508,509
OX22,262,263,270,271,278,279,286,287,294,295,302,303,308,309,316,317,390,391,394,395,396,397,398,399,406,407,410,411,412,413,414,415,420,421,424,425,426,427,428,429,432,433,434,435,438,439,446,447,448,449,450,451,468,469,470,471,472,473,474,475,476,477,478,479,484,485,486,487,488,489,490,491,492,493,494,495,504,505,506,507
OX23,386,387,390,391,394,395,396,397,402,403,406,407,410,411,412,413,416,417,422,423,426,427,430,431,434,435,436,437,440,441,444,445,450,451,452,453,456,457,460,461,464,465,470,471,474,475,478,479,482,483,486,487,488,489,494,495,498,499,502,503,504,505,510,511
OX24,278,279,286,287,294,295,302,303,306,307,310,311,314,315,316,317,394,395,396,397,398,399,402,403,406,407,410,411,412,413,414,415,416,417,418,419,422,423,426,427,430,431,440,441,442,443,444,445,456,457,460,461,462,463,464,465,466,467,478,479,488,489,492,493,494,495,502,503,504,505,506,507
OX25,290,291,294,295,314,315,316,317,390,391,398,399,406,407,414,415,418,419,430,431,436,437,442,443,452,453,462,463,466,467,474,475,486,487,492,493,498,499,506,507
OX26,394,395,396,397,410,411,412,413,416,417,422,423,440,441,444,445,456,457,460,461,464,465,470,471,488,489,494,495,504,505,510,511
OX27,145,147,149,151,153,155,157,159,177,179,181,183,185,187,188,190,209,211,213,215,217,219,221,223,225,227,229,231,233,235,237,239,270,271,273,275,277,279,281,282,285,287,294,295,305,306,309,311,313,315,317,319,321,323,325,326,329,331,333,334,337,339,341,343,345,346,349,351,353,354,356,359,361,363,364,366,369,370,373,374,376,379,381,383,385,387,389,391,396,397,398,399,409,410,412,415,417,419,421,423,426,427,432,434,436,438,442,443,448,450,452,454,462,463,473,475,477,478,482,483,488,491,493,494,498,499,502,503,504,506,509,511
OX28,270,271,282,283,294,295,306,307,310,311,316,317,330,331,334,335,346,347,350,351,354,355,358,359,378,379,380,381,390,391,398,399,406,407,410,411,412,413,414,415,420,421,424,425,426,427,428,429,432,433,434,435,438,439,442,443,448,449,450,451,454,455,468,469,472,473,474,475,476,477,478,479,486,487,488,489,490,491,492,493,494,495,504,505,506,507,510,511
OX29,416,417,418,419,420,421,422,423,424,425,426,427,428,429,430,431,432,433,434,435,436,437,438,439,440,441,442,443,444,445,446,447,448,449,450,451,452,453,454,455,456,457,458,459,460,461,462,463,464,465,466,467,468,469,470,471,472,473,474,475,476,477,478,479
OX30,139,141,147,149,171,173,179,181,203,205,209,211,213,215,219,223,227,229,233,235,237,239,243,245,246,247,252,253,254,255,267,271,273,275,277,279,282,286,299,300,302,303,307,308,309,311,313,315,316,319,330,331,346,347,348,349,354,355,358,359,362,363,372,373,374,375,388,389,390,391,398,399,418,419,420,421,430,431,434,435,438,439,442,443,444,445,450,453,454,455,456,457,458,459,460,461,462,463,468,469,470,471,474,478,484,485,486,487,489,492,493,494,500,501,502,503,505,506,507,511
OX31,330,331,334,335,346,347,350,351,354,355,358,359,378,379,380,381,402,403,406,407,410,411,412,413,418,419,420,421,424,425,428,429,432,433,434,435,436,437,438,439,448,449,450,451,452,453,454,455,458,459,462,463,466,467,468,469,472,473,474,475,476,477,478,479,488,489,494,495,504,505,510,511
OX32,209,211,213,215,217,219,221,223,225,227,229,231,233,235,237,239,273,275,277,279,281,282,285,286,294,295,302,303,305,307,309,311,313,315,316,318,326,327,329,331,333,335,337,339,340,343,348,349,356,357,360,363,365,367,372,373,377,379,380,382,390,391,396,397,398,399,402,403,406,407,408,409,412,413,414,415,418,419,420,421,422,423,424,425,426,427,428,429,430,431,432,433,434,435,438,439,444,445,446,447,448,451,452,454,456,457,458,459,460,461,468,469,470,471,472,475,476,479,484,485,486,487,489,490,493,494,500,501,505,507,508,510
OX33,282,283,286,287,306,307,310,311,402,403,406,407,426,427,430,431
OX34,133,135,141,143,149,151,157,159,165,167,173,175,181,182,189,190,217,219,221,223,225,227,229,231,281,283,285,286,302,303,305,307,309,311,314,315,316,317,318,319,321,323,325,326,334,335,340,341,342,343,345,347,349,350,353,354,356,359,364,365,369,371,373,375,380,381,382,383,387,389,390,391,395,396,397,398,403,405,406,407,411,412,413,414,419,422,426,429,435,436,437,438,440,441,443,444,450,453,457,461,462,463,465,466,467,471,474,479,481,482,483,484,486,487,488,492,493,494,497,501,502,503,505,510
OX35,217,219,221,223,225,227,229,231,281,283,285,286,294,295,302,303,305,306,309,311,318,319,321,327,331,335,339,340,345,346,347,349,350,351,353,354,355,357,358,359,363,365,369,373,379,380,390,391,402,403,410,411,418,419,420,421,422,423,424,425,426,427,428,429,432,433,436,437,438,439,440,441,444,445,448,449,450,453,454,455,457,458,459,461,462,463,465,466,467,468,469,471,472,473,474,476,477,478,481,485,486,487,489,495,497,501,504,510
OX36,300,301,302,303,316,317,318,319,321,323,325,327,329,331,333,334,337,339,340,342,345,346,348,351,353,354,357,359,360,362,365,367,369,370,372,374,377,378,381,383,402,403,406,407,412,413,414,415,418,419,422,423,424,425,426,427,428,429,430,431,432,433,434,435,436,437,438,439,440,441,442,443,444,445,446,447,448,451,453,455,457,459,460,462,465,466,469,471,472,474,476,479,481,482,485,486,488,490,492,495,497,498,500,503,505,507,509,511
OX37,85,87,93,95,117,119,125,127,141,143,147,149,155,157,173,175,179,181,182,183,187,189,197,199,205,207,211,213,219,223,227,229,235,237,241,243,252,255,261,263,265,267,275,277,283,286,293,295,297,299,307,308,309,311,315,316,323,325,331,335,339,341,347,348,349,351,355,356,357,359,363,364,366,367,368,369,371,375,376,377,378,381,382,383,390,391,395,399,403,404,408,409,422,423,424,425,426,429,434,435,443,444,453,455,456,457,459,461,462,463,466,469,470,471,474,475,476,477,478,479,482,484,485,487,496,497,499,500,505,506,508,509,510,511
OX38,252,253,254,255,306,307,308,309,321,323,325,327,329,331,333,334,337,339,340,342,345,346,349,350,353,355,357,359,360,363,365,367,369,370,373,374,377,378,380,383,388,389,396,397,402,403,406,407,408,409,410,411,412,413,414,415,418,419,420,421,424,425,426,427,428,429,430,431,432,433,440,441,444,445,446,447,448,450,452,454,457,459,461,462,465,466,468,470,472,474,476,479,481,482,484,486,488,490,492,494,497,498,501,502,505,507,508,510
OX39,356,357,358,359,364,365,366,367,368,369,370,371,376,377,378,379,396,397,398,399,404,405,406,407,408,409,410,411,412,413,414,415,424,425,426,427,444,445,446,447,456,457,458,459,476,477,478,479,492,493,494,495,496,497,498,499,504,505,506,507,508,509,510,511
OX40,308,309,310,311,316,317,318,319,368,369,370,371,376,377,378,379,404,405,406,407,408,409,410,411,420,421,422,423,428,429,430,431,432,433,434,435,444,445,446,447,448,449,450,451,456,457,458,459,468,469,470,471,472,473,474,475,496,497,498,499,508,509,510,511
OX41,306,307,310,311,314,315,316,317,326,327,334,335,340,341,346,347,358,359,362,363,368,369,370,371,374,375,376,377,378,379,382,383,402,403,404,405,408,409,410,411,412,413,414,415,418,419,420,421,428,429,430,431,432,433,436,437,442,443,444,445,448,449,456,457,458,459,462,463,466,467,468,469,470,471,472,473,474,475,478,479,484,485,488,489,496,497,498,499,502,503,506,507,508,509,510,511
OX42,368,369,370,371,372,373,374,375,376,377,378,379,380,381,382,383,388,389,390,391,396,397,398,399,404,405,406,407,408,409,410,411,420,421,422,423,428,429,430,431,432,433,434,435,444,445,446,447,448,449,450,451,456,457,458,459,468,469,470,471,472,473,474,475,484,485,486,487,492,493,494,495,496,497,498,499,508,509,510,511
OX43,182,183,190,191,246,247,254,255,294,295,314,315,316,317,318,319,326,327,334,335,340,341,346,347,348,349,350,351,360,361,362,363,364,365,370,371,372,373,374,375,378,379,382,383,385,387,389,390,393,395,397,399,401,403,405,406,408,410,412,415,417,419,421,423,424,426,429,431,433,435,437,439,440,443,445,447,449,450,452,454,456,458,461,462,465,466,469,471,473,475,477,479,481,483,485,487,488,491,492,494,497,498,500,503,505,506,508,511
OX44,321,323,325,327,329,331,333,334,337,339,341,343,345,346,349,350,353,354,357,359,361,363,365,367,369,370,372,374,377,378,380,382,385,387,388,391,393,395,396,398,401,402,405,407,409,411,413,414,417,418,420,423,425,427,428,431,432,435,436,439,441,442,444,447,448,449,452,453,454,455,456,457,458,459,460,461,468,469,472,473,476,477,478,479,482,483,488,489,490,491,492,493,498,499,510,511
OX45,348,349,350,351,362,363,366,367,372,373,374,375,376,377,380,381,396,397,398,399,408,409,414,415,424,425,426,427,434,435,436,437,450,451,452,453,460,461,462,463,476,477,478,479,492,493,494,495,500,501,502,503,506,507,508,509
OX46,360,361,362,363,364,365,366,367,376,377,378,379,380,381,382,383,408,409,410,411,412,413,414,415,432,433,434,435,436,437,438,439,448,449,450,451,452,453,454,455,504,505,506,507,508,509,510,511
OX47,188,189,190,191,294,295,302,303,310,311,318,319,362,363,366,367,372,373,374,375,376,377,378,379,388,389,398,399,408,409,414,415,418,419,424,425,426,427,430,431,442,443,446,447,458,459,462,463,466,467,474,475,476,477,478,479,484,485,492,493,506,507,508,509
OX48,376,377,378,379,380,381,382,383,396,397,398,399,408,409,410,411,424,425,426,427,436,437,438,439,452,453,454,455,476,477,478,479,492,493,494,495,508,509,510,511
OX49,340,341,342,343,354,355,358,359,364,365,366,367,370,371,374,375,402,403,406,407,412,413,414,415,436,437,438,439,442,443,446,447,458,459,462,463,498,499,502,503
OX50,246,247,254,255,286,287,302,303,314,315,316,317,326,327,334,335,350,351,354,355,362,363,370,371,372,373,374,375,378,379,380,381,388,389,398,399,402,403,410,411,412,413,414,415,418,419,420,421,422,423,426,427,436,437,446,447,452,453,458,459,462,463,466,467,468,469,474,475,488,489,492,493,498,499,504,505,506,507,510,511
OX51,362,363,364,365,370,371,374,375,390,391,396,397,406,407,412,413,420,421,430,431,436,437,446,447,452,453,458,459,468,469,474,475,486,487,494,495,498,499,504,505
OX52,326,327,334,335,342,343,350,351,358,359,366,367,372,373,380,381,388,389,390,391,412,413,414,415,420,421,422,423,436,437,438,439,452,453,462,463,468,469,478,479,486,487,488,489,502,503,504,505
OX53,424,425,426,427,428,429,430,431,432,433,434,435,436,437,438,439,448,449,450,451,452,453,454,455,472,473,474,475,476,477,478,479
OX54,342,343,350,351,358,359,366,367,370,371,374,375,378,379,380,381,396,397,406,407,410,411,414,415,418,419,420,421,426,427,436,437,438,439,442,443,452,453,466,467,468,469,478,479,494,495,498,499,502,503,510,511
OX55,354,355,358,359,378,379,380,381,390,391,396,397,402,403,410,411,420,421,430,431,434,435,442,443,450,451,462,463,468,469,474,475,486,487,494,495,502,503,510,511
OX56,418,419,420,421,426,427,430,431,434,435,436,437,442,443,446,447,450,451,452,453,458,459,462,463,466,467,468,469,474,475,478,479
OX57,161,163,165,167,169,171,173,175,177,179,181,183,185,187,189,191,225,227,229,231,233,235,237,239,241,243,245,247,249,251,253,255,257,259,261,263,265,267,269,271,286,287,289,291,293,294,297,299,301,302,310,311,314,315,316,317,337,339,341,343,345,346,349,350,358,359,366,367,369,370,373,374,377,378,380,383,385,387,389,391,393,395,397,398,402,403,406,407,408,409,410,411,412,413,414,415,420,421,430,431,433,435,436,438,441,443,444,446,449,450,452,455,457,459,460,462,468,469,482,483,486,487,488,489,492,493,494,495,497,499,501,502,504,506,508,510
OX58,334,335,346,347,358,359,370,371,374,375,380,381,390,391,412,413,420,421,436,437,452,453,458,459,468,469,478,479,486,487,488,489,498,499,504,505
OX59,141,143,153,155,163,165,169,173,177,183,185,190,197,199,213,215,225,229,233,239,241,245,249,253,254,255,257,263,267,271,273,275,277,279,286,287,289,293,299,301,313,315,316,319,323,325,331,335,337,339,341,343,350,351,355,358,363,365,370,371,377,379,380,382,385,387,389,390,393,395,398,399,403,405,406,407,408,409,411,413,414,415,417,423,426,429,430,431,433,435,437,439,440,441,442,443,444,446,449,453,457,458,459,461,469,471,478,479,482,483,485,486,492,493,497,501,502,503,505,508
OX60,147,149,153,157,163,165,169,175,177,179,181,183,185,187,189,190,211,213,219,223,227,229,235,237,254,255,267,271,283,287,294,295,299,301,307,310,316,317,323,325,329,331,333,335,339,341,350,351,355,359,361,363,365,366,374,375,379,380,395,397,401,403,405,407,408,410,411,412,413,414,419,420,422,423,425,427,429,430,434,435,436,437,438,439,441,445,446,447,452,453,454,455,458,460,461,462,467,468,470,471,474,475,476,477,482,486,490,491,494,495,498,503,504,505,508,509
OX61,225,227,229,231,233,235,237,239,241,243,245,247,249,251,253,255,257,259,261,263,273,275,277,279,289,291,293,295,302,303,310,311,313,314,316,319,329,331,333,335,337,339,341,343,350,351,358,359,361,363,364,366,372,373,374,375,377,379,381,383,388,389,390,391,396,397,408,409,410,411,414,415,420,421,422,423,430,431,432,433,436,437,438,439,444,445,446,447,448,449,452,453,454,455,456,457,458,459,462,463,465,467,468,471,473,474,477,479,481,482,485,486,489,490,492,494,502,503,508,509
OX62,346,347,350,351,370,371,374,375,458,459,462,463,498,499,502,503
OX63,153,155,157,159,169,171,173,175,177,179,181,183,185,187,189,191,197,199,205,207,213,215,221,223,229,231,237,239,245,247,253,255,257,259,261,263,265,267,269,271,273,275,277,279,281,283,285,286,289,291,293,294,297,299,301,303,305,307,309,310,313,315,317,318,329,331,333,335,350,351,358,359,361,363,364,367,370,371,374,375,378,379,382,383,385,389,393,396,397,399,403,406,411,413,417,422,426,431,433,434,435,436,437,439,440,441,443,447,451,452,453,455,459,461,462,463,467,470,472,473,474,477,478,479,482,485,488,489,490,494,499,501,502,503,506,511
OX64,197,199,205,207,213,215,221,223,229,231,237,239,245,247,253,255,259,261,267,271,275,277,283,286,291,294,299,301,302,303,307,310,315,317,350,351,364,365,370,371,378,379,396,397,398,399,402,403,406,407,408,409,410,411,412,413,420,421,422,423,426,427,430,431,438,439,450,455,459,461,462,463,467,468,469,470,475,477,478,479,482,485,491,492,493,494,499,501,504,505,506,508,509,510
OX65,257,259,261,263,265,267,269,271,273,275,277,279,281,283,285,286,289,291,293,295,297,299,301,303,305,307,309,310,313,315,317,319,372,373,374,375,380,381,382,383,388,389,396,397,402,403,408,409,410,411,412,413,420,421,426,427,432,433,434,435,438,439,446,447,448,451,453,454,456,458,461,463,465,467,468,470,472,474,477,478,481,482,485,487,488,491,492,494,497,498,501,502,504,506,508,511
OX66,254,255,294,295,358,359,366,367,370,371,378,379,380,381,382,383,396,397,406,407,410,411,414,415,430,431,434,435,438,439,446,447,450,451,454,455,458,459,474,475,494,495,498,499,506,507,510,511
OX67,314,315,316,317,358,359,366,367,370,371,378,379,380,381,382,383,396,397,398,399,406,407,410,411,420,421,426,427,436,437,438,439,452,453,454,455,468,469,478,479,492,493,494,495,498,499,510,511
OX68,358,359,366,367,370,371,378,379,380,381,382,383,396,397,406,407,410,411,414,415,430,431,434,435,438,439,446,447,450,451,454,455,458,459,474,475,494,495,498,499,506,507,510,511
OX69,165,167,173,175,177,179,185,187,190,191,205,207,221,223,227,229,235,239,243,245,251,253,259,263,275,277,281,283,286,287,291,293,305,307,310,311,315,316,331,333,337,343,349,350,363,366,372,374,377,378,379,380,381,382,385,387,388,389,390,391,393,395,398,399,401,402,405,407,409,411,412,415,417,419,421,423,425,427,428,430,436,438,440,441,445,446,449,450,452,455,456,458,462,463,465,466,467,470,472,476,477,479,481,482,483,485,486,487,489,490,491,493,497,499,504,507,509,510
OX70,286,287,294,295,350,351,364,365,366,367,370,371,378,379,382,383,396,397,410,411,412,413,414,415,420,421,434,435,438,439,446,447,450,451,454,455,458,459,462,463,468,469,474,475,494,495,498,499,502,503,504,505,506,507,510,511
OX71,364,365,366,367,380,381,382,383,412,413,414,415,426,427,430,431,434,435,438,439,450,451,454,455,474,475,478,479,504,505,506,507
OX72,370,371,374,375,378,379,380,381,390,391,396,397,406,407,410,411,420,421,426,427,436,437,446,447,452,453,458,459,468,469,478,479,486,487,494,495,498,499,510,511
OX73,177,179,181,183,185,187,189,191,261,263,269,271,277,279,281,283,293,294,301,303,305,307,310,311,317,318,325,327,333,335,337,339,349,351,357,359,365,366,372,374,377,378,380,381,388,389,390,391,396,397,398,399,402,403,414,415,428,429,432,435,437,439,441,443,445,447,448,449,454,455,460,461,472,473,488,489,490,491,492,493,494,495,506,507,510,511
OX74,350,351,374,375,462,463,502,503
OX75,93,95,117,119,149,151,157,159,169,171,173,175,179,181,187,191,205,207,211,213,219,223,227,229,235,237,241,243,263,269,275,277,279,281,283,287,293,294,295,303,305,307,310,315,316,319,327,329,337,339,343,351,357,361,366,367,372,377,379,381,387,388,389,391,395,397,398,399,401,405,406,407,408,410,411,412,414,415,419,421,422,423,425,428,430,431,432,434,437,439,440,443,446,447,448,449,450,451,458,461,462,463,467,469,470,471,472,473,474,475,476,477,483,486,488,489,492,493,494,495,499,502,504,506,508,509
OX76,157,159,171,175,179,183,185,187,205,207,211,213,219,221,237,239,243,245,251,253,263,269,275,277,279,281,293,294,295,302,305,315,317,319,323,327,329,333,337,339,347,349,355,357,361,366,371,372,374,375,377,378,387,388,389,390,391,395,396,397,402,403,405,406,407,408,410,411,412,413,414,415,419,426,427,428,432,435,438,441,442,447,448,449,459,460,462,463,472,473,475,477,478,479,482,483,486,487,488,489,490,494,498,501,502,503,504,505,508,509
OX77,169,171,173,175,185,187,189,191,265,267,269,271,294,295,297,299,301,302,310,311,325,327,333,335,341,343,349,351,357,359,365,366,373,375,378,379,380,382,385,387,393,395,396,397,398,399,402,403,405,406,409,410,412,413,417,419,422,423,426,427,429,431,432,434,436,437,438,439,441,442,446,447,448,451,452,454,456,458,460,462,465,466,469,471,473,475,477,478,481,483,485,486,488,490,493,494,497,499,501,503,504,507,509,511
OX78,87,95,119,125,135,143,151,155,163,171,183,189,190,191,199,205,211,215,219,223,229,231,247,251,265,269,271,279,281,283,294,295,297,301,303,305,307,310,311,319,323,327,329,333,335,337,341,343,355,357,361,365,366,377,378,379,380,381,385,387,389,391,393,395,396,397,398,399,405,408,409,410,411,412,413,414,417,421,422,423,425,426,427,428,430,431,434,435,436,437,439,442,446,447,449,450,451,452,453,454,455,456,458,461,465,466,467,469,470,471,472,474,476,478,481,482,483,486,488,490,493,494,497,499,501,504,506,508
OX79,185,187,189,191,205,207,221,223,227,229,235,239,243,245,251,253,259,263,265,267,269,271,275,279,291,293,294,295,297,299,301,302,315,316,317,319,325,327,331,335,339,341,349,351,357,359,363,365,373,374,379,381,382,383,385,387,389,390,393,395,397,399,402,403,405,406,409,410,412,413,417,419,420,422,425,427,429,431,432,435,438,439,441,442,446,447,448,450,453,454,456,458,460,461,462,463,465,466,467,468,469,471,473,476,477,479,481,482,483,485,486,487,488,492,494,495,497,499,504,506,509,510
OX80,149,151,163,167,181,183,187,189,205,207,211,213,219,221,237,239,243,245,251,253,259,265,275,277,279,281,285,287,291,297,302,303,305,309,310,315,317,318,323,327,329,333,337,343,355,357,361,366,372,373,377,378,379,380,381,382,388,397,401,405,407,408,411,413,414,415,419,420,421,422,423,431,432,434,436,438,439,440,442,446,448,449,450,451,452,453,458,460,462,463,468,469,470,471,472,473,475,477,490,494,498,501,506,507,508,509
OX81,265,267,269,271,281,283,285,287,297,299,301,303,305,307,309,310,318,319,329,331,333,335,337,339,341,343,361,363,365,366,377,379,380,383,390,391,398,399,401,403,405,406,409,410,413,415,420,421,426,427,432,435,436,439,440,442,445,447,448,449,452,453,454,455,460,461,462,463,468,469,472,473,478,479,486,487,488,489,490,491,492,493,502,503,506,507
OX82,171,173,187,191,205,207,211,213,219,221,237,239,243,245,251,253,259,263,267,271,277,279,283,287,291,293,299,301,307,311,317,319,325,329,331,333,337,339,343,351,359,361,363,366,374,377,378,380,381,383,387,389,390,393,396,399,406,408,419,420,423,425,426,428,430,431,432,436,437,443,446,447,448,449,452,453,458,461,468,469,472,473,474,476,478,479,482,483,486,487,490,495,499,501,502,503,508,509,510,511
OX83,135,143,151,159,163,175,183,187,189,190,263,267,275,285,293,299,302,303,309,315,318,319,323,327,355,357,366,367,374,375,380,381,382,383,385,390,393,395,397,399,401,402,408,411,412,415,417,419,420,423,425,426,428,431,432,434,437,438,440,442,443,445,446,447,448,451,453,454,456,458,460,462,465,466,468,471,473,475,476,478,481,482,485,487,489,491,492,494,497,498,501,503,504,506,508,510
OX84,323,325,329,333,337,343,347,351,355,359,361,366,371,374,377,378,379,380,381,383,387,391,393,396,397,398,403,407,409,410,411,415,419,421,425,426,427,428,432,436,437,438,442,446,448,449,452,453,458,459,462,463,466,467,472,473,476,477,478,479,482,483,490,491,492,493,494,495,506,507,510,511
OX85,151,159,167,173,179,183,187,189,190,191,205,207,211,213,219,221,237,239,243,245,251,253,267,269,271,275,277,279,283,287,299,301,302,307,311,315,317,319,325,327,329,333,335,337,339,341,343,351,357,359,361,365,367,372,373,374,377,378,380,383,388,391,393,396,397,399,402,403,408,410,411,413,421,422,423,425,426,427,428,430,432,434,436,438,439,442,445,446,448,449,450,451,452,453,458,461,462,463,466,467,470,471,472,473,474,476,478,479,488,489,490,494,498,501,508,509
OX86,163,167,173,175,179,183,189,190,205,207,211,213,219,221,237,239,243,245,251,253,269,271,277,279,283,287,301,302,307,311,317,319,327,335,339,341,343,347,357,365,371,372,373,374,375,378,380,383,388,396,397,398,403,406,407,408,409,410,411,413,414,415,419,422,423,426,427,430,434,436,438,442,445,447,450,451,452,453,459,461,462,463,470,471,474,477,478,479,488,489,491,492,493,494,499,501,502,503,506,507,508,509
OX87,190,191,211,213,219,223,227,229,235,237,275,277,283,287,302,303,307,310,315,316,318,319,372,373,374,375,380,381,382,383,385,388,393,395,397,398,401,402,403,405,408,411,412,415,417,420,421,422,425,426,429,430,432,435,437,439,440,442,443,445,448,450,453,454,456,460,462,463,465,466,467,468,469,471,473,474,476,478,481,485,489,491,493,494,497,501,502,503,504,507,508,510
OX88,329,331,333,335,337,339,341,343,361,363,365,366,377,379,380,383,393,395,397,398,409,410,412,415,425,427,428,430,432,434,437,438,448,449,450,451,472,473,474,475,476,477,490,491,492,493,494,495,504,505,506,507
OX89,143,159,167,173,175,179,187,189,203,207,219,221,235,239,251,253,269,279,283,287,303,307,311,318,325,327,331,351,357,359,363,374,382,383,385,387,390,391,393,401,402,405,406,408,410,411,413,415,417,419,423,425,430,432,435,436,438,440,448,450,452,455,456,460,461,463,465,466,469,470,473,474,475,476,477,479,481,483,485,487,488,492,497,498,499,502,505,506,508,511
OX90,205,207,221,223,227,229,235,239,243,245,251,253,269,271,285,287,301,302,309,310,316,317,372,373,378,379,382,383,385,388,393,397,401,402,406,407,409,410,413,415,417,422,425,428,429,430,432,435,436,438,440,442,446,447,448,450,452,455,456,458,460,461,462,463,465,471,473,474,475,476,477,479,481,485,488,492,494,495,497,498,505,506,509,511
OX91,203,207,211,213,221,223,227,229,237,239,251,253,267,269,275,277,285,287,299,302,309,310,315,316,372,373,378,379,382,383,385,388,393,397,398,399,401,402,406,407,408,410,413,415,417,420,421,422,425,426,427,428,429,431,432,434,437,438,440,443,446,447,448,451,453,455,456,458,460,461,465,466,467,468,469,471,473,476,477,478,481,485,488,493,494,495,497,498,505,507,508,511
OX92,155,159,187,191,259,263,267,269,275,279,283,285,291,293,294,295,299,303,307,309,315,318,387,389,395,396,397,399,405,406,411,412,413,415,419,423,426,428,434,439,445,447,450,451,454,455,466,467,478,479,482,483,488,489,494,495,498,499,502,503,504,505
OX93,259,263,267,269,275,279,283,285,291,293,294,295,299,303,307,309,315,318,387,389,390,391,395,396,397,399,402,405,406,407,411,412,413,415,419,423,427,428,430,431,435,436,437,439,443,445,452,453,454,455,466,467,474,475,482,483,486,487,488,489,494,495,498,499,504,505
OX94,426,427,430,431,434,435,436,437,450,451,452,453,474,475,478,479
OX95,211,213,219,223,227,229,235,237,275,277,283,287,294,295,307,311,315,316,366,367,372,373,380,381,385,388,393,395,397,398,401,402,403,405,408,410,412,414,417,423,425,427,429,431,432,434,437,438,440,442,443,445,448,451,453,455,456,460,462,463,465,466,467,470,473,475,476,479,481,485,489,491,493,494,497,501,502,503,504,506,508,511
OX96,294,295,302,303,310,311,318,319,378,379,380,381,390,391,396,397,422,423,430,431,434,435,436,437,450,451,452,453,470,471,474,475,486,487,494,495
OX97,378,379,380,381,396,397,410,411,430,431,434,435,450,451,474,475,494,495,510,511
OX98,229,231,237,239,241,243,249,251,261,263,267,269,273,275,283,285,293,295,299,302,307,309,313,315,316,317,325,327,331,335,339,341,345,347,357,359,363,365,366,367,369,371,374,375,379,381,382,383,389,391,403,406,411,412,413,414,421,422,428,429,430,431,434,438,442,444,445,446,450,451,456,457,458,459,462,463,465,467,470,471,473,474,485,487,488,489,492,495,498,499,502,503,504,505,506,507,510,511
OX99,302,303,318,319,366,367,372,373,374,375,380,381,385,387,388,391,393,395,397,399,401,403,405,406,408,411,412,414,417,419,421,422,425,427,429,430,432,435,436,438,440,443,445,446,448,450,452,455,456,458,460,463,465,466,469,471,473,474,476,479,481,483,485,486,489,491,492,494,497,499,501,502,504,507,508,510
OX100,181,183,189,191,241,243,249,251,273,275,285,287,309,311,313,315,316,317,341,343,345,347,366,367,369,371,372,373,374,375,380,382,385,387,388,391,393,395,397,398,401,403,405,406,408,410,413,415,417,419,420,423,425,427,428,430,432,435,438,439,440,443,444,445,448,450,453,454,457,459,460,463,466,467,468,470,474,475,476,479,481,483,485,486,489,491,493,494,497,498,501,502,505,507,508,511
OX101,372,373,374,375,380,381,382,383,385,387,388,391,393,395,397,399,401,403,405,406,408,410,412,415,417,419,421,423,425,427,429,430,432,435,436,439,440,443,445,446,448,450,452,454,456,458,460,463,465,466,469,470,473,474,476,479,481,483,485,486,489,491,492,494,497,499,501,502,504,506,508,511
OX102,95,119,159,175,179,183,189,191,199,213,219,231,235,237,239,243,245,253,263,271,275,277,279,285,293,301,309,310,311,315,316,318,325,327,333,335,339,341,347,357,359,365,367,371,375,379,380,383,385,387,389,393,396,397,399,401,403,406,409,411,415,417,419,423,425,428,429,432,434,435,436,437,440,443,445,446,448,451,452,454,455,456,458,459,460,462,463,465,466,467,469,470,473,475,476,477,479,481,483,486,489,490,492,494,495,497,501,502,505,507,509,511
OX103,241,243,245,247,249,251,253,255,261,263,269,271,273,275,285,287,293,295,301,303,309,311,313,315,316,317,325,327,333,335,341,343,345,347,357,359,365,367,369,371,381,382,385,387,389,391,393,395,396,399,401,403,405,406,409,411,413,414,417,419,421,422,425,427,428,430,432,435,436,439,440,443,444,447,448,450,452,454,457,459,460,463,466,467,470,471,474,475,476,477,481,483,485,487,488,490,492,495,497,498,501,502,505,506,509,510
OX104,366,367,382,383,414,415,438,439,454,455,506,507
OX105,117,119,125,127,179,183,187,189,213,215,221,223,233,235,237,239,243,247,251,253,261,263,267,269,273,279,281,283,293,295,299,303,305,307,310,311,313,316,317,318,331,333,337,339,345,351,363,367,369,373,374,375,377,379,380,382,385,389,390,391,393,397,402,403,405,407,412,415,417,422,425,431,434,437,443,446,449,450,451,453,454,455,458,460,462,463,469,470,476,477,481,486,488,490,491,492,494,495,498,503,504,505,506,510
OX106,221,223,235,239,243,247,249,251,267,271,273,279,281,287,299,301,305,310,313,318,327,331,333,335,343,345,357,363,365,367,369,382,385,391,396,397,406,407,408,412,414,415,417,420,422,423,430,431,432,437,444,445,446,447,448,453,455,457,458,463,468,470,471,474,475,477,481,485,486,489,490,491,492,494,497,498,503,504,505,506,508,510
OX107,233,235,237,239,249,251,253,255,261,263,269,271,277,279,285,287,293,295,301,303,309,311,317,319,337,339,341,343,377,379,380,383,385,387,389,391,396,397,401,403,405,407,410,411,417,419,420,422,428,429,430,431,434,435,436,437,440,443,444,447,449,451,452,453,456,457,460,463,465,466,468,469,470,471,473,474,481,483,486,487,488,491,494,495,498,499,501,502,505,507
OX108,125,127,173,175,187,191,199,207,213,219,227,237,247,251,253,255,263,269,273,275,281,283,293,303,305,307,310,311,313,315,316,317,331,335,337,339,343,345,347,351,363,365,369,371,375,377,379,381,382,383,385,387,389,390,391,393,395,399,405,406,411,413,417,419,420,421,423,425,427,431,435,437,438,439,442,444,449,454,455,457,459,461,462,463,466,467,468,470,475,476,477,479,481,483,485,486,487,488,491,492,498,501,502,503,506,507,510,511
OX109,249,251,253,255,267,271,277,279,283,285,299,301,307,309,310,311,317,318,325,327,331,335,337,341,357,359,363,365,377,380,385,387,390,391,396,397,398,399,401,405,406,407,411,415,417,419,420,421,422,423,428,429,435,436,437,439,440,442,443,445,446,447,449,450,452,454,456,458,460,462,465,466,468,469,470,471,473,475,481,483,485,487,489,491,493,494,498,499,501,503,505,506
OX110,213,215,227,231,245,247,251,253,267,271,273,275,281,283,285,287,299,301,305,307,309,311,313,315,316,317,325,331,333,335,337,345,347,349,359,363,365,367,369,371,373,374,375,377,382,383,385,387,390,391,393,396,397,399,402,406,408,409,410,411,412,414,417,419,422,423,425,428,434,435,437,438,443,444,445,447,449,450,451,453,455,457,459,460,466,467,470,476,481,483,487,489,490,494,498,504,505,506,507,508,509,510
OX111,273,275,277,279,281,283,285,287,305,307,309,310,313,315,316,319,337,339,341,343,345,347,349,351,369,371,373,374,377,379,380,383,401,403,405,407,408,411,412,415,422,423,428,429,432,434,436,438,440,442,444,446,448,449,450,451,452,453,456,457,458,459,462,463,465,467,469,471,473,475,477,479,497,499,501,503,504,507,508,511
OX112,119,127,159,175,187,191,215,219,223,239,261,267,269,271,275,277,279,283,285,287,295,299,301,303,307,309,311,315,317,319,327,331,337,339,341,343,345,347,349,351,357,363,369,371,373,374,375,377,379,380,382,383,390,391,393,396,398,402,403,405,406,408,411,413,415,420,421,422,423,425,428,429,430,432,434,437,439,443,444,446,448,449,450,451,453,455,457,458,459,460,462,463,467,468,470,473,474,475,476,485,486,488,492,493,497,499,501,503,507,508
OX113,235,237,251,255,261,267,269,271,277,283,285,287,295,299,301,303,307,309,311,316,318,319,325,327,331,335,337,339,345,347,349,351,357,359,363,365,369,371,373,374,377,379,387,391,393,395,396,397,398,399,405,406,408,412,413,415,419,420,425,427,428,429,432,434,435,439,442,443,444,447,448,449,451,453,454,457,459,460,462,463,466,468,470,473,476,479,483,485,487,488,493,494,497,498,501,502,503,504,505,506,508,511
OX114,199,207,215,223,227,239,247,251,253,255,267,269,275,279,283,285,299,303,307,309,310,311,315,316,317,318,327,331,339,349,357,363,373,379,385,391,393,397,398,399,401,402,403,407,408,413,417,421,422,423,425,428,429,430,432,436,440,446,448,450,452,454,456,458,461,463,465,467,469,470,473,474,475,476,481,486,488,491,493,494,497,498,502,503,505,506,508,510
OX115,261,263,269,271,277,279,285,287,293,295,301,303,309,311,316,318,337,339,341,343,345,347,349,351,369,371,373,374,377,379,380,383,387,389,393,396,403,405,406,407,408,410,411,413,419,420,421,422,425,428,429,430,432,434,435,437,443,444,446,447,448,449,451,453,457,458,459,460,466,468,470,471,473,474,475,476,483,487,488,495,497,501,507,508
OX116,215,223,231,237,243,247,251,253,271,277,279,283,301,307,316,319,333,343,347,351,367,371,374,382,385,391,393,395,396,399,401,403,405,406,409,412,414,415,417,420,425,427,429,431,432,436,440,442,445,447,448,452,455,456,459,460,462,463,465,468,469,470,471,473,475,476,477,479,481,486,489,490,492,495,497,498,499,501,504,506,510,511
OX117,227,231,237,239,243,247,253,255,263,267,269,271,275,277,279,285,293,299,301,303,309,315,316,319,331,333,339,343,347,351,363,367,371,374,379,382,385,387,389,390,393,397,401,402,403,407,409,410,413,414,417,419,420,422,425,428,429,431,432,435,436,439,440,442,443,447,448,452,454,456,459,460,462,463,465,466,467,468,469,470,471,473,476,477,481,483,487,488,490,492,494,495,497,501,503,505,506,510
OX118,267,271,275,277,299,301,315,316,331,335,337,343,345,347,349,351,363,365,369,371,373,374,377,383,390,391,393,399,406,407,408,415,420,421,422,423,425,429,430,431,432,436,437,439,444,445,446,447,448,449,452,453,454,455,457,458,459,460,467,468,470,471,473,474,476,479,486,487,489,495,497,499,501,502,507,508
OX119,337,339,341,343,345,347,349,351,369,371,373,374,377,379,380,383,390,391,393,395,397,398,406,407,409,410,412,415,422,423,425,427,429,431,432,434,436,439,444,445,448,449,450,451,452,453,454,455,457,459,460,463,470,471,473,475,476,479,486,487,489,491,493,494,497,499,501,502,504,505,506,507
OX120,207,223,231,237,239,243,251,253,271,277,279,283,301,307,316,318,331,333,335,339,341,343,347,351,363,365,367,371,374,379,380,382,385,391,393,396,397,399,401,403,405,406,409,411,414,415,417,420,425,429,430,431,432,434,436,437,440,442,445,447,448,450,451,452,455,456,459,460,461,462,463,465,468,469,470,473,474,476,477,479,481,486,489,490,492,494,495,497,498,499,501,505,506,511
OX121,269,271,275,277,283,285,301,303,307,309,310,311,315,316,318,319,333,335,339,341,347,349,365,367,371,373,374,375,379,380,382,383,396,398,403,405,406,407,408,409,410,413,414,415,420,421,428,431,434,437,442,445,446,447,450,451,458,459,460,462,467,468,475,477,488,489,490,491,493,495,499,501,502,503,507,508
OX122,331,335,339,341,363,365,379,380,395,397,410,412,427,430,434,437,450,451,474,475,494,495,504,505
OX123,219,223,251,255,325,327,333,335,341,343,349,351,357,359,365,367,373,375,380,382,387,391,395,397,403,407,410,412,414,415,419,421,422,423,427,430,435,437,443,446,450,455,458,460,466,471,474,475,477,479,483,485,490,494,498,499,501,503,504,505,506,511
OX124,325,327,333,335,341,343,349,351,357,359,365,367,373,375,380,382,387,390,395,397,403,406,410,412,414,415,419,421,422,423,427,430,435,437,443,446,450,455,458,460,466,471,474,477,483,485,486,487,490,494,499,501,504,505,506,511
OX125,167,173,179,187,189,191,231,237,243,251,253,255,275,283,285,287,307,309,310,315,318,319,333,335,341,351,365,367,375,380,395,398,402,403,405,406,407,410,412,414,420,421,422,427,428,430,437,439,443,446,454,458,467,468,469,471,474,475,477,479,490,493,498,504,505,506,507,511
OX126,159,191,223,231,239,247,253,255,263,279,293,316,317,318,327,333,335,339,341,347,357,365,367,371,379,380,382,383,385,387,389,391,393,396,397,398,401,403,405,408,414,417,419,421,423,425,429,430,431,432,434,435,436,437,439,440,443,445,446,447,448,451,452,454,455,456,458,459,460,463,465,466,469,470,473,474,475,476,477,481,483,485,486,489,490,491,493,494,495,497,501,502,503,505,507,508,510,511
OX127,173,175,179,183,187,191,237,239,243,247,251,255,275,279,283,287,307,311,315,316,317,319,333,335,341,343,349,351,365,367,373,374,381,382,390,391,395,396,397,399,402,403,406,407,410,412,420,421,422,423,427,430,437,439,443,446,454,455,458,460,467,468,469,471,474,475,477,479,486,487,490,492,494,495,498,501,504,505,506,507,510,511
OX128,179,183,187,189,223,231,237,247,263,279,283,285,293,307,309,310,311,318,327,333,335,341,343,347,349,351,357,365,367,371,373,374,381,383,389,395,396,398,402,403,405,406,407,410,412,415,422,427,428,430,437,443,459,460,471,474,477,485,490,493,495,499,501,503,504,505,506,507,510,511
OX129,237,239,243,247,251,255,263,271,277,283,293,301,307,310,311,317,318,319,327,335,339,341,343,351,357,365,374,379,381,383,387,389,395,396,398,399,406,407,408,409,410,411,412,415,419,420,421,423,427,430,434,435,437,439,442,443,446,447,451,454,458,462,466,468,474,479,483,485,491,492,493,495,498,499,502,503,504,505,506,507,508,510
OX130,231,239,247,253,263,279,293,319,327,349,357,373,374,375,380,381,382,383,385,387,389,391,393,395,397,399,401,403,405,406,408,410,412,415,417,419,421,423,425,427,429,430,432,435,436,439,440,443,445,446,448,450,452,454,455,456,458,463,465,466,469,470,473,474,476,479,481,483,485,486,489,491,492,494,497,499,502,504,506,508,510,511
OX131,316,317,318,319,333,335,339,341,347,349,365,367,371,373,374,375,379,381,390,391,395,396,398,399,406,407,410,412,414,415,427,431,434,437,450,451,459,460,475,477,486,487,490,492,493,495,499,501,504,505,506,507
Z0,0,1,32,33,256,257,288,289
Z1,0,64,128,192,256,320,384,480
Z2,2,3,34,35,258,259,290,291
Z3,2,66,131,195,258,322,387,483
Z4,4,5,36,37,262,263,292,293
Z5,4,69,134,199,262,327,388,485
Z6,6,7,38,39,260,261,294,295
Z7,6,71,133,196,260,325,391,486
Z8,8,9,40,41,264,265,296,297
Z9,8,74,140,206,264,330,397,494
Z10,10,11,42,43,266,267,298,299
Z11,10,72,142,204,266,328,398,493
Z12,12,13,44,45,268,269,302,303
Z13,12,78,138,200,269,334,394,488
Z14,14,15,46,47,270,271,300,301
Z15,14,76,136,202,270,333,392,490
Z16,16,17,48,49,280,281,304,305
Z17,16,64,184,224,304,352,400,480
Z18,18,19,50,51,282,283,306,307
Z19,18,66,186,226,307,354,403,483
Z20,20,21,52,53,284,285,308,309
Z21,20,68,188,230,308,356,404,484
Z22,22,23,54,55,286,287,310,311
Z23,22,70,190,228,310,359,407,487
Z24,24,25,56,57,272,273,312,313
Z25,24,79,180,232,313,365,412,489
Z26,26,27,58,59,274,275,314,315
Z27,26,76,183,234,314,366,414,490
Z28,28,29,60,61,276,277,316,317
Z29,28,73,177,236,316,361,408,492
Z30,30,31,62,63,278,279,318,319
Z31,30,74,178,238,318,362,410,494
Z32,1,65,129,193,257,321,385,481
Z33,32,104,176,249,289,360,432,473
Z34,3,67,130,194,259,323,386,482
Z35,34,106,179,250,290,363,435,474
Z36,5,68,135,198,263,326,389,484
Z37,36,109,182,252,292,367,438,477
Z38,7,70,132,197,261,324,390,487
Z39,38,111,181,255,294,364,436,479
Z40,9,75,141,207,265,331,396,495
Z41,40,96,185,240,296,353,441,464
Z42,11,73,143,205,267,329,399,492
Z43,42,98,186,243,299,354,442,467
Z44,13,79,139,201,268,335,395,489
Z45,44,101,189,247,302,357,444,471
Z46,15,77,137,203,271,332,393,491
Z47,46,103,190,244,301,359,446,469
Z48,17,65,185,225,305,353,401,481
Z49,48,109,136,221,281,333,424,477
Z50,19,67,187,227,306,355,402,482
Z51,50,110,138,222,282,334,426,478
Z52,21,69,189,231,309,357,405,485
Z53,52,104,143,216,284,329,429,473
Z54,23,71,191,229,311,358,406,486
Z55,54,107,141,219,287,331,431,475
Z56,25,78,181,233,312,364,413,488
Z57,56,96,128,208,272,320,416,464
Z58,27,77,182,235,315,367,415,491
Z59,58,98,130,210,275,323,418,467
Z60,29,72,176,237,317,360,409,493
Z61,60,102,132,212,276,324,420,468
Z62,31,75,179,239,319,363,411,495
Z63,62,100,134,214,279,327,423,470
Z64,64,65,96,97,320,321,352,353
Z65,0,80,160,248,288,368,384,496
Z66,66,67,98,99,322,323,354,355
Z67,2,82,162,250,290,371,387,499
Z68,68,69,100,101,326,327,356,357
Z69,4,84,166,252,292,372,388,500
Z70,70,71,102,103,324,325,358,359
Z71,6,86,164,254,295,374,391,503
Z72,72,73,104,105,328,329,360,361
Z73,10,94,174,242,298,382,398,506
Z74,74,75,106,107,330,331,362,363
Z75,8,93,173,240,296,381,397,505
Z76,76,77,108,109,332,333,366,367
Z77,14,89,169,245,300,376,392,509
Z78,78,79,110,111,334,335,364,365
Z79,12,90,170,247,302,378,394,510
Z80,80,81,112,113,344,345,368,369
Z81,16,84,152,220,280,348,400,500
Z82,82,83,114,115,346,347,370,371
Z83,18,87,155,222,282,351,403,502
Z84,84,85,116,117,348,349,372,373
Z85,86,87,118,119,350,351,374,375
Z86,88,89,120,121,336,337,376,377
Z87,26,95,150,211,274,343,414,507
Z88,90,91,122,123,338,339,378,379
Z89,24,92,148,208,272,340,412,504
Z90,92,93,124,125,340,341,380,381
Z91,94,95,126,127,342,343,382,383
Z92,1,81,161,249,289,369,385,497
Z93,40,116,152,207,265,348,441,461
Z94,3,83,163,251,291,370,386,498
Z95,42,119,154,204,266,350,442,462
Z96,5,85,167,253,293,373,389,501
Z97,44,113,156,201,268,344,444,457
Z98,7,87,165,255,294,375,390,502
Z99,46,114,158,202,270,346,446,458
Z100,11,95,175,243,299,383,399,507
Z101,32,120,144,192,256,336,432,448
Z102,9,92,172,241,297,380,396,504
Z103,34,122,146,194,259,339,435,450
Z104,15,88,168,244,301,377,393,508
Z105,36,126,150,198,263,343,438,455
Z106,13,91,171,246,303,379,395,511
Z107,38,124,148,196,260,340,436,452
Z108,17,85,153,221,281,349,401,501
Z109,56,113,161,233,312,369,416,457
Z110,19,86,154,223,283,350,402,503
Z111,58,115,162,234,314,371,418,459
Z112,20,80,156,216,284,344,404,496
Z113,22,83,159,218,286,347,407,498
Z114,27,94,151,210,275,342,415,506
Z115,48,121,168,224,304,377,424,449
Z116,25,93,149,209,273,341,413,505
Z117,50,123,171,227,306,379,426,451
Z118,30,91,146,215,278,339,410,511
Z119,28,88,144,212,276,336,408,508
Z120,128,129,160,161,384,385,416,417
Z121,33,105,177,248,288,361,433,472
Z122,130,131,162,163,386,387,418,419
Z123,35,107,178,251,291,362,434,475
Z124,132,133,164,165,390,391,420,421
Z125,134,135,166,167,388,389,422,423
Z126,136,137,168,169,392,393,424,425
Z127,41,97,184,241,297,352,440,465
Z128,138,139,170,171,394,395,426,427
Z129,140,141,172,173,396,397,430,431
Z130,142,143,174,175,398,399,428,429
Z131,144,145,176,177,408,409,432,433
Z132,146,147,178,179,410,411,434,435
Z133,148,149,180,181,412,413,436,437
Z134,150,151,182,183,414,415,438,439
Z135,152,153,184,185,400,401,440,441
Z136,154,155,186,187,402,403,442,443
Z137,156,157,188,189,404,405,444,445
Z138,158,159,190,191,406,407,446,447
Z139,37,108,183,253,293,366,439,476
Z140,39,110,180,254,295,365,437,478
Z141,43,99,187,242,298,355,443,466
Z142,49,108,137,220,280,332,425,476
Z143,47,102,191,245,300,358,447,468
Z144,45,100,188,246,303,356,445,470
Z145,57,97,129,209,273,321,417,465
Z146,52,126,174,231,309,382,429,455
Z147,54,124,173,228,310,381,431,452
Z148,51,111,139,223,283,335,427,479
Z149,192,193,224,225,448,449,480,481
Z150,59,99,131,211,274,322,419,466
Z151,194,195,226,227,450,451,482,483
Z152,196,197,228,229,452,453,486,487
Z153,198,199,230,231,454,455,484,485
Z154,200,201,232,233,456,457,488,489
Z155,60,118,164,237,317,374,420,463
Z156,202,203,234,235,458,459,490,491
Z157,204,205,236,237,462,463,492,493
Z158,206,207,238,239,460,461,494,495
Z159,208,209,240,241,464,465,504,505
Z160,210,211,242,243,466,467,506,507
Z161,212,213,244,245,468,469,508,509
Z162,214,215,246,247,470,471,510,511
Z163,216,217,248,249,472,473,496,497
Z164,218,219,250,251,474,475,498,499
Z165,220,221,252,253,476,477,500,501
Z166,222,223,254,255,478,479,502,503
Z167,33,121,145,193,257,337,433,449
Z168,35,123,147,195,258,338,434,451
Z169,39,125,149,197,261,341,437,453
Z170,37,127,151,199,262,342,439,454
Z171,45,112,157,200,269,345,445,456
Z172,49,120,169,225,305,376,425,448
Z173,41,117,153,206,264,349,440,460
Z174,43,118,155,205,267,351,443,463
Z175,57,112,160,232,313,368,417,456
Z176,21,81,157,217,285,345,405,497
Z177,23,82,158,219,287,346,406,499
Z178,61,103,133,213,277,325,421,469
Z179,31,90,147,214,279,338,411,510
Z180,29,89,145,213,277,337,409,509
Z181,53,105,142,217,285,328,428,472
Z182,55,106,140,218,286,330,430,474
Z183,62,116,167,238,318,373,423,461
Z184,51,122,170,226,307,378,427,450
Z185,53,127,175,230,308,383,428,454
Z186,55,125,172,229,311,380,430,453
Z187,61,119,165,236,316,375,421,462
Z188,59,114,163,235,315,370,419,458
Z189,47,115,159,203,271,347,447,459
OZ0,195,197,203,205,211,213,219,223,227,229,235,237,242,244,250,255,259,261,262,263,267,271,275,276,278,279,280,281,283,284,285,287,290,292,293,295,296,297,299,301,302,303,304,305,307,308,309,310,312,313,315,316,330,331,334,335,338,339,340,341,344,345,348,349,350,351,360,361,366,367,368,369,372,373,374,375,376,377,382,383,388,389,390,391,394,395,396,397,400,401,404,405,412,413,414,415,416,417,420,421,424,425,428,429,432,433,434,435,448,449,450,451,452,453,454,455,456,457,460,461,462,463,464,465,466,467,470,471,474,475,478,479,482,483,486,487,496,497,500,501,502,503,508,509
OZ1,280,281,282,283,284,285,286,287,296,297,298,299,300,301,302,303,304,305,306,307,308,309,310,311,312,313,314,315,316,317,318,319,332,333,334,335,338,339,340,341,344,345,350,351,360,361,362,363,368,369,374,375,376,377,382,383,394,395,396,397,400,401,402,403,404,405,406,407,410,411,412,413,416,417,418,419,420,421,422,423,424,425,428,429,432,433,438,439,448,449,450,451,452,453,454,455,456,457,462,463,464,465,466,467,468,469,470,471,474,475,476,477,490,491,494,495,496,497,502,503
OZ2,274,275,276,277,282,283,286,287,290,291,294,295,298,299,300,301,332,333,334,335,344,345,346,347,354,355,358,359,360,361,364,365,368,369,374,375,376,377,382,383,392,393,398,399,402,403,406,407,416,417,418,419,420,421,422,423,426,427,430,431,432,433,434,435,436,437,438,439,440,441,444,445,448,449,450,451,452,453,454,455,458,459,460,461,464,465,470,471,476,477,478,479,488,489,492,493,496,497,498,499,506,507,508,509
OZ3,332,333,334,335,338,339,340,341,346,347,348,349,364,365,366,367,370,371,372,373,378,379,380,381,394,395,396,397,410,411,412,413,416,417,418,419,420,421,422,423,424,425,428,429,432,433,438,439,440,441,442,443,444,445,446,447,448,449,450,451,452,453,454,455,456,457,462,463,464,465,466,467,468,469,470,471,472,473,478,479,490,491,494,495,498,499,500,501
OZ4,338,339,340,341,344,345,348,349,352,353,356,357,362,363,364,365,400,401,404,405,410,411,412,413,434,435,436,437,440,441,444,445
OZ5,352,353,354,355,356,357,358,359,360,361,362,363,364,365,366,367,368,369,370,371,372,373,374,375,376,377,378,379,380,381,382,383,392,393,394,395,396,397,398,399,400,401,402,403,404,405,406,407,424,425,426,427,428,429,430,431,440,441,442,443,444,445,446,447,456,457,458,459,460,461,462,463,472,473,474,475,476,477,478,479,488,489,490,491,492,493,494,495,496,497,498,499,500,501,502,503
OZ6,344,345,346,347,348,349,350,351,360,361,362,363,364,365,366,367,368,369,370,371,372,373,374,375,376,377,378,379,380,381,382,383,392,393,394,395,396,397,398,399,424,425,426,427,428,429,430,431,456,457,458,459,460,461,462,463,472,473,474,475,476,477,478,479,488,489,490,491,492,493,494,495,496,497,498,499,500,501,502,503
OZ7,186,187,190,191,242,243,244,245,250,251,254,255,262,263,278,279,292,293,294,295,300,301,306,307,314,315,318,319,326,327,340,341,342,343,350,351,356,357,362,363,364,365,374,375,378,379,382,383,388,389,406,407,412,413,414,415,418,419,420,421,422,423,436,437,438,439,442,443,454,455,466,467,468,469,470,471,484,485,498,499,502,503,510,511
OZ8,292,293,294,295,300,301,302,303,304,305,306,307,312,313,314,315,386,387,390,391,392,393,396,397,400,401,406,407,410,411,412,413,418,419,420,421,426,427,428,429,432,433,438,439,442,443,444,445,448,449,454,455,456,457,462,463,466,467,468,469,472,473,478,479,482,483,486,487,490,491,494,495,498,499,500,501,504,505,510,511
OZ9,180,181,182,183,188,189,190,191,244,245,246,247,252,253,254,255,276,277,278,279,284,285,286,287,304,305,306,307,308,309,310,311,312,313,314,315,316,317,318,319,340,341,342,343,348,349,350,351,372,373,374,375,380,381,382,383,385,387,389,390,392,394,397,399,400,402,404,407,409,411,413,414,417,419,421,423,424,426,428,431,432,435,437,438,440,443,444,447,448,450,452,454,457,459,461,462,465,466,468,471,473,474,477,478,481,483,484,487,488,490,492,494,497,499,501,502,504,506,508,511
OZ10,242,243,244,245,250,251,254,255,276,277,278,279,298,299,302,303,306,307,310,311,354,355,358,359,370,371,374,375,418,419,420,421,426,427,430,431,466,467,470,471,474,475,478,479,508,509,510,511
OZ11,304,305,306,307,308,309,310,311,312,313,314,315,316,317,318,319,388,389,390,391,396,397,398,399,400,401,402,403,412,413,414,415,416,417,418,419,424,425,426,427,436,437,438,439,440,441,442,443,452,453,454,455,460,461,462,463,464,465,466,467,476,477,478,479,484,485,486,487,492,493,494,495,500,501,502,503,504,505,506,507
OZ12,174,175,182,183,238,239,244,245,246,247,250,251,252,253,254,255,262,263,276,277,284,285,286,287,294,295,296,297,306,307,308,309,310,311,314,315,316,317,318,319,326,327,348,349,354,355,356,357,358,359,370,371,372,373,374,375,388,389,390,391,392,393,394,395,404,405,406,407,408,409,412,413,414,415,416,417,418,419,426,427,428,429,436,437,444,445,446,447,452,453,454,455,456,457,458,459,460,461,464,465,466,467,468,469,470,471,474,475,478,479,484,485,486,487,488,489,490,491,500,501,504,505,506,507
OZ13,244,245,246,247,252,253,254,255,262,263,270,271,278,279,282,283,284,285,286,287,294,295,296,297,300,301,302,303,306,307,308,309,310,311,314,315,326,327,334,335,342,343,346,347,348,349,350,351,356,357,362,363,370,371,372,373,374,375,378,379,380,381,382,383,386,387,388,389,390,391,392,393,396,397,398,399,404,405,408,409,412,413,414,415,416,417,426,427,428,429,430,431,434,435,436,437,438,439,444,445,450,451,452,453,454,455,456,457,460,461,462,463,464,465,478,479,482,483,484,485,486,487,488,489,492,493,494,495,500,501,504,505,508,509,510,511
OZ14,284,285,286,287,298,299,302,303,308,309,310,311,312,313,316,317,386,387,390,391,394,395,398,399,402,403,404,405,416,417,418,419,420,421,422,423,424,425,430,431,432,433,438,439,440,441,446,447,448,449,454,455,458,459,460,461,464,465,466,467,468,469,470,471,472,473,476,477,482,483,486,487,488,489,492,493,498,499,502,503
OZ15,296,297,298,299,300,301,302,303,312,313,314,315,316,317,318,319,408,409,410,411,412,413,414,415,416,417,418,419,420,421,422,423,464,465,466,467,468,469,470,471,504,505,506,507,508,509,510,511
OZ16,250,251,252,253,270,271,278,279,282,283,286,287,290,291,294,295,298,299,306,307,308,309,312,313,334,335,346,347,348,349,350,351,354,355,358,359,362,363,372,373,378,379,380,381,388,389,390,391,392,393,394,395,398,399,408,409,410,411,412,413,418,419,424,425,426,427,428,429,430,431,432,433,434,435,442,443,444,445,446,447,448,449,450,451,456,457,458,459,460,461,466,467,470,471,472,473,476,477,478,479,484,485,486,487,492,493,500,501,504,505,508,509
OZ17,312,313,314,315,316,317,318,319,386,387,390,391,392,393,396,397,402,403,406,407,408,409,412,413,418,419,422,423,424,425,428,429,432,433,438,439,442,443,444,445,448,449,454,455,456,457,462,463,466,467,470,471,472,473,476,477,482,483,486,487,490,491,494,495,498,499,502,503,504,505,508,509
OZ18,276,277,278,279,290,291,294,295,300,301,302,303,306,307,310,311,392,393,394,395,396,397,398,399,402,403,406,407,408,409,410,411,412,413,414,415,416,417,418,419,420,421,422,423,426,427,430,431,440,441,442,443,444,445,446,447,456,457,458,459,460,461,462,463,464,465,466,467,474,475,478,479,488,489,490,491,492,493,494,495,498,499,502,503,504,505,506,507
OZ19,392,393,394,395,396,397,398,399,408,409,410,411,412,413,414,415,416,417,418,419,420,421,422,423,440,441,442,443,444,445,446,447,456,457,458,459,460,461,462,463,464,465,466,467,468,469,470,471,488,489,490,491,492,493,494,495,504,505,506,507,508,509,510,511
OZ20,238,239,252,253,262,263,270,271,278,279,286,287,298,299,306,307,348,349,372,373,388,389,390,391,394,395,396,397,402,403,406,407,412,413,414,415,420,421,422,423,424,425,428,429,432,433,434,435,442,443,446,447,448,449,450,451,454,455,460,461,462,463,468,469,472,473,474,475,476,477,486,487,488,489,490,491,494,495,500,501,502,503,504,505,506,507,510,511
OZ21,298,299,300,301,306,307,310,311,390,391,398,399,402,403,408,409,416,417,418,419,422,423,424,425,428,429,430,431,432,433,434,435,438,439,440,441,444,445,446,447,448,449,450,451,454,455,456,457,458,459,460,461,464,465,466,467,470,471,472,473,474,475,476,477,486,487,492,493,502,503,508,509
OZ22,262,263,270,271,278,279,286,287,294,295,302,303,308,309,316,317,390,391,394,395,396,397,398,399,406,407,410,411,412,413,414,415,420,421,424,425,426,427,428,429,432,433,434,435,438,439,446,447,448,449,450,451,468,469,470,471,472,473,474,475,476,477,478,479,484,485,486,487,488,489,490,491,492,493,494,495,504,505,506,507
OZ23,386,387,390,391,394,395,396,397,402,403,406,407,410,411,412,413,416,417,422,423,426,427,430,431,434,435,436,437,440,441,444,445,450,451,452,453,456,457,460,461,464,465,470,471,474,475,478,479,482,483,486,487,488,489,494,495,498,499,502,503,504,505,510,511
OZ24,278,279,286,287,294,295,302,303,306,307,310,311,314,315,316,317,394,395,396,397,398,399,402,403,406,407,410,411,412,413,414,415,416,417,418,419,422,423,426,427,430,431,440,441,442,443,444,445,456,457,460,461,462,463,464,465,466,467,478,479,488,489,492,493,494,495,502,503,504,505,506,507
OZ25,290,291,294,295,314,315,316,317,390,391,398,399,406,407,414,415,418,419,430,431,436,437,442,443,452,453,462,463,466,467,474,475,486,487,492,493,498,499,506,507
OZ26,394,395,396,397,410,411,412,413,416,417,422,423,440,441,444,445,456,457,460,461,464,465,470,471,488,489,494,495,504,505,510,511
OZ27,145,147,149,151,153,155,157,159,177,179,181,183,185,187,188,190,209,211,213,215,217,219,221,223,225,227,229,231,233,235,237,239,270,271,273,275,277,279,281,282,285,287,294,295,305,306,309,311,313,315,317,319,321,323,325,326,329,331,333,334,337,339,341,343,345,346,349,351,353,354,356,359,361,363,364,366,369,370,373,374,376,379,381,383,385,387,389,391,396,397,398,399,409,410,412,415,417,419,421,423,426,427,432,434,436,438,442,443,448,450,452,454,462,463,473,475,477,478,482,483,488,491,493,494,498,499,502,503,504,506,509,511
OZ28,270,271,282,283,294,295,306,307,310,311,316,317,330,331,334,335,346,347,350,351,354,355,358,359,378,379,380,381,390,391,398,399,406,407,410,411,412,413,414,415,420,421,424,425,426,427,428,429,432,433,434,435,438,439,442,443,448,449,450,451,454,455,468,469,472,473,474,475,476,477,478,479,486,487,488,489,490,491,492,493,494,495,504,505,506,507,510,511
OZ29,416,417,418,419,420,421,422,423,424,425,426,427,428,429,430,431,432,433,434,435,436,437,438,439,440,441,442,443,444,445,446,447,448,449,450,451,452,453,454,455,456,457,458,459,460,461,462,463,464,465,466,467,468,469,470,471,472,473,474,475,476,477,478,479
OZ30,139,141,147,149,171,173,179,181,203,205,209,211,213,215,219,223,227,229,233,235,237,239,243,245,246,247,252,253,254,255,267,271,273,275,277,279,282,286,299,300,302,303,307,308,309,311,313,315,316,319,330,331,346,347,348,349,354,355,358,359,362,363,372,373,374,375,388,389,390,391,398,399,418,419,420,421,430,431,434,435,438,439,442,443,444,445,450,453,454,455,456,457,458,459,460,461,462,463,468,469,470,471,474,478,484,485,486,487,489,492,493,494,500,501,502,503,505,506,507,511
OZ31,330,331,334,335,346,347,350,351,354,355,358,359,378,379,380,381,402,403,406,407,410,411,412,413,418,419,420,421,424,425,428,429,432,433,434,435,436,437,438,439,448,449,450,451,452,453,454,455,458,459,462,463,466,467,468,469,472,473,474,475,476,477,478,479,488,489,494,495,504,505,510,511
OZ32,209,211,213,215,217,219,221,223,225,227,229,231,233,235,237,239,273,275,277,279,281,282,285,286,294,295,302,303,305,307,309,311,313,315,316,318,326,327,329,331,333,335,337,339,340,343,348,349,356,357,360,363,365,367,372,373,377,379,380,382,390,391,396,397,398,399,402,403,406,407,408,409,412,413,414,415,418,419,420,421,422,423,424,425,426,427,428,429,430,431,432,433,434,435,438,439,444,445,446,447,448,451,452,454,456,457,458,459,460,461,468,469,470,471,472,475,476,479,484,485,486,487,489,490,493,494,500,501,505,507,508,510
OZ33,282,283,286,287,306,307,310,311,402,403,406,407,426,427,430,431
OZ34,133,135,141,143,149,151,157,159,165,167,173,175,181,182,189,190,217,219,221,223,225,227,229,231,281,283,285,286,302,303,305,307,309,311,314,315,316,317,318,319,321,323,325,326,334,335,340,341,342,343,345,347,349,350,353,354,356,359,364,365,369,371,373,375,380,381,382,383,387,389,390,391,395,396,397,398,403,405,406,407,411,412,413,414,419,422,426,429,435,436,437,438,440,441,443,444,450,453,457,461,462,463,465,466,467,471,474,479,481,482,483,484,486,487,488,492,493,494,497,501,502,503,505,510
OZ35,217,219,221,223,225,227,229,231,281,283,285,286,294,295,302,303,305,306,309,311,318,319,321,327,331,335,339,340,345,346,347,349,350,351,353,354,355,357,358,359,363,365,369,373,379,380,390,391,402,403,410,411,418,419,420,421,422,423,424,425,426,427,428,429,432,433,436,437,438,439,440,441,444,445,448,449,450,453,454,455,457,458,459,461,462,463,465,466,467,468,469,471,472,473,474,476,477,478,481,485,486,487,489,495,497,501,504,510
OZ36,300,301,302,303,316,317,318,319,321,323,325,327,329,331,333,334,337,339,340,342,345,346,348,351,353,354,357,359,360,362,365,367,369,370,372,374,377,378,381,383,402,403,406,407,412,413,414,415,418,419,422,423,424,425,426,427,428,429,430,431,432,433,434,435,436,437,438,439,440,441,442,443,444,445,446,447,448,451,453,455,457,459,460,462,465,466,469,471,472,474,476,479,481,482,485,486,488,490,492,495,497,498,500,503,505,507,509,511
OZ37,85,87,93,95,117,119,125,127,141,143,147,149,155,157,173,175,179,181,182,183,187,189,197,199,205,207,211,213,219,223,227,229,235,237,241,243,252,255,261,263,265,267,275,277,283,286,293,295,297,299,307,308,309,311,315,316,323,325,331,335,339,341,347,348,349,351,355,356,357,359,363,364,366,367,368,369,371,375,376,377,378,381,382,383,390,391,395,399,403,404,408,409,422,423,424,425,426,429,434,435,443,444,453,455,456,457,459,461,462,463,466,469,470,471,474,475,476,477,478,479,482,484,485,487,496,497,499,500,505,506,508,509,510,511
OZ38,252,253,254,255,306,307,308,309,321,323,325,327,329,331,333,334,337,339,340,342,345,346,349,350,353,355,357,359,360,363,365,367,369,370,373,374,377,378,380,383,388,389,396,397,402,403,406,407,408,409,410,411,412,413,414,415,418,419,420,421,424,425,426,427,428,429,430,431,432,433,440,441,444,445,446,447,448,450,452,454,457,459,461,462,465,466,468,470,472,474,476,479,481,482,484,486,488,490,492,494,497,498,501,502,505,507,508,510
OZ39,356,357,358,359,364,365,366,367,368,369,370,371,376,377,378,379,396,397,398,399,404,405,406,407,408,409,410,411,412,413,414,415,424,425,426,427,444,445,446,447,456,457,458,459,476,477,478,479,492,493,494,495,496,497,498,499,504,505,506,507,508,509,510,511
OZ40,308,309,310,311,316,317,318,319,368,369,370,371,376,377,378,379,404,405,406,407,408,409,410,411,420,421,422,423,428,429,430,431,432,433,434,435,444,445,446,447,448,449,450,451,456,457,458,459,468,469,470,471,472,473,474,475,496,497,498,499,508,509,510,511
OZ41,306,307,310,311,314,315,316,317,326,327,334,335,340,341,346,347,358,359,362,363,368,369,370,371,374,375,376,377,378,379,382,383,402,403,404,405,408,409,410,411,412,413,414,415,418,419,420,421,428,429,430,431,432,433,436,437,442,443,444,445,448,449,456,457,458,459,462,463,466,467,468,469,470,471,472,473,474,475,478,479,484,485,488,489,496,497,498,499,502,503,506,507,508,509,510,511
OZ42,368,369,370,371,372,373,374,375,376,377,378,379,380,381,382,383,388,389,390,391,396,397,398,399,404,405,406,407,408,409,410,411,420,421,422,423,428,429,430,431,432,433,434,435,444,445,446,447,448,449,450,451,456,457,458,459,468,469,470,471,472,473,474,475,484,485,486,487,492,493,494,495,496,497,498,499,508,509,510,511
OZ43,182,183,190,191,246,247,254,255,294,295,314,315,316,317,318,319,326,327,334,335,340,341,346,347,348,349,350,351,360,361,362,363,364,365,370,371,372,373,374,375,378,379,382,383,385,387,389,390,393,395,397,399,401,403,405,406,408,410,412,415,417,419,421,423,424,426,429,431,433,435,437,439,440,443,445,447,449,450,452,454,456,458,461,462,465,466,469,471,473,475,477,479,481,483,485,487,488,491,492,494,497,498,500,503,505,506,508,511
OZ44,321,323,325,327,329,331,333,334,337,339,341,343,345,346,349,350,353,354,357,359,361,363,365,367,369,370,372,374,377,378,380,382,385,387,388,391,393,395,396,398,401,402,405,407,409,411,413,414,417,418,420,423,425,427,428,431,432,435,436,439,441,442,444,447,448,449,452,453,454,455,456,457,458,459,460,461,468,469,472,473,476,477,478,479,482,483,488,489,490,491,492,493,498,499,510,511
OZ45,348,349,350,351,362,363,366,367,372,373,374,375,376,377,380,381,396,397,398,399,408,409,414,415,424,425,426,427,434,435,436,437,450,451,452,453,460,461,462,463,476,477,478,479,492,493,494,495,500,501,502,503,506,507,508,509
OZ46,360,361,362,363,364,365,366,367,376,377,378,379,380,381,382,383,408,409,410,411,412,413,414,415,432,433,434,435,436,437,438,439,448,449,450,451,452,453,454,455,504,505,506,507,508,509,510,511
OZ47,188,189,190,191,294,295,302,303,310,311,318,319,362,363,366,367,372,373,374,375,376,377,378,379,388,389,398,399,408,409,414,415,418,419,424,425,426,427,430,431,442,443,446,447,458,459,462,463,466,467,474,475,476,477,478,479,484,485,492,493,506,507,508,509
OZ48,376,377,378,379,380,381,382,383,396,397,398,399,408,409,410,411,424,425,426,427,436,437,438,439,452,453,454,455,476,477,478,479,492,493,494,495,508,509,510,511
OZ49,340,341,342,343,354,355,358,359,364,365,366,367,370,371,374,375,402,403,406,407,412,413,414,415,436,437,438,439,442,443,446,447,458,459,462,463,498,499,502,503
OZ50,246,247,254,255,286,287,302,303,314,315,316,317,326,327,334,335,350,351,354,355,362,363,370,371,372,373,374,375,378,379,380,381,388,389,398,399,402,403,410,411,412,413,414,415,418,419,420,421,422,423,426,427,436,437,446,447,452,453,458,459,462,463,466,467,468,469,474,475,488,489,492,493,498,499,504,505,506,507,510,511
OZ51,362,363,364,365,370,371,374,375,390,391,396,397,406,407,412,413,420,421,430,431,436,437,446,447,452,453,458,459,468,469,474,475,486,487,494,495,498,499,504,505
OZ52,326,327,334,335,342,343,350,351,358,359,366,367,372,373,380,381,388,389,390,391,412,413,414,415,420,421,422,423,436,437,438,439,452,453,462,463,468,469,478,479,486,487,488,489,502,503,504,505
OZ53,424,425,426,427,428,429,430,431,432,433,434,435,436,437,438,439,448,449,450,451,452,453,454,455,472,473,474,475,476,477,478,479
OZ54,342,343,350,351,358,359,366,367,370,371,374,375,378,379,380,381,396,397,406,407,410,411,414,415,418,419,420,421,426,427,436,437,438,439,442,443,452,453,466,467,468,469,478,479,494,495,498,499,502,503,510,511
OZ55,354,355,358,359,378,379,380,381,390,391,396,397,402,403,410,411,420,421,430,431,434,435,442,443,450,451,462,463,468,469,474,475,486,487,494,495,502,503,510,511
OZ56,418,419,420,421,426,427,430,431,434,435,436,437,442,443,446,447,450,451,452,453,458,459,462,463,466,467,468,469,474,475,478,479
OZ57,161,163,165,167,169,171,173,175,177,179,181,183,185,187,189,191,225,227,229,231,233,235,237,239,241,243,245,247,249,251,253,255,257,259,261,263,265,267,269,271,286,287,289,291,293,294,297,299,301,302,310,311,314,315,316,317,337,339,341,343,345,346,349,350,358,359,366,367,369,370,373,374,377,378,380,383,385,387,389,391,393,395,397,398,402,403,406,407,408,409,410,411,412,413,414,415,420,421,430,431,433,435,436,438,441,443,444,446,449,450,452,455,457,459,460,462,468,469,482,483,486,487,488,489,492,493,494,495,497,499,501,502,504,506,508,510
OZ58,334,335,346,347,358,359,370,371,374,375,380,381,390,391,412,413,420,421,436,437,452,453,458,459,468,469,478,479,486,487,488,489,498,499,504,505
OZ59,141,143,153,155,163,165,169,173,177,183,185,190,197,199,213,215,225,229,233,239,241,245,249,253,254,255,257,263,267,271,273,275,277,279,286,287,289,293,299,301,313,315,316,319,323,325,331,335,337,339,341,343,350,351,355,358,363,365,370,371,377,379,380,382,385,387,389,390,393,395,398,399,403,405,406,407,408,409,411,413,414,415,417,423,426,429,430,431,433,435,437,439,440,441,442,443,444,446,449,453,457,458,459,461,469,471,478,479,482,483,485,486,492,493,497,501,502,503,505,508
OZ60,147,149,153,157,163,165,169,175,177,179,181,183,185,187,189,190,211,213,219,223,227,229,235,237,254,255,267,271,283,287,294,295,299,301,307,310,316,317,323,325,329,331,333,335,339,341,350,351,355,359,361,363,365,366,374,375,379,380,395,397,401,403,405,407,408,410,411,412,413,414,419,420,422,423,425,427,429,430,434,435,436,437,438,439,441,445,446,447,452,453,454,455,458,460,461,462,467,468,470,471,474,475,476,477,482,486,490,491,494,495,498,503,504,505,508,509
OZ61,225,227,229,231,233,235,237,239,241,243,245,247,249,251,253,255,257,259,261,263,273,275,277,279,289,291,293,295,302,303,310,311,313,314,316,319,329,331,333,335,337,339,341,343,350,351,358,359,361,363,364,366,372,373,374,375,377,379,381,383,388,389,390,391,396,397,408,409,410,411,414,415,420,421,422,423,430,431,432,433,436,437,438,439,444,445,446,447,448,449,452,453,454,455,456,457,458,459,462,463,465,467,468,471,473,474,477,479,481,482,485,486,489,490,492,494,502,503,508,509
OZ62,346,347,350,351,370,371,374,375,458,459,462,463,498,499,502,503
OZ63,153,155,157,159,169,171,173,175,177,179,181,183,185,187,189,191,197,199,205,207,213,215,221,223,229,231,237,239,245,247,253,255,257,259,261,263,265,267,269,271,273,275,277,279,281,283,285,286,289,291,293,294,297,299,301,303,305,307,309,310,313,315,317,318,329,331,333,335,350,351,358,359,361,363,364,367,370,371,374,375,378,379,382,383,385,389,393,396,397,399,403,406,411,413,417,422,426,431,433,434,435,436,437,439,440,441,443,447,451,452,453,455,459,461,462,463,467,470,472,473,474,477,478,479,482,485,488,489,490,494,499,501,502,503,506,511
OZ64,197,199,205,207,213,215,221,223,229,231,237,239,245,247,253,255,259,261,267,271,275,277,283,286,291,294,299,301,302,303,307,310,315,317,350,351,364,365,370,371,378,379,396,397,398,399,402,403,406,407,408,409,410,411,412,413,420,421,422,423,426,427,430,431,438,439,450,455,459,461,462,463,467,468,469,470,475,477,478,479,482,485,491,492,493,494,499,501,504,505,506,508,509,510
OZ65,257,259,261,263,265,267,269,271,273,275,277,279,281,283,285,286,289,291,293,295,297,299,301,303,305,307,309,310,313,315,317,319,372,373,374,375,380,381,382,383,388,389,396,397,402,403,408,409,410,411,412,413,420,421,426,427,432,433,434,435,438,439,446,447,448,451,453,454,456,458,461,463,465,467,468,470,472,474,477,478,481,482,485,487,488,491,492,494,497,498,501,502,504,506,508,511
OZ66,254,255,294,295,358,359,366,367,370,371,378,379,380,381,382,383,396,397,406,407,410,411,414,415,430,431,434,435,438,439,446,447,450,451,454,455,458,459,474,475,494,495,498,499,506,507,510,511
OZ67,314,315,316,317,358,359,366,367,370,371,378,379,380,381,382,383,396,397,398,399,406,407,410,411,420,421,426,427,436,437,438,439,452,453,454,455,468,469,478,479,492,493,494,495,498,499,510,511
OZ68,358,359,366,367,370,371,378,379,380,381,382,383,396,397,406,407,410,411,414,415,430,431,434,435,438,439,446,447,450,451,454,455,458,459,474,475,494,495,498,499,506,507,510,511
OZ69,165,167,173,175,177,179,185,187,190,191,205,207,221,223,227,229,235,239,243,245,251,253,259,263,275,277,281,283,286,287,291,293,305,307,310,311,315,316,331,333,337,343,349,350,363,366,372,374,377,378,379,380,381,382,385,387,388,389,390,391,393,395,398,399,401,402,405,407,409,411,412,415,417,419,421,423,425,427,428,430,436,438,440,441,445,446,449,450,452,455,456,458,462,463,465,466,467,470,472,476,477,479,481,482,483,485,486,487,489,490,491,493,497,499,504,507,509,510
OZ70,286,287,294,295,350,351,364,365,366,367,370,371,378,379,382,383,396,397,410,411,412,413,414,415,420,421,434,435,438,439,446,447,450,451,454,455,458,459,462,463,468,469,474,475,494,495,498,499,502,503,504,505,506,507,510,511
OZ71,364,365,366,367,380,381,382,383,412,413,414,415,426,427,430,431,434,435,438,439,450,451,454,455,474,475,478,479,504,505,506,507
OZ72,370,371,374,375,378,379,380,381,390,391,396,397,406,407,410,411,420,421,426,427,436,437,446,447,452,453,458,459,468,469,478,479,486,487,494,495,498,499,510,511
OZ73,177,179,181,183,185,187,189,191,261,263,269,271,277,279,281,283,293,294,301,303,305,307,310,311,317,318,325,327,333,335,337,339,349,351,357,359,365,366,372,374,377,378,380,381,388,389,390,391,396,397,398,399,402,403,414,415,428,429,432,435,437,439,441,443,445,447,448,449,454,455,460,461,472,473,488,489,490,491,492,493,494,495,506,507,510,511
OZ74,350,351,374,375,462,463,502,503
OZ75,93,95,117,119,149,151,157,159,169,171,173,175,179,181,187,191,205,207,211,213,219,223,227,229,235,237,241,243,263,269,275,277,279,281,283,287,293,294,295,303,305,307,310,315,316,319,327,329,337,339,343,351,357,361,366,367,372,377,379,381,387,388,389,391,395,397,398,399,401,405,406,407,408,410,411,412,414,415,419,421,422,423,425,428,430,431,432,434,437,439,440,443,446,447,448,449,450,451,458,461,462,463,467,469,470,471,472,473,474,475,476,477,483,486,488,489,492,493,494,495,499,502,504,506,508,509
OZ76,157,159,171,175,179,183,185,187,205,207,211,213,219,221,237,239,243,245,251,253,263,269,275,277,279,281,293,294,295,302,305,315,317,319,323,327,329,333,337,339,347,349,355,357,361,366,371,372,374,375,377,378,387,388,389,390,391,395,396,397,402,403,405,406,407,408,410,411,412,413,414,415,419,426,427,428,432,435,438,441,442,447,448,449,459,460,462,463,472,473,475,477,478,479,482,483,486,487,488,489,490,494,498,501,502,503,504,505,508,509
OZ77,169,171,173,175,185,187,189,191,265,267,269,271,294,295,297,299,301,302,310,311,325,327,333,335,341,343,349,351,357,359,365,366,373,375,378,379,380,382,385,387,393,395,396,397,398,399,402,403,405,406,409,410,412,413,417,419,422,423,426,427,429,431,432,434,436,437,438,439,441,442,446,447,448,451,452,454,456,458,460,462,465,466,469,471,473,475,477,478,481,483,485,486,488,490,493,494,497,499,501,503,504,507,509,511
OZ78,87,95,119,125,135,143,151,155,163,171,183,189,190,191,199,205,211,215,219,223,229,231,247,251,265,269,271,279,281,283,294,295,297,301,303,305,307,310,311,319,323,327,329,333,335,337,341,343,355,357,361,365,366,377,378,379,380,381,385,387,389,391,393,395,396,397,398,399,405,408,409,410,411,412,413,414,417,421,422,423,425,426,427,428,430,431,434,435,436,437,439,442,446,447,449,450,451,452,453,454,455,456,458,461,465,466,467,469,470,471,472,474,476,478,481,482,483,486,488,490,493,494,497,499,501,504,506,508
OZ79,185,187,189,191,205,207,221,223,227,229,235,239,243,245,251,253,259,263,265,267,269,271,275,279,291,293,294,295,297,299,301,302,315,316,317,319,325,327,331,335,339,341,349,351,357,359,363,365,373,374,379,381,382,383,385,387,389,390,393,395,397,399,402,403,405,406,409,410,412,413,417,419,420,422,425,427,429,431,432,435,438,439,441,442,446,447,448,450,453,454,456,458,460,461,462,463,465,466,467,468,469,471,473,476,477,479,481,482,483,485,486,487,488,492,494,495,497,499,504,506,509,510
OZ80,149,151,163,167,181,183,187,189,205,207,211,213,219,221,237,239,243,245,251,253,259,265,275,277,279,281,285,287,291,297,302,303,305,309,310,315,317,318,323,327,329,333,337,343,355,357,361,366,372,373,377,378,379,380,381,382,388,397,401,405,407,408,411,413,414,415,419,420,421,422,423,431,432,434,436,438,439,440,442,446,448,449,450,451,452,453,458,460,462,463,468,469,470,471,472,473,475,477,490,494,498,501,506,507,508,509
OZ81,265,267,269,271,281,283,285,287,297,299,301,303,305,307,309,310,318,319,329,331,333,335,337,339,341,343,361,363,365,366,377,379,380,383,390,391,398,399,401,403,405,406,409,410,413,415,420,421,426,427,432,435,436,439,440,442,445,447,448,449,452,453,454,455,460,461,462,463,468,469,472,473,478,479,486,487,488,489,490,491,492,493,502,503,506,507
OZ82,171,173,187,191,205,207,211,213,219,221,237,239,243,245,251,253,259,263,267,271,277,279,283,287,291,293,299,301,307,311,317,319,325,329,331,333,337,339,343,351,359,361,363,366,374,377,378,380,381,383,387,389,390,393,396,399,406,408,419,420,423,425,426,428,430,431,432,436,437,443,446,447,448,449,452,453,458,461,468,469,472,473,474,476,478,479,482,483,486,487,490,495,499,501,502,503,508,509,510,511
OZ83,135,143,151,159,163,175,183,187,189,190,263,267,275,285,293,299,302,303,309,315,318,319,323,327,355,357,366,367,374,375,380,381,382,383,385,390,393,395,397,399,401,402,408,411,412,415,417,419,420,423,425,426,428,431,432,434,437,438,440,442,443,445,446,447,448,451,453,454,456,458,460,462,465,466,468,471,473,475,476,478,481,482,485,487,489,491,492,494,497,498,501,503,504,506,508,510
OZ84,323,325,329,333,337,343,347,351,355,359,361,366,371,374,377,378,379,380,381,383,387,391,393,396,397,398,403,407,409,410,411,415,419,421,425,426,427,428,432,436,437,438,442,446,448,449,452,453,458,459,462,463,466,467,472,473,476,477,478,479,482,483,490,491,492,493,494,495,506,507,510,511
OZ85,151,159,167,173,179,183,187,189,190,191,205,207,211,213,219,221,237,239,243,245,251,253,267,269,271,275,277,279,283,287,299,301,302,307,311,315,317,319,325,327,329,333,335,337,339,341,343,351,357,359,361,365,367,372,373,374,377,378,380,383,388,391,393,396,397,399,402,403,408,410,411,413,421,422,423,425,426,427,428,430,432,434,436,438,439,442,445,446,448,449,450,451,452,453,458,461,462,463,466,467,470,471,472,473,474,476,478,479,488,489,490,494,498,501,508,509
OZ86,163,167,173,175,179,183,189,190,205,207,211,213,219,221,237,239,243,245,251,253,269,271,277,279,283,287,301,302,307,311,317,319,327,335,339,341,343,347,357,365,371,372,373,374,375,378,380,383,388,396,397,398,403,406,407,408,409,410,411,413,414,415,419,422,423,426,427,430,434,436,438,442,445,447,450,451,452,453,459,461,462,463,470,471,474,477,478,479,488,489,491,492,493,494,499,501,502,503,506,507,508,509
OZ87,190,191,211,213,219,223,227,229,235,237,275,277,283,287,302,303,307,310,315,316,318,319,372,373,374,375,380,381,382,383,385,388,393,395,397,398,401,402,403,405,408,411,412,415,417,420,421,422,425,426,429,430,432,435,437,439,440,442,443,445,448,450,453,454,456,460,462,463,465,466,467,468,469,471,473,474,476,478,481,485,489,491,493,494,497,501,502,503,504,507,508,510
OZ88,329,331,333,335,337,339,341,343,361,363,365,366,377,379,380,383,393,395,397,398,409,410,412,415,425,427,428,430,432,434,437,438,448,449,450,451,472,473,474,475,476,477,490,491,492,493,494,495,504,505,506,507
OZ89,143,159,167,173,175,179,187,189,203,207,219,221,235,239,251,253,269,279,283,287,303,307,311,318,325,327,331,351,357,359,363,374,382,383,385,387,390,391,393,401,402,405,406,408,410,411,413,415,417,419,423,425,430,432,435,436,438,440,448,450,452,455,456,460,461,463,465,466,469,470,473,474,475,476,477,479,481,483,485,487,488,492,497,498,499,502,505,506,508,511
OZ90,205,207,221,223,227,229,235,239,243,245,251,253,269,271,285,287,301,302,309,310,316,317,372,373,378,379,382,383,385,388,393,397,401,402,406,407,409,410,413,415,417,422,425,428,429,430,432,435,436,438,440,442,446,447,448,450,452,455,456,458,460,461,462,463,465,471,473,474,475,476,477,479,481,485,488,492,494,495,497,498,505,506,509,511
OZ91,203,207,211,213,221,223,227,229,237,239,251,253,267,269,275,277,285,287,299,302,309,310,315,316,372,373,378,379,382,383,385,388,393,397,398,399,401,402,406,407,408,410,413,415,417,420,421,422,425,426,427,428,429,431,432,434,437,438,440,443,446,447,448,451,453,455,456,458,460,461,465,466,467,468,469,471,473,476,477,478,481,485,488,493,494,495,497,498,505,507,508,511
OZ92,155,159,187,191,259,263,267,269,275,279,283,285,291,293,294,295,299,303,307,309,315,318,387,389,395,396,397,399,405,406,411,412,413,415,419,423,426,428,434,439,445,447,450,451,454,455,466,467,478,479,482,483,488,489,494,495,498,499,502,503,504,505
OZ93,259,263,267,269,275,279,283,285,291,293,294,295,299,303,307,309,315,318,387,389,390,391,395,396,397,399,402,405,406,407,411,412,413,415,419,423,427,428,430,431,435,436,437,439,443,445,452,453,454,455,466,467,474,475,482,483,486,487,488,489,494,495,498,499,504,505
OZ94,426,427,430,431,434,435,436,437,450,451,452,453,474,475,478,479
OZ95,211,213,219,223,227,229,235,237,275,277,283,287,294,295,307,311,315,316,366,367,372,373,380,381,385,388,393,395,397,398,401,402,403,405,408,410,412,414,417,423,425,427,429,431,432,434,437,438,440,442,443,445,448,451,453,455,456,460,462,463,465,466,467,470,473,475,476,479,481,485,489,491,493,494,497,501,502,503,504,506,508,511
OZ96,294,295,302,303,310,311,318,319,378,379,380,381,390,391,396,397,422,423,430,431,434,435,436,437,450,451,452,453,470,471,474,475,486,487,494,495
OZ97,378,379,380,381,396,397,410,411,430,431,434,435,450,451,474,475,494,495,510,511
OZ98,229,231,237,239,241,243,249,251,261,263,267,269,273,275,283,285,293,295,299,302,307,309,313,315,316,317,325,327,331,335,339,341,345,347,357,359,363,365,366,367,369,371,374,375,379,381,382,383,389,391,403,406,411,412,413,414,421,422,428,429,430,431,434,438,442,444,445,446,450,451,456,457,458,459,462,463,465,467,470,471,473,474,485,487,488,489,492,495,498,499,502,503,504,505,506,507,510,511
OZ99,302,303,318,319,366,367,372,373,374,375,380,381,385,387,388,391,393,395,397,399,401,403,405,406,408,411,412,414,417,419,421,422,425,427,429,430,432,435,436,438,440,443,445,446,448,450,452,455,456,458,460,463,465,466,469,471,473,474,476,479,481,483,485,486,489,491,492,494,497,499,501,502,504,507,508,510
OZ100,181,183,189,191,241,243,249,251,273,275,285,287,309,311,313,315,316,317,341,343,345,347,366,367,369,371,372,373,374,375,380,382,385,387,388,391,393,395,397,398,401,403,405,406,408,410,413,415,417,419,420,423,425,427,428,430,432,435,438,439,440,443,444,445,448,450,453,454,457,459,460,463,466,467,468,470,474,475,476,479,481,483,485,486,489,491,493,494,497,498,501,502,505,507,508,511
OZ101,372,373,374,375,380,381,382,383,385,387,388,391,393,395,397,399,401,403,405,406,408,410,412,415,417,419,421,423,425,427,429,430,432,435,436,439,440,443,445,446,448,450,452,454,456,458,460,463,465,466,469,470,473,474,476,479,481,483,485,486,489,491,492,494,497,499,501,502,504,506,508,511
OZ102,95,119,159,175,179,183,189,191,199,213,219,231,235,237,239,243,245,253,263,271,275,277,279,285,293,301,309,310,311,315,316,318,325,327,333,335,339,341,347,357,359,365,367,371,375,379,380,383,385,387,389,393,396,397,399,401,403,406,409,411,415,417,419,423,425,428,429,432,434,435,436,437,440,443,445,446,448,451,452,454,455,456,458,459,460,462,463,465,466,467,469,470,473,475,476,477,479,481,483,486,489,490,492,494,495,497,501,502,505,507,509,511
OZ103,241,243,245,247,249,251,253,255,261,263,269,271,273,275,285,287,293,295,301,303,309,311,313,315,316,317,325,327,333,335,341,343,345,347,357,359,365,367,369,371,381,382,385,387,389,391,393,395,396,399,401,403,405,406,409,411,413,414,417,419,421,422,425,427,428,430,432,435,436,439,440,443,444,447,448,450,452,454,457,459,460,463,466,467,470,471,474,475,476,477,481,483,485,487,488,490,492,495,497,498,501,502,505,506,509,510
OZ104,366,367,382,383,414,415,438,439,454,455,506,507
OZ105,117,119,125,127,179,183,187,189,213,215,221,223,233,235,237,239,243,247,251,253,261,263,267,269,273,279,281,283,293,295,299,303,305,307,310,311,313,316,317,318,331,333,337,339,345,351,363,367,369,373,374,375,377,379,380,382,385,389,390,391,393,397,402,403,405,407,412,415,417,422,425,431,434,437,443,446,449,450,451,453,454,455,458,460,462,463,469,470,476,477,481,486,488,490,491,492,494,495,498,503,504,505,506,510
OZ106,221,223,235,239,243,247,249,251,267,271,273,279,281,287,299,301,305,310,313,318,327,331,333,335,343,345,357,363,365,367,369,382,385,391,396,397,406,407,408,412,414,415,417,420,422,423,430,431,432,437,444,445,446,447,448,453,455,457,458,463,468,470,471,474,475,477,481,485,486,489,490,491,492,494,497,498,503,504,505,506,508,510
OZ107,233,235,237,239,249,251,253,255,261,263,269,271,277,279,285,287,293,295,301,303,309,311,317,319,337,339,341,343,377,379,380,383,385,387,389,391,396,397,401,403,405,407,410,411,417,419,420,422,428,429,430,431,434,435,436,437,440,443,444,447,449,451,452,453,456,457,460,463,465,466,468,469,470,471,473,474,481,483,486,487,488,491,494,495,498,499,501,502,505,507
OZ108,125,127,173,175,187,191,199,207,213,219,227,237,247,251,253,255,263,269,273,275,281,283,293,303,305,307,310,311,313,315,316,317,331,335,337,339,343,345,347,351,363,365,369,371,375,377,379,381,382,383,385,387,389,390,391,393,395,399,405,406,411,413,417,419,420,421,423,425,427,431,435,437,438,439,442,444,449,454,455,457,459,461,462,463,466,467,468,470,475,476,477,479,481,483,485,486,487,488,491,492,498,501,502,503,506,507,510,511
OZ109,249,251,253,255,267,271,277,279,283,285,299,301,307,309,310,311,317,318,325,327,331,335,337,341,357,359,363,365,377,380,385,387,390,391,396,397,398,399,401,405,406,407,411,415,417,419,420,421,422,423,428,429,435,436,437,439,440,442,443,445,446,447,449,450,452,454,456,458,460,462,465,466,468,469,470,471,473,475,481,483,485,487,489,491,493,494,498,499,501,503,505,506
OZ110,213,215,227,231,245,247,251,253,267,271,273,275,281,283,285,287,299,301,305,307,309,311,313,315,316,317,325,331,333,335,337,345,347,349,359,363,365,367,369,371,373,374,375,377,382,383,385,387,390,391,393,396,397,399,402,406,408,409,410,411,412,414,417,419,422,423,425,428,434,435,437,438,443,444,445,447,449,450,451,453,455,457,459,460,466,467,470,476,481,483,487,489,490,494,498,504,505,506,507,508,509,510
OZ111,273,275,277,279,281,283,285,287,305,307,309,310,313,315,316,319,337,339,341,343,345,347,349,351,369,371,373,374,377,379,380,383,401,403,405,407,408,411,412,415,422,423,428,429,432,434,436,438,440,442,444,446,448,449,450,451,452,453,456,457,458,459,462,463,465,467,469,471,473,475,477,479,497,499,501,503,504,507,508,511
OZ112,119,127,159,175,187,191,215,219,223,239,261,267,269,271,275,277,279,283,285,287,295,299,301,303,307,309,311,315,317,319,327,331,337,339,341,343,345,347,349,351,357,363,369,371,373,374,375,377,379,380,382,383,390,391,393,396,398,402,403,405,406,408,411,413,415,420,421,422,423,425,428,429,430,432,434,437,439,443,444,446,448,449,450,451,453,455,457,458,459,460,462,463,467,468,470,473,474,475,476,485,486,488,492,493,497,499,501,503,507,508
OZ113,235,237,251,255,261,267,269,271,277,283,285,287,295,299,301,303,307,309,311,316,318,319,325,327,331,335,337,339,345,347,349,351,357,359,363,365,369,371,373,374,377,379,387,391,393,395,396,397,398,399,405,406,408,412,413,415,419,420,425,427,428,429,432,434,435,439,442,443,444,447,448,449,451,453,454,457,459,460,462,463,466,468,470,473,476,479,483,485,487,488,493,494,497,498,501,502,503,504,505,506,508,511
OZ114,199,207,215,223,227,239,247,251,253,255,267,269,275,279,283,285,299,303,307,309,310,311,315,316,317,318,327,331,339,349,357,363,373,379,385,391,393,397,398,399,401,402,403,407,408,413,417,421,422,423,425,428,429,430,432,436,440,446,448,450,452,454,456,458,461,463,465,467,469,470,473,474,475,476,481,486,488,491,493,494,497,498,502,503,505,506,508,510
OZ115,261,263,269,271,277,279,285,287,293,295,301,303,309,311,316,318,337,339,341,343,345,347,349,351,369,371,373,374,377,379,380,383,387,389,393,396,403,405,406,407,408,410,411,413,419,420,421,422,425,428,429,430,432,434,435,437,443,444,446,447,448,449,451,453,457,458,459,460,466,468,470,471,473,474,475,476,483,487,488,495,497,501,507,508
OZ116,215,223,231,237,243,247,251,253,271,277,279,283,301,307,316,319,333,343,347,351,367,371,374,382,385,391,393,395,396,399,401,403,405,406,409,412,414,415,417,420,425,427,429,431,432,436,440,442,445,447,448,452,455,456,459,460,462,463,465,468,469,470,471,473,475,476,477,479,481,486,489,490,492,495,497,498,499,501,504,506,510,511
OZ117,227,231,237,239,243,247,253,255,263,267,269,271,275,277,279,285,293,299,301,303,309,315,316,319,331,333,339,343,347,351,363,367,371,374,379,382,385,387,389,390,393,397,401,402,403,407,409,410,413,414,417,419,420,422,425,428,429,431,432,435,436,439,440,442,443,447,448,452,454,456,459,460,462,463,465,466,467,468,469,470,471,473,476,477,481,483,487,488,490,492,494,495,497,501,503,505,506,510
OZ118,267,271,275,277,299,301,315,316,331,335,337,343,345,347,349,351,363,365,369,371,373,374,377,383,390,391,393,399,406,407,408,415,420,421,422,423,425,429,430,431,432,436,437,439,444,445,446,447,448,449,452,453,454,455,457,458,459,460,467,468,470,471,473,474,476,479,486,487,489,495,497,499,501,502,507,508
OZ119,337,339,341,343,345,347,349,351,369,371,373,374,377,379,380,383,390,391,393,395,397,398,406,407,409,410,412,415,422,423,425,427,429,431,432,434,436,439,444,445,448,449,450,451,452,453,454,455,457,459,460,463,470,471,473,475,476,479,486,487,489,491,493,494,497,499,501,502,504,505,506,507
OZ120,207,223,231,237,239,243,251,253,271,277,279,283,301,307,316,318,331,333,335,339,341,343,347,351,363,365,367,371,374,379,380,382,385,391,393,396,397,399,401,403,405,406,409,411,414,415,417,420,425,429,430,431,432,434,436,437,440,442,445,447,448,450,451,452,455,456,459,460,461,462,463,465,468,469,470,473,474,476,477,479,481,486,489,490,492,494,495,497,498,499,501,505,506,511
OZ121,269,271,275,277,283,285,301,303,307,309,310,311,315,316,318,319,333,335,339,341,347,349,365,367,371,373,374,375,379,380,382,383,396,398,403,405,406,407,408,409,410,413,414,415,420,421,428,431,434,437,442,445,446,447,450,451,458,459,460,462,467,468,475,477,488,489,490,491,493,495,499,501,502,503,507,508
OZ122,331,335,339,341,363,365,379,380,395,397,410,412,427,430,434,437,450,451,474,475,494,495,504,505
OZ123,219,223,251,255,325,327,333,335,341,343,349,351,357,359,365,367,373,375,380,382,387,391,395,397,403,407,410,412,414,415,419,421,422,423,427,430,435,437,443,446,450,455,458,460,466,471,474,475,477,479,483,485,490,494,498,499,501,503,504,505,506,511
OZ124,325,327,333,335,341,343,349,351,357,359,365,367,373,375,380,382,387,390,395,397,403,406,410,412,414,415,419,421,422,423,427,430,435,437,443,446,450,455,458,460,466,471,474,477,483,485,486,487,490,494,499,501,504,505,506,511
OZ125,167,173,179,187,189,191,231,237,243,251,253,255,275,283,285,287,307,309,310,315,318,319,333,335,341,351,365,367,375,380,395,398,402,403,405,406,407,410,412,414,420,421,422,427,428,430,437,439,443,446,454,458,467,468,469,471,474,475,477,479,490,493,498,504,505,506,507,511
OZ126,159,191,223,231,239,247,253,255,263,279,293,316,317,318,327,333,335,339,341,347,357,365,367,371,379,380,382,383,385,387,389,391,393,396,397,398,401,403,405,408,414,417,419,421,423,425,429,430,431,432,434,435,436,437,439,440,443,445,446,447,448,451,452,454,455,456,458,459,460,463,465,466,469,470,473,474,475,476,477,481,483,485,486,489,490,491,493,494,495,497,501,502,503,505,507,508,510,511
OZ127,173,175,179,183,187,191,237,239,243,247,251,255,275,279,283,287,307,311,315,316,317,319,333,335,341,343,349,351,365,367,373,374,381,382,390,391,395,396,397,399,402,403,406,407,410,412,420,421,422,423,427,430,437,439,443,446,454,455,458,460,467,468,469,471,474,475,477,479,486,487,490,492,494,495,498,501,504,505,506,507,510,511
OZ128,179,183,187,189,223,231,237,247,263,279,283,285,293,307,309,310,311,318,327,333,335,341,343,347,349,351,357,365,367,371,373,374,381,383,389,395,396,398,402,403,405,406,407,410,412,415,422,427,428,430,437,443,459,460,471,474,477,485,490,493,495,499,501,503,504,505,506,507,510,511
OZ129,237,239,243,247,251,255,263,271,277,283,293,301,307,310,311,317,318,319,327,335,339,341,343,351,357,365,374,379,381,383,387,389,395,396,398,399,406,407,408,409,410,411,412,415,419,420,421,423,427,430,434,435,437,439,442,443,446,447,451,454,458,462,466,468,474,479,483,485,491,492,493,495,498,499,502,503,504,505,506,507,508,510
OZ130,231,239,247,253,263,279,293,319,327,349,357,373,374,375,380,381,382,383,385,387,389,391,393,395,397,399,401,403,405,406,408,410,412,415,417,419,421,423,425,427,429,430,432,435,436,439,440,443,445,446,448,450,452,454,455,456,458,463,465,466,469,470,473,474,476,479,481,483,485,486,489,491,492,494,497,499,502,504,506,508,510,511
OZ131,316,317,318,319,333,335,339,341,347,349,365,367,371,373,374,375,379,381,390,391,395,396,398,399,406,407,410,412,414,415,427,431,434,437,450,451,459,460,475,477,486,487,490,492,493,495,499,501,504,505,506,507
