X0,0,1,4,5,32,33,36,37
X1,0,8,16,24,32,40,48,60
X2,2,3,6,7,34,35,38,39
X3,2,8,23,28,38,44,50,60
X4,1,9,17,25,33,41,49,61
X5,4,12,22,30,37,45,54,58
X6,3,9,22,29,39,45,51,61
X7,6,13,17,27,35,41,53,59
X8,8,9,12,13,40,41,44,45
X9,0,10,20,31,36,46,48,62
X10,10,11,14,15,42,43,46,47
X11,1,11,21,30,37,47,49,63
X12,4,15,18,24,32,42,54,56
X13,16,17,20,21,48,49,52,53
X14,2,10,18,26,34,42,50,62
X15,18,19,22,23,50,51,54,55
X16,5,13,23,31,36,44,55,59
X17,24,25,28,29,56,57,60,61
X18,26,27,30,31,58,59,62,63
X19,3,11,19,27,35,43,51,63
X20,6,14,20,28,38,46,53,57
X21,5,14,19,25,33,43,55,57
OX0,52,53,54,55,56,57,58,59
OX1,49,51,53,55,57,59,61,63
OX2,44,45,46,47,50,51,54,55,56,57,62,63
OX3,28,29,30,31,42,43,46,47,50,51,54,55
OX4,34,35,38,39,40,42,45,47,54,55,57,59,60,63
OX5,40,41,42,43,50,51,54,55,58,59,60,61
OX6,38,39,46,47,50,51,62,63
OX7,21,23,29,31,33,37,42,46,50,53,54,55,59,61
OX8,41,42,45,46,54,55,57,59,61,62
OX9,33,35,37,39,42,43,46,47,54,55,57,59,61,62
OX10,30,31,46,47,54,55,56,57
OX11,22,23,29,31,50,54,56,62
OX12,42,43,46,47,56,57,62,63
OX13,25,27,29,31,46,47,57,59,61,63
OX14,23,29,35,39,43,46,50,57,59,62
OX15,29,31,46,47,51,55,57,63
OX16,35,39,43,47,51,55,59,63
OX17,19,27,55,59
OX18,14,15,56,57
OX19,11,15,27,31,43,46,56,57,59,63
Z0,0,1,4,5,32,33,36,37
Z1,0,8,16,24,32,40,48,60
Z2,2,3,6,7,34,35,38,39
Z3,2,8,23,28,38,44,50,60
Z4,1,9,17,25,33,41,49,61
Z5,4,12,22,30,37,45,54,58
Z6,3,9,22,29,39,45,51,61
Z7,6,13,17,27,35,41,53,59
Z8,8,9,12,13,40,41,44,45
Z9,0,10,20,31,36,46,48,62
Z10,10,11,14,15,42,43,46,47
Z11,1,11,21,30,37,47,49,63
Z12,4,15,18,24,32,42,54,56
Z13,16,17,20,21,48,49,52,53
Z14,2,10,18,26,34,42,50,62
Z15,18,19,22,23,50,51,54,55
Z16,5,13,23,31,36,44,55,59
Z17,24,25,28,29,56,57,60,61
Z18,26,27,30,31,58,59,62,63
Z19,3,11,19,27,35,43,51,63
Z20,6,14,20,28,38,46,53,57
Z21,5,14,19,25,33,43,55,57
OZ0,52,53,54,55,56,57,58,59
OZ1,49,51,53,55,57,59,61,63
OZ2,44,45,46,47,50,51,54,55,56,57,62,63
OZ3,28,29,30,31,42,43,46,47,50,51,54,55
OZ4,34,35,38,39,40,42,45,47,54,55,57,59,60,63
OZ5,40,41,42,43,50,51,54,55,58,59,60,61
OZ6,38,39,46,47,50,51,62,63
OZ7,21,23,29,31,33,37,42,46,50,53,54,55,59,61
OZ8,41,42,45,46,54,55,57,59,61,62
OZ9,33,35,37,39,42,43,46,47,54,55,57,59,61,62
OZ10,30,31,46,47,54,55,56,57
OZ11,22,23,29,31,50,54,56,62
OZ12,42,43,46,47,56,57,62,63
OZ13,25,27,29,31,46,47,57,59,61,63
OZ14,23,29,35,39,43,46,50,57,59,62
OZ15,29,31,46,47,51,55,57,63
OZ16,35,39,43,47,51,55,59,63
OZ17,19,27,55,59
OZ18,14,15,56,57
OZ19,11,15,27,31,43,46,56,57,59,63
