X0,0,1,4,5,32,33,36,37
X1,0,8,16,24,32,40,48,60
X2,2,3,6,7,34,35,38,39
X3,2,8,22,28,38,44,50,60
X4,1,9,17,25,33,41,49,61
X5,4,13,22,31,37,44,54,59
X6,3,9,23,29,39,45,51,61
X7,6,12,16,26,34,40,52,58
X8,8,9,12,13,40,41,44,45
X9,0,10,20,30,36,46,48,62
X10,10,11,14,15,42,43,46,47
X11,1,11,21,31,37,47,49,63
X12,4,14,18,24,32,42,54,56
X13,16,17,20,21,48,49,52,53
X14,2,10,19,27,35,43,50,62
X15,18,19,22,23,50,51,54,55
X16,5,12,23,30,36,45,55,58
X17,24,25,28,29,56,57,60,61
X18,26,27,30,31,58,59,62,63
X19,3,11,18,26,34,42,51,63
X20,6,15,21,28,38,47,52,57
X21,5,15,19,25,33,43,55,57
OX0,40,41,42,43,44,45,46,47,52,53,54,55,60,61,62,63
OX1,28,29,30,31,44,45,46,47,49,51,52,55,57,58,61,63
OX2,44,45,46,47,50,51,52,53,58,59,62,63
OX3,42,43,46,47,49,51,52,55,56,58,61,62
OX4,41,43,45,46,54,55,56,59,61,62
OX5,52,53,54,55,56,57,58,59
OX6,38,39,46,47,50,51,62,63
OX7,14,15,21,22,29,31,33,34,35,37,43,46,50,53,54,55,58,61,62,63
OX8,34,35,46,47,49,51,53,55,57,58,61,62
OX9,33,35,37,39,46,47,49,51,53,54,56,57,62,63
OX10,30,31,46,47,54,55,56,57
OX11,29,31,51,54,56,63
OX12,49,51,53,54,56,59,61,63
OX13,25,27,46,47,51,54,56,57,59,61,62,63
OX14,11,15,19,27,43,46,54,56,57,59,62,63
OX15,22,23,46,47,50,51,54,55,56,57,62,63
OX16,21,23,51,53,54,55,56,57,59,63
OX17,19,23,27,31,35,39,43,47,54,55,56,57
OX18,35,39,43,47,51,54,56,57,59,63
OX19,23,27,46,47,51,54,55,56,57,59,62,63
Z0,0,1,4,5,32,33,36,37
Z1,0,8,16,24,32,40,48,60
Z2,2,3,6,7,34,35,38,39
Z3,2,8,22,28,38,44,50,60
Z4,1,9,17,25,33,41,49,61
Z5,4,13,22,31,37,44,54,59
Z6,3,9,23,29,39,45,51,61
Z7,6,12,16,26,34,40,52,58
Z8,8,9,12,13,40,41,44,45
Z9,0,10,20,30,36,46,48,62
Z10,10,11,14,15,42,43,46,47
Z11,1,11,21,31,37,47,49,63
Z12,4,14,18,24,32,42,54,56
Z13,16,17,20,21,48,49,52,53
Z14,2,10,19,27,35,43,50,62
Z15,18,19,22,23,50,51,54,55
Z16,5,12,23,30,36,45,55,58
Z17,24,25,28,29,56,57,60,61
Z18,26,27,30,31,58,59,62,63
Z19,3,11,18,26,34,42,51,63
Z20,6,15,21,28,38,47,52,57
Z21,5,15,19,25,33,43,55,57
OZ0,40,41,42,43,44,45,46,47,52,53,54,55,60,61,62,63
OZ1,28,29,30,31,44,45,46,47,49,51,52,55,57,58,61,63
OZ2,44,45,46,47,50,51,52,53,58,59,62,63
OZ3,42,43,46,47,49,51,52,55,56,58,61,62
OZ4,41,43,45,46,54,55,56,59,61,62
OZ5,52,53,54,55,56,57,58,59
OZ6,38,39,46,47,50,51,62,63
OZ7,14,15,21,22,29,31,33,34,35,37,43,46,50,53,54,55,58,61,62,63
OZ8,34,35,46,47,49,51,53,55,57,58,61,62
OZ9,33,35,37,39,46,47,49,51,53,54,56,57,62,63
OZ10,30,31,46,47,54,55,56,57
OZ11,29,31,51,54,56,63
OZ12,49,51,53,54,56,59,61,63
OZ13,25,27,46,47,51,54,56,57,59,61,62,63
OZ14,11,15,19,27,43,46,54,56,57,59,62,63
OZ15,22,23,46,47,50,51,54,55,56,57,62,63
OZ16,21,23,51,53,54,55,56,57,59,63
OZ17,19,23,27,31,35,39,43,47,54,55,56,57
OZ18,35,39,43,47,51,54,56,57,59,63
OZ19,23,27,46,47,51,54,55,56,57,59,62,63
