X0,0,9,16,18
X1,1,8,17,19
X2,2,11,13,20
X3,3,10,12,21
X4,4,6,15,22
X5,5,7,14,23
X6,4,22,37,39,58,71,72,86,99,109
X7,5,23,36,38,59,70,73,87,98,108
X8,1,19,40,41,55,69,74,84,101,112
X9,0,18,40,41,54,68,75,85,100,113
X10,3,21,36,38,57,67,76,89,96,110
X11,2,20,37,39,56,66,77,88,97,111
X12,3,10,43,45,52,57,72,86,115,118
X13,2,11,42,44,53,56,73,87,114,119
X14,5,7,46,47,49,59,74,84,115,118
X15,4,6,46,47,48,58,75,85,114,119
X16,0,9,42,44,51,54,76,89,116,117
X17,1,8,43,45,50,55,77,88,116,117
X18,24,51,76,96
X19,25,50,77,97
X20,26,53,73,98
X21,27,52,72,99
X22,28,48,75,100
X23,29,49,74,101
X24,30,61,90,102
X25,31,60,91,103
X26,32,64,92,104
X27,33,65,93,105
X28,34,62,94,106
X29,35,63,95,107
X30,36,67,79,108
X31,37,66,78,109
X32,38,70,82,110
X33,39,71,83,111
X34,40,68,80,112
X35,41,69,81,113
X36,42,54,85,114
X37,43,55,84,115
X38,44,56,88,116
X39,45,57,89,117
X40,46,58,86,118
X41,47,59,87,119
X42,12,21,28,34,62,67,79,81,100,113
X43,13,20,29,35,63,66,78,80,101,112
X44,14,23,25,31,60,70,82,83,97,111
X45,15,22,24,30,61,71,82,83,96,110
X46,9,16,24,30,51,65,92,93,102,104
X47,8,17,25,31,50,64,92,93,103,105
X48,11,13,26,32,53,63,90,95,102,104
X49,10,12,27,33,52,62,91,94,103,105
X50,6,15,28,34,48,61,90,95,106,107
X51,7,14,29,35,49,60,91,94,106,107
OX0,91,92,95,103,104,107
OX1,90,93,94,102,105,106
OX2,75,76,79,83,87,88,96,100,108,111,116,119
OX3,74,77,78,82,86,89,97,101,109,110,117,118
OX4,73,77,81,82,85,89,97,98,110,113,114,117
OX5,72,76,80,83,84,88,96,99,111,112,115,116
OX6,77,82,89,97,110,117
OX7,76,83,88,96,111,116
OX8,63,64,68,80,81,92,93,94,95,105,106,113
OX9,62,65,69,80,81,92,93,94,95,104,107,112
OX10,61,65,66,78,83,92,94,102,104,105,106,111
OX11,60,64,67,79,82,93,95,103,104,105,107,110
OX12,67,68,71,78,79,80,81,82,83,109,110,113
OX13,66,69,70,78,79,80,81,82,83,108,111,112
OX14,53,65,69,79,80,85,92,93,98,104,108,112,113,114
OX15,52,64,68,78,81,84,92,93,99,105,109,112,113,115
Z0,0,9,16,18
Z1,1,8,17,19
Z2,2,11,13,20
Z3,3,10,12,21
Z4,4,6,15,22
Z5,5,7,14,23
Z6,4,22,37,39,58,71,72,86,99,109
Z7,5,23,36,38,59,70,73,87,98,108
Z8,1,19,40,41,55,69,74,84,101,112
Z9,0,18,40,41,54,68,75,85,100,113
Z10,3,21,36,38,57,67,76,89,96,110
Z11,2,20,37,39,56,66,77,88,97,111
Z12,3,10,43,45,52,57,72,86,115,118
Z13,2,11,42,44,53,56,73,87,114,119
Z14,5,7,46,47,49,59,74,84,115,118
Z15,4,6,46,47,48,58,75,85,114,119
Z16,0,9,42,44,51,54,76,89,116,117
Z17,1,8,43,45,50,55,77,88,116,117
Z18,24,51,76,96
Z19,25,50,77,97
Z20,26,53,73,98
Z21,27,52,72,99
Z22,28,48,75,100
Z23,29,49,74,101
Z24,30,61,90,102
Z25,31,60,91,103
Z26,32,64,92,104
Z27,33,65,93,105
Z28,34,62,94,106
Z29,35,63,95,107
Z30,36,67,79,108
Z31,37,66,78,109
Z32,38,70,82,110
Z33,39,71,83,111
Z34,40,68,80,112
Z35,41,69,81,113
Z36,42,54,85,114
Z37,43,55,84,115
Z38,44,56,88,116
Z39,45,57,89,117
Z40,46,58,86,118
Z41,47,59,87,119
Z42,12,21,28,34,62,67,79,81,100,113
Z43,13,20,29,35,63,66,78,80,101,112
Z44,14,23,25,31,60,70,82,83,97,111
Z45,15,22,24,30,61,71,82,83,96,110
Z46,9,16,24,30,51,65,92,93,102,104
Z47,8,17,25,31,50,64,92,93,103,105
Z48,11,13,26,32,53,63,90,95,102,104
Z49,10,12,27,33,52,62,91,94,103,105
Z50,6,15,28,34,48,61,90,95,106,107
Z51,7,14,29,35,49,60,91,94,106,107
OZ0,91,92,95,103,104,107
OZ1,90,93,94,102,105,106
OZ2,75,76,79,83,87,88,96,100,108,111,116,119
OZ3,74,77,78,82,86,89,97,101,109,110,117,118
OZ4,73,77,81,82,85,89,97,98,110,113,114,117
OZ5,72,76,80,83,84,88,96,99,111,112,115,116
OZ6,77,82,89,97,110,117
OZ7,76,83,88,96,111,116
OZ8,63,64,68,80,81,92,93,94,95,105,106,113
OZ9,62,65,69,80,81,92,93,94,95,104,107,112
OZ10,61,65,66,78,83,92,94,102,104,105,106,111
OZ11,60,64,67,79,82,93,95,103,104,105,107,110
OZ12,67,68,71,78,79,80,81,82,83,109,110,113
OZ13,66,69,70,78,79,80,81,82,83,108,111,112
OZ14,53,65,69,79,80,85,92,93,98,104,108,112,113,114
OZ15,52,64,68,78,81,84,92,93,99,105,109,112,113,115
