X0,0,2,160,162
X1,1,3,161,163
X2,0,32,64,96,128,160,192,230,256,312
X3,1,33,65,97,129,161,193,231,257,313
X4,4,10,164,170
X5,5,11,165,171
X6,6,13,166,173
X7,7,12,167,172
X8,8,14,168,174
X9,9,15,169,175
X10,4,32,74,104,150,170,196,234,256,298
X11,5,33,75,105,151,171,197,235,257,299
X12,7,39,71,103,135,167,199,225,263,319
X13,6,38,70,102,134,166,198,224,262,318
X14,8,40,72,104,136,168,200,244,264,298
X15,9,41,73,105,137,169,201,245,265,299
X16,16,23,176,183
X17,17,22,177,182
X18,18,25,178,184
X19,19,24,179,185
X20,20,26,180,186
X21,21,27,181,187
X22,17,38,86,116,139,182,208,246,262,310
X23,16,39,87,117,138,183,209,247,263,311
X24,19,41,88,97,159,185,211,249,265,313
X25,18,40,89,96,158,184,210,248,264,312
X26,20,53,84,117,148,180,213,232,277,311
X27,21,52,85,116,149,181,212,233,276,310
X28,28,30,188,190
X29,29,31,189,191
X30,28,53,94,103,153,190,221,255,277,319
X31,29,52,95,102,152,191,220,254,276,318
X32,32,36,192,196
X33,33,37,193,197
X34,34,42,194,202
X35,35,43,195,203
X36,2,34,66,98,130,162,194,236,258,306
X37,3,35,67,99,131,163,195,237,259,307
X38,38,48,198,208
X39,39,49,199,209
X40,40,50,200,210
X41,41,51,201,211
X42,10,35,68,111,145,164,203,228,259,293
X43,44,55,205,215
X44,45,54,204,214
X45,46,57,207,216
X46,47,56,206,217
X47,13,45,77,109,141,173,204,227,268,317
X48,12,44,76,108,140,172,205,226,269,316
X49,14,47,79,111,143,174,206,251,271,293
X50,15,46,78,110,142,175,207,250,270,292
X51,52,61,212,220
X52,53,60,213,221
X53,22,44,81,123,133,177,215,241,269,305
X54,24,47,82,99,157,179,217,243,271,307
X55,58,62,218,222
X56,59,63,219,223
X57,26,59,90,122,154,186,219,238,283,304
X58,27,58,91,123,155,187,218,239,282,305
X59,30,58,93,108,146,188,222,252,282,316
X60,64,70,224,230
X61,65,71,225,231
X62,66,76,226,236
X63,67,77,227,237
X64,68,80,228,240
X65,69,81,229,241
X66,0,36,66,114,140,162,192,226,260,290
X67,1,37,67,115,141,163,193,227,261,291
X68,72,84,232,244
X69,73,85,233,245
X70,74,86,234,246
X71,75,87,235,247
X72,6,48,77,125,131,173,198,237,273,301
X73,78,90,238,250
X74,79,91,239,251
X75,4,36,68,100,132,164,196,240,260,302
X76,5,37,69,101,133,165,197,241,261,303
X77,82,93,243,252
X78,83,92,242,253
X79,8,50,79,101,155,174,200,239,275,303
X80,9,51,78,100,154,175,201,238,274,302
X81,16,49,80,113,145,176,209,228,272,315
X82,88,95,249,254
X83,89,94,248,255
X84,20,60,90,112,142,186,213,250,285,314
X85,18,50,83,115,147,178,210,253,275,291
X86,19,51,82,114,146,179,211,252,274,290
X87,28,60,93,125,157,188,221,243,285,301
X88,96,104,256,264
X89,97,105,257,265
X90,98,110,258,270
X91,99,111,259,271
X92,100,114,260,274
X93,101,115,261,275
X94,102,116,262,276
X95,103,117,263,277
X96,2,42,64,120,134,160,194,224,266,288
X97,3,43,65,121,135,161,195,225,267,289
X98,106,120,266,280
X99,107,121,267,281
X100,108,123,269,282
X101,109,122,268,283
X102,7,49,76,124,130,172,199,236,272,300
X103,112,125,273,285
X104,113,124,272,284
X105,14,56,72,106,148,168,206,232,280,296
X106,10,43,74,107,139,170,203,246,267,297
X107,12,55,71,127,129,167,205,231,279,295
X108,118,126,278,286
X109,119,127,279,287
X110,13,54,70,126,128,166,204,230,278,294
X111,26,63,84,119,136,180,219,244,287,308
X112,128,158,294,312
X113,129,159,295,313
X114,130,156,300,306
X115,131,157,301,307
X116,132,154,302,304
X117,133,155,303,305
X118,134,152,288,318
X119,135,153,289,319
X120,136,150,298,308
X121,137,151,299,309
X122,138,148,296,311
X123,139,149,297,310
X124,140,146,290,316
X125,141,147,291,317
X126,142,144,292,314
X127,143,145,293,315
X128,11,34,69,110,144,165,202,229,258,292
X129,22,55,86,119,150,182,215,234,279,308
X130,11,42,75,106,138,171,202,247,266,296
X131,24,56,88,120,152,185,217,254,280,288
X132,17,48,81,112,144,177,208,229,273,314
X133,21,61,91,113,143,187,212,251,284,315
X134,25,46,83,98,156,178,216,242,270,306
X135,29,61,92,124,156,189,220,242,284,300
X136,15,57,73,107,149,169,207,233,281,297
X137,30,62,94,126,158,190,222,248,286,294
X138,23,45,80,122,132,176,214,240,268,304
X139,27,62,85,118,137,181,218,245,286,309
X140,25,57,89,121,153,184,216,255,281,289
X141,23,54,87,118,151,183,214,235,278,309
OX0,180,181,186,187,188,189,190,191,212,213,218,219,220,221,222,223,226,227,228,229,236,237,238,239,240,241,242,243,250,251,252,253,258,259,260,261,268,269,270,271,272,273,274,275,282,283,284,285
OX1,258,259,260,261,268,269,270,271,272,273,274,275,282,283,284,285,290,291,292,293,300,301,302,303,304,305,306,307,314,315,316,317
OX2,226,227,228,229,236,237,238,239,240,241,242,243,250,251,252,253,290,291,292,293,300,301,302,303,304,305,306,307,314,315,316,317
OX3,178,179,184,185,188,189,190,191,228,229,232,233,234,235,238,239,240,241,242,243,244,245,246,247,248,249,250,251,252,253,254,255,260,261,262,263,266,267,268,269,274,275,276,277,280,281,282,283,288,289,290,291,292,293,298,299,308,309,314,315,316,317,318,319
OX4,260,261,262,263,266,267,268,269,274,275,276,277,280,281,282,283,288,289,290,291,296,297,302,303,304,305,310,311,316,317,318,319
OX5,228,229,232,233,234,235,238,239,240,241,244,245,246,247,250,251,292,293,296,297,298,299,302,303,304,305,308,309,310,311,314,315
OX6,161,163,165,167,169,171,172,175,176,179,181,183,185,187,189,191,204,205,214,215,218,219,222,223,225,227,229,231,233,235,237,238,241,243,245,247,249,250,252,254,272,273,278,279,284,285,286,287
OX7,204,205,214,215,218,219,222,223,268,269,278,279,282,283,286,287
OX8,169,175,179,181,185,187,189,191,193,195,197,201,203,207,211,216,233,239,242,245,249,251,253,254,257,259,261,265,267,271,275,281
OX9,193,195,197,199,201,203,205,207,209,211,213,215,216,219,221,223,238,239,242,243,250,251,252,253,257,259,261,263,265,267,269,271,272,275,277,279,281,282,284,287
OX10,165,171,176,179,183,185,189,191,195,203,205,207,215,216,219,223,227,235,237,239,242,243,247,249,251,252,253,254,261,267,268,269,273,275,279,281,282,283,285,287,292,293,314,315
OX11,232,233,234,235,244,245,246,247,262,263,266,267,276,277,280,281,288,289,298,299,308,309,318,319
OX12,176,177,182,183,188,189,190,191,206,207,216,217,218,219,222,223,225,227,229,231,233,235,237,239,241,242,245,247,249,251,253,254,257,259,261,263,265,267,268,271,273,275,277,279,281,283,285,287,292,293,296,297,310,311,314,315
OX13,262,263,266,267,276,277,280,281,288,289,296,297,310,311,318,319
OX14,167,172,177,181,182,187,189,191,195,199,201,203,206,207,209,211,216,217,219,223,227,235,237,238,242,243,247,249,250,252,253,254,263,269,273,277,279,282,285,287,289,291,293,296,297,299,309,310,311,315,317,319
OX15,188,189,190,191,199,201,205,206,209,211,215,217,218,219,222,223,229,235,238,239,241,243,247,249,250,251,252,254,263,269,272,277,279,282,284,287,292,296,299,303,305,309,311,314
OX16,195,199,203,207,209,213,216,221,227,229,237,239,241,242,251,253,259,263,267,271,272,277,281,284,291,292,301,303,305,307,314,317
OX17,206,207,212,213,216,217,220,221,225,227,229,231,233,235,237,239,241,242,245,247,249,251,253,254,289,291,292,295,296,299,301,303,305,307,309,311,313,314,317,319
OX18,111,121,123,127,145,153,154,159,199,205,207,209,213,215,216,221,225,227,231,237,238,242,250,253,261,263,268,269,271,272,275,277,279,281,283,284,301,303,304,305,307,313,315,319
OX19,145,147,149,151,152,155,156,159,233,239,242,245,249,251,253,254,257,261,263,265,266,267,272,275,277,280,281,284,288,289,291,293,296,297,300,303,309,311,313,319
OX20,152,153,158,159,248,249,254,255,257,263,265,266,277,278,280,286,288,294,296,299,309,311,313,319
OX21,120,121,126,127,154,155,158,159,199,205,209,212,215,218,220,222,229,233,235,238,241,245,247,248,249,250,254,255,261,266,268,269,272,275,279,281,282,283,284,286,289,291,292,294,295,299,304,305,309,314,317,319
OX22,149,151,153,154,155,156,157,158,227,229,233,237,238,241,242,245,248,250,253,255,259,261,267,268,271,272,275,278,281,283,284,286,289,292,293,294,297,299,300,301,304,305,314,315
OX23,77,87,91,95,126,127,147,151,155,159,177,179,182,185,199,201,205,207,209,211,215,216,218,219,222,223,225,231,233,235,237,238,239,242,245,250,253,254,257,265,267,269,272,273,278,281,282,284,285,287,295,297,299,301,305,307,310,317
OX24,43,55,57,63,158,159,177,182,189,191,203,207,212,215,220,223,225,229,231,239,241,248,251,255,257,259,265,267,271,273,278,279,281,285,286,287,289,292,294,295,297,299,301,303,305,307,309,310,314,319
OX25,154,155,156,157,227,229,237,238,241,242,250,253,259,261,268,271,272,275,283,284,292,293,300,301,304,305,314,315
OX26,126,127,205,215,218,222,257,265,269,278,279,282,295,299,309,313
OX27,156,157,158,159,225,227,231,237,242,248,253,255,257,259,265,271,272,278,284,286,289,291,293,294,295,299,300,301,309,315,317,319
OX28,115,121,125,127,147,153,157,159,179,185,189,191,205,207,215,216,225,227,229,231,237,241,242,243,249,252,253,254,269,275,279,281,282,285,292,303,305,307,313,314,317,319
OX29,158,159,225,231,248,255,257,265,278,286,289,294,295,299,309,319
OX30,57,63,91,95,121,123,125,127,153,155,157,159,179,181,185,187,201,205,207,211,215,219,225,231,233,238,239,245,250,254,269,279,281,285,301,305,313,319
OX31,91,95,121,123,147,153,179,185,199,207,209,213,216,221,225,229,231,239,241,242,243,252,253,254,261,263,272,275,277,281,282,284,291,292,295,313,314,319
OX32,147,151,155,159,181,187,189,191,201,205,211,212,215,219,220,223,227,229,237,238,241,243,250,252,257,261,265,269,275,279,282,287,292,301,305,307,309,313,314,317
OX33,55,63,87,95,121,123,151,153,155,157,177,179,182,185,201,205,211,213,219,221,229,233,235,238,241,245,250,254,263,267,269,273,277,285,292,297,301,303,309,310,314,319
OX34,87,95,123,125,151,159,177,182,189,191,201,207,211,213,216,219,221,223,225,227,231,233,235,237,238,242,243,245,249,250,252,253,263,267,273,277,279,281,282,287,291,297,301,307,309,310,313,317
OX35,151,153,155,157,177,179,181,182,185,187,189,191,199,201,209,211,213,219,221,223,225,229,231,238,241,249,250,254,257,263,265,267,272,273,277,279,281,284,285,287,292,297,301,303,309,310,314,319
Z0,0,2,160,162
Z1,1,3,161,163
Z2,0,32,64,96,128,160,192,230,256,312
Z3,1,33,65,97,129,161,193,231,257,313
Z4,4,10,164,170
Z5,5,11,165,171
Z6,6,13,166,173
Z7,7,12,167,172
Z8,8,14,168,174
Z9,9,15,169,175
Z10,4,32,74,104,150,170,196,234,256,298
Z11,5,33,75,105,151,171,197,235,257,299
Z12,7,39,71,103,135,167,199,225,263,319
Z13,6,38,70,102,134,166,198,224,262,318
Z14,8,40,72,104,136,168,200,244,264,298
Z15,9,41,73,105,137,169,201,245,265,299
Z16,16,23,176,183
Z17,17,22,177,182
Z18,18,25,178,184
Z19,19,24,179,185
Z20,20,26,180,186
Z21,21,27,181,187
Z22,17,38,86,116,139,182,208,246,262,310
Z23,16,39,87,117,138,183,209,247,263,311
Z24,19,41,88,97,159,185,211,249,265,313
Z25,18,40,89,96,158,184,210,248,264,312
Z26,20,53,84,117,148,180,213,232,277,311
Z27,21,52,85,116,149,181,212,233,276,310
Z28,28,30,188,190
Z29,29,31,189,191
Z30,28,53,94,103,153,190,221,255,277,319
Z31,29,52,95,102,152,191,220,254,276,318
Z32,32,36,192,196
Z33,33,37,193,197
Z34,34,42,194,202
Z35,35,43,195,203
Z36,2,34,66,98,130,162,194,236,258,306
Z37,3,35,67,99,131,163,195,237,259,307
Z38,38,48,198,208
Z39,39,49,199,209
Z40,40,50,200,210
Z41,41,51,201,211
Z42,10,35,68,111,145,164,203,228,259,293
Z43,44,55,205,215
Z44,45,54,204,214
Z45,46,57,207,216
Z46,47,56,206,217
Z47,13,45,77,109,141,173,204,227,268,317
Z48,12,44,76,108,140,172,205,226,269,316
Z49,14,47,79,111,143,174,206,251,271,293
Z50,15,46,78,110,142,175,207,250,270,292
Z51,52,61,212,220
Z52,53,60,213,221
Z53,22,44,81,123,133,177,215,241,269,305
Z54,24,47,82,99,157,179,217,243,271,307
Z55,58,62,218,222
Z56,59,63,219,223
Z57,26,59,90,122,154,186,219,238,283,304
Z58,27,58,91,123,155,187,218,239,282,305
Z59,30,58,93,108,146,188,222,252,282,316
Z60,64,70,224,230
Z61,65,71,225,231
Z62,66,76,226,236
Z63,67,77,227,237
Z64,68,80,228,240
Z65,69,81,229,241
Z66,0,36,66,114,140,162,192,226,260,290
Z67,1,37,67,115,141,163,193,227,261,291
Z68,72,84,232,244
Z69,73,85,233,245
Z70,74,86,234,246
Z71,75,87,235,247
Z72,6,48,77,125,131,173,198,237,273,301
Z73,78,90,238,250
Z74,79,91,239,251
Z75,4,36,68,100,132,164,196,240,260,302
Z76,5,37,69,101,133,165,197,241,261,303
Z77,82,93,243,252
Z78,83,92,242,253
Z79,8,50,79,101,155,174,200,239,275,303
Z80,9,51,78,100,154,175,201,238,274,302
Z81,16,49,80,113,145,176,209,228,272,315
Z82,88,95,249,254
Z83,89,94,248,255
Z84,20,60,90,112,142,186,213,250,285,314
Z85,18,50,83,115,147,178,210,253,275,291
Z86,19,51,82,114,146,179,211,252,274,290
Z87,28,60,93,125,157,188,221,243,285,301
Z88,96,104,256,264
Z89,97,105,257,265
Z90,98,110,258,270
Z91,99,111,259,271
Z92,100,114,260,274
Z93,101,115,261,275
Z94,102,116,262,276
Z95,103,117,263,277
Z96,2,42,64,120,134,160,194,224,266,288
Z97,3,43,65,121,135,161,195,225,267,289
Z98,106,120,266,280
Z99,107,121,267,281
Z100,108,123,269,282
Z101,109,122,268,283
Z102,7,49,76,124,130,172,199,236,272,300
Z103,112,125,273,285
Z104,113,124,272,284
Z105,14,56,72,106,148,168,206,232,280,296
Z106,10,43,74,107,139,170,203,246,267,297
Z107,12,55,71,127,129,167,205,231,279,295
Z108,118,126,278,286
Z109,119,127,279,287
Z110,13,54,70,126,128,166,204,230,278,294
Z111,26,63,84,119,136,180,219,244,287,308
Z112,128,158,294,312
Z113,129,159,295,313
Z114,130,156,300,306
Z115,131,157,301,307
Z116,132,154,302,304
Z117,133,155,303,305
Z118,134,152,288,318
Z119,135,153,289,319
Z120,136,150,298,308
Z121,137,151,299,309
Z122,138,148,296,311
Z123,139,149,297,310
Z124,140,146,290,316
Z125,141,147,291,317
Z126,142,144,292,314
Z127,143,145,293,315
Z128,11,34,69,110,144,165,202,229,258,292
Z129,22,55,86,119,150,182,215,234,279,308
Z130,11,42,75,106,138,171,202,247,266,296
Z131,24,56,88,120,152,185,217,254,280,288
Z132,17,48,81,112,144,177,208,229,273,314
Z133,21,61,91,113,143,187,212,251,284,315
Z134,25,46,83,98,156,178,216,242,270,306
Z135,29,61,92,124,156,189,220,242,284,300
Z136,15,57,73,107,149,169,207,233,281,297
Z137,30,62,94,126,158,190,222,248,286,294
Z138,23,45,80,122,132,176,214,240,268,304
Z139,27,62,85,118,137,181,218,245,286,309
Z140,25,57,89,121,153,184,216,255,281,289
Z141,23,54,87,118,151,183,214,235,278,309
OZ0,180,181,186,187,188,189,190,191,212,213,218,219,220,221,222,223,226,227,228,229,236,237,238,239,240,241,242,243,250,251,252,253,258,259,260,261,268,269,270,271,272,273,274,275,282,283,284,285
OZ1,258,259,260,261,268,269,270,271,272,273,274,275,282,283,284,285,290,291,292,293,300,301,302,303,304,305,306,307,314,315,316,317
OZ2,226,227,228,229,236,237,238,239,240,241,242,243,250,251,252,253,290,291,292,293,300,301,302,303,304,305,306,307,314,315,316,317
OZ3,178,179,184,185,188,189,190,191,228,229,232,233,234,235,238,239,240,241,242,243,244,245,246,247,248,249,250,251,252,253,254,255,260,261,262,263,266,267,268,269,274,275,276,277,280,281,282,283,288,289,290,291,292,293,298,299,308,309,314,315,316,317,318,319
OZ4,260,261,262,263,266,267,268,269,274,275,276,277,280,281,282,283,288,289,290,291,296,297,302,303,304,305,310,311,316,317,318,319
OZ5,228,229,232,233,234,235,238,239,240,241,244,245,246,247,250,251,292,293,296,297,298,299,302,303,304,305,308,309,310,311,314,315
OZ6,161,163,165,167,169,171,172,175,176,179,181,183,185,187,189,191,204,205,214,215,218,219,222,223,225,227,229,231,233,235,237,238,241,243,245,247,249,250,252,254,272,273,278,279,284,285,286,287
OZ7,204,205,214,215,218,219,222,223,268,269,278,279,282,283,286,287
OZ8,169,175,179,181,185,187,189,191,193,195,197,201,203,207,211,216,233,239,242,245,249,251,253,254,257,259,261,265,267,271,275,281
OZ9,193,195,197,199,201,203,205,207,209,211,213,215,216,219,221,223,238,239,242,243,250,251,252,253,257,259,261,263,265,267,269,271,272,275,277,279,281,282,284,287
OZ10,165,171,176,179,183,185,189,191,195,203,205,207,215,216,219,223,227,235,237,239,242,243,247,249,251,252,253,254,261,267,268,269,273,275,279,281,282,283,285,287,292,293,314,315
OZ11,232,233,234,235,244,245,246,247,262,263,266,267,276,277,280,281,288,289,298,299,308,309,318,319
OZ12,176,177,182,183,188,189,190,191,206,207,216,217,218,219,222,223,225,227,229,231,233,235,237,239,241,242,245,247,249,251,253,254,257,259,261,263,265,267,268,271,273,275,277,279,281,283,285,287,292,293,296,297,310,311,314,315
OZ13,262,263,266,267,276,277,280,281,288,289,296,297,310,311,318,319
OZ14,167,172,177,181,182,187,189,191,195,199,201,203,206,207,209,211,216,217,219,223,227,235,237,238,242,243,247,249,250,252,253,254,263,269,273,277,279,282,285,287,289,291,293,296,297,299,309,310,311,315,317,319
OZ15,188,189,190,191,199,201,205,206,209,211,215,217,218,219,222,223,229,235,238,239,241,243,247,249,250,251,252,254,263,269,272,277,279,282,284,287,292,296,299,303,305,309,311,314
OZ16,195,199,203,207,209,213,216,221,227,229,237,239,241,242,251,253,259,263,267,271,272,277,281,284,291,292,301,303,305,307,314,317
OZ17,206,207,212,213,216,217,220,221,225,227,229,231,233,235,237,239,241,242,245,247,249,251,253,254,289,291,292,295,296,299,301,303,305,307,309,311,313,314,317,319
OZ18,111,121,123,127,145,153,154,159,199,205,207,209,213,215,216,221,225,227,231,237,238,242,250,253,261,263,268,269,271,272,275,277,279,281,283,284,301,303,304,305,307,313,315,319
OZ19,145,147,149,151,152,155,156,159,233,239,242,245,249,251,253,254,257,261,263,265,266,267,272,275,277,280,281,284,288,289,291,293,296,297,300,303,309,311,313,319
OZ20,152,153,158,159,248,249,254,255,257,263,265,266,277,278,280,286,288,294,296,299,309,311,313,319
OZ21,120,121,126,127,154,155,158,159,199,205,209,212,215,218,220,222,229,233,235,238,241,245,247,248,249,250,254,255,261,266,268,269,272,275,279,281,282,283,284,286,289,291,292,294,295,299,304,305,309,314,317,319
OZ22,149,151,153,154,155,156,157,158,227,229,233,237,238,241,242,245,248,250,253,255,259,261,267,268,271,272,275,278,281,283,284,286,289,292,293,294,297,299,300,301,304,305,314,315
OZ23,77,87,91,95,126,127,147,151,155,159,177,179,182,185,199,201,205,207,209,211,215,216,218,219,222,223,225,231,233,235,237,238,239,242,245,250,253,254,257,265,267,269,272,273,278,281,282,284,285,287,295,297,299,301,305,307,310,317
OZ24,43,55,57,63,158,159,177,182,189,191,203,207,212,215,220,223,225,229,231,239,241,248,251,255,257,259,265,267,271,273,278,279,281,285,286,287,289,292,294,295,297,299,301,303,305,307,309,310,314,319
OZ25,154,155,156,157,227,229,237,238,241,242,250,253,259,261,268,271,272,275,283,284,292,293,300,301,304,305,314,315
OZ26,126,127,205,215,218,222,257,265,269,278,279,282,295,299,309,313
OZ27,156,157,158,159,225,227,231,237,242,248,253,255,257,259,265,271,272,278,284,286,289,291,293,294,295,299,300,301,309,315,317,319
OZ28,115,121,125,127,147,153,157,159,179,185,189,191,205,207,215,216,225,227,229,231,237,241,242,243,249,252,253,254,269,275,279,281,282,285,292,303,305,307,313,314,317,319
OZ29,158,159,225,231,248,255,257,265,278,286,289,294,295,299,309,319
OZ30,57,63,91,95,121,123,125,127,153,155,157,159,179,181,185,187,201,205,207,211,215,219,225,231,233,238,239,245,250,254,269,279,281,285,301,305,313,319
OZ31,91,95,121,123,147,153,179,185,199,207,209,213,216,221,225,229,231,239,241,242,243,252,253,254,261,263,272,275,277,281,282,284,291,292,295,313,314,319
OZ32,147,151,155,159,181,187,189,191,201,205,211,212,215,219,220,223,227,229,237,238,241,243,250,252,257,261,265,269,275,279,282,287,292,301,305,307,309,313,314,317
OZ33,55,63,87,95,121,123,151,153,155,157,177,179,182,185,201,205,211,213,219,221,229,233,235,238,241,245,250,254,263,267,269,273,277,285,292,297,301,303,309,310,314,319
OZ34,87,95,123,125,151,159,177,182,189,191,201,207,211,213,216,219,221,223,225,227,231,233,235,237,238,242,243,245,249,250,252,253,263,267,273,277,279,281,282,287,291,297,301,307,309,310,313,317
OZ35,151,153,155,157,177,179,181,182,185,187,189,191,199,201,209,211,213,219,221,223,225,229,231,238,241,249,250,254,257,263,265,267,272,273,277,279,281,284,285,287,292,297,301,303,309,310,314,319
