X0,0,50,65,115
X1,1,53,68,116
X2,2,54,69,117
X3,3,51,66,118
X4,4,52,67,119
X5,5,55,60,110
X6,6,58,63,111
X7,7,59,64,112
X8,8,56,61,113
X9,9,57,62,114
X10,10,35,80,105
X11,11,38,83,106
X12,12,39,84,107
X13,13,36,81,108
X14,14,37,82,109
X15,15,30,85,100
X16,16,33,88,101
X17,17,34,89,102
X18,18,31,86,103
X19,19,32,87,104
X20,20,45,70,95
X21,21,48,73,96
X22,22,49,74,97
X23,23,46,71,98
X24,24,47,72,99
X25,25,40,75,90
X26,26,43,78,91
X27,27,44,79,92
X28,28,41,76,93
X29,29,42,77,94
X30,15,85,151,164,342,347,388,398,491,599
X31,18,86,150,163,341,349,389,395,492,597
X32,19,87,153,160,340,348,387,396,494,596
X33,16,88,152,162,344,346,385,399,490,598
X34,17,89,154,161,343,345,386,397,493,595
X35,10,80,156,169,342,347,383,393,496,594
X36,13,81,155,168,344,346,384,390,497,592
X37,14,82,158,165,343,345,382,391,499,591
X38,11,83,157,167,341,349,380,394,495,593
X39,12,84,159,166,340,348,381,392,498,590
X40,25,75,154,161,332,357,378,413,481,589
X41,28,76,153,160,331,359,379,410,482,587
X42,29,77,150,163,330,358,377,411,484,586
X43,26,78,152,162,334,356,375,414,480,588
X44,27,79,151,164,333,355,376,412,483,585
X45,20,70,159,166,337,352,373,418,486,584
X46,23,71,158,165,336,354,374,415,487,582
X47,24,72,155,168,335,353,372,416,489,581
X48,21,73,157,167,339,351,370,419,485,583
X49,22,74,156,169,338,350,371,417,488,580
X50,0,65,171,179,332,357,368,403,506,579
X51,3,66,170,178,334,356,369,400,507,577
X52,4,67,173,175,333,355,367,401,509,576
X53,1,68,172,177,331,359,365,404,505,578
X54,2,69,174,176,330,358,366,402,508,575
X55,5,60,174,176,337,352,363,408,501,574
X56,8,61,173,175,339,351,364,405,502,572
X57,9,62,170,178,338,350,362,406,504,571
X58,6,63,172,177,336,354,360,409,500,573
X59,7,64,171,179,335,353,361,407,503,570
X60,5,55,219,231,252,302,408,443,484,586
X61,8,56,217,232,251,304,405,444,483,585
X62,9,57,216,234,250,303,406,442,480,588
X63,6,58,218,230,254,301,409,440,482,587
X64,7,59,215,233,253,300,407,441,481,589
X65,0,50,214,236,257,307,403,448,489,581
X66,3,51,212,237,256,309,400,449,488,580
X67,4,52,211,239,255,308,401,447,485,583
X68,1,53,213,235,259,306,404,445,487,582
X69,2,54,210,238,258,305,402,446,486,584
X70,20,45,216,234,242,312,418,428,494,596
X71,23,46,217,232,241,314,415,429,493,595
X72,24,47,219,231,240,313,416,427,490,598
X73,21,48,215,233,244,311,419,425,492,597
X74,22,49,218,230,243,310,417,426,491,599
X75,25,40,211,239,247,317,413,423,499,591
X76,28,41,212,237,246,319,410,424,498,590
X77,29,42,214,236,245,318,411,422,495,593
X78,26,43,210,238,249,316,414,420,497,592
X79,27,44,213,235,248,315,412,421,496,594
X80,10,35,224,226,267,322,393,438,504,571
X81,13,36,222,227,266,324,390,439,503,570
X82,14,37,221,229,265,323,391,437,500,573
X83,11,38,223,225,269,321,394,435,502,572
X84,12,39,220,228,268,320,392,436,501,574
X85,15,30,221,229,262,327,398,433,509,576
X86,18,31,222,227,261,329,395,434,508,575
X87,19,32,224,226,260,328,396,432,505,578
X88,16,33,220,228,264,326,399,430,507,577
X89,17,34,223,225,263,325,397,431,506,579
X90,120,260,365,505
X91,121,263,368,506
X92,122,264,369,507
X93,123,261,366,508
X94,124,262,367,509
X95,125,265,360,500
X96,126,268,363,501
X97,127,269,364,502
X98,128,266,361,503
X99,129,267,362,504
X100,130,245,380,495
X101,131,248,383,496
X102,132,249,384,497
X103,133,246,381,498
X104,134,247,382,499
X105,135,240,385,490
X106,136,243,388,491
X107,137,244,389,492
X108,138,241,386,493
X109,139,242,387,494
X110,140,255,370,485
X111,141,258,373,486
X112,142,259,374,487
X113,143,256,371,488
X114,144,257,372,489
X115,145,250,375,480
X116,146,253,378,481
X117,147,254,379,482
X118,148,251,376,483
X119,149,252,377,484
X120,150,330,395,575
X121,151,333,398,576
X122,152,334,399,577
X123,153,331,396,578
X124,154,332,397,579
X125,155,335,390,570
X126,156,338,393,571
X127,157,339,394,572
X128,158,336,391,573
X129,159,337,392,574
X130,160,340,410,590
X131,161,343,413,591
X132,162,344,414,592
X133,163,341,411,593
X134,164,342,412,594
X135,165,345,415,595
X136,166,348,418,596
X137,167,349,419,597
X138,168,346,416,598
X139,169,347,417,599
X140,170,350,400,580
X141,171,353,403,581
X142,172,354,404,582
X143,173,351,401,583
X144,174,352,402,584
X145,175,355,405,585
X146,176,358,408,586
X147,177,359,409,587
X148,178,356,406,588
X149,179,357,407,589
X150,180,275,450,545
X151,181,278,453,546
X152,182,279,454,547
X153,183,276,451,548
X154,184,277,452,549
X155,185,270,455,540
X156,186,273,458,541
X157,187,274,459,542
X158,188,271,456,543
X159,189,272,457,544
X160,190,290,460,560
X161,191,293,463,561
X162,192,294,464,562
X163,193,291,461,563
X164,194,292,462,564
X165,195,295,465,565
X166,196,298,468,566
X167,197,299,469,567
X168,198,296,466,568
X169,199,297,467,569
X170,200,280,470,550
X171,201,283,473,551
X172,202,284,474,552
X173,203,281,471,553
X174,204,282,472,554
X175,205,285,475,555
X176,206,288,478,556
X177,207,289,479,557
X178,208,286,476,558
X179,209,287,477,559
X180,210,305,420,515
X181,211,308,423,516
X182,212,309,424,517
X183,213,306,421,518
X184,214,307,422,519
X185,215,300,425,510
X186,216,303,428,511
X187,217,304,429,512
X188,218,301,426,513
X189,219,302,427,514
X190,220,320,430,530
X191,221,323,433,531
X192,222,324,434,532
X193,223,321,431,533
X194,224,322,432,534
X195,225,325,435,535
X196,226,328,438,536
X197,227,329,439,537
X198,228,326,436,538
X199,229,327,437,539
X200,230,310,440,520
X201,231,313,443,521
X202,232,314,444,522
X203,233,311,441,523
X204,234,312,442,524
X205,235,315,445,525
X206,236,318,448,526
X207,237,319,449,527
X208,238,316,446,528
X209,239,317,447,529
X210,72,99,144,206,275,288,372,461,545,563
X211,71,98,142,207,276,289,374,460,548,560
X212,70,95,141,209,277,287,373,463,549,561
X213,74,97,143,205,278,285,371,462,546,564
X214,73,96,140,208,279,286,370,464,547,562
X215,77,94,149,201,270,283,377,466,540,568
X216,76,93,147,202,271,284,379,465,543,565
X217,75,90,146,204,272,282,378,468,544,566
X218,79,92,148,200,273,280,376,467,541,569
X219,78,91,145,203,274,281,375,469,542,567
X220,62,114,129,196,290,298,362,451,548,560
X221,61,113,127,197,291,299,364,450,545,563
X222,60,110,126,199,292,297,363,453,546,564
X223,64,112,128,195,293,295,361,452,549,561
X224,63,111,125,198,294,296,360,454,547,562
X225,67,119,124,191,293,295,367,456,543,565
X226,66,118,122,192,294,296,369,455,540,568
X227,65,115,121,194,292,297,368,458,541,569
X228,69,117,123,190,290,298,366,457,544,566
X229,68,116,120,193,291,299,365,459,542,567
X230,86,103,137,187,274,281,389,475,553,555
X231,85,100,136,189,272,282,388,478,554,556
X232,84,107,133,180,275,288,381,472,554,556
X233,87,104,139,186,273,280,387,476,550,558
X234,82,109,134,181,278,285,382,471,553,555
X235,81,108,132,182,279,286,384,470,550,558
X236,80,105,131,184,277,287,383,473,551,559
X237,83,106,130,183,276,289,380,474,552,557
X238,51,118,138,185,241,314,449,455,522,527
X239,52,119,135,188,240,313,447,456,521,529
X240,54,117,136,189,243,310,446,457,520,528
X241,50,115,139,186,242,312,448,458,524,526
X242,53,116,137,187,244,311,445,459,523,525
X243,56,113,133,180,246,319,444,450,522,527
X244,57,114,130,183,245,318,442,451,524,526
X245,59,112,131,184,248,315,441,452,523,525
X246,55,110,134,181,247,317,443,453,521,529
X247,58,111,132,182,249,316,440,454,520,528
X248,36,108,148,200,251,304,439,470,512,537
X249,37,109,145,203,250,303,437,471,511,539
X250,39,107,146,204,253,300,436,472,510,538
X251,35,105,149,201,252,302,438,473,514,536
X252,38,106,147,202,254,301,435,474,513,535
X253,31,103,143,205,256,309,434,475,517,532
X254,32,104,140,208,255,308,432,476,516,534
X255,34,102,141,209,258,305,431,477,515,533
X256,30,100,144,206,257,307,433,478,519,531
X257,33,101,142,207,259,306,430,479,518,530
X258,46,98,123,190,261,329,429,460,512,537
X259,47,99,120,193,260,328,427,461,514,536
X260,49,97,121,194,263,325,426,462,513,535
X261,45,95,124,191,262,327,428,463,511,539
X262,48,96,122,192,264,326,425,464,510,538
X263,41,93,128,195,266,324,424,465,517,532
X264,42,94,125,198,265,323,422,466,519,531
X265,44,92,126,199,268,320,421,467,518,530
X266,40,90,129,196,267,322,423,468,516,534
X267,43,91,127,197,269,321,420,469,515,533
OX0,345,346,385,386,390,407,413,490,493,570,589,591,595,598
OX1,390,391,392,393,394,405,406,407,408,409,410,411,412,413,414,570,571,572,573,574,585,586,587,588,589,590,591,592,593,594
OX2,395,396,397,398,399,400,401,402,403,404,415,416,417,418,419,575,576,577,578,579,580,581,582,583,584,595,596,597,598,599
OX3,347,349,388,394,405,412,425,472,491,510,554,572,585,594,597,599
OX4,346,349,385,388,393,394,405,406,412,414,425,426,472,474,490,491,510,513,552,554,571,572,585,588,592,594,597,598
OX5,385,427,473,490,514,551
OX6,348,349,389,392,408,411,428,471,492,511,553,574,586,593,596,597
OX7,386,387,388,389,425,426,428,429,470,471,472,474,491,492,493,494,510,511,512,513,550,552,553,554
OX8,342,344,383,399,400,417,420,477,496,515,559,577,580,592,594,599
OX9,341,344,380,383,398,399,400,401,417,419,420,421,477,479,495,496,515,518,557,559,576,577,580,583,592,593,597,599
OX10,340,344,380,381,383,396,397,403,404,415,416,420,421,422,477,478,479,495,496,498,515,518,519,556,557,559,578,579,581,582,590,592,595,598
OX11,343,344,384,397,403,416,423,476,497,516,558,579,581,591,592,598
OX12,380,381,382,383,384,420,421,422,423,424,475,476,477,478,479,495,496,497,498,499,515,516,517,518,519,555,556,557,558,559
OX13,357,359,378,397,404,415,440,457,481,520,544,579,582,587,589,595
OX14,356,359,375,378,397,399,403,404,415,416,440,441,457,459,480,481,520,523,542,544,577,579,581,582,587,588,595,598
OX15,355,359,375,376,378,397,398,399,400,403,404,415,416,417,440,441,442,457,458,459,480,481,483,520,523,524,541,542,544,576,577,579,580,581,582,585,587,595,598,599
OX16,358,359,379,396,402,418,443,456,482,521,543,578,584,586,587,596
OX17,375,376,377,378,379,440,441,442,443,444,455,456,457,458,459,480,481,482,483,484,520,521,522,523,524,540,541,542,543,544
OX18,352,354,373,392,409,410,445,452,486,525,549,574,582,584,587,590
OX19,351,354,370,373,392,394,408,409,410,411,445,446,452,454,485,486,525,528,547,549,572,574,582,583,586,587,590,593
OX20,350,354,370,371,373,392,393,394,405,408,409,410,411,412,445,446,447,452,453,454,485,486,488,525,528,529,546,547,549,571,572,574,580,582,585,586,587,590,593,594
OX21,353,354,374,391,407,413,448,451,487,526,548,573,581,582,589,591
OX22,370,371,372,373,374,445,446,447,448,449,450,451,452,453,454,485,486,487,488,489,525,526,527,528,529,545,546,547,548,549
OX23,332,334,368,391,392,393,394,405,406,408,409,410,411,412,413,430,467,506,530,569,571,572,573,574,577,579,585,586,587,588,590,591,593,594
OX24,331,334,365,368,392,393,394,405,406,408,410,411,412,430,431,467,469,505,506,530,533,567,569,571,572,574,577,578,585,586,588,590,593,594
OX25,330,334,365,366,368,393,394,405,406,411,412,430,431,432,467,468,469,505,506,508,530,533,534,566,567,569,571,572,575,577,585,588,593,594
OX26,333,334,369,393,406,412,433,466,507,531,568,571,576,577,588,594
OX27,365,366,367,368,369,430,431,432,433,434,465,466,467,468,469,505,506,507,508,509,530,531,532,533,534,565,566,567,568,569
OX28,337,339,363,396,397,398,399,400,401,403,404,415,416,417,418,435,462,501,535,564,572,574,576,577,578,579,580,581,582,583,595,596,598,599
OX29,336,339,360,363,397,398,399,400,401,403,415,416,417,435,436,462,464,500,501,535,538,562,564,572,573,576,577,579,580,581,583,595,598,599
OX30,335,339,360,361,363,398,399,400,401,416,417,435,436,437,462,463,464,500,501,503,535,538,539,561,562,564,570,572,576,577,580,583,598,599
OX31,338,339,364,398,401,417,438,461,502,536,563,571,572,576,583,599
OX32,360,361,362,363,364,435,436,437,438,439,460,461,462,463,464,500,501,502,503,504,535,536,537,538,539,560,561,562,563,564
OX33,322,324,362,382,423,439,460,475,499,504,516,532,534,537,555,560
OX34,321,324,362,364,382,384,420,423,438,439,460,461,475,476,497,499,502,504,515,516,532,533,536,537,555,558,560,563
OX35,320,324,362,363,364,382,383,384,420,421,423,435,438,439,460,461,462,475,476,477,496,497,499,501,502,504,515,516,518,530,532,535,536,537,555,558,559,560,563,564
OX36,323,324,361,381,424,437,463,478,498,503,517,531,532,539,556,561
OX37,327,329,367,387,428,434,465,470,494,509,511,532,537,539,550,565
OX38,326,329,367,369,387,389,425,428,433,434,465,466,470,471,492,494,507,509,510,511,531,532,537,538,550,553,565,568
OX39,325,329,367,368,369,387,388,389,425,426,428,430,433,434,465,466,467,470,471,472,491,492,494,506,507,509,510,511,513,530,531,532,535,537,550,553,554,565,568,569
OX40,328,329,366,387,388,389,425,426,428,432,468,470,471,472,473,474,491,492,494,508,510,511,513,534,536,537,550,551,552,553,554,566
OX41,307,309,367,372,433,449,450,465,489,509,517,519,527,531,545,565
OX42,306,309,367,369,372,374,430,433,448,449,450,451,465,466,487,489,507,509,517,518,526,527,530,531,545,548,565,568
OX43,305,309,367,368,369,372,373,374,430,431,433,445,448,449,450,451,452,465,466,467,486,487,489,506,507,509,515,517,525,526,527,530,531,533,545,548,549,565,568,569
OX44,308,309,366,371,434,447,453,468,488,508,516,517,529,532,546,566
OX45,263,264,301,304,318,319,362,363,364,376,377,379,381,399,403,416,422,435,436,438,443,455,456,458,460,461,462,478,482,483,484,498,501,502,504,506,507,512,513,519,521,526,527,535,536,538,540,541,543,556,560,563,564,577,581,598
OX46,301,304,362,364,377,379,435,438,443,444,455,456,460,461,482,484,502,504,512,513,521,522,535,536,540,543,560,563
OX47,300,304,362,363,364,377,378,379,435,436,438,440,443,444,455,456,457,460,461,462,481,482,484,501,502,504,510,512,520,521,522,535,536,538,540,543,544,560,563,564
OX48,303,304,361,376,439,442,458,463,483,503,511,512,524,537,541,561
OX49,317,319,377,382,424,443,455,475,484,499,517,521,527,529,540,555
OX50,316,319,377,379,382,384,423,424,440,443,455,456,475,476,482,484,497,499,516,517,520,521,527,528,540,543,555,558
OX51,315,319,377,378,379,382,383,384,420,423,424,440,441,443,455,456,457,475,476,477,481,482,484,496,497,499,515,516,517,520,521,523,525,527,540,543,544,555,558,559
OX52,318,319,376,381,422,444,458,478,483,498,519,522,526,527,541,556
OX53,312,314,372,387,429,448,450,470,489,494,512,522,524,526,545,550
OX54,311,314,372,374,387,389,428,429,445,448,450,451,470,471,487,489,492,494,511,512,522,523,525,526,545,548,550,553
OX55,310,314,372,373,374,387,388,389,425,428,429,445,446,448,450,451,452,470,471,472,486,487,489,491,492,494,510,511,512,520,522,525,526,528,545,548,549,550,553,554
OX56,313,314,371,387,388,389,425,426,427,428,429,449,453,470,471,472,473,474,488,491,492,494,510,511,512,513,514,521,522,527,546,550,551,552,553,554
OX57,329,334,349,367,369,387,389,393,394,405,406,412,428,433,434,465,466,470,471,492,494,507,509,511,531,532,537,550,553,565,568,571,572,577,585,588,594,597
OX58,324,339,344,362,364,382,384,398,399,400,401,417,423,438,439,460,461,475,476,497,499,502,504,516,532,536,537,555,558,560,563,572,576,577,580,583,592,599
OX59,319,344,359,377,379,382,384,397,403,404,415,416,423,424,443,455,456,475,476,482,484,497,499,516,517,521,527,540,543,555,558,579,581,582,587,592,595,598
OX60,314,349,354,372,374,387,389,392,408,409,410,411,428,429,448,450,451,470,471,487,489,492,494,511,512,522,526,545,548,550,553,574,582,586,587,590,593,597
OX61,309,334,354,367,369,372,374,392,393,394,405,406,408,409,410,411,412,433,448,449,450,451,465,466,487,489,507,509,517,526,527,531,545,548,565,568,571,572,574,577,582,585,586,587,588,590,593,594
OX62,302,339,359,364,379,397,398,399,400,401,403,404,415,416,417,443,456,461,482,502,514,521,543,563,572,576,577,579,580,581,582,583,587,595,598,599
OX63,304,339,359,362,364,377,379,397,398,399,400,401,403,404,415,416,417,438,443,444,455,456,460,461,482,484,502,504,512,521,522,536,540,543,560,563,572,576,577,579,580,581,582,583,587,595,598,599
OX64,264,339,363,398,400,401,417,435,436,462,501,507,535,538,564,572,576,580,583,599
OX65,269,334,368,393,405,406,412,430,431,467,502,506,530,533,569,571,577,585,588,594
Z0,0,50,65,115
Z1,1,53,68,116
Z2,2,54,69,117
Z3,3,51,66,118
Z4,4,52,67,119
Z5,5,55,60,110
Z6,6,58,63,111
Z7,7,59,64,112
Z8,8,56,61,113
Z9,9,57,62,114
Z10,10,35,80,105
Z11,11,38,83,106
Z12,12,39,84,107
Z13,13,36,81,108
Z14,14,37,82,109
Z15,15,30,85,100
Z16,16,33,88,101
Z17,17,34,89,102
Z18,18,31,86,103
Z19,19,32,87,104
Z20,20,45,70,95
Z21,21,48,73,96
Z22,22,49,74,97
Z23,23,46,71,98
Z24,24,47,72,99
Z25,25,40,75,90
Z26,26,43,78,91
Z27,27,44,79,92
Z28,28,41,76,93
Z29,29,42,77,94
Z30,15,85,151,164,342,347,388,398,491,599
Z31,18,86,150,163,341,349,389,395,492,597
Z32,19,87,153,160,340,348,387,396,494,596
Z33,16,88,152,162,344,346,385,399,490,598
Z34,17,89,154,161,343,345,386,397,493,595
Z35,10,80,156,169,342,347,383,393,496,594
Z36,13,81,155,168,344,346,384,390,497,592
Z37,14,82,158,165,343,345,382,391,499,591
Z38,11,83,157,167,341,349,380,394,495,593
Z39,12,84,159,166,340,348,381,392,498,590
Z40,25,75,154,161,332,357,378,413,481,589
Z41,28,76,153,160,331,359,379,410,482,587
Z42,29,77,150,163,330,358,377,411,484,586
Z43,26,78,152,162,334,356,375,414,480,588
Z44,27,79,151,164,333,355,376,412,483,585
Z45,20,70,159,166,337,352,373,418,486,584
Z46,23,71,158,165,336,354,374,415,487,582
Z47,24,72,155,168,335,353,372,416,489,581
Z48,21,73,157,167,339,351,370,419,485,583
Z49,22,74,156,169,338,350,371,417,488,580
Z50,0,65,171,179,332,357,368,403,506,579
Z51,3,66,170,178,334,356,369,400,507,577
Z52,4,67,173,175,333,355,367,401,509,576
Z53,1,68,172,177,331,359,365,404,505,578
Z54,2,69,174,176,330,358,366,402,508,575
Z55,5,60,174,176,337,352,363,408,501,574
Z56,8,61,173,175,339,351,364,405,502,572
Z57,9,62,170,178,338,350,362,406,504,571
Z58,6,63,172,177,336,354,360,409,500,573
Z59,7,64,171,179,335,353,361,407,503,570
Z60,5,55,219,231,252,302,408,443,484,586
Z61,8,56,217,232,251,304,405,444,483,585
Z62,9,57,216,234,250,303,406,442,480,588
Z63,6,58,218,230,254,301,409,440,482,587
Z64,7,59,215,233,253,300,407,441,481,589
Z65,0,50,214,236,257,307,403,448,489,581
Z66,3,51,212,237,256,309,400,449,488,580
Z67,4,52,211,239,255,308,401,447,485,583
Z68,1,53,213,235,259,306,404,445,487,582
Z69,2,54,210,238,258,305,402,446,486,584
Z70,20,45,216,234,242,312,418,428,494,596
Z71,23,46,217,232,241,314,415,429,493,595
Z72,24,47,219,231,240,313,416,427,490,598
Z73,21,48,215,233,244,311,419,425,492,597
Z74,22,49,218,230,243,310,417,426,491,599
Z75,25,40,211,239,247,317,413,423,499,591
Z76,28,41,212,237,246,319,410,424,498,590
Z77,29,42,214,236,245,318,411,422,495,593
Z78,26,43,210,238,249,316,414,420,497,592
Z79,27,44,213,235,248,315,412,421,496,594
Z80,10,35,224,226,267,322,393,438,504,571
Z81,13,36,222,227,266,324,390,439,503,570
Z82,14,37,221,229,265,323,391,437,500,573
Z83,11,38,223,225,269,321,394,435,502,572
Z84,12,39,220,228,268,320,392,436,501,574
Z85,15,30,221,229,262,327,398,433,509,576
Z86,18,31,222,227,261,329,395,434,508,575
Z87,19,32,224,226,260,328,396,432,505,578
Z88,16,33,220,228,264,326,399,430,507,577
Z89,17,34,223,225,263,325,397,431,506,579
Z90,120,260,365,505
Z91,121,263,368,506
Z92,122,264,369,507
Z93,123,261,366,508
Z94,124,262,367,509
Z95,125,265,360,500
Z96,126,268,363,501
Z97,127,269,364,502
Z98,128,266,361,503
Z99,129,267,362,504
Z100,130,245,380,495
Z101,131,248,383,496
Z102,132,249,384,497
Z103,133,246,381,498
Z104,134,247,382,499
Z105,135,240,385,490
Z106,136,243,388,491
Z107,137,244,389,492
Z108,138,241,386,493
Z109,139,242,387,494
Z110,140,255,370,485
Z111,141,258,373,486
Z112,142,259,374,487
Z113,143,256,371,488
Z114,144,257,372,489
Z115,145,250,375,480
Z116,146,253,378,481
Z117,147,254,379,482
Z118,148,251,376,483
Z119,149,252,377,484
Z120,150,330,395,575
Z121,151,333,398,576
Z122,152,334,399,577
Z123,153,331,396,578
Z124,154,332,397,579
Z125,155,335,390,570
Z126,156,338,393,571
Z127,157,339,394,572
Z128,158,336,391,573
Z129,159,337,392,574
Z130,160,340,410,590
Z131,161,343,413,591
Z132,162,344,414,592
Z133,163,341,411,593
Z134,164,342,412,594
Z135,165,345,415,595
Z136,166,348,418,596
Z137,167,349,419,597
Z138,168,346,416,598
Z139,169,347,417,599
Z140,170,350,400,580
Z141,171,353,403,581
Z142,172,354,404,582
Z143,173,351,401,583
Z144,174,352,402,584
Z145,175,355,405,585
Z146,176,358,408,586
Z147,177,359,409,587
Z148,178,356,406,588
Z149,179,357,407,589
Z150,180,275,450,545
Z151,181,278,453,546
Z152,182,279,454,547
Z153,183,276,451,548
Z154,184,277,452,549
Z155,185,270,455,540
Z156,186,273,458,541
Z157,187,274,459,542
Z158,188,271,456,543
Z159,189,272,457,544
Z160,190,290,460,560
Z161,191,293,463,561
Z162,192,294,464,562
Z163,193,291,461,563
Z164,194,292,462,564
Z165,195,295,465,565
Z166,196,298,468,566
Z167,197,299,469,567
Z168,198,296,466,568
Z169,199,297,467,569
Z170,200,280,470,550
Z171,201,283,473,551
Z172,202,284,474,552
Z173,203,281,471,553
Z174,204,282,472,554
Z175,205,285,475,555
Z176,206,288,478,556
Z177,207,289,479,557
Z178,208,286,476,558
Z179,209,287,477,559
Z180,210,305,420,515
Z181,211,308,423,516
Z182,212,309,424,517
Z183,213,306,421,518
Z184,214,307,422,519
Z185,215,300,425,510
Z186,216,303,428,511
Z187,217,304,429,512
Z188,218,301,426,513
Z189,219,302,427,514
Z190,220,320,430,530
Z191,221,323,433,531
Z192,222,324,434,532
Z193,223,321,431,533
Z194,224,322,432,534
Z195,225,325,435,535
Z196,226,328,438,536
Z197,227,329,439,537
Z198,228,326,436,538
Z199,229,327,437,539
Z200,230,310,440,520
Z201,231,313,443,521
Z202,232,314,444,522
Z203,233,311,441,523
Z204,234,312,442,524
Z205,235,315,445,525
Z206,236,318,448,526
Z207,237,319,449,527
Z208,238,316,446,528
Z209,239,317,447,529
Z210,72,99,144,206,275,288,372,461,545,563
Z211,71,98,142,207,276,289,374,460,548,560
Z212,70,95,141,209,277,287,373,463,549,561
Z213,74,97,143,205,278,285,371,462,546,564
Z214,73,96,140,208,279,286,370,464,547,562
Z215,77,94,149,201,270,283,377,466,540,568
Z216,76,93,147,202,271,284,379,465,543,565
Z217,75,90,146,204,272,282,378,468,544,566
Z218,79,92,148,200,273,280,376,467,541,569
Z219,78,91,145,203,274,281,375,469,542,567
Z220,62,114,129,196,290,298,362,451,548,560
Z221,61,113,127,197,291,299,364,450,545,563
Z222,60,110,126,199,292,297,363,453,546,564
Z223,64,112,128,195,293,295,361,452,549,561
Z224,63,111,125,198,294,296,360,454,547,562
Z225,67,119,124,191,293,295,367,456,543,565
Z226,66,118,122,192,294,296,369,455,540,568
Z227,65,115,121,194,292,297,368,458,541,569
Z228,69,117,123,190,290,298,366,457,544,566
Z229,68,116,120,193,291,299,365,459,542,567
Z230,86,103,137,187,274,281,389,475,553,555
Z231,85,100,136,189,272,282,388,478,554,556
Z232,84,107,133,180,275,288,381,472,554,556
Z233,87,104,139,186,273,280,387,476,550,558
Z234,82,109,134,181,278,285,382,471,553,555
Z235,81,108,132,182,279,286,384,470,550,558
Z236,80,105,131,184,277,287,383,473,551,559
Z237,83,106,130,183,276,289,380,474,552,557
Z238,51,118,138,185,241,314,449,455,522,527
Z239,52,119,135,188,240,313,447,456,521,529
Z240,54,117,136,189,243,310,446,457,520,528
Z241,50,115,139,186,242,312,448,458,524,526
Z242,53,116,137,187,244,311,445,459,523,525
Z243,56,113,133,180,246,319,444,450,522,527
Z244,57,114,130,183,245,318,442,451,524,526
Z245,59,112,131,184,248,315,441,452,523,525
Z246,55,110,134,181,247,317,443,453,521,529
Z247,58,111,132,182,249,316,440,454,520,528
Z248,36,108,148,200,251,304,439,470,512,537
Z249,37,109,145,203,250,303,437,471,511,539
Z250,39,107,146,204,253,300,436,472,510,538
Z251,35,105,149,201,252,302,438,473,514,536
Z252,38,106,147,202,254,301,435,474,513,535
Z253,31,103,143,205,256,309,434,475,517,532
Z254,32,104,140,208,255,308,432,476,516,534
Z255,34,102,141,209,258,305,431,477,515,533
Z256,30,100,144,206,257,307,433,478,519,531
Z257,33,101,142,207,259,306,430,479,518,530
Z258,46,98,123,190,261,329,429,460,512,537
Z259,47,99,120,193,260,328,427,461,514,536
Z260,49,97,121,194,263,325,426,462,513,535
Z261,45,95,124,191,262,327,428,463,511,539
Z262,48,96,122,192,264,326,425,464,510,538
Z263,41,93,128,195,266,324,424,465,517,532
Z264,42,94,125,198,265,323,422,466,519,531
Z265,44,92,126,199,268,320,421,467,518,530
Z266,40,90,129,196,267,322,423,468,516,534
Z267,43,91,127,197,269,321,420,469,515,533
OZ0,345,346,385,386,390,407,413,490,493,570,589,591,595,598
OZ1,390,391,392,393,394,405,406,407,408,409,410,411,412,413,414,570,571,572,573,574,585,586,587,588,589,590,591,592,593,594
OZ2,395,396,397,398,399,400,401,402,403,404,415,416,417,418,419,575,576,577,578,579,580,581,582,583,584,595,596,597,598,599
OZ3,347,349,388,394,405,412,425,472,491,510,554,572,585,594,597,599
OZ4,346,349,385,388,393,394,405,406,412,414,425,426,472,474,490,491,510,513,552,554,571,572,585,588,592,594,597,598
OZ5,385,427,473,490,514,551
OZ6,348,349,389,392,408,411,428,471,492,511,553,574,586,593,596,597
OZ7,386,387,388,389,425,426,428,429,470,471,472,474,491,492,493,494,510,511,512,513,550,552,553,554
OZ8,342,344,383,399,400,417,420,477,496,515,559,577,580,592,594,599
OZ9,341,344,380,383,398,399,400,401,417,419,420,421,477,479,495,496,515,518,557,559,576,577,580,583,592,593,597,599
OZ10,340,344,380,381,383,396,397,403,404,415,416,420,421,422,477,478,479,495,496,498,515,518,519,556,557,559,578,579,581,582,590,592,595,598
OZ11,343,344,384,397,403,416,423,476,497,516,558,579,581,591,592,598
OZ12,380,381,382,383,384,420,421,422,423,424,475,476,477,478,479,495,496,497,498,499,515,516,517,518,519,555,556,557,558,559
OZ13,357,359,378,397,404,415,440,457,481,520,544,579,582,587,589,595
OZ14,356,359,375,378,397,399,403,404,415,416,440,441,457,459,480,481,520,523,542,544,577,579,581,582,587,588,595,598
OZ15,355,359,375,376,378,397,398,399,400,403,404,415,416,417,440,441,442,457,458,459,480,481,483,520,523,524,541,542,544,576,577,579,580,581,582,585,587,595,598,599
OZ16,358,359,379,396,402,418,443,456,482,521,543,578,584,586,587,596
OZ17,375,376,377,378,379,440,441,442,443,444,455,456,457,458,459,480,481,482,483,484,520,521,522,523,524,540,541,542,543,544
OZ18,352,354,373,392,409,410,445,452,486,525,549,574,582,584,587,590
OZ19,351,354,370,373,392,394,408,409,410,411,445,446,452,454,485,486,525,528,547,549,572,574,582,583,586,587,590,593
OZ20,350,354,370,371,373,392,393,394,405,408,409,410,411,412,445,446,447,452,453,454,485,486,488,525,528,529,546,547,549,571,572,574,580,582,585,586,587,590,593,594
OZ21,353,354,374,391,407,413,448,451,487,526,548,573,581,582,589,591
OZ22,370,371,372,373,374,445,446,447,448,449,450,451,452,453,454,485,486,487,488,489,525,526,527,528,529,545,546,547,548,549
OZ23,332,334,368,391,392,393,394,405,406,408,409,410,411,412,413,430,467,506,530,569,571,572,573,574,577,579,585,586,587,588,590,591,593,594
OZ24,331,334,365,368,392,393,394,405,406,408,410,411,412,430,431,467,469,505,506,530,533,567,569,571,572,574,577,578,585,586,588,590,593,594
OZ25,330,334,365,366,368,393,394,405,406,411,412,430,431,432,467,468,469,505,506,508,530,533,534,566,567,569,571,572,575,577,585,588,593,594
OZ26,333,334,369,393,406,412,433,466,507,531,568,571,576,577,588,594
OZ27,365,366,367,368,369,430,431,432,433,434,465,466,467,468,469,505,506,507,508,509,530,531,532,533,534,565,566,567,568,569
OZ28,337,339,363,396,397,398,399,400,401,403,404,415,416,417,418,435,462,501,535,564,572,574,576,577,578,579,580,581,582,583,595,596,598,599
OZ29,336,339,360,363,397,398,399,400,401,403,415,416,417,435,436,462,464,500,501,535,538,562,564,572,573,576,577,579,580,581,583,595,598,599
OZ30,335,339,360,361,363,398,399,400,401,416,417,435,436,437,462,463,464,500,501,503,535,538,539,561,562,564,570,572,576,577,580,583,598,599
OZ31,338,339,364,398,401,417,438,461,502,536,563,571,572,576,583,599
OZ32,360,361,362,363,364,435,436,437,438,439,460,461,462,463,464,500,501,502,503,504,535,536,537,538,539,560,561,562,563,564
OZ33,322,324,362,382,423,439,460,475,499,504,516,532,534,537,555,560
OZ34,321,324,362,364,382,384,420,423,438,439,460,461,475,476,497,499,502,504,515,516,532,533,536,537,555,558,560,563
OZ35,320,324,362,363,364,382,383,384,420,421,423,435,438,439,460,461,462,475,476,477,496,497,499,501,502,504,515,516,518,530,532,535,536,537,555,558,559,560,563,564
OZ36,323,324,361,381,424,437,463,478,498,503,517,531,532,539,556,561
OZ37,327,329,367,387,428,434,465,470,494,509,511,532,537,539,550,565
OZ38,326,329,367,369,387,389,425,428,433,434,465,466,470,471,492,494,507,509,510,511,531,532,537,538,550,553,565,568
OZ39,325,329,367,368,369,387,388,389,425,426,428,430,433,434,465,466,467,470,471,472,491,492,494,506,507,509,510,511,513,530,531,532,535,537,550,553,554,565,568,569
OZ40,328,329,366,387,388,389,425,426,428,432,468,470,471,472,473,474,491,492,494,508,510,511,513,534,536,537,550,551,552,553,554,566
OZ41,307,309,367,372,433,449,450,465,489,509,517,519,527,531,545,565
OZ42,306,309,367,369,372,374,430,433,448,449,450,451,465,466,487,489,507,509,517,518,526,527,530,531,545,548,565,568
OZ43,305,309,367,368,369,372,373,374,430,431,433,445,448,449,450,451,452,465,466,467,486,487,489,506,507,509,515,517,525,526,527,530,531,533,545,548,549,565,568,569
OZ44,308,309,366,371,434,447,453,468,488,508,516,517,529,532,546,566
OZ45,263,264,301,304,318,319,362,363,364,376,377,379,381,399,403,416,422,435,436,438,443,455,456,458,460,461,462,478,482,483,484,498,501,502,504,506,507,512,513,519,521,526,527,535,536,538,540,541,543,556,560,563,564,577,581,598
OZ46,301,304,362,364,377,379,435,438,443,444,455,456,460,461,482,484,502,504,512,513,521,522,535,536,540,543,560,563
OZ47,300,304,362,363,364,377,378,379,435,436,438,440,443,444,455,456,457,460,461,462,481,482,484,501,502,504,510,512,520,521,522,535,536,538,540,543,544,560,563,564
OZ48,303,304,361,376,439,442,458,463,483,503,511,512,524,537,541,561
OZ49,317,319,377,382,424,443,455,475,484,499,517,521,527,529,540,555
OZ50,316,319,377,379,382,384,423,424,440,443,455,456,475,476,482,484,497,499,516,517,520,521,527,528,540,543,555,558
OZ51,315,319,377,378,379,382,383,384,420,423,424,440,441,443,455,456,457,475,476,477,481,482,484,496,497,499,515,516,517,520,521,523,525,527,540,543,544,555,558,559
OZ52,318,319,376,381,422,444,458,478,483,498,519,522,526,527,541,556
OZ53,312,314,372,387,429,448,450,470,489,494,512,522,524,526,545,550
OZ54,311,314,372,374,387,389,428,429,445,448,450,451,470,471,487,489,492,494,511,512,522,523,525,526,545,548,550,553
OZ55,310,314,372,373,374,387,388,389,425,428,429,445,446,448,450,451,452,470,471,472,486,487,489,491,492,494,510,511,512,520,522,525,526,528,545,548,549,550,553,554
OZ56,313,314,371,387,388,389,425,426,427,428,429,449,453,470,471,472,473,474,488,491,492,494,510,511,512,513,514,521,522,527,546,550,551,552,553,554
OZ57,329,334,349,367,369,387,389,393,394,405,406,412,428,433,434,465,466,470,471,492,494,507,509,511,531,532,537,550,553,565,568,571,572,577,585,588,594,597
OZ58,324,339,344,362,364,382,384,398,399,400,401,417,423,438,439,460,461,475,476,497,499,502,504,516,532,536,537,555,558,560,563,572,576,577,580,583,592,599
OZ59,319,344,359,377,379,382,384,397,403,404,415,416,423,424,443,455,456,475,476,482,484,497,499,516,517,521,527,540,543,555,558,579,581,582,587,592,595,598
OZ60,314,349,354,372,374,387,389,392,408,409,410,411,428,429,448,450,451,470,471,487,489,492,494,511,512,522,526,545,548,550,553,574,582,586,587,590,593,597
OZ61,309,334,354,367,369,372,374,392,393,394,405,406,408,409,410,411,412,433,448,449,450,451,465,466,487,489,507,509,517,526,527,531,545,548,565,568,571,572,574,577,582,585,586,587,588,590,593,594
OZ62,302,339,359,364,379,397,398,399,400,401,403,404,415,416,417,443,456,461,482,502,514,521,543,563,572,576,577,579,580,581,582,583,587,595,598,599
OZ63,304,339,359,362,364,377,379,397,398,399,400,401,403,404,415,416,417,438,443,444,455,456,460,461,482,484,502,504,512,521,522,536,540,543,560,563,572,576,577,579,580,581,582,583,587,595,598,599
OZ64,264,339,363,398,400,401,417,435,436,462,501,507,535,538,564,572,576,580,583,599
OZ65,269,334,368,393,405,406,412,430,431,467,502,506,530,533,569,571,577,585,588,594
