X0,0,6,8,24
X1,1,7,9,25
X2,2,12,14,34
X3,3,13,15,35
X4,4,18,20,44
X5,5,19,21,45
X6,0,8,12,26,32,34,54,56,66,106
X7,1,9,13,27,33,35,55,57,67,107
X8,0,2,4,6,10,12,16,18,28,38
X9,1,3,5,7,11,13,17,19,29,39
X10,10,28,30,62
X11,11,29,31,63
X12,2,14,28,36,60,62,70,72,112,132
X13,3,15,29,37,61,63,71,73,113,133
X14,8,22,24,52,54,100,102,104,172,176
X15,9,23,25,53,55,101,103,105,173,177
X16,16,38,40,78
X17,17,39,41,79
X18,4,6,20,22,24,46,48,50,88,92
X19,5,7,21,23,25,47,49,51,89,93
X20,14,32,34,68,70,126,128,130,210,214
X21,15,33,35,69,71,127,129,131,211,215
X22,22,50,52,98
X23,23,51,53,99
X24,26,54,58,104
X25,27,55,59,105
X26,10,30,38,64,76,78,116,118,138,200
X27,11,31,39,65,77,79,117,119,139,201
X28,20,42,44,86,88,154,156,158,250,254
X29,21,43,45,87,89,155,157,159,251,255
X30,32,66,68,124
X31,33,67,69,125
X32,36,70,74,130
X33,37,71,75,131
X34,30,60,62,114,116,194,196,198,302,306
X35,31,61,63,115,117,195,197,199,303,307
X36,42,84,86,152
X37,43,85,87,153
X38,46,88,90,158
X39,47,89,91,159
X40,48,92,94,164
X41,49,93,95,165
X42,40,76,78,140,142,232,234,236,352,356
X43,41,77,79,141,143,233,235,237,353,357
X44,16,18,40,42,44,80,82,84,142,146
X45,17,19,41,43,45,81,83,85,143,147
X46,26,58,106,110,180,182,184,188,246,288
X47,27,59,107,111,181,183,185,189,247,289
X48,56,106,108,184
X49,57,107,109,185
X50,52,96,98,170,172,272,274,276,336,408
X51,53,97,99,171,173,273,275,277,337,409
X52,60,112,114,192
X53,61,113,115,193
X54,64,116,120,198
X55,65,117,121,199
X56,48,50,94,96,98,137,166,168,266,270
X57,49,51,95,97,99,136,167,169,267,271
X58,58,102,104,178,180,248,284,286,420,424
X59,59,103,105,179,181,249,285,287,421,425
X60,36,74,132,136,169,218,220,222,226,338
X61,37,75,133,137,168,219,221,223,227,339
X62,72,132,134,222
X63,73,133,135,223
X64,68,122,124,208,210,322,324,326,454,470
X65,69,123,125,209,211,323,325,327,455,471
X66,76,138,140,230
X67,77,139,141,231
X68,80,142,144,236
X69,81,143,145,237
X70,82,146,148,242
X71,83,147,149,243
X72,56,66,108,122,124,186,205,206,292,320
X73,57,67,109,123,125,187,204,207,293,321
X74,74,128,130,171,216,218,334,337,482,487
X75,75,129,131,170,217,219,335,336,483,486
X76,46,90,92,160,162,164,258,260,262,348
X77,47,91,93,161,163,165,259,261,263,349
X78,86,151,152,249,250,287,375,376,378,537
X79,87,150,153,248,251,286,374,377,379,536
X80,90,156,158,256,258,350,386,388,472,546
X81,91,157,159,257,259,351,387,389,473,547
X82,96,137,170,219
X83,97,136,171,218
X84,100,172,174,276
X85,101,173,175,277
X86,102,176,178,282
X87,103,177,179,283
X88,94,162,164,264,266,396,398,400,554,558
X89,95,163,165,265,267,397,399,401,555,559
X90,110,150,180,248
X91,111,151,181,249
X92,72,112,134,190,192,224,239,298,342,438
X93,73,113,135,191,193,225,238,299,343,439
X94,108,182,184,290,292,430,432,434,560,588
X95,109,183,185,291,293,431,433,435,561,589
X96,64,120,200,204,207,310,312,314,318,456
X97,65,121,201,205,206,311,313,315,319,457
X98,118,200,202,314
X99,119,201,203,315
X100,114,190,192,300,302,422,440,442,444,516
X101,115,191,193,301,303,423,441,443,445,517
X102,122,205,208,311
X103,123,204,209,310
X104,126,210,212,326
X105,127,211,213,327
X106,128,214,216,332
X107,129,215,217,333
X108,120,196,198,209,308,310,452,455,538,603
X109,121,197,199,208,309,311,453,454,539,602
X110,82,84,111,148,151,152,244,247,368,373
X111,83,85,110,149,150,153,245,246,369,372
X112,118,138,161,202,229,230,316,349,460,501
X113,119,139,160,203,228,231,317,348,461,500
X114,134,220,222,340,342,492,494,496,590,634
X115,135,221,223,341,343,493,495,497,591,635
X116,80,144,146,238,240,242,299,360,362,364
X117,81,145,147,239,241,243,298,361,363,365
X118,140,229,230,351,352,389,485,503,504,506
X119,141,228,231,350,353,388,484,502,505,507
X120,144,234,236,301,358,360,410,514,517,571
X121,145,235,237,300,359,361,411,515,516,570
X122,154,250,252,378
X123,155,251,253,379
X124,156,254,256,384
X125,157,255,257,385
X126,160,228,258,350
X127,161,229,259,351
X128,162,262,264,394
X129,163,263,265,395
X130,166,266,268,400
X131,167,267,269,401
X132,168,227,270,346
X133,169,226,271,347
X134,100,174,176,278,280,282,412,414,416,550
X135,101,175,177,279,281,283,413,415,417,551
X136,149,241,243,367,369,525,527,529,557,651
X137,148,240,242,366,368,524,526,528,556,650
X138,174,274,276,358,410,412,510,512,552,572
X139,175,275,277,359,411,413,511,513,553,573
X140,182,288,290,428
X141,183,289,291,429
X142,186,292,294,434
X143,187,293,295,435
X144,188,246,296,372
X145,189,247,297,373
X146,190,239,300,361
X147,191,238,301,360
X148,194,302,304,444
X149,195,303,305,445
X150,196,306,308,450
X151,197,307,309,451
X152,179,281,283,305,419,421,443,445,579,633
X153,178,280,282,304,418,420,442,444,578,632
X154,206,319,320,464
X155,207,318,321,465
X156,126,212,214,328,330,332,474,476,478,584
X157,127,213,215,329,331,333,475,477,479,585
X158,203,313,315,459,461,609,611,613,637,653
X159,202,312,314,458,460,608,610,612,636,652
X160,212,256,324,326,382,384,472,474,544,586
X161,213,257,325,327,383,385,473,475,545,587
X162,220,338,340,490
X163,221,339,341,491
X164,224,342,344,496
X165,225,343,345,497
X166,217,331,333,355,481,483,505,507,625,691
X167,216,330,332,354,480,482,504,506,624,690
X168,232,352,354,506
X169,233,353,355,507
X170,234,356,358,512
X171,235,357,359,513
X172,240,364,366,522
X173,241,365,367,523
X174,244,368,371,528
X175,245,369,370,529
X176,188,288,296,329,427,428,436,532,585,679
X177,189,289,297,328,426,429,437,533,584,678
X178,154,252,254,380,382,384,403,540,542,646
X179,155,253,255,381,383,385,402,541,543,647
X180,227,339,346,404,446,488,491,498,630,700
X181,226,338,347,405,447,489,490,499,631,701
X182,260,348,390,500
X183,261,349,391,501
X184,253,309,377,379,449,451,539,541,601,649
X185,252,308,376,378,448,450,538,540,600,648
X186,261,263,278,391,392,395,549,550,641,666
X187,260,262,279,390,393,394,548,551,640,667
X188,166,268,270,346,402,404,543,563,564,566
X189,167,269,271,347,403,405,542,562,565,567
X190,264,371,393,394,526,528,553,554,573,655
X191,265,370,392,395,527,529,552,555,572,654
X192,272,336,406,486
X193,273,337,407,487
X194,274,408,410,514
X195,275,409,411,515
X196,278,392,412,552
X197,279,393,413,553
X198,280,416,418,576
X199,281,417,419,577
X200,284,420,422,442
X201,285,421,423,443
X202,286,374,424,534
X203,287,375,425,535
X204,186,294,320,415,417,464,467,575,577,617
X205,187,295,321,414,416,465,466,574,576,616
X206,268,290,398,400,427,428,545,560,563,587
X207,269,291,399,401,426,429,544,561,562,586
X208,245,296,370,372,530,532,642,654,656,658
X209,244,297,371,373,531,533,643,655,657,659
X210,298,363,438,518
X211,299,362,439,519
X212,194,304,306,446,448,450,578,596,598,630
X213,195,305,307,447,449,451,579,597,599,631
X214,312,456,458,606
X215,313,457,459,607
X216,316,460,463,612
X217,317,461,462,613
X218,295,341,418,433,435,488,491,576,591,632
X219,294,340,419,432,434,489,490,577,590,633
X220,322,454,468,602
X221,323,455,469,603
X222,324,386,470,472
X223,325,387,471,473
X224,328,426,474,586
X225,329,427,475,587
X226,330,478,480,622
X227,331,479,481,623
X228,334,482,485,504
X229,335,483,484,505
X230,272,406,408,514,568,571,581,628,672,712
X231,273,407,409,515,569,570,580,629,673,713
X232,224,344,438,477,479,518,595,621,623,681
X233,225,345,439,476,478,519,594,620,622,680
X234,319,457,464,467,508,604,607,614,688,706
X235,318,456,465,466,509,605,606,615,689,707
X236,232,354,356,508,510,512,530,624,642,688
X237,233,355,357,509,511,513,531,625,643,689
X238,345,459,480,495,497,604,607,622,637,690
X239,344,458,481,494,496,605,606,623,636,691
X240,363,365,380,518,520,523,595,644,646,668
X241,362,364,381,519,521,522,594,645,647,669
X242,367,462,520,523,600,611,613,648,651,684
X243,366,463,521,522,601,610,612,649,650,685
X244,376,452,537,538
X245,377,453,536,539
X246,380,520,540,648
X247,381,521,541,649
X248,382,403,544,562
X249,383,402,545,563
X250,322,386,468,470,546,618,626,662,686,710
X251,323,387,469,471,547,619,627,663,687,711
X252,388,502,546,626
X253,389,503,547,627
X254,317,390,462,500,596,598,640,682,684,702
X255,316,391,463,501,597,599,641,683,685,703
X256,396,526,554,556
X257,397,527,555,557
X258,398,430,558,560
X259,399,431,559,561
X260,404,498,566,638
X261,405,499,567,639
X262,335,406,484,486,502,626,628,662,696,698
X263,334,407,485,487,503,627,629,663,697,699
X264,414,550,574,666
X265,415,551,575,667
X266,284,422,424,440,534,580,582,673,674,676
X267,285,423,425,441,535,581,583,672,675,677
X268,375,452,469,535,537,583,603,661,687,717
X269,374,453,468,534,536,582,602,660,686,716
X270,432,492,588,590
X271,433,493,589,591
X272,436,532,593,658
X273,437,533,592,659
X274,440,516,570,580
X275,441,517,571,581
X276,446,488,578,632
X277,447,489,579,633
X278,448,598,600,684
X279,449,599,601,685
X280,466,615,616,692
X281,467,614,617,693
X282,476,584,620,678
X283,477,585,621,679
X284,494,608,634,636
X285,495,609,635,637
X286,397,431,493,525,557,559,589,609,635,653
X287,396,430,492,524,556,558,588,608,634,652
X288,508,604,624,690
X289,509,605,625,691
X290,510,530,572,654
X291,511,531,573,655
X292,524,610,650,652
X293,525,611,651,653
X294,436,593,621,675,677,679,681,704,709,714
X295,437,592,620,674,676,678,680,705,708,715
X296,542,565,646,668
X297,543,564,647,669
X298,548,640,665,702
X299,549,641,664,703
X300,499,639,664,670,683,696,698,701,703,718
X301,498,638,665,671,682,697,699,700,702,719
X302,568,628,670,698
X303,569,629,671,699
X304,549,574,616,618,664,666,692,694,710,718
X305,548,575,617,619,665,667,693,695,711,719
X306,582,660,676,708
X307,583,661,677,709
X308,564,566,569,638,645,669,671,705,713,715
X309,565,567,568,639,644,668,670,704,712,714
X310,594,645,680,705
X311,595,644,681,704
X312,596,630,682,700
X313,597,631,683,701
X314,618,686,694,716
X315,619,687,695,717
X316,642,656,688,706
X317,643,657,689,707
X318,662,696,710,718
X319,663,697,711,719
X320,672,675,712,714
X321,673,674,713,715
OX0,171,180,205,218,229,248,257,288,291,309,311,320,338,351,370,385,392,409,417,428,429,451,453,454,460,464,468,470,472,480,485,490,493,504,515,526,529,536,541,544,546,551,552,554,558,560,562,567,570,572,577,579,580,588,589,590,608,609,610,611,612,614,620,622,626,633,634,635,639,641,649,650,651,654,667,671,674,678,693,694,696,699,703,715,716,718
OX1,170,181,204,219,228,249,256,289,290,308,310,321,339,350,371,384,393,408,416,428,429,450,452,455,461,465,469,471,473,481,484,491,492,505,514,527,528,537,540,545,547,550,553,555,559,561,563,566,571,573,576,578,581,588,589,591,608,609,610,611,613,615,621,623,627,632,634,635,638,640,648,650,651,655,666,670,675,679,692,695,697,698,702,714,717,719
OX2,151,180,205,209,248,249,257,288,291,305,310,311,320,341,355,359,368,385,392,402,410,413,422,425,426,428,429,442,445,453,454,455,456,464,470,472,475,479,480,485,488,491,493,502,504,507,513,514,517,526,528,535,536,546,547,551,552,553,554,558,560,563,570,571,579,580,586,587,588,589,590,602,603,606,608,610,614,622,623,627,628,632,633,634,641,650,661,667,671,680,693,694,695,696,697,698,699,703,705,709,712,714,716,717,718,719
OX3,150,181,204,208,248,249,256,289,290,304,310,311,321,340,354,358,369,384,393,403,411,412,423,424,427,428,429,443,444,452,454,455,457,465,471,473,474,478,481,484,489,490,492,503,505,506,512,515,516,527,529,534,537,546,547,550,552,553,555,559,561,562,570,571,578,581,586,587,588,589,591,602,603,607,609,611,615,622,623,626,629,632,633,635,640,651,660,666,670,681,692,694,695,696,697,698,699,702,704,708,713,715,716,717,718,719
OX4,238,300,308,340,354,360,361,365,371,403,427,439,450,453,469,474,484,490,493,503,505,506,516,519,523,527,528,530,539,540,545,557,562,563,566,570,571,578,581,584,586,587,591,601,603,605,608,610,621,627,629,632,634,638,645,648,650,654,657,675,678,679,681,683,685,691,694,696,699,701,704,705,707,714,716,718
OX5,239,301,309,341,355,360,361,364,370,402,426,438,451,452,468,475,485,491,492,502,504,507,517,518,522,526,529,531,538,541,544,556,562,563,567,570,571,579,580,585,586,587,590,600,602,604,609,611,620,626,628,633,635,639,644,649,651,655,656,674,678,679,680,682,684,690,695,697,698,700,704,705,706,715,717,719
OX6,229,291,301,341,351,360,364,410,418,429,460,485,488,491,493,504,514,517,522,526,531,547,556,571,572,576,589,604,608,612,616,620,625,627,632,636,654,655,656,674,676,678,680,690,691,692,705,706,708,715
OX7,228,290,300,340,350,361,365,411,419,428,461,484,489,490,492,505,515,516,523,527,530,546,557,570,573,577,588,605,609,613,617,621,624,626,633,637,654,655,657,675,677,679,681,690,691,693,704,707,709,714
OX8,258,301,309,341,348,350,359,360,364,402,417,426,451,452,459,468,485,491,492,500,502,504,513,517,520,522,531,538,541,544,551,554,556,558,560,562,563,567,570,571,577,579,580,586,588,602,604,607,608,609,610,620,626,628,633,634,635,639,644,648,649,650,655,661,667,674,678,680,682,690,697,698,700,704,705,709,715,719
OX9,259,300,308,340,349,351,358,361,365,403,416,427,450,453,458,469,484,490,493,501,503,505,512,516,521,523,530,539,540,545,550,555,557,559,561,562,563,566,570,571,576,578,581,587,589,603,605,606,608,609,611,621,627,629,632,634,635,638,645,648,649,651,654,660,666,675,679,681,683,691,696,699,701,704,705,708,714,718
OX10,205,301,305,309,311,320,341,360,364,402,413,445,451,462,464,480,491,492,522,541,551,553,554,556,558,560,563,588,604,608,609,610,613,622,634,635,649,650,667,671,680,682,690,697,699,700,705,719
OX11,204,300,304,308,310,321,340,361,365,403,412,444,450,463,465,481,490,493,523,540,550,552,555,557,559,561,562,589,605,608,609,611,612,623,634,635,648,651,666,670,681,683,691,696,698,701,704,718
OX12,180,209,248,257,288,291,310,355,385,392,410,413,417,422,428,429,442,453,455,456,462,468,475,479,480,488,492,493,502,507,514,531,536,541,547,552,553,577,587,589,590,602,603,604,606,609,610,613,614,620,622,623,626,627,628,632,635,641,649,652,655,671,674,678,682,690,693,695,698,699,700,703,715,717
OX13,181,208,249,256,289,290,311,354,384,393,411,412,416,423,428,429,443,452,454,457,463,469,474,478,481,489,492,493,503,506,515,530,537,540,546,552,553,576,586,588,591,602,603,605,607,608,611,612,615,621,622,623,626,627,629,633,634,640,648,653,654,670,675,679,683,691,692,694,698,699,701,702,714,716
OX14,305,359,413,417,426,445,452,480,485,504,513,517,520,531,538,544,553,562,567,570,571,577,579,580,586,620,622,628,633,639,644,648,655,661,671,674,678,698,699,704,709,715
OX15,304,358,412,416,427,444,453,481,484,505,512,516,521,530,539,545,552,563,566,570,571,576,578,581,587,621,623,629,632,638,645,649,654,660,670,675,679,698,699,705,708,714
OX16,208,290,300,308,311,340,354,361,365,393,403,423,428,443,450,454,457,469,474,478,484,489,490,492,503,505,506,516,523,527,530,540,553,557,562,570,573,586,588,598,602,603,605,607,611,621,622,627,629,633,640,648,653,654,655,657,675,679,681,684,691,694,696,699,702,704,707,714,716,718
OX17,209,291,301,309,310,341,355,360,364,392,402,422,429,442,451,455,456,468,475,479,485,488,491,493,502,504,507,517,522,526,531,541,552,556,563,571,572,587,589,599,602,603,604,606,610,620,623,626,628,632,641,649,652,654,655,656,674,678,680,685,690,695,697,698,703,705,706,715,717,719
OX18,413,417,459,462,492,526,553,556,577,590,607,613,614,665,693,702
OX19,412,416,458,463,493,527,552,557,576,591,606,612,615,664,692,703
OX20,392,402,418,426,459,462,475,479,480,488,492,520,526,531,541,544,552,556,562,563,567,572,576,579,586,587,590,599,600,604,607,613,614,616,620,622,623,625,632,633,639,641,644,648,649,654,655,656,661,665,671,674,676,678,682,684,685,690,691,692,693,695,697,699,700,702,703,704,706,708,709,715,717,719
OX21,393,403,419,427,458,463,474,478,481,489,493,521,527,530,540,545,553,557,562,563,566,573,577,578,586,587,591,598,601,605,606,612,615,617,621,622,623,624,632,633,638,640,645,648,649,654,655,657,660,664,670,675,677,679,683,684,685,690,691,692,693,694,696,698,701,702,703,705,707,708,709,714,716,718
OX22,257,355,385,410,426,452,459,462,480,492,502,507,514,520,526,531,538,541,544,547,556,562,567,572,579,586,590,599,604,607,613,614,620,622,626,627,628,633,639,644,648,649,654,655,656,661,665,671,674,676,678,685,686,690,693,698,699,702,704,706,708,709,715,716
OX23,256,354,384,411,427,453,458,463,481,493,503,506,515,521,527,530,539,540,545,546,557,563,566,573,578,587,591,598,605,606,612,615,621,623,626,627,629,632,638,645,648,649,654,655,657,660,664,670,675,677,679,684,687,691,692,698,699,703,705,707,708,709,714,717
OX24,355,359,422,442,454,470,472,488,502,507,513,520,544,546,562,567,570,580,600,602,628,632,639,644,648,682,684,694,696,698,700,704,712,714,716,718
OX25,354,358,423,443,455,471,473,489,503,506,512,521,545,547,563,566,571,581,601,603,629,633,638,645,649,683,685,695,697,699,701,705,713,715,717,719
OX26,370,462,475,479,492,520,526,529,554,558,560,587,588,600,610,611,613,614,623,634,636,644,648,650,651,656,661,684,693,695,704,706,709,717
OX27,371,463,474,478,493,521,527,528,555,559,561,586,589,601,610,611,612,615,622,635,637,645,649,650,651,657,660,685,692,694,705,707,708,716
OX28,309,359,410,451,452,454,459,462,468,470,472,485,492,504,513,514,520,526,531,538,544,546,556,562,567,570,572,579,580,590,604,607,613,614,626,628,633,639,644,648,654,655,656,661,665,671,674,690,693,694,696,698,699,702,704,706,709,715,716,718
OX29,308,358,411,450,453,455,458,463,469,471,473,484,493,505,512,515,521,527,530,539,545,547,557,563,566,571,573,578,581,591,605,606,612,615,627,629,632,638,645,649,654,655,657,660,664,670,675,691,692,695,697,698,699,703,705,707,708,714,717,719
OX30,402,459,462,475,479,492,526,531,541,556,563,579,587,590,599,607,613,614,623,625,628,633,649,655,661,665,671,674,676,685,686,691,693,695,697,698,699,702,708,709,710,712,714,715,716,717,718,719
OX31,403,458,463,474,478,493,527,530,540,557,562,578,586,591,598,606,612,615,622,624,629,632,648,654,660,664,670,675,677,684,687,690,692,694,696,698,699,703,708,709,711,713,714,715,716,717,718,719
OX32,340,463,474,478,481,490,530,555,557,559,561,578,586,589,591,598,605,608,609,612,615,622,623,624,629,632,634,635,651,653,654,660,675,677,681,683,684,687,690,691,692,694,699,701,704,708,709,711,713,714,715,716,717,719
OX33,341,462,475,479,480,491,531,554,556,558,560,579,587,588,590,599,604,608,609,613,614,622,623,625,628,633,634,635,650,652,655,661,674,676,680,682,685,686,690,691,693,695,698,700,705,708,709,710,712,714,715,716,717,718
OX34,300,358,361,365,411,484,505,512,515,516,523,527,530,557,570,571,573,581,605,611,653,654,655,657,670,675,691,698,707,714
OX35,301,359,360,364,410,485,504,513,514,517,522,526,531,556,570,571,572,580,604,610,652,654,655,656,671,674,690,699,706,715
OX36,358,427,481,484,493,505,512,527,530,545,557,563,566,571,578,581,587,591,621,623,630,632,638,654,670,675,679,698,700,714
OX37,359,426,480,485,492,504,513,526,531,544,556,562,567,570,579,580,586,590,620,622,631,633,639,655,671,674,678,699,701,715
OX38,423,427,443,481,484,489,505,521,545,563,566,587,601,621,623,629,633,638,645,649,670,675,679,683,685,698,699,701,705,713,714,715
OX39,422,426,442,480,485,488,504,520,544,562,567,586,600,620,622,628,632,639,644,648,671,674,678,682,684,698,699,700,704,712,714,715
OX40,291,429,462,475,479,480,492,493,520,526,554,558,560,587,588,589,600,604,609,610,613,614,620,622,623,634,635,636,644,648,650,661,678,684,690,693,695,704,709,717
OX41,290,428,463,474,478,481,492,493,521,527,555,559,561,586,588,589,601,605,608,611,612,615,621,622,623,634,635,637,645,649,651,660,679,685,691,692,694,705,708,716
OX42,599,608,610,625,631,636,652,685,686,689,691,701,707,710,716,718
OX43,598,609,611,624,630,637,653,684,687,688,690,700,706,711,717,719
OX44,458,463,606,612,615,664,692,703
OX45,459,462,607,613,614,665,693,702
OX46,411,427,453,481,515,521,539,545,563,566,573,587,605,621,623,629,638,645,649,655,657,660,679,691,699,705,707,708
OX47,410,426,452,480,514,520,538,544,562,567,572,586,604,620,622,628,639,644,648,654,656,661,678,690,698,704,706,709
OX48,453,455,471,473,474,478,493,521,530,539,545,547,555,557,559,561,563,566,586,589,603,609,611,622,624,627,635,638,645,649,651,654,660,690,695,697,705,708,711,717
OX49,452,454,470,472,475,479,492,520,531,538,544,546,554,556,558,560,562,567,587,588,602,608,610,623,625,626,634,639,644,648,650,655,661,691,694,696,704,709,710,716
OX50,427,455,471,473,481,484,505,547,587,603,621,623,627,670,675,677,679,687,695,697,698,709,714,719
OX51,426,454,470,472,480,485,504,546,586,602,620,622,626,671,674,676,678,686,694,696,699,708,715,718
OX52,474,478,493,530,555,557,559,561,586,589,609,611,622,624,629,635,651,654,660,670,675,677,687,690,694,696,698,699,708,709,711,713,714,715,716,717,718,719
OX53,475,479,492,531,554,556,558,560,587,588,608,610,623,625,628,634,650,655,661,671,674,676,686,691,695,697,698,699,708,709,710,712,714,715,716,717,718,719
OX54,418,488,492,520,576,579,590,600,608,616,625,628,631,632,633,636,644,648,682,684,689,691,692,698,700,701,704,707,712,714
OX55,419,489,493,521,577,578,591,601,609,617,624,629,630,632,633,637,645,649,683,685,688,690,693,699,700,701,705,706,713,715
OX56,454,470,472,480,485,492,504,526,531,544,546,556,562,567,579,590,602,622,626,631,633,639,655,671,680,686,689,694,696,699,701,705,707,718
OX57,455,471,473,481,484,493,505,527,530,545,547,557,563,566,578,591,603,623,627,630,632,638,654,670,681,687,688,695,697,698,700,704,706,719
OX58,526,531,541,556,610,647,649,652,655,669,674,676,689,707,708,715
OX59,527,530,540,557,611,646,648,653,654,668,675,677,688,706,709,714
OX60,540,609,611,624,629,637,646,648,653,660,668,670,687,688,690,694,696,698,699,706,708,711,713,715,716,717,718,719
OX61,541,608,610,625,628,636,647,649,652,661,669,671,686,689,691,695,697,698,699,707,709,710,712,714,716,717,718,719
OX62,628,661,671,674,676,686,695,697,698,699,708,709,710,712,714,715,716,717,718,719
OX63,629,660,670,675,677,687,694,696,698,699,708,709,711,713,714,715,716,717,718,719
OX64,521,601,645,649,660,664,685,694,703,705,708,716
OX65,520,600,644,648,661,665,684,695,702,704,709,717
OX66,493,578,591,609,624,630,632,637,687,688,690,700,706,711,717,719
OX67,492,579,590,608,625,631,633,636,686,689,691,701,707,710,716,718
OX68,478,481,584,605,615,622,623,624,660,675,677,678,681,688,690,691,692,694,704,706,708,709,714,716
OX69,479,480,585,604,614,622,623,625,661,674,676,679,680,689,690,691,693,695,705,707,708,709,715,717
OX70,480,604,614,622,671,680,690,693,697,699,705,719
OX71,481,605,615,623,670,681,691,692,696,698,704,718
OX72,417,551,577,579,631,633,667,671,674,676,686,697,699,701,708,710,715,716,718,719
OX73,416,550,576,578,630,632,666,670,675,677,687,696,698,700,709,711,714,717,718,719
OX74,484,505,605,615,691,692,696,718
OX75,485,504,604,614,690,693,697,719
Z0,0,6,8,24
Z1,1,7,9,25
Z2,2,12,14,34
Z3,3,13,15,35
Z4,4,18,20,44
Z5,5,19,21,45
Z6,0,8,12,26,32,34,54,56,66,106
Z7,1,9,13,27,33,35,55,57,67,107
Z8,0,2,4,6,10,12,16,18,28,38
Z9,1,3,5,7,11,13,17,19,29,39
Z10,10,28,30,62
Z11,11,29,31,63
Z12,2,14,28,36,60,62,70,72,112,132
Z13,3,15,29,37,61,63,71,73,113,133
Z14,8,22,24,52,54,100,102,104,172,176
Z15,9,23,25,53,55,101,103,105,173,177
Z16,16,38,40,78
Z17,17,39,41,79
Z18,4,6,20,22,24,46,48,50,88,92
Z19,5,7,21,23,25,47,49,51,89,93
Z20,14,32,34,68,70,126,128,130,210,214
Z21,15,33,35,69,71,127,129,131,211,215
Z22,22,50,52,98
Z23,23,51,53,99
Z24,26,54,58,104
Z25,27,55,59,105
Z26,10,30,38,64,76,78,116,118,138,200
Z27,11,31,39,65,77,79,117,119,139,201
Z28,20,42,44,86,88,154,156,158,250,254
Z29,21,43,45,87,89,155,157,159,251,255
Z30,32,66,68,124
Z31,33,67,69,125
Z32,36,70,74,130
Z33,37,71,75,131
Z34,30,60,62,114,116,194,196,198,302,306
Z35,31,61,63,115,117,195,197,199,303,307
Z36,42,84,86,152
Z37,43,85,87,153
Z38,46,88,90,158
Z39,47,89,91,159
Z40,48,92,94,164
Z41,49,93,95,165
Z42,40,76,78,140,142,232,234,236,352,356
Z43,41,77,79,141,143,233,235,237,353,357
Z44,16,18,40,42,44,80,82,84,142,146
Z45,17,19,41,43,45,81,83,85,143,147
Z46,26,58,106,110,180,182,184,188,246,288
Z47,27,59,107,111,181,183,185,189,247,289
Z48,56,106,108,184
Z49,57,107,109,185
Z50,52,96,98,170,172,272,274,276,336,408
Z51,53,97,99,171,173,273,275,277,337,409
Z52,60,112,114,192
Z53,61,113,115,193
Z54,64,116,120,198
Z55,65,117,121,199
Z56,48,50,94,96,98,137,166,168,266,270
Z57,49,51,95,97,99,136,167,169,267,271
Z58,58,102,104,178,180,248,284,286,420,424
Z59,59,103,105,179,181,249,285,287,421,425
Z60,36,74,132,136,169,218,220,222,226,338
Z61,37,75,133,137,168,219,221,223,227,339
Z62,72,132,134,222
Z63,73,133,135,223
Z64,68,122,124,208,210,322,324,326,454,470
Z65,69,123,125,209,211,323,325,327,455,471
Z66,76,138,140,230
Z67,77,139,141,231
Z68,80,142,144,236
Z69,81,143,145,237
Z70,82,146,148,242
Z71,83,147,149,243
Z72,56,66,108,122,124,186,205,206,292,320
Z73,57,67,109,123,125,187,204,207,293,321
Z74,74,128,130,171,216,218,334,337,482,487
Z75,75,129,131,170,217,219,335,336,483,486
Z76,46,90,92,160,162,164,258,260,262,348
Z77,47,91,93,161,163,165,259,261,263,349
Z78,86,151,152,249,250,287,375,376,378,537
Z79,87,150,153,248,251,286,374,377,379,536
Z80,90,156,158,256,258,350,386,388,472,546
Z81,91,157,159,257,259,351,387,389,473,547
Z82,96,137,170,219
Z83,97,136,171,218
Z84,100,172,174,276
Z85,101,173,175,277
Z86,102,176,178,282
Z87,103,177,179,283
Z88,94,162,164,264,266,396,398,400,554,558
Z89,95,163,165,265,267,397,399,401,555,559
Z90,110,150,180,248
Z91,111,151,181,249
Z92,72,112,134,190,192,224,239,298,342,438
Z93,73,113,135,191,193,225,238,299,343,439
Z94,108,182,184,290,292,430,432,434,560,588
Z95,109,183,185,291,293,431,433,435,561,589
Z96,64,120,200,204,207,310,312,314,318,456
Z97,65,121,201,205,206,311,313,315,319,457
Z98,118,200,202,314
Z99,119,201,203,315
Z100,114,190,192,300,302,422,440,442,444,516
Z101,115,191,193,301,303,423,441,443,445,517
Z102,122,205,208,311
Z103,123,204,209,310
Z104,126,210,212,326
Z105,127,211,213,327
Z106,128,214,216,332
Z107,129,215,217,333
Z108,120,196,198,209,308,310,452,455,538,603
Z109,121,197,199,208,309,311,453,454,539,602
Z110,82,84,111,148,151,152,244,247,368,373
Z111,83,85,110,149,150,153,245,246,369,372
Z112,118,138,161,202,229,230,316,349,460,501
Z113,119,139,160,203,228,231,317,348,461,500
Z114,134,220,222,340,342,492,494,496,590,634
Z115,135,221,223,341,343,493,495,497,591,635
Z116,80,144,146,238,240,242,299,360,362,364
Z117,81,145,147,239,241,243,298,361,363,365
Z118,140,229,230,351,352,389,485,503,504,506
Z119,141,228,231,350,353,388,484,502,505,507
Z120,144,234,236,301,358,360,410,514,517,571
Z121,145,235,237,300,359,361,411,515,516,570
Z122,154,250,252,378
Z123,155,251,253,379
Z124,156,254,256,384
Z125,157,255,257,385
Z126,160,228,258,350
Z127,161,229,259,351
Z128,162,262,264,394
Z129,163,263,265,395
Z130,166,266,268,400
Z131,167,267,269,401
Z132,168,227,270,346
Z133,169,226,271,347
Z134,100,174,176,278,280,282,412,414,416,550
Z135,101,175,177,279,281,283,413,415,417,551
Z136,149,241,243,367,369,525,527,529,557,651
Z137,148,240,242,366,368,524,526,528,556,650
Z138,174,274,276,358,410,412,510,512,552,572
Z139,175,275,277,359,411,413,511,513,553,573
Z140,182,288,290,428
Z141,183,289,291,429
Z142,186,292,294,434
Z143,187,293,295,435
Z144,188,246,296,372
Z145,189,247,297,373
Z146,190,239,300,361
Z147,191,238,301,360
Z148,194,302,304,444
Z149,195,303,305,445
Z150,196,306,308,450
Z151,197,307,309,451
Z152,179,281,283,305,419,421,443,445,579,633
Z153,178,280,282,304,418,420,442,444,578,632
Z154,206,319,320,464
Z155,207,318,321,465
Z156,126,212,214,328,330,332,474,476,478,584
Z157,127,213,215,329,331,333,475,477,479,585
Z158,203,313,315,459,461,609,611,613,637,653
Z159,202,312,314,458,460,608,610,612,636,652
Z160,212,256,324,326,382,384,472,474,544,586
Z161,213,257,325,327,383,385,473,475,545,587
Z162,220,338,340,490
Z163,221,339,341,491
Z164,224,342,344,496
Z165,225,343,345,497
Z166,217,331,333,355,481,483,505,507,625,691
Z167,216,330,332,354,480,482,504,506,624,690
Z168,232,352,354,506
Z169,233,353,355,507
Z170,234,356,358,512
Z171,235,357,359,513
Z172,240,364,366,522
Z173,241,365,367,523
Z174,244,368,371,528
Z175,245,369,370,529
Z176,188,288,296,329,427,428,436,532,585,679
Z177,189,289,297,328,426,429,437,533,584,678
Z178,154,252,254,380,382,384,403,540,542,646
Z179,155,253,255,381,383,385,402,541,543,647
Z180,227,339,346,404,446,488,491,498,630,700
Z181,226,338,347,405,447,489,490,499,631,701
Z182,260,348,390,500
Z183,261,349,391,501
Z184,253,309,377,379,449,451,539,541,601,649
Z185,252,308,376,378,448,450,538,540,600,648
Z186,261,263,278,391,392,395,549,550,641,666
Z187,260,262,279,390,393,394,548,551,640,667
Z188,166,268,270,346,402,404,543,563,564,566
Z189,167,269,271,347,403,405,542,562,565,567
Z190,264,371,393,394,526,528,553,554,573,655
Z191,265,370,392,395,527,529,552,555,572,654
Z192,272,336,406,486
Z193,273,337,407,487
Z194,274,408,410,514
Z195,275,409,411,515
Z196,278,392,412,552
Z197,279,393,413,553
Z198,280,416,418,576
Z199,281,417,419,577
Z200,284,420,422,442
Z201,285,421,423,443
Z202,286,374,424,534
Z203,287,375,425,535
Z204,186,294,320,415,417,464,467,575,577,617
Z205,187,295,321,414,416,465,466,574,576,616
Z206,268,290,398,400,427,428,545,560,563,587
Z207,269,291,399,401,426,429,544,561,562,586
Z208,245,296,370,372,530,532,642,654,656,658
Z209,244,297,371,373,531,533,643,655,657,659
Z210,298,363,438,518
Z211,299,362,439,519
Z212,194,304,306,446,448,450,578,596,598,630
Z213,195,305,307,447,449,451,579,597,599,631
Z214,312,456,458,606
Z215,313,457,459,607
Z216,316,460,463,612
Z217,317,461,462,613
Z218,295,341,418,433,435,488,491,576,591,632
Z219,294,340,419,432,434,489,490,577,590,633
Z220,322,454,468,602
Z221,323,455,469,603
Z222,324,386,470,472
Z223,325,387,471,473
Z224,328,426,474,586
Z225,329,427,475,587
Z226,330,478,480,622
Z227,331,479,481,623
Z228,334,482,485,504
Z229,335,483,484,505
Z230,272,406,408,514,568,571,581,628,672,712
Z231,273,407,409,515,569,570,580,629,673,713
Z232,224,344,438,477,479,518,595,621,623,681
Z233,225,345,439,476,478,519,594,620,622,680
Z234,319,457,464,467,508,604,607,614,688,706
Z235,318,456,465,466,509,605,606,615,689,707
Z236,232,354,356,508,510,512,530,624,642,688
Z237,233,355,357,509,511,513,531,625,643,689
Z238,345,459,480,495,497,604,607,622,637,690
Z239,344,458,481,494,496,605,606,623,636,691
Z240,363,365,380,518,520,523,595,644,646,668
Z241,362,364,381,519,521,522,594,645,647,669
Z242,367,462,520,523,600,611,613,648,651,684
Z243,366,463,521,522,601,610,612,649,650,685
Z244,376,452,537,538
Z245,377,453,536,539
Z246,380,520,540,648
Z247,381,521,541,649
Z248,382,403,544,562
Z249,383,402,545,563
Z250,322,386,468,470,546,618,626,662,686,710
Z251,323,387,469,471,547,619,627,663,687,711
Z252,388,502,546,626
Z253,389,503,547,627
Z254,317,390,462,500,596,598,640,682,684,702
Z255,316,391,463,501,597,599,641,683,685,703
Z256,396,526,554,556
Z257,397,527,555,557
Z258,398,430,558,560
Z259,399,431,559,561
Z260,404,498,566,638
Z261,405,499,567,639
Z262,335,406,484,486,502,626,628,662,696,698
Z263,334,407,485,487,503,627,629,663,697,699
Z264,414,550,574,666
Z265,415,551,575,667
Z266,284,422,424,440,534,580,582,673,674,676
Z267,285,423,425,441,535,581,583,672,675,677
Z268,375,452,469,535,537,583,603,661,687,717
Z269,374,453,468,534,536,582,602,660,686,716
Z270,432,492,588,590
Z271,433,493,589,591
Z272,436,532,593,658
Z273,437,533,592,659
Z274,440,516,570,580
Z275,441,517,571,581
Z276,446,488,578,632
Z277,447,489,579,633
Z278,448,598,600,684
Z279,449,599,601,685
Z280,466,615,616,692
Z281,467,614,617,693
Z282,476,584,620,678
Z283,477,585,621,679
Z284,494,608,634,636
Z285,495,609,635,637
Z286,397,431,493,525,557,559,589,609,635,653
Z287,396,430,492,524,556,558,588,608,634,652
Z288,508,604,624,690
Z289,509,605,625,691
Z290,510,530,572,654
Z291,511,531,573,655
Z292,524,610,650,652
Z293,525,611,651,653
Z294,436,593,621,675,677,679,681,704,709,714
Z295,437,592,620,674,676,678,680,705,708,715
Z296,542,565,646,668
Z297,543,564,647,669
Z298,548,640,665,702
Z299,549,641,664,703
Z300,499,639,664,670,683,696,698,701,703,718
Z301,498,638,665,671,682,697,699,700,702,719
Z302,568,628,670,698
Z303,569,629,671,699
Z304,549,574,616,618,664,666,692,694,710,718
Z305,548,575,617,619,665,667,693,695,711,719
Z306,582,660,676,708
Z307,583,661,677,709
Z308,564,566,569,638,645,669,671,705,713,715
Z309,565,567,568,639,644,668,670,704,712,714
Z310,594,645,680,705
Z311,595,644,681,704
Z312,596,630,682,700
Z313,597,631,683,701
Z314,618,686,694,716
Z315,619,687,695,717
Z316,642,656,688,706
Z317,643,657,689,707
Z318,662,696,710,718
Z319,663,697,711,719
Z320,672,675,712,714
Z321,673,674,713,715
OZ0,171,180,205,218,229,248,257,288,291,309,311,320,338,351,370,385,392,409,417,428,429,451,453,454,460,464,468,470,472,480,485,490,493,504,515,526,529,536,541,544,546,551,552,554,558,560,562,567,570,572,577,579,580,588,589,590,608,609,610,611,612,614,620,622,626,633,634,635,639,641,649,650,651,654,667,671,674,678,693,694,696,699,703,715,716,718
OZ1,170,181,204,219,228,249,256,289,290,308,310,321,339,350,371,384,393,408,416,428,429,450,452,455,461,465,469,471,473,481,484,491,492,505,514,527,528,537,540,545,547,550,553,555,559,561,563,566,571,573,576,578,581,588,589,591,608,609,610,611,613,615,621,623,627,632,634,635,638,640,648,650,651,655,666,670,675,679,692,695,697,698,702,714,717,719
OZ2,151,180,205,209,248,249,257,288,291,305,310,311,320,341,355,359,368,385,392,402,410,413,422,425,426,428,429,442,445,453,454,455,456,464,470,472,475,479,480,485,488,491,493,502,504,507,513,514,517,526,528,535,536,546,547,551,552,553,554,558,560,563,570,571,579,580,586,587,588,589,590,602,603,606,608,610,614,622,623,627,628,632,633,634,641,650,661,667,671,680,693,694,695,696,697,698,699,703,705,709,712,714,716,717,718,719
OZ3,150,181,204,208,248,249,256,289,290,304,310,311,321,340,354,358,369,384,393,403,411,412,423,424,427,428,429,443,444,452,454,455,457,465,471,473,474,478,481,484,489,490,492,503,505,506,512,515,516,527,529,534,537,546,547,550,552,553,555,559,561,562,570,571,578,581,586,587,588,589,591,602,603,607,609,611,615,622,623,626,629,632,633,635,640,651,660,666,670,681,692,694,695,696,697,698,699,702,704,708,713,715,716,717,718,719
OZ4,238,300,308,340,354,360,361,365,371,403,427,439,450,453,469,474,484,490,493,503,505,506,516,519,523,527,528,530,539,540,545,557,562,563,566,570,571,578,581,584,586,587,591,601,603,605,608,610,621,627,629,632,634,638,645,648,650,654,657,675,678,679,681,683,685,691,694,696,699,701,704,705,707,714,716,718
OZ5,239,301,309,341,355,360,361,364,370,402,426,438,451,452,468,475,485,491,492,502,504,507,517,518,522,526,529,531,538,541,544,556,562,563,567,570,571,579,580,585,586,587,590,600,602,604,609,611,620,626,628,633,635,639,644,649,651,655,656,674,678,679,680,682,684,690,695,697,698,700,704,705,706,715,717,719
OZ6,229,291,301,341,351,360,364,410,418,429,460,485,488,491,493,504,514,517,522,526,531,547,556,571,572,576,589,604,608,612,616,620,625,627,632,636,654,655,656,674,676,678,680,690,691,692,705,706,708,715
OZ7,228,290,300,340,350,361,365,411,419,428,461,484,489,490,492,505,515,516,523,527,530,546,557,570,573,577,588,605,609,613,617,621,624,626,633,637,654,655,657,675,677,679,681,690,691,693,704,707,709,714
OZ8,258,301,309,341,348,350,359,360,364,402,417,426,451,452,459,468,485,491,492,500,502,504,513,517,520,522,531,538,541,544,551,554,556,558,560,562,563,567,570,571,577,579,580,586,588,602,604,607,608,609,610,620,626,628,633,634,635,639,644,648,649,650,655,661,667,674,678,680,682,690,697,698,700,704,705,709,715,719
OZ9,259,300,308,340,349,351,358,361,365,403,416,427,450,453,458,469,484,490,493,501,503,505,512,516,521,523,530,539,540,545,550,555,557,559,561,562,563,566,570,571,576,578,581,587,589,603,605,606,608,609,611,621,627,629,632,634,635,638,645,648,649,651,654,660,666,675,679,681,683,691,696,699,701,704,705,708,714,718
OZ10,205,301,305,309,311,320,341,360,364,402,413,445,451,462,464,480,491,492,522,541,551,553,554,556,558,560,563,588,604,608,609,610,613,622,634,635,649,650,667,671,680,682,690,697,699,700,705,719
OZ11,204,300,304,308,310,321,340,361,365,403,412,444,450,463,465,481,490,493,523,540,550,552,555,557,559,561,562,589,605,608,609,611,612,623,634,635,648,651,666,670,681,683,691,696,698,701,704,718
OZ12,180,209,248,257,288,291,310,355,385,392,410,413,417,422,428,429,442,453,455,456,462,468,475,479,480,488,492,493,502,507,514,531,536,541,547,552,553,577,587,589,590,602,603,604,606,609,610,613,614,620,622,623,626,627,628,632,635,641,649,652,655,671,674,678,682,690,693,695,698,699,700,703,715,717
OZ13,181,208,249,256,289,290,311,354,384,393,411,412,416,423,428,429,443,452,454,457,463,469,474,478,481,489,492,493,503,506,515,530,537,540,546,552,553,576,586,588,591,602,603,605,607,608,611,612,615,621,622,623,626,627,629,633,634,640,648,653,654,670,675,679,683,691,692,694,698,699,701,702,714,716
OZ14,305,359,413,417,426,445,452,480,485,504,513,517,520,531,538,544,553,562,567,570,571,577,579,580,586,620,622,628,633,639,644,648,655,661,671,674,678,698,699,704,709,715
OZ15,304,358,412,416,427,444,453,481,484,505,512,516,521,530,539,545,552,563,566,570,571,576,578,581,587,621,623,629,632,638,645,649,654,660,670,675,679,698,699,705,708,714
OZ16,208,290,300,308,311,340,354,361,365,393,403,423,428,443,450,454,457,469,474,478,484,489,490,492,503,505,506,516,523,527,530,540,553,557,562,570,573,586,588,598,602,603,605,607,611,621,622,627,629,633,640,648,653,654,655,657,675,679,681,684,691,694,696,699,702,704,707,714,716,718
OZ17,209,291,301,309,310,341,355,360,364,392,402,422,429,442,451,455,456,468,475,479,485,488,491,493,502,504,507,517,522,526,531,541,552,556,563,571,572,587,589,599,602,603,604,606,610,620,623,626,628,632,641,649,652,654,655,656,674,678,680,685,690,695,697,698,703,705,706,715,717,719
OZ18,413,417,459,462,492,526,553,556,577,590,607,613,614,665,693,702
OZ19,412,416,458,463,493,527,552,557,576,591,606,612,615,664,692,703
OZ20,392,402,418,426,459,462,475,479,480,488,492,520,526,531,541,544,552,556,562,563,567,572,576,579,586,587,590,599,600,604,607,613,614,616,620,622,623,625,632,633,639,641,644,648,649,654,655,656,661,665,671,674,676,678,682,684,685,690,691,692,693,695,697,699,700,702,703,704,706,708,709,715,717,719
OZ21,393,403,419,427,458,463,474,478,481,489,493,521,527,530,540,545,553,557,562,563,566,573,577,578,586,587,591,598,601,605,606,612,615,617,621,622,623,624,632,633,638,640,645,648,649,654,655,657,660,664,670,675,677,679,683,684,685,690,691,692,693,694,696,698,701,702,703,705,707,708,709,714,716,718
OZ22,257,355,385,410,426,452,459,462,480,492,502,507,514,520,526,531,538,541,544,547,556,562,567,572,579,586,590,599,604,607,613,614,620,622,626,627,628,633,639,644,648,649,654,655,656,661,665,671,674,676,678,685,686,690,693,698,699,702,704,706,708,709,715,716
OZ23,256,354,384,411,427,453,458,463,481,493,503,506,515,521,527,530,539,540,545,546,557,563,566,573,578,587,591,598,605,606,612,615,621,623,626,627,629,632,638,645,648,649,654,655,657,660,664,670,675,677,679,684,687,691,692,698,699,703,705,707,708,709,714,717
OZ24,355,359,422,442,454,470,472,488,502,507,513,520,544,546,562,567,570,580,600,602,628,632,639,644,648,682,684,694,696,698,700,704,712,714,716,718
OZ25,354,358,423,443,455,471,473,489,503,506,512,521,545,547,563,566,571,581,601,603,629,633,638,645,649,683,685,695,697,699,701,705,713,715,717,719
OZ26,370,462,475,479,492,520,526,529,554,558,560,587,588,600,610,611,613,614,623,634,636,644,648,650,651,656,661,684,693,695,704,706,709,717
OZ27,371,463,474,478,493,521,527,528,555,559,561,586,589,601,610,611,612,615,622,635,637,645,649,650,651,657,660,685,692,694,705,707,708,716
OZ28,309,359,410,451,452,454,459,462,468,470,472,485,492,504,513,514,520,526,531,538,544,546,556,562,567,570,572,579,580,590,604,607,613,614,626,628,633,639,644,648,654,655,656,661,665,671,674,690,693,694,696,698,699,702,704,706,709,715,716,718
OZ29,308,358,411,450,453,455,458,463,469,471,473,484,493,505,512,515,521,527,530,539,545,547,557,563,566,571,573,578,581,591,605,606,612,615,627,629,632,638,645,649,654,655,657,660,664,670,675,691,692,695,697,698,699,703,705,707,708,714,717,719
OZ30,402,459,462,475,479,492,526,531,541,556,563,579,587,590,599,607,613,614,623,625,628,633,649,655,661,665,671,674,676,685,686,691,693,695,697,698,699,702,708,709,710,712,714,715,716,717,718,719
OZ31,403,458,463,474,478,493,527,530,540,557,562,578,586,591,598,606,612,615,622,624,629,632,648,654,660,664,670,675,677,684,687,690,692,694,696,698,699,703,708,709,711,713,714,715,716,717,718,719
OZ32,340,463,474,478,481,490,530,555,557,559,561,578,586,589,591,598,605,608,609,612,615,622,623,624,629,632,634,635,651,653,654,660,675,677,681,683,684,687,690,691,692,694,699,701,704,708,709,711,713,714,715,716,717,719
OZ33,341,462,475,479,480,491,531,554,556,558,560,579,587,588,590,599,604,608,609,613,614,622,623,625,628,633,634,635,650,652,655,661,674,676,680,682,685,686,690,691,693,695,698,700,705,708,709,710,712,714,715,716,717,718
OZ34,300,358,361,365,411,484,505,512,515,516,523,527,530,557,570,571,573,581,605,611,653,654,655,657,670,675,691,698,707,714
OZ35,301,359,360,364,410,485,504,513,514,517,522,526,531,556,570,571,572,580,604,610,652,654,655,656,671,674,690,699,706,715
OZ36,358,427,481,484,493,505,512,527,530,545,557,563,566,571,578,581,587,591,621,623,630,632,638,654,670,675,679,698,700,714
OZ37,359,426,480,485,492,504,513,526,531,544,556,562,567,570,579,580,586,590,620,622,631,633,639,655,671,674,678,699,701,715
OZ38,423,427,443,481,484,489,505,521,545,563,566,587,601,621,623,629,633,638,645,649,670,675,679,683,685,698,699,701,705,713,714,715
OZ39,422,426,442,480,485,488,504,520,544,562,567,586,600,620,622,628,632,639,644,648,671,674,678,682,684,698,699,700,704,712,714,715
OZ40,291,429,462,475,479,480,492,493,520,526,554,558,560,587,588,589,600,604,609,610,613,614,620,622,623,634,635,636,644,648,650,661,678,684,690,693,695,704,709,717
OZ41,290,428,463,474,478,481,492,493,521,527,555,559,561,586,588,589,601,605,608,611,612,615,621,622,623,634,635,637,645,649,651,660,679,685,691,692,694,705,708,716
OZ42,599,608,610,625,631,636,652,685,686,689,691,701,707,710,716,718
OZ43,598,609,611,624,630,637,653,684,687,688,690,700,706,711,717,719
OZ44,458,463,606,612,615,664,692,703
OZ45,459,462,607,613,614,665,693,702
OZ46,411,427,453,481,515,521,539,545,563,566,573,587,605,621,623,629,638,645,649,655,657,660,679,691,699,705,707,708
OZ47,410,426,452,480,514,520,538,544,562,567,572,586,604,620,622,628,639,644,648,654,656,661,678,690,698,704,706,709
OZ48,453,455,471,473,474,478,493,521,530,539,545,547,555,557,559,561,563,566,586,589,603,609,611,622,624,627,635,638,645,649,651,654,660,690,695,697,705,708,711,717
OZ49,452,454,470,472,475,479,492,520,531,538,544,546,554,556,558,560,562,567,587,588,602,608,610,623,625,626,634,639,644,648,650,655,661,691,694,696,704,709,710,716
OZ50,427,455,471,473,481,484,505,547,587,603,621,623,627,670,675,677,679,687,695,697,698,709,714,719
OZ51,426,454,470,472,480,485,504,546,586,602,620,622,626,671,674,676,678,686,694,696,699,708,715,718
OZ52,474,478,493,530,555,557,559,561,586,589,609,611,622,624,629,635,651,654,660,670,675,677,687,690,694,696,698,699,708,709,711,713,714,715,716,717,718,719
OZ53,475,479,492,531,554,556,558,560,587,588,608,610,623,625,628,634,650,655,661,671,674,676,686,691,695,697,698,699,708,709,710,712,714,715,716,717,718,719
OZ54,418,488,492,520,576,579,590,600,608,616,625,628,631,632,633,636,644,648,682,684,689,691,692,698,700,701,704,707,712,714
OZ55,419,489,493,521,577,578,591,601,609,617,624,629,630,632,633,637,645,649,683,685,688,690,693,699,700,701,705,706,713,715
OZ56,454,470,472,480,485,492,504,526,531,544,546,556,562,567,579,590,602,622,626,631,633,639,655,671,680,686,689,694,696,699,701,705,707,718
OZ57,455,471,473,481,484,493,505,527,530,545,547,557,563,566,578,591,603,623,627,630,632,638,654,670,681,687,688,695,697,698,700,704,706,719
OZ58,526,531,541,556,610,647,649,652,655,669,674,676,689,707,708,715
OZ59,527,530,540,557,611,646,648,653,654,668,675,677,688,706,709,714
OZ60,540,609,611,624,629,637,646,648,653,660,668,670,687,688,690,694,696,698,699,706,708,711,713,715,716,717,718,719
OZ61,541,608,610,625,628,636,647,649,652,661,669,671,686,689,691,695,697,698,699,707,709,710,712,714,716,717,718,719
OZ62,628,661,671,674,676,686,695,697,698,699,708,709,710,712,714,715,716,717,718,719
OZ63,629,660,670,675,677,687,694,696,698,699,708,709,711,713,714,715,716,717,718,719
OZ64,521,601,645,649,660,664,685,694,703,705,708,716
OZ65,520,600,644,648,661,665,684,695,702,704,709,717
OZ66,493,578,591,609,624,630,632,637,687,688,690,700,706,711,717,719
OZ67,492,579,590,608,625,631,633,636,686,689,691,701,707,710,716,718
OZ68,478,481,584,605,615,622,623,624,660,675,677,678,681,688,690,691,692,694,704,706,708,709,714,716
OZ69,479,480,585,604,614,622,623,625,661,674,676,679,680,689,690,691,693,695,705,707,708,709,715,717
OZ70,480,604,614,622,671,680,690,693,697,699,705,719
OZ71,481,605,615,623,670,681,691,692,696,698,704,718
OZ72,417,551,577,579,631,633,667,671,674,676,686,697,699,701,708,710,715,716,718,719
OZ73,416,550,576,578,630,632,666,670,675,677,687,696,698,700,709,711,714,717,718,719
OZ74,484,505,605,615,691,692,696,718
OZ75,485,504,604,614,690,693,697,719
