X0,0,9,18,27,216,225,234,243
X1,1,10,19,28,217,226,235,244
X2,2,11,20,29,218,227,236,245
X3,3,12,21,30,219,228,237,246
X4,4,13,22,31,220,229,238,247
X5,5,14,23,32,221,230,239,248
X6,6,15,24,33,222,231,240,249
X7,7,16,25,34,223,232,241,250
X8,8,17,26,35,224,233,242,251
X9,0,72,144,216,288,414
X10,1,73,145,217,289,415
X11,2,74,146,218,290,416
X12,3,75,147,219,291,417
X13,4,76,148,220,292,418
X14,5,77,149,221,293,419
X15,6,78,150,222,294,420
X16,7,79,151,223,295,421
X17,8,80,152,224,296,422
X18,9,82,160,225,297,424
X19,10,83,157,226,298,425
X20,11,81,159,227,299,423
X21,12,89,155,228,300,431
X22,13,87,158,229,301,429
X23,14,84,154,230,302,426
X24,15,88,156,231,303,430
X25,16,85,161,232,304,427
X26,17,86,153,233,305,428
X27,18,90,162,243,306,396
X28,19,91,163,244,307,397
X29,20,92,164,245,308,398
X30,21,93,165,246,309,399
X31,22,94,166,247,310,400
X32,23,95,167,248,311,401
X33,24,96,168,249,312,402
X34,25,97,169,250,313,403
X35,26,98,170,251,314,404
X36,36,49,58,69,252,267,274,279
X37,37,51,60,70,253,268,276,280
X38,38,52,61,67,254,265,277,281
X39,39,45,54,64,255,262,270,282
X40,40,48,57,71,256,269,273,283
X41,41,47,56,63,257,261,272,284
X42,42,53,62,68,258,266,278,285
X43,43,50,59,66,259,264,275,286
X44,44,46,55,65,260,263,271,287
X45,39,84,208,282,336,426
X46,44,89,209,287,341,431
X47,41,86,207,284,338,428
X48,40,85,215,283,337,427
X49,36,81,213,279,333,423
X50,43,88,210,286,340,430
X51,37,82,214,280,334,424
X52,38,83,211,281,335,425
X53,42,87,212,285,339,429
X54,45,72,198,270,324,414
X55,46,73,199,271,325,415
X56,47,74,200,272,326,416
X57,48,75,201,273,327,417
X58,49,76,202,274,328,418
X59,50,77,203,275,329,419
X60,51,78,204,276,330,420
X61,52,79,205,277,331,421
X62,53,80,206,278,332,422
X63,56,97,185,257,358,403
X64,54,94,183,255,355,400
X65,55,96,188,260,357,402
X66,59,92,187,259,353,398
X67,61,95,182,254,356,401
X68,62,91,186,258,352,397
X69,58,93,180,252,354,399
X70,60,98,181,253,359,404
X71,57,90,184,256,351,396
X72,72,81,108,119,288,299,324,333
X73,73,82,109,117,289,297,325,334
X74,74,83,110,118,290,298,326,335
X75,75,84,111,122,291,302,327,336
X76,76,85,112,124,292,304,328,337
X77,77,86,113,125,293,305,329,338
X78,78,87,114,121,294,301,330,339
X79,79,88,115,123,295,303,331,340
X80,80,89,116,120,296,300,332,341
X81,0,108,171,234,288,378
X82,1,109,172,235,289,379
X83,2,110,173,236,290,380
X84,3,111,174,237,291,381
X85,4,112,175,238,292,382
X86,5,113,176,239,293,383
X87,6,114,177,240,294,384
X88,7,115,178,241,295,385
X89,8,116,179,242,296,386
X90,90,99,126,138,306,318,342,351
X91,91,100,127,143,307,323,343,352
X92,92,101,128,140,308,320,344,353
X93,93,102,129,139,309,319,345,354
X94,94,103,130,135,310,315,346,355
X95,95,104,131,142,311,322,347,356
X96,96,105,132,136,312,316,348,357
X97,97,106,133,137,313,317,349,358
X98,98,107,134,141,314,321,350,359
X99,18,126,144,216,306,360
X100,19,127,145,217,307,361
X101,20,128,146,218,308,362
X102,21,129,147,219,309,363
X103,22,130,148,220,310,364
X104,23,131,149,221,311,365
X105,24,132,150,222,312,366
X106,25,133,151,223,313,367
X107,26,134,152,224,314,368
X108,27,104,171,234,322,405
X109,28,102,172,235,319,406
X110,29,107,173,236,321,407
X111,30,106,174,237,317,408
X112,31,101,175,238,320,409
X113,32,105,176,239,316,410
X114,33,99,177,240,318,411
X115,34,100,178,241,323,412
X116,35,103,179,242,315,413
X117,36,108,180,252,333,378
X118,37,109,181,253,334,379
X119,63,99,195,261,342,411
X120,39,111,183,255,336,381
X121,40,112,184,256,337,382
X122,41,113,185,257,338,383
X123,42,114,186,258,339,384
X124,66,102,190,264,345,406
X125,38,110,182,254,335,380
X126,57,138,201,273,351,372
X127,59,140,203,275,353,374
X128,44,116,188,260,341,386
X129,43,115,187,259,340,385
X130,58,139,202,274,354,373
X131,54,135,198,270,355,369
X132,55,136,199,271,357,370
X133,60,141,204,276,359,375
X134,56,137,200,272,358,371
X135,67,103,197,265,346,413
X136,68,104,189,266,347,405
X137,61,142,205,277,356,376
X138,65,101,193,263,344,409
X139,69,105,194,267,348,410
X140,64,100,196,262,343,412
X141,70,106,192,268,349,408
X142,144,153,198,207,360,369,414,428
X143,145,154,199,208,361,370,415,426
X144,146,155,200,209,362,371,416,431
X145,147,156,201,210,363,372,417,430
X146,148,157,202,211,364,373,418,425
X147,149,158,203,212,365,374,419,429
X148,150,159,204,213,366,375,420,423
X149,151,160,205,214,367,376,421,424
X150,152,161,206,215,368,377,422,427
X151,11,119,164,245,299,389
X152,9,117,162,243,297,387
X153,10,118,163,244,298,388
X154,14,122,167,248,302,392
X155,12,120,165,246,300,390
X156,13,121,166,247,301,391
X157,27,142,160,225,322,376
X158,28,139,157,226,319,373
X159,162,175,184,193,382,387,396,409
X160,163,177,186,195,384,388,397,411
X161,164,178,187,196,385,389,398,412
X162,165,171,180,189,378,390,399,405
X163,166,174,183,192,381,391,400,408
X164,167,173,182,191,380,392,401,407
X165,168,179,188,197,386,393,402,413
X166,169,176,185,194,383,394,403,410
X167,170,172,181,190,379,395,404,406
X168,16,124,169,250,304,394
X169,15,123,168,249,303,393
X170,30,137,155,228,317,371
X171,29,141,159,227,321,375
X172,31,140,158,229,320,374
X173,32,136,154,230,316,370
X174,33,138,156,231,318,372
X175,34,143,161,232,323,377
X176,17,125,170,251,305,395
X177,45,119,196,262,324,389
X178,46,117,193,263,325,387
X179,47,118,195,261,326,388
X180,48,122,191,269,327,392
X181,49,124,194,267,328,394
X182,50,125,190,264,329,395
X183,51,121,192,268,330,391
X184,52,123,197,265,331,393
X185,68,131,212,285,347,365
X186,66,129,210,286,345,363
X187,67,130,211,281,346,364
X188,64,127,208,282,343,361
X189,65,128,209,287,344,362
X190,63,126,207,284,342,360
X191,70,133,214,280,349,367
X192,69,132,213,279,348,366
X193,53,120,189,266,332,390
X194,62,143,206,278,352,377
X195,35,135,153,233,315,369
OX0,252,253,254,255,256,257,258,259,260,261,262,263,264,265,266,267,268,269,270,271,272,273,274,275,276,277,278,279,280,281,282,283,284,285,286,287,306,307,308,309,310,311,312,313,314,315,316,317,318,319,320,321,322,323,324,325,326,327,328,329,330,331,332,333,334,335,336,337,338,339,340,341,360,361,362,363,364,365,366,367,368,369,370,371,372,373,374,375,376,377,396,397,398,399,400,401,402,403,404,405,406,407,408,409,410,411,412,413
OX1,200,202,206,207,212,213,270,271,273,275,276,277,280,281,282,283,286,287,289,291,295,298,299,300,301,304,305,306,307,309,311,312,313,315,320,321,324,326,328,329,330,332,334,336,340,344,346,350,351,352,354,356,357,358,360,361,363,365,366,367,369,374,375,379,381,385,388,389,390,391,394,395,396,397,399,401,402,403,407,409,413,415,417,421,423,425,427,428,429,431
OX2,306,307,308,309,310,311,312,313,314,315,316,317,318,319,320,321,322,323,342,343,344,345,346,347,348,349,350,351,352,353,354,355,356,357,358,359,360,361,362,363,364,365,366,367,368,369,370,371,372,373,374,375,376,377,396,397,398,399,400,401,402,403,404,405,406,407,408,409,410,411,412,413
OX3,207,209,211,212,213,215,217,219,223,227,229,233,235,237,241,245,247,251,253,254,255,256,259,260,261,262,264,266,267,268,271,272,273,274,277,278,289,291,295,297,302,303,315,317,319,320,321,323,325,326,327,328,331,332,334,335,336,337,340,341,342,343,344,345,346,347,348,349,350,351,356,357,361,363,367,371,373,377,387,389,391,392,393,395,398,400,404,407,409,413,423,424,426,428,429,430
OX4,208,209,210,211,214,215,217,218,219,220,223,224,225,227,229,230,231,233,235,236,237,238,241,242,243,245,247,248,249,251,254,256,260,262,264,268,272,274,278,279,280,281,282,283,284,285,286,287,289,290,291,292,295,296,297,298,300,302,303,304,316,317,318,319,322,323,326,328,332,335,337,341,342,343,344,345,346,347,348,349,350,353,355,359,361,362,363,364,367,368,369,371,373,374,375,377,388,389,390,391,394,395,396,398,400,401,402,404,405,407,409,410,411,413,423,425,427,428,429,431
OX5,161,179,195,196,197,201,202,203,204,209,210,211,212,213,219,220,221,223,224,225,228,229,231,232,235,236,243,244,245,248,249,251,253,256,261,263,264,266,267,269,272,279,280,285,286,287,292,295,301,307,313,314,316,317,319,320,326,328,330,332,335,340,341,343,345,347,349,353,356,357,358,359,361,363,364,365,370,372,373,376,379,380,382,385,386,387,388,389,391,392,393,395,396,398,401,402,403,407,408,409,410,413,417,419,422,424,430,431
OX6,205,209,211,215,217,219,220,224,225,226,227,231,232,233,235,236,238,239,242,243,244,246,248,249,250,251,253,254,258,261,263,265,268,269,270,278,282,283,284,287,290,292,293,297,298,299,300,301,302,303,304,307,309,312,314,317,319,323,324,325,326,327,329,331,335,339,341,342,343,348,351,352,358,359,364,366,369,371,372,375,376,379,386,389,391,395,396,401,403,407,408,409,410,412,413,415,416,417,419,422,426,428,429,431
OX7,206,209,211,215,222,224,226,229,230,233,235,236,242,245,247,248,249,251,253,254,258,259,260,262,264,269,270,271,272,273,274,278,279,280,281,284,291,293,294,295,297,298,299,300,301,304,305,307,311,312,313,314,315,316,318,320,321,322,324,325,326,328,329,331,332,336,338,342,343,344,347,348,350,355,356,357,358,359,361,365,367,372,373,375,376,379,380,381,383,384,385,386,387,388,390,392,393,394,397,398,400,403,405,406,409,410,411,417,419,421,422,423,424,426,427,431
OX8,204,209,211,215,219,222,223,225,227,229,231,232,235,237,239,240,241,242,243,244,245,247,248,249,250,251,255,256,257,258,259,261,262,264,265,266,268,269,270,271,272,275,276,277,282,284,286,287,290,291,292,299,300,301,305,307,308,312,313,314,315,316,318,320,321,322,324,325,328,329,330,334,335,336,341,342,344,346,352,353,356,358,361,362,363,368,369,370,377,379,380,382,383,384,385,386,387,388,390,392,393,394,396,400,401,405,406,407,408,409,412,416,418,420,421,424,427,428,430,431
OX9,203,209,211,215,217,219,221,228,229,230,231,233,238,240,242,244,254,256,258,259,265,266,270,273,274,275,276,277,279,280,281,282,289,292,296,298,299,301,305,308,309,310,311,313,315,316,318,320,321,322,324,329,330,331,332,334,335,337,340,346,348,350,351,354,355,358,361,362,364,367,371,375,376,379,384,389,391,395,397,398,399,400,401,403,405,407,410,417,418,419,422,423,425,426,430,431
OX10,201,209,211,215,217,218,223,224,227,228,229,230,231,232,235,237,239,240,247,251,256,257,259,263,264,265,267,269,270,271,273,274,275,277,278,282,283,284,285,286,289,290,291,293,294,295,299,307,308,311,313,317,319,323,324,325,327,328,330,331,335,337,338,342,343,344,345,346,350,351,352,355,356,359,365,368,370,372,373,374,375,380,385,389,391,395,397,398,400,401,403,404,410,411,412,417,419,420,422,426,427,429,430,431
OX11,202,209,211,215,217,218,219,221,222,223,224,225,226,230,232,233,237,238,242,243,245,247,249,251,254,257,258,259,261,262,263,266,267,269,272,273,274,275,277,278,282,284,285,287,290,291,292,293,296,297,303,308,311,313,314,317,319,323,325,326,327,328,329,330,332,339,340,342,345,346,347,348,350,351,352,353,355,357,361,363,366,369,370,371,376,380,383,389,391,395,396,400,401,402,403,406,409,412,413,415,418,420,421,425,426,427,428,430
OX12,195,196,211,213,214,215,217,219,223,224,225,226,227,229,232,233,236,238,241,242,243,246,250,251,258,262,263,264,265,268,271,275,276,277,278,282,294,298,300,301,302,303,304,305,311,314,315,316,317,318,322,323,327,329,335,337,340,341,345,346,347,348,350,351,352,354,356,358,361,363,365,367,370,371,372,373,374,375,380,382,384,385,386,387,388,391,392,393,396,399,401,403,405,407,408,409,410,411,415,417,420,421,422,423,424,426,430,431
OX13,196,197,209,210,211,212,213,214,218,228,231,232,237,239,240,241,242,245,248,251,253,256,263,266,267,268,270,271,273,274,282,285,289,290,293,296,297,299,301,303,307,309,310,312,313,314,318,320,321,322,324,327,328,329,332,335,336,337,339,340,350,351,352,353,354,355,356,357,358,359,361,362,363,364,366,367,368,371,374,375,376,377,379,380,381,384,385,387,391,392,393,395,397,398,399,400,401,402,403,405,407,408,409,410,412,413,415,419,422,423,424,427,429,431
OX14,210,211,212,213,214,215,219,221,224,229,231,232,238,240,241,246,248,251,256,258,259,264,266,269,270,271,272,282,284,287,292,294,295,297,298,299,300,301,302,303,304,305,315,316,317,319,321,322,324,325,326,327,328,329,330,331,332,337,339,340,342,343,344,346,348,349,351,352,353,354,356,359,363,365,368,369,370,371,372,373,374,375,376,377,387,388,389,391,393,394,399,401,404,405,406,407,408,409,410,411,412,413,417,418,419,420,421,422,423,424,425,426,428,431
OX15,209,211,214,215,217,220,221,223,224,226,227,228,230,231,232,233,235,237,241,242,244,245,247,249,250,251,253,255,256,258,259,260,261,262,264,265,270,271,275,277,278,280,282,283,284,286,289,291,295,296,297,299,300,301,302,303,319,320,321,322,324,325,327,328,331,332,334,336,337,339,340,341,342,344,345,347,349,350,351,358,361,364,365,367,368,369,370,371,372,374,376,377,387,388,390,392,394,395,397,398,400,402,403,404,405,407,408,409,412,413,417,418,419,424,425,427,428,429
OX16,214,215,218,220,221,222,223,224,226,228,229,231,235,237,239,240,241,242,245,249,253,254,259,261,262,264,265,266,268,269,270,274,276,279,280,283,284,285,289,291,293,294,295,296,297,299,300,305,315,316,317,318,320,322,324,325,326,327,330,334,335,340,342,344,346,349,350,356,357,359,362,364,365,366,367,368,369,370,373,376,387,390,393,395,398,402,405,406,409,412,415,416,417,418,423,424,425,428,429,430
OX17,213,215,217,218,219,221,222,223,224,225,227,231,237,239,240,243,244,249,250,251,253,254,255,258,260,265,266,267,272,274,276,282,284,287,291,293,294,298,301,303,304,305,315,319,325,328,330,331,332,334,335,336,339,341,342,345,347,349,351,355,356,358,361,362,363,365,366,367,368,369,372,373,375,376,387,391,396,397,402,403,404,406,408,410,411,413,415,416,421,422,423,424,425,427,428,429
OX18,212,215,217,218,220,221,223,224,226,227,230,233,235,239,240,244,247,248,249,250,254,255,256,258,259,263,264,268,274,277,279,280,282,283,285,287,289,293,294,297,300,301,302,303,304,305,315,317,318,320,321,322,326,330,332,335,336,337,339,340,346,347,348,350,351,353,357,358,361,362,364,365,367,368,370,371,372,373,374,376,387,388,390,395,397,400,401,402,403,405,406,407,408,409,410,413,416,418,420,421,422,423,424,425,427,429,430,431
OX19,211,215,220,221,223,225,227,228,229,233,235,236,237,238,240,241,242,243,244,247,248,249,253,254,256,257,260,261,263,264,271,274,276,279,281,283,286,287,289,290,291,292,294,295,296,298,300,301,303,304,316,319,320,321,322,323,326,327,328,329,332,334,335,337,338,341,344,345,346,347,348,349,352,355,358,359,364,365,367,369,370,371,373,377,387,390,392,394,396,397,400,401,402,405,408,410,411,413,415,416,417,419,420,422,423,424,425,427,428,430
OX20,218,219,220,221,222,223,224,225,226,227,228,229,230,231,232,233,235,237,238,239,242,243,246,247,248,251,255,256,259,260,265,266,268,269,270,272,275,278,280,281,284,287,289,290,292,294,298,299,302,305,307,309,310,311,312,313,314,315,316,317,318,319,320,321,322,323,324,325,326,327,331,335,337,338,339,340,342,343,346,349,352,353,355,358,361,362,380,381,383,384,386,387,388,389,390,391,396,397,402,403,405,407,411,412,415,417,419,421,422,424,427,429,430,431
OX21,217,219,220,221,222,223,224,225,226,227,228,229,230,231,232,233,235,236,238,240,243,244,247,249,255,257,258,259,264,267,268,269,270,274,275,276,277,281,283,284,285,286,290,291,293,294,296,299,301,302,303,304,307,308,324,325,326,329,330,334,337,339,340,341,342,344,348,349,351,352,357,358,362,363,364,365,366,367,368,369,370,371,372,373,374,375,376,377,379,381,382,383,386,387,388,389,392,394,396,398,400,402,406,407,409,411,415,416,418,421,424,425,428,431
OX22,221,224,235,237,238,240,241,242,244,246,247,248,249,250,254,256,263,267,270,271,272,273,276,278,279,280,281,282,284,285,289,290,291,292,293,294,295,297,298,299,300,301,302,304,309,314,324,328,331,337,338,341,342,343,345,346,348,349,351,352,355,357,358,359,363,365,380,383,386,387,389,393,397,400,401,402,403,404,406,408,409,411,412,413,415,416,417,418,420,421,422,423,424,425,426,427,429,431
OX23,222,223,241,242,249,251,253,254,256,257,258,259,261,263,265,266,267,268,270,272,273,275,277,278,279,281,282,284,285,287,291,292,295,297,299,303,310,312,324,326,328,329,330,331,332,334,335,336,338,339,340,341,342,343,344,347,348,349,351,352,353,355,356,358,364,367,381,382,386,387,389,395,400,404,412,413,417,418,420,423,424,430
OX24,219,224,235,236,242,244,245,246,253,259,262,265,276,277,278,282,285,286,290,291,300,301,309,311,326,330,331,336,340,341,343,345,350,352,356,359,365,368,379,381,386,388,389,391,397,398,401,406,407,413,416,422,429,431
OX25,220,223,238,239,248,250,253,257,260,263,266,269,272,276,277,281,283,285,292,294,296,297,298,304,312,313,326,332,334,339,347,348,350,356,358,359,364,366,383,384,386,387,388,392,401,402,409,410,420,421,422,424,425,427
OX26,237,238,239,240,241,242,246,247,248,249,250,251,255,256,257,258,259,260,264,265,266,267,268,269,273,274,275,276,277,278,282,283,284,285,286,287,291,293,296,301,303,304,328,330,331,336,338,341,342,343,344,345,347,350,351,352,353,354,356,359,382,384,385,390,392,395,399,400,401,402,403,404,408,409,410,411,412,413,417,419,422,427,429,430
OX27,238,240,241,247,249,250,256,258,259,265,267,268,270,271,272,273,275,278,279,280,281,282,284,287,291,292,293,294,295,296,297,298,299,301,303,304,324,325,326,328,330,331,336,337,338,339,340,341,342,343,344,346,348,349,351,352,353,355,357,358,381,383,386,387,388,389,400,402,403,409,411,412,417,418,419,420,421,422,423,424,425,427,429,430
OX28,226,227,236,239,244,248,257,258,260,266,268,269,270,273,275,276,277,278,281,282,284,285,286,287,290,292,294,299,301,302,303,304,305,315,316,317,318,319,320,323,324,326,327,328,329,331,332,337,341,342,343,344,345,346,347,356,357,358,369,370,371,372,374,375,377,382,383,384,388,389,391,393,394,395,397,401,406,407,408,409,411,412,413,416,418,420,425,426,427,428,429,430
OX29,225,227,235,236,239,242,243,244,248,251,255,256,257,258,264,266,267,268,271,273,275,276,278,279,282,284,285,287,289,290,294,295,297,301,303,304,305,315,316,317,318,320,321,323,326,327,329,331,332,336,337,340,341,342,343,344,347,348,355,356,358,359,369,370,371,372,374,376,377,383,384,385,386,388,391,392,393,394,396,397,401,404,406,408,409,411,412,415,416,420,421,423,427,428,429,430
OX30,270,271,272,273,274,275,276,277,278,279,280,281,282,283,284,285,286,287,297,298,299,300,301,302,303,304,305,315,316,317,318,319,320,321,322,323,324,325,326,327,328,329,330,331,332,342,343,344,345,346,347,348,349,350,369,370,371,372,373,374,375,376,377,387,388,389,390,391,392,393,394,395,405,406,407,408,409,410,411,412,413,423,424,425,426,427,428,429,430,431
OX31,230,233,239,241,250,251,253,258,259,263,267,268,271,272,273,274,276,277,280,281,283,284,285,286,290,291,292,294,295,296,300,301,305,315,318,319,320,321,322,323,325,332,334,335,336,337,338,340,341,342,345,346,347,349,350,352,353,358,370,372,373,374,375,376,377,380,381,382,383,384,386,390,391,394,403,404,405,406,407,409,410,411,413,416,417,418,420,421,422,426,429,431
OX32,231,232,236,241,245,249,253,254,260,262,263,266,273,276,277,282,283,285,291,295,296,297,301,303,320,323,330,332,334,336,343,347,350,353,356,359,372,374,380,381,386,387,389,391,398,402,407,409,417,421,422,424,427,429
OX33,228,233,240,242,246,249,253,254,255,257,259,260,261,263,264,266,268,269,272,273,278,281,282,284,289,291,292,293,294,295,300,302,304,317,318,319,320,321,322,323,325,326,328,329,330,331,332,335,337,342,343,346,353,354,355,356,358,359,369,372,373,374,375,376,377,379,381,382,383,385,386,392,393,394,399,402,405,406,407,408,409,412,413,415,417,418,419,420,421,426,427,428
OX34,229,232,235,236,240,241,244,245,247,249,253,256,257,258,259,262,264,265,267,268,273,274,275,277,282,284,285,286,293,294,295,296,298,300,301,302,305,315,316,317,319,321,322,323,327,328,330,332,335,337,339,340,341,342,343,345,347,351,355,357,358,359,369,370,371,373,374,375,376,379,380,383,386,389,390,392,393,395,397,398,400,402,405,408,410,411,413,419,420,421,422,425,426,427,428,431
OX35,223,224,227,232,236,242,253,254,259,263,265,266,271,274,278,279,280,286,292,296,311,312,314,319,320,321,325,331,332,334,337,340,345,347,353,357,365,366,367,373,374,377,380,382,401,402,404,406,409,413,418,421,423,427
OX36,224,232,235,236,239,240,242,244,245,248,249,250,253,255,256,259,262,264,266,268,278,283,289,292,293,295,296,297,298,301,302,309,310,312,313,318,319,321,322,323,325,328,329,331,332,334,335,336,339,345,346,348,349,351,352,354,356,359,363,364,366,367,368,372,373,375,376,380,382,384,385,387,389,391,393,394,397,398,399,400,401,405,410,412,413,415,418,419,421,424,425,426,427,429
OX37,125,143,227,232,233,239,241,245,248,251,254,256,257,258,259,261,262,267,268,269,271,272,273,275,278,279,280,281,282,283,284,287,289,290,293,295,298,300,301,302,303,304,305,307,308,309,313,315,316,317,319,327,331,332,334,337,338,339,340,342,345,346,348,350,351,353,354,359,361,362,363,367,370,371,373,375,379,380,388,389,390,391,393,394,395,397,399,401,403,404,406,408,412,413,415,416,419,421,423,425,426,429,430,431
OX38,227,232,233,239,241,245,248,251,259,260,262,266,269,271,272,273,274,276,277,279,280,281,282,284,285,286,290,291,292,294,295,296,297,305,315,317,318,319,321,323,325,332,335,336,337,338,339,340,342,343,345,346,347,348,349,356,357,359,371,372,373,380,381,382,383,384,386,387,389,392,398,401,404,406,407,408,410,411,413,416,417,418,420,421,422,423,424,427
OX39,179,215,235,240,241,242,244,249,250,251,255,259,261,263,264,265,267,268,269,273,274,275,276,277,278,282,284,285,286,287,289,291,293,295,296,302,304,307,310,311,313,316,318,319,323,325,328,330,338,339,340,341,342,344,345,346,349,350,353,356,357,359,361,364,365,367,370,372,373,377,381,383,384,386,388,392,393,395,400,401,402,404,410,415,417,419,421,422,426,427
Z0,0,9,18,27,216,225,234,243
Z1,1,10,19,28,217,226,235,244
Z2,2,11,20,29,218,227,236,245
Z3,3,12,21,30,219,228,237,246
Z4,4,13,22,31,220,229,238,247
Z5,5,14,23,32,221,230,239,248
Z6,6,15,24,33,222,231,240,249
Z7,7,16,25,34,223,232,241,250
Z8,8,17,26,35,224,233,242,251
Z9,0,72,144,216,288,414
Z10,1,73,145,217,289,415
Z11,2,74,146,218,290,416
Z12,3,75,147,219,291,417
Z13,4,76,148,220,292,418
Z14,5,77,149,221,293,419
Z15,6,78,150,222,294,420
Z16,7,79,151,223,295,421
Z17,8,80,152,224,296,422
Z18,9,82,160,225,297,424
Z19,10,83,157,226,298,425
Z20,11,81,159,227,299,423
Z21,12,89,155,228,300,431
Z22,13,87,158,229,301,429
Z23,14,84,154,230,302,426
Z24,15,88,156,231,303,430
Z25,16,85,161,232,304,427
Z26,17,86,153,233,305,428
Z27,18,90,162,243,306,396
Z28,19,91,163,244,307,397
Z29,20,92,164,245,308,398
Z30,21,93,165,246,309,399
Z31,22,94,166,247,310,400
Z32,23,95,167,248,311,401
Z33,24,96,168,249,312,402
Z34,25,97,169,250,313,403
Z35,26,98,170,251,314,404
Z36,36,49,58,69,252,267,274,279
Z37,37,51,60,70,253,268,276,280
Z38,38,52,61,67,254,265,277,281
Z39,39,45,54,64,255,262,270,282
Z40,40,48,57,71,256,269,273,283
Z41,41,47,56,63,257,261,272,284
Z42,42,53,62,68,258,266,278,285
Z43,43,50,59,66,259,264,275,286
Z44,44,46,55,65,260,263,271,287
Z45,39,84,208,282,336,426
Z46,44,89,209,287,341,431
Z47,41,86,207,284,338,428
Z48,40,85,215,283,337,427
Z49,36,81,213,279,333,423
Z50,43,88,210,286,340,430
Z51,37,82,214,280,334,424
Z52,38,83,211,281,335,425
Z53,42,87,212,285,339,429
Z54,45,72,198,270,324,414
Z55,46,73,199,271,325,415
Z56,47,74,200,272,326,416
Z57,48,75,201,273,327,417
Z58,49,76,202,274,328,418
Z59,50,77,203,275,329,419
Z60,51,78,204,276,330,420
Z61,52,79,205,277,331,421
Z62,53,80,206,278,332,422
Z63,56,97,185,257,358,403
Z64,54,94,183,255,355,400
Z65,55,96,188,260,357,402
Z66,59,92,187,259,353,398
Z67,61,95,182,254,356,401
Z68,62,91,186,258,352,397
Z69,58,93,180,252,354,399
Z70,60,98,181,253,359,404
Z71,57,90,184,256,351,396
Z72,72,81,108,119,288,299,324,333
Z73,73,82,109,117,289,297,325,334
Z74,74,83,110,118,290,298,326,335
Z75,75,84,111,122,291,302,327,336
Z76,76,85,112,124,292,304,328,337
Z77,77,86,113,125,293,305,329,338
Z78,78,87,114,121,294,301,330,339
Z79,79,88,115,123,295,303,331,340
Z80,80,89,116,120,296,300,332,341
Z81,0,108,171,234,288,378
Z82,1,109,172,235,289,379
Z83,2,110,173,236,290,380
Z84,3,111,174,237,291,381
Z85,4,112,175,238,292,382
Z86,5,113,176,239,293,383
Z87,6,114,177,240,294,384
Z88,7,115,178,241,295,385
Z89,8,116,179,242,296,386
Z90,90,99,126,138,306,318,342,351
Z91,91,100,127,143,307,323,343,352
Z92,92,101,128,140,308,320,344,353
Z93,93,102,129,139,309,319,345,354
Z94,94,103,130,135,310,315,346,355
Z95,95,104,131,142,311,322,347,356
Z96,96,105,132,136,312,316,348,357
Z97,97,106,133,137,313,317,349,358
Z98,98,107,134,141,314,321,350,359
Z99,18,126,144,216,306,360
Z100,19,127,145,217,307,361
Z101,20,128,146,218,308,362
Z102,21,129,147,219,309,363
Z103,22,130,148,220,310,364
Z104,23,131,149,221,311,365
Z105,24,132,150,222,312,366
Z106,25,133,151,223,313,367
Z107,26,134,152,224,314,368
Z108,27,104,171,234,322,405
Z109,28,102,172,235,319,406
Z110,29,107,173,236,321,407
Z111,30,106,174,237,317,408
Z112,31,101,175,238,320,409
Z113,32,105,176,239,316,410
Z114,33,99,177,240,318,411
Z115,34,100,178,241,323,412
Z116,35,103,179,242,315,413
Z117,36,108,180,252,333,378
Z118,37,109,181,253,334,379
Z119,63,99,195,261,342,411
Z120,39,111,183,255,336,381
Z121,40,112,184,256,337,382
Z122,41,113,185,257,338,383
Z123,42,114,186,258,339,384
Z124,66,102,190,264,345,406
Z125,38,110,182,254,335,380
Z126,57,138,201,273,351,372
Z127,59,140,203,275,353,374
Z128,44,116,188,260,341,386
Z129,43,115,187,259,340,385
Z130,58,139,202,274,354,373
Z131,54,135,198,270,355,369
Z132,55,136,199,271,357,370
Z133,60,141,204,276,359,375
Z134,56,137,200,272,358,371
Z135,67,103,197,265,346,413
Z136,68,104,189,266,347,405
Z137,61,142,205,277,356,376
Z138,65,101,193,263,344,409
Z139,69,105,194,267,348,410
Z140,64,100,196,262,343,412
Z141,70,106,192,268,349,408
Z142,144,153,198,207,360,369,414,428
Z143,145,154,199,208,361,370,415,426
Z144,146,155,200,209,362,371,416,431
Z145,147,156,201,210,363,372,417,430
Z146,148,157,202,211,364,373,418,425
Z147,149,158,203,212,365,374,419,429
Z148,150,159,204,213,366,375,420,423
Z149,151,160,205,214,367,376,421,424
Z150,152,161,206,215,368,377,422,427
Z151,11,119,164,245,299,389
Z152,9,117,162,243,297,387
Z153,10,118,163,244,298,388
Z154,14,122,167,248,302,392
Z155,12,120,165,246,300,390
Z156,13,121,166,247,301,391
Z157,27,142,160,225,322,376
Z158,28,139,157,226,319,373
Z159,162,175,184,193,382,387,396,409
Z160,163,177,186,195,384,388,397,411
Z161,164,178,187,196,385,389,398,412
Z162,165,171,180,189,378,390,399,405
Z163,166,174,183,192,381,391,400,408
Z164,167,173,182,191,380,392,401,407
Z165,168,179,188,197,386,393,402,413
Z166,169,176,185,194,383,394,403,410
Z167,170,172,181,190,379,395,404,406
Z168,16,124,169,250,304,394
Z169,15,123,168,249,303,393
Z170,30,137,155,228,317,371
Z171,29,141,159,227,321,375
Z172,31,140,158,229,320,374
Z173,32,136,154,230,316,370
Z174,33,138,156,231,318,372
Z175,34,143,161,232,323,377
Z176,17,125,170,251,305,395
Z177,45,119,196,262,324,389
Z178,46,117,193,263,325,387
Z179,47,118,195,261,326,388
Z180,48,122,191,269,327,392
Z181,49,124,194,267,328,394
Z182,50,125,190,264,329,395
Z183,51,121,192,268,330,391
Z184,52,123,197,265,331,393
Z185,68,131,212,285,347,365
Z186,66,129,210,286,345,363
Z187,67,130,211,281,346,364
Z188,64,127,208,282,343,361
Z189,65,128,209,287,344,362
Z190,63,126,207,284,342,360
Z191,70,133,214,280,349,367
Z192,69,132,213,279,348,366
Z193,53,120,189,266,332,390
Z194,62,143,206,278,352,377
Z195,35,135,153,233,315,369
OZ0,252,253,254,255,256,257,258,259,260,261,262,263,264,265,266,267,268,269,270,271,272,273,274,275,276,277,278,279,280,281,282,283,284,285,286,287,306,307,308,309,310,311,312,313,314,315,316,317,318,319,320,321,322,323,324,325,326,327,328,329,330,331,332,333,334,335,336,337,338,339,340,341,360,361,362,363,364,365,366,367,368,369,370,371,372,373,374,375,376,377,396,397,398,399,400,401,402,403,404,405,406,407,408,409,410,411,412,413
OZ1,200,202,206,207,212,213,270,271,273,275,276,277,280,281,282,283,286,287,289,291,295,298,299,300,301,304,305,306,307,309,311,312,313,315,320,321,324,326,328,329,330,332,334,336,340,344,346,350,351,352,354,356,357,358,360,361,363,365,366,367,369,374,375,379,381,385,388,389,390,391,394,395,396,397,399,401,402,403,407,409,413,415,417,421,423,425,427,428,429,431
OZ2,306,307,308,309,310,311,312,313,314,315,316,317,318,319,320,321,322,323,342,343,344,345,346,347,348,349,350,351,352,353,354,355,356,357,358,359,360,361,362,363,364,365,366,367,368,369,370,371,372,373,374,375,376,377,396,397,398,399,400,401,402,403,404,405,406,407,408,409,410,411,412,413
OZ3,207,209,211,212,213,215,217,219,223,227,229,233,235,237,241,245,247,251,253,254,255,256,259,260,261,262,264,266,267,268,271,272,273,274,277,278,289,291,295,297,302,303,315,317,319,320,321,323,325,326,327,328,331,332,334,335,336,337,340,341,342,343,344,345,346,347,348,349,350,351,356,357,361,363,367,371,373,377,387,389,391,392,393,395,398,400,404,407,409,413,423,424,426,428,429,430
OZ4,208,209,210,211,214,215,217,218,219,220,223,224,225,227,229,230,231,233,235,236,237,238,241,242,243,245,247,248,249,251,254,256,260,262,264,268,272,274,278,279,280,281,282,283,284,285,286,287,289,290,291,292,295,296,297,298,300,302,303,304,316,317,318,319,322,323,326,328,332,335,337,341,342,343,344,345,346,347,348,349,350,353,355,359,361,362,363,364,367,368,369,371,373,374,375,377,388,389,390,391,394,395,396,398,400,401,402,404,405,407,409,410,411,413,423,425,427,428,429,431
OZ5,161,179,195,196,197,201,202,203,204,209,210,211,212,213,219,220,221,223,224,225,228,229,231,232,235,236,243,244,245,248,249,251,253,256,261,263,264,266,267,269,272,279,280,285,286,287,292,295,301,307,313,314,316,317,319,320,326,328,330,332,335,340,341,343,345,347,349,353,356,357,358,359,361,363,364,365,370,372,373,376,379,380,382,385,386,387,388,389,391,392,393,395,396,398,401,402,403,407,408,409,410,413,417,419,422,424,430,431
OZ6,205,209,211,215,217,219,220,224,225,226,227,231,232,233,235,236,238,239,242,243,244,246,248,249,250,251,253,254,258,261,263,265,268,269,270,278,282,283,284,287,290,292,293,297,298,299,300,301,302,303,304,307,309,312,314,317,319,323,324,325,326,327,329,331,335,339,341,342,343,348,351,352,358,359,364,366,369,371,372,375,376,379,386,389,391,395,396,401,403,407,408,409,410,412,413,415,416,417,419,422,426,428,429,431
OZ7,206,209,211,215,222,224,226,229,230,233,235,236,242,245,247,248,249,251,253,254,258,259,260,262,264,269,270,271,272,273,274,278,279,280,281,284,291,293,294,295,297,298,299,300,301,304,305,307,311,312,313,314,315,316,318,320,321,322,324,325,326,328,329,331,332,336,338,342,343,344,347,348,350,355,356,357,358,359,361,365,367,372,373,375,376,379,380,381,383,384,385,386,387,388,390,392,393,394,397,398,400,403,405,406,409,410,411,417,419,421,422,423,424,426,427,431
OZ8,204,209,211,215,219,222,223,225,227,229,231,232,235,237,239,240,241,242,243,244,245,247,248,249,250,251,255,256,257,258,259,261,262,264,265,266,268,269,270,271,272,275,276,277,282,284,286,287,290,291,292,299,300,301,305,307,308,312,313,314,315,316,318,320,321,322,324,325,328,329,330,334,335,336,341,342,344,346,352,353,356,358,361,362,363,368,369,370,377,379,380,382,383,384,385,386,387,388,390,392,393,394,396,400,401,405,406,407,408,409,412,416,418,420,421,424,427,428,430,431
OZ9,203,209,211,215,217,219,221,228,229,230,231,233,238,240,242,244,254,256,258,259,265,266,270,273,274,275,276,277,279,280,281,282,289,292,296,298,299,301,305,308,309,310,311,313,315,316,318,320,321,322,324,329,330,331,332,334,335,337,340,346,348,350,351,354,355,358,361,362,364,367,371,375,376,379,384,389,391,395,397,398,399,400,401,403,405,407,410,417,418,419,422,423,425,426,430,431
OZ10,201,209,211,215,217,218,223,224,227,228,229,230,231,232,235,237,239,240,247,251,256,257,259,263,264,265,267,269,270,271,273,274,275,277,278,282,283,284,285,286,289,290,291,293,294,295,299,307,308,311,313,317,319,323,324,325,327,328,330,331,335,337,338,342,343,344,345,346,350,351,352,355,356,359,365,368,370,372,373,374,375,380,385,389,391,395,397,398,400,401,403,404,410,411,412,417,419,420,422,426,427,429,430,431
OZ11,202,209,211,215,217,218,219,221,222,223,224,225,226,230,232,233,237,238,242,243,245,247,249,251,254,257,258,259,261,262,263,266,267,269,272,273,274,275,277,278,282,284,285,287,290,291,292,293,296,297,303,308,311,313,314,317,319,323,325,326,327,328,329,330,332,339,340,342,345,346,347,348,350,351,352,353,355,357,361,363,366,369,370,371,376,380,383,389,391,395,396,400,401,402,403,406,409,412,413,415,418,420,421,425,426,427,428,430
OZ12,195,196,211,213,214,215,217,219,223,224,225,226,227,229,232,233,236,238,241,242,243,246,250,251,258,262,263,264,265,268,271,275,276,277,278,282,294,298,300,301,302,303,304,305,311,314,315,316,317,318,322,323,327,329,335,337,340,341,345,346,347,348,350,351,352,354,356,358,361,363,365,367,370,371,372,373,374,375,380,382,384,385,386,387,388,391,392,393,396,399,401,403,405,407,408,409,410,411,415,417,420,421,422,423,424,426,430,431
OZ13,196,197,209,210,211,212,213,214,218,228,231,232,237,239,240,241,242,245,248,251,253,256,263,266,267,268,270,271,273,274,282,285,289,290,293,296,297,299,301,303,307,309,310,312,313,314,318,320,321,322,324,327,328,329,332,335,336,337,339,340,350,351,352,353,354,355,356,357,358,359,361,362,363,364,366,367,368,371,374,375,376,377,379,380,381,384,385,387,391,392,393,395,397,398,399,400,401,402,403,405,407,408,409,410,412,413,415,419,422,423,424,427,429,431
OZ14,210,211,212,213,214,215,219,221,224,229,231,232,238,240,241,246,248,251,256,258,259,264,266,269,270,271,272,282,284,287,292,294,295,297,298,299,300,301,302,303,304,305,315,316,317,319,321,322,324,325,326,327,328,329,330,331,332,337,339,340,342,343,344,346,348,349,351,352,353,354,356,359,363,365,368,369,370,371,372,373,374,375,376,377,387,388,389,391,393,394,399,401,404,405,406,407,408,409,410,411,412,413,417,418,419,420,421,422,423,424,425,426,428,431
OZ15,209,211,214,215,217,220,221,223,224,226,227,228,230,231,232,233,235,237,241,242,244,245,247,249,250,251,253,255,256,258,259,260,261,262,264,265,270,271,275,277,278,280,282,283,284,286,289,291,295,296,297,299,300,301,302,303,319,320,321,322,324,325,327,328,331,332,334,336,337,339,340,341,342,344,345,347,349,350,351,358,361,364,365,367,368,369,370,371,372,374,376,377,387,388,390,392,394,395,397,398,400,402,403,404,405,407,408,409,412,413,417,418,419,424,425,427,428,429
OZ16,214,215,218,220,221,222,223,224,226,228,229,231,235,237,239,240,241,242,245,249,253,254,259,261,262,264,265,266,268,269,270,274,276,279,280,283,284,285,289,291,293,294,295,296,297,299,300,305,315,316,317,318,320,322,324,325,326,327,330,334,335,340,342,344,346,349,350,356,357,359,362,364,365,366,367,368,369,370,373,376,387,390,393,395,398,402,405,406,409,412,415,416,417,418,423,424,425,428,429,430
OZ17,213,215,217,218,219,221,222,223,224,225,227,231,237,239,240,243,244,249,250,251,253,254,255,258,260,265,266,267,272,274,276,282,284,287,291,293,294,298,301,303,304,305,315,319,325,328,330,331,332,334,335,336,339,341,342,345,347,349,351,355,356,358,361,362,363,365,366,367,368,369,372,373,375,376,387,391,396,397,402,403,404,406,408,410,411,413,415,416,421,422,423,424,425,427,428,429
OZ18,212,215,217,218,220,221,223,224,226,227,230,233,235,239,240,244,247,248,249,250,254,255,256,258,259,263,264,268,274,277,279,280,282,283,285,287,289,293,294,297,300,301,302,303,304,305,315,317,318,320,321,322,326,330,332,335,336,337,339,340,346,347,348,350,351,353,357,358,361,362,364,365,367,368,370,371,372,373,374,376,387,388,390,395,397,400,401,402,403,405,406,407,408,409,410,413,416,418,420,421,422,423,424,425,427,429,430,431
OZ19,211,215,220,221,223,225,227,228,229,233,235,236,237,238,240,241,242,243,244,247,248,249,253,254,256,257,260,261,263,264,271,274,276,279,281,283,286,287,289,290,291,292,294,295,296,298,300,301,303,304,316,319,320,321,322,323,326,327,328,329,332,334,335,337,338,341,344,345,346,347,348,349,352,355,358,359,364,365,367,369,370,371,373,377,387,390,392,394,396,397,400,401,402,405,408,410,411,413,415,416,417,419,420,422,423,424,425,427,428,430
OZ20,218,219,220,221,222,223,224,225,226,227,228,229,230,231,232,233,235,237,238,239,242,243,246,247,248,251,255,256,259,260,265,266,268,269,270,272,275,278,280,281,284,287,289,290,292,294,298,299,302,305,307,309,310,311,312,313,314,315,316,317,318,319,320,321,322,323,324,325,326,327,331,335,337,338,339,340,342,343,346,349,352,353,355,358,361,362,380,381,383,384,386,387,388,389,390,391,396,397,402,403,405,407,411,412,415,417,419,421,422,424,427,429,430,431
OZ21,217,219,220,221,222,223,224,225,226,227,228,229,230,231,232,233,235,236,238,240,243,244,247,249,255,257,258,259,264,267,268,269,270,274,275,276,277,281,283,284,285,286,290,291,293,294,296,299,301,302,303,304,307,308,324,325,326,329,330,334,337,339,340,341,342,344,348,349,351,352,357,358,362,363,364,365,366,367,368,369,370,371,372,373,374,375,376,377,379,381,382,383,386,387,388,389,392,394,396,398,400,402,406,407,409,411,415,416,418,421,424,425,428,431
OZ22,221,224,235,237,238,240,241,242,244,246,247,248,249,250,254,256,263,267,270,271,272,273,276,278,279,280,281,282,284,285,289,290,291,292,293,294,295,297,298,299,300,301,302,304,309,314,324,328,331,337,338,341,342,343,345,346,348,349,351,352,355,357,358,359,363,365,380,383,386,387,389,393,397,400,401,402,403,404,406,408,409,411,412,413,415,416,417,418,420,421,422,423,424,425,426,427,429,431
OZ23,222,223,241,242,249,251,253,254,256,257,258,259,261,263,265,266,267,268,270,272,273,275,277,278,279,281,282,284,285,287,291,292,295,297,299,303,310,312,324,326,328,329,330,331,332,334,335,336,338,339,340,341,342,343,344,347,348,349,351,352,353,355,356,358,364,367,381,382,386,387,389,395,400,404,412,413,417,418,420,423,424,430
OZ24,219,224,235,236,242,244,245,246,253,259,262,265,276,277,278,282,285,286,290,291,300,301,309,311,326,330,331,336,340,341,343,345,350,352,356,359,365,368,379,381,386,388,389,391,397,398,401,406,407,413,416,422,429,431
OZ25,220,223,238,239,248,250,253,257,260,263,266,269,272,276,277,281,283,285,292,294,296,297,298,304,312,313,326,332,334,339,347,348,350,356,358,359,364,366,383,384,386,387,388,392,401,402,409,410,420,421,422,424,425,427
OZ26,237,238,239,240,241,242,246,247,248,249,250,251,255,256,257,258,259,260,264,265,266,267,268,269,273,274,275,276,277,278,282,283,284,285,286,287,291,293,296,301,303,304,328,330,331,336,338,341,342,343,344,345,347,350,351,352,353,354,356,359,382,384,385,390,392,395,399,400,401,402,403,404,408,409,410,411,412,413,417,419,422,427,429,430
OZ27,238,240,241,247,249,250,256,258,259,265,267,268,270,271,272,273,275,278,279,280,281,282,284,287,291,292,293,294,295,296,297,298,299,301,303,304,324,325,326,328,330,331,336,337,338,339,340,341,342,343,344,346,348,349,351,352,353,355,357,358,381,383,386,387,388,389,400,402,403,409,411,412,417,418,419,420,421,422,423,424,425,427,429,430
OZ28,226,227,236,239,244,248,257,258,260,266,268,269,270,273,275,276,277,278,281,282,284,285,286,287,290,292,294,299,301,302,303,304,305,315,316,317,318,319,320,323,324,326,327,328,329,331,332,337,341,342,343,344,345,346,347,356,357,358,369,370,371,372,374,375,377,382,383,384,388,389,391,393,394,395,397,401,406,407,408,409,411,412,413,416,418,420,425,426,427,428,429,430
OZ29,225,227,235,236,239,242,243,244,248,251,255,256,257,258,264,266,267,268,271,273,275,276,278,279,282,284,285,287,289,290,294,295,297,301,303,304,305,315,316,317,318,320,321,323,326,327,329,331,332,336,337,340,341,342,343,344,347,348,355,356,358,359,369,370,371,372,374,376,377,383,384,385,386,388,391,392,393,394,396,397,401,404,406,408,409,411,412,415,416,420,421,423,427,428,429,430
OZ30,270,271,272,273,274,275,276,277,278,279,280,281,282,283,284,285,286,287,297,298,299,300,301,302,303,304,305,315,316,317,318,319,320,321,322,323,324,325,326,327,328,329,330,331,332,342,343,344,345,346,347,348,349,350,369,370,371,372,373,374,375,376,377,387,388,389,390,391,392,393,394,395,405,406,407,408,409,410,411,412,413,423,424,425,426,427,428,429,430,431
OZ31,230,233,239,241,250,251,253,258,259,263,267,268,271,272,273,274,276,277,280,281,283,284,285,286,290,291,292,294,295,296,300,301,305,315,318,319,320,321,322,323,325,332,334,335,336,337,338,340,341,342,345,346,347,349,350,352,353,358,370,372,373,374,375,376,377,380,381,382,383,384,386,390,391,394,403,404,405,406,407,409,410,411,413,416,417,418,420,421,422,426,429,431
OZ32,231,232,236,241,245,249,253,254,260,262,263,266,273,276,277,282,283,285,291,295,296,297,301,303,320,323,330,332,334,336,343,347,350,353,356,359,372,374,380,381,386,387,389,391,398,402,407,409,417,421,422,424,427,429
OZ33,228,233,240,242,246,249,253,254,255,257,259,260,261,263,264,266,268,269,272,273,278,281,282,284,289,291,292,293,294,295,300,302,304,317,318,319,320,321,322,323,325,326,328,329,330,331,332,335,337,342,343,346,353,354,355,356,358,359,369,372,373,374,375,376,377,379,381,382,383,385,386,392,393,394,399,402,405,406,407,408,409,412,413,415,417,418,419,420,421,426,427,428
OZ34,229,232,235,236,240,241,244,245,247,249,253,256,257,258,259,262,264,265,267,268,273,274,275,277,282,284,285,286,293,294,295,296,298,300,301,302,305,315,316,317,319,321,322,323,327,328,330,332,335,337,339,340,341,342,343,345,347,351,355,357,358,359,369,370,371,373,374,375,376,379,380,383,386,389,390,392,393,395,397,398,400,402,405,408,410,411,413,419,420,421,422,425,426,427,428,431
OZ35,223,224,227,232,236,242,253,254,259,263,265,266,271,274,278,279,280,286,292,296,311,312,314,319,320,321,325,331,332,334,337,340,345,347,353,357,365,366,367,373,374,377,380,382,401,402,404,406,409,413,418,421,423,427
OZ36,224,232,235,236,239,240,242,244,245,248,249,250,253,255,256,259,262,264,266,268,278,283,289,292,293,295,296,297,298,301,302,309,310,312,313,318,319,321,322,323,325,328,329,331,332,334,335,336,339,345,346,348,349,351,352,354,356,359,363,364,366,367,368,372,373,375,376,380,382,384,385,387,389,391,393,394,397,398,399,400,401,405,410,412,413,415,418,419,421,424,425,426,427,429
OZ37,125,143,227,232,233,239,241,245,248,251,254,256,257,258,259,261,262,267,268,269,271,272,273,275,278,279,280,281,282,283,284,287,289,290,293,295,298,300,301,302,303,304,305,307,308,309,313,315,316,317,319,327,331,332,334,337,338,339,340,342,345,346,348,350,351,353,354,359,361,362,363,367,370,371,373,375,379,380,388,389,390,391,393,394,395,397,399,401,403,404,406,408,412,413,415,416,419,421,423,425,426,429,430,431
OZ38,227,232,233,239,241,245,248,251,259,260,262,266,269,271,272,273,274,276,277,279,280,281,282,284,285,286,290,291,292,294,295,296,297,305,315,317,318,319,321,323,325,332,335,336,337,338,339,340,342,343,345,346,347,348,349,356,357,359,371,372,373,380,381,382,383,384,386,387,389,392,398,401,404,406,407,408,410,411,413,416,417,418,420,421,422,423,424,427
OZ39,179,215,235,240,241,242,244,249,250,251,255,259,261,263,264,265,267,268,269,273,274,275,276,277,278,282,284,285,286,287,289,291,293,295,296,302,304,307,310,311,313,316,318,319,323,325,328,330,338,339,340,341,342,344,345,346,349,350,353,356,357,359,361,364,365,367,370,372,373,377,381,383,384,386,388,392,393,395,400,401,402,404,410,415,417,419,421,422,426,427
