X0,0,9,18,27,216,225,234,243
X1,1,10,19,28,217,226,235,244
X2,2,11,20,29,218,227,236,245
X3,3,12,21,30,219,228,237,246
X4,4,13,22,31,220,229,238,247
X5,5,14,23,32,221,230,239,248
X6,6,15,24,33,222,231,240,249
X7,7,16,25,34,223,232,241,250
X8,8,17,26,35,224,233,242,251
X9,0,72,144,216,288,414
X10,1,73,145,217,289,415
X11,2,74,146,218,290,416
X12,3,75,147,219,291,417
X13,4,76,148,220,292,418
X14,5,77,149,221,293,419
X15,6,78,150,222,294,420
X16,7,79,151,223,295,421
X17,8,80,152,224,296,422
X18,9,82,160,225,297,424
X19,10,83,158,226,298,425
X20,11,81,157,227,299,423
X21,12,87,154,228,300,429
X22,13,88,159,229,301,430
X23,14,85,156,230,302,427
X24,15,89,155,231,303,431
X25,16,86,161,232,304,428
X26,17,84,153,233,305,426
X27,18,90,162,243,306,396
X28,19,91,163,244,307,397
X29,20,92,164,245,308,398
X30,21,93,165,246,309,399
X31,22,94,166,247,310,400
X32,23,95,167,248,311,401
X33,24,96,168,249,312,402
X34,25,97,169,250,313,403
X35,26,98,170,251,314,404
X36,36,53,62,67,252,265,278,279
X37,37,48,57,70,253,268,273,280
X38,38,51,60,68,254,266,276,281
X39,39,50,59,63,255,261,275,282
X40,40,47,56,66,256,264,272,283
X41,41,46,55,71,257,269,271,284
X42,42,49,58,64,258,262,274,285
X43,43,45,54,69,259,267,270,286
X44,44,52,61,65,260,263,277,287
X45,43,88,213,286,340,430
X46,41,86,215,284,338,428
X47,40,85,210,283,337,427
X48,37,82,214,280,334,424
X49,42,87,208,285,339,429
X50,39,84,207,282,336,426
X51,38,83,212,281,335,425
X52,44,89,209,287,341,431
X53,36,81,211,279,333,423
X54,45,72,198,270,324,414
X55,46,73,199,271,325,415
X56,47,74,200,272,326,416
X57,48,75,201,273,327,417
X58,49,76,202,274,328,418
X59,50,77,203,275,329,419
X60,51,78,204,276,330,420
X61,52,79,205,277,331,421
X62,53,80,206,278,332,422
X63,59,94,183,255,355,400
X64,58,97,186,258,358,403
X65,61,95,188,260,356,401
X66,56,90,184,256,351,396
X67,62,93,180,252,354,399
X68,60,98,182,254,359,404
X69,54,91,187,259,352,397
X70,57,96,181,253,357,402
X71,55,92,185,257,353,398
X72,72,81,108,119,288,299,324,333
X73,73,82,109,117,289,297,325,334
X74,74,83,110,118,290,298,326,335
X75,75,84,111,125,291,305,327,336
X76,76,85,112,122,292,302,328,337
X77,77,86,113,124,293,304,329,338
X78,78,87,114,120,294,300,330,339
X79,79,88,115,121,295,301,331,340
X80,80,89,116,123,296,303,332,341
X81,0,108,171,234,288,378
X82,1,109,172,235,289,379
X83,2,110,173,236,290,380
X84,3,111,174,237,291,381
X85,4,112,175,238,292,382
X86,5,113,176,239,293,383
X87,6,114,177,240,294,384
X88,7,115,178,241,295,385
X89,8,116,179,242,296,386
X90,90,99,126,137,306,317,342,351
X91,91,100,127,135,307,315,343,352
X92,92,101,128,136,308,316,344,353
X93,93,102,129,143,309,323,345,354
X94,94,103,130,140,310,320,346,355
X95,95,104,131,142,311,322,347,356
X96,96,105,132,138,312,318,348,357
X97,97,106,133,139,313,319,349,358
X98,98,107,134,141,314,321,350,359
X99,18,126,144,216,306,360
X100,19,127,145,217,307,361
X101,20,128,146,218,308,362
X102,21,129,147,219,309,363
X103,22,130,148,220,310,364
X104,23,131,149,221,311,365
X105,24,132,150,222,312,366
X106,25,133,151,223,313,367
X107,26,134,152,224,314,368
X108,27,104,171,234,322,405
X109,28,103,172,235,320,406
X110,29,106,173,236,319,407
X111,30,101,174,237,316,408
X112,31,107,175,238,321,409
X113,32,105,176,239,318,410
X114,33,99,177,240,317,411
X115,34,102,178,241,323,412
X116,35,100,179,242,315,413
X117,36,108,180,252,333,378
X118,37,109,181,253,334,379
X119,66,102,196,264,345,412
X120,39,111,183,255,336,381
X121,40,112,184,256,337,382
X122,41,113,185,257,338,383
X123,42,114,186,258,339,384
X124,63,99,195,261,342,411
X125,38,110,182,254,335,380
X126,54,135,198,270,352,369
X127,55,136,199,271,353,370
X128,44,116,188,260,341,386
X129,43,115,187,259,340,385
X130,59,140,203,275,355,374
X131,57,138,201,273,357,372
X132,58,139,202,274,358,373
X133,60,141,204,276,359,375
X134,56,137,200,272,351,371
X135,68,104,189,266,347,405
X136,67,103,190,265,346,406
X137,61,142,205,277,356,376
X138,64,100,197,262,343,413
X139,70,106,191,268,349,407
X140,65,101,192,263,344,408
X141,69,105,194,267,348,410
X142,144,153,198,207,360,369,414,426
X143,145,154,199,208,361,370,415,429
X144,146,155,200,209,362,371,416,431
X145,147,156,201,210,363,372,417,427
X146,148,157,202,211,364,373,418,423
X147,149,158,203,212,365,374,419,425
X148,150,159,204,213,366,375,420,430
X149,151,160,205,214,367,376,421,424
X150,152,161,206,215,368,377,422,428
X151,11,119,164,245,299,389
X152,9,117,162,243,297,387
X153,10,118,163,244,298,388
X154,14,122,167,248,302,392
X155,28,140,158,226,320,374
X156,15,123,168,249,303,393
X157,12,120,165,246,300,390
X158,27,142,160,225,322,376
X159,162,175,184,193,382,387,396,409
X160,163,178,187,196,385,388,397,412
X161,164,176,185,194,383,389,398,410
X162,165,171,180,189,378,390,399,405
X163,166,174,183,192,381,391,400,408
X164,167,179,188,197,386,392,401,413
X165,168,172,181,190,379,393,402,406
X166,169,177,186,195,384,394,403,411
X167,170,173,182,191,380,395,404,407
X168,13,121,166,247,301,391
X169,16,124,169,250,304,394
X170,29,139,157,227,319,373
X171,32,138,156,230,318,372
X172,30,136,154,228,316,370
X173,34,143,161,232,323,377
X174,31,141,159,229,321,375
X175,33,137,155,231,317,371
X176,17,125,170,251,305,395
X177,45,119,194,267,324,389
X178,46,117,193,269,325,387
X179,47,118,196,264,326,388
X180,48,125,191,268,327,395
X181,49,122,197,262,328,392
X182,50,124,195,261,329,394
X183,51,120,189,266,330,390
X184,52,121,192,263,331,391
X185,68,131,212,281,347,365
X186,67,130,211,279,346,364
X187,64,127,208,285,343,361
X188,69,132,213,286,348,366
X189,66,129,210,283,345,363
X190,63,126,207,282,342,360
X191,65,128,209,287,344,362
X192,70,133,214,280,349,367
X193,53,123,190,265,332,393
X194,62,143,206,278,354,377
X195,35,135,153,233,315,369
OX0,252,253,254,255,256,257,258,259,260,261,262,263,264,265,266,267,268,269,270,271,272,273,274,275,276,277,278,279,280,281,282,283,284,285,286,287,306,307,308,309,310,311,312,313,314,315,316,317,318,319,320,321,322,323,324,325,326,327,328,329,330,331,332,333,334,335,336,337,338,339,340,341,360,361,362,363,364,365,366,367,368,369,370,371,372,373,374,375,376,377,396,397,398,399,400,401,402,403,404,405,406,407,408,409,410,411,412,413
OX1,202,203,205,207,208,209,270,271,272,273,276,278,279,280,281,283,284,286,291,292,293,294,295,296,297,298,299,309,312,314,315,316,317,319,320,322,324,325,326,336,337,338,339,340,341,342,343,344,346,347,349,354,357,359,363,366,368,369,370,371,373,374,376,381,382,383,384,385,386,387,388,389,399,402,404,405,406,407,408,411,413,417,418,419,420,421,422,423,424,425
OX2,306,307,308,309,310,311,312,313,314,315,316,317,318,319,320,321,322,323,342,343,344,345,346,347,348,349,350,351,352,353,354,355,356,357,358,359,360,361,362,363,364,365,366,367,368,369,370,371,372,373,374,375,376,377,396,397,398,399,400,401,402,403,404,405,406,407,408,409,410,411,412,413
OX3,207,208,209,211,212,214,219,220,221,222,223,224,225,226,227,228,231,233,238,239,241,243,244,245,255,256,257,258,259,260,264,265,266,267,268,269,270,271,272,279,280,281,282,283,284,285,286,287,291,294,296,297,298,299,300,301,302,303,304,305,309,312,314,318,321,323,324,325,326,328,329,331,345,346,347,348,349,350,354,355,356,357,358,359,364,365,367,369,370,371,372,373,374,375,376,377,381,382,383,384,385,386,390,391,392,393,394,395,396,397,398,399,402,404,418,419,421,427,428,430
OX4,210,211,212,213,214,215,220,221,223,228,231,233,237,240,242,247,248,250,256,257,259,265,266,268,274,275,277,279,280,281,282,283,284,285,286,287,291,292,293,294,295,296,309,310,311,312,313,314,318,319,320,321,322,323,327,328,329,330,331,332,342,343,344,345,348,350,351,352,353,354,357,359,363,366,368,369,370,371,372,373,374,375,376,377,382,383,385,391,392,394,399,402,404,405,406,407,408,409,410,411,412,413,417,420,422,426,429,431
OX5,200,211,212,214,217,220,223,224,225,226,227,228,232,233,235,238,239,240,241,242,243,244,245,246,248,249,250,251,253,254,255,256,257,258,259,261,262,266,267,269,275,276,277,280,281,282,283,287,292,293,295,297,300,301,305,309,311,312,313,314,315,316,317,318,320,323,325,326,330,331,332,335,336,337,338,340,341,342,343,344,347,348,355,357,358,359,361,363,364,365,366,371,372,373,376,379,384,386,388,389,391,392,393,394,396,397,398,408,409,415,419,422,423,425,428,430
OX6,199,211,212,214,217,218,219,223,224,228,230,232,235,236,242,248,254,258,262,265,266,269,270,271,272,275,276,278,281,282,283,286,292,293,295,299,302,303,305,309,310,312,313,314,315,316,317,321,322,323,324,325,327,328,330,334,337,338,339,340,341,342,343,344,345,349,354,355,356,357,361,362,364,366,369,371,372,375,376,379,380,382,383,385,386,389,393,395,399,400,401,402,403,404,405,406,407,408,409,411,412,415,416,417,418,419,422,423,426,428,429,431
OX7,161,179,191,204,205,212,214,215,217,221,223,226,228,233,236,240,242,245,246,248,249,250,255,258,259,261,262,263,264,265,266,267,272,275,278,281,282,287,289,290,291,295,296,298,300,309,310,312,313,314,317,319,327,330,331,334,341,342,343,344,345,346,347,348,349,352,353,356,358,359,361,363,364,365,366,368,369,370,371,373,374,377,379,381,384,385,386,388,389,392,393,394,398,400,401,404,416,417,419,422,426,428
OX8,205,211,212,214,217,219,221,223,224,226,227,229,230,231,232,233,236,237,239,240,241,242,247,248,250,251,253,256,259,263,264,265,266,269,270,273,274,275,276,277,279,282,284,285,292,293,295,298,299,302,305,309,312,315,319,320,321,322,324,325,329,330,332,334,335,336,339,340,341,342,348,351,352,354,355,356,358,359,361,365,366,367,368,371,372,376,377,380,381,382,384,386,388,389,391,394,399,400,401,402,403,404,405,406,408,409,410,411,412,415,417,418,422,428,430,431
OX9,206,211,212,214,218,221,222,226,228,231,232,233,237,239,241,242,244,245,256,258,259,260,261,262,264,266,267,268,271,272,273,274,275,276,278,279,283,284,285,287,292,293,295,297,300,301,302,307,308,309,310,311,312,313,314,317,319,320,325,327,329,331,336,339,340,344,346,347,351,352,354,355,357,359,361,363,364,367,368,369,370,373,377,381,382,386,387,388,389,390,391,392,399,400,401,402,403,404,406,407,408,410,411,412,413,416,418,420,421,424,425,426,427,428,430,431
OX10,203,211,212,214,218,219,220,221,222,225,227,228,229,230,232,233,235,236,241,243,244,245,249,251,254,257,259,261,264,265,267,268,270,272,273,279,281,282,284,286,292,293,295,297,299,300,301,312,314,316,319,320,322,323,324,329,330,331,334,337,340,342,344,345,346,347,348,349,351,359,362,363,364,365,368,369,372,374,375,379,380,382,383,388,390,391,393,395,396,397,398,405,408,416,417,420,421,426,427,428
OX11,204,211,212,214,217,219,223,225,228,229,231,233,238,240,241,242,243,244,255,256,257,258,261,263,264,265,268,269,270,271,273,275,276,277,278,281,282,284,285,286,292,293,295,299,302,304,305,308,315,317,318,319,321,323,324,328,331,332,336,337,341,342,344,345,346,348,350,352,355,358,361,362,363,367,370,372,373,376,377,383,384,386,387,388,389,392,394,395,396,397,398,407,410,415,417,418,419,423,424,427,428,429,430,431
OX12,191,197,208,209,212,215,217,220,222,223,224,225,227,228,229,230,231,232,236,237,243,244,248,251,255,256,259,260,262,263,265,269,271,273,274,276,277,279,280,281,282,283,286,287,289,290,292,294,296,297,300,301,303,305,307,310,311,314,315,317,322,323,325,326,327,328,330,334,339,340,342,343,345,346,347,350,352,356,365,366,367,369,370,372,373,375,379,381,382,384,386,388,390,391,392,393,396,400,405,407,408,411,412,413,416,421,423,426,427,428
OX13,209,211,212,214,218,220,223,225,227,228,231,232,238,243,246,249,253,254,256,260,264,266,271,272,276,277,280,281,283,284,290,292,294,296,311,313,314,321,325,326,332,334,337,339,345,347,354,358,362,364,365,368,370,371,373,375,376,377,380,384,386,387,390,393,396,399,401,402,403,404,420,421,422,423,424,428,429,431
OX14,208,211,212,214,217,220,221,226,227,228,229,233,239,245,246,251,254,255,256,259,260,261,262,263,264,265,266,267,272,275,276,277,278,281,282,283,285,287,289,291,293,294,310,312,313,318,326,327,328,329,331,332,334,335,337,339,340,341,342,343,344,345,346,347,348,351,352,353,354,356,357,358,361,365,366,367,369,370,372,373,374,375,379,381,384,389,390,395,398,399,400,402,403,404,417,418,420,423,425,426,429,430
OX15,196,197,211,212,220,221,222,223,224,231,236,237,238,240,245,246,248,249,250,251,256,257,259,260,263,267,270,272,274,284,285,286,290,291,294,296,298,299,300,303,308,309,312,314,316,317,324,327,329,331,338,340,343,344,345,348,349,350,351,352,353,358,362,363,364,365,367,370,382,386,388,392,394,395,401,403,407,409,416,417,418,419,421,423,425,429
OX16,212,213,214,215,217,218,221,223,225,227,229,230,235,238,239,240,241,243,248,249,254,255,257,258,260,263,264,268,275,276,277,278,279,280,283,284,285,287,291,292,294,295,308,310,312,317,318,320,321,323,325,326,327,328,331,332,334,335,339,341,344,345,349,351,358,359,361,364,365,366,367,371,373,374,376,377,379,381,383,387,392,393,396,398,400,401,415,416,417,418,419,420,423,424,427,430
OX17,211,213,214,215,217,218,219,220,223,224,229,231,232,233,235,237,238,239,241,245,247,248,249,250,253,254,255,258,264,265,266,267,270,273,276,277,278,281,282,283,285,287,290,291,292,294,296,297,298,299,300,301,302,303,304,305,307,308,311,312,313,314,315,317,319,322,324,325,327,332,336,338,340,341,342,343,344,349,350,352,357,358,363,364,365,366,373,375,376,377,379,380,383,384,385,386,387,388,390,395,397,400,404,405,406,407,408,409,410,411,412,413,415,420,421,423,424,425,427,429
OX18,214,215,218,219,220,221,225,226,227,228,231,232,235,236,242,243,245,247,248,249,250,251,254,258,261,262,263,266,267,268,270,271,274,280,282,284,285,287,289,292,295,297,298,299,300,301,302,303,304,305,308,309,310,312,313,315,319,320,324,326,327,328,329,331,337,339,340,341,342,343,344,347,348,349,351,354,356,358,365,366,367,369,370,371,376,377,380,382,385,386,388,390,396,399,401,404,415,416,417,419,421,426,427,430
OX19,213,215,217,218,222,224,225,226,228,230,231,232,235,237,238,239,240,241,242,243,244,245,247,249,253,256,258,261,264,267,268,269,270,271,273,274,277,278,279,280,282,287,289,291,295,297,298,299,300,301,302,303,304,305,307,309,310,312,314,315,316,317,318,320,321,323,324,325,326,328,330,334,338,341,342,345,348,349,350,353,354,357,358,359,362,363,364,369,375,376,382,383,384,386,390,392,394,395,396,398,399,404,416,417,420,421,422,423,426,430
OX20,220,221,222,224,235,236,240,242,244,245,247,248,253,255,256,263,265,266,267,268,270,271,272,273,274,279,280,281,282,284,285,287,290,291,294,295,296,297,298,299,300,301,302,303,304,305,307,309,311,312,314,315,318,319,321,323,324,325,329,331,337,340,342,344,345,347,349,350,351,353,354,359,361,363,364,369,372,373,375,377,379,381,385,387,390,393,394,395,398,399,400,402,404,406,409,410,411,412,416,417,418,419,421,423,424,425,426,427,428,429,430,431
OX21,219,221,222,223,236,238,239,241,242,245,246,247,249,251,253,254,255,256,258,259,261,263,267,269,270,271,272,275,278,279,280,281,282,285,286,287,289,291,292,294,296,297,298,299,300,301,302,303,304,305,307,308,310,311,315,316,319,322,324,326,328,331,337,338,342,345,347,351,354,355,356,358,361,362,363,364,366,367,369,370,373,376,379,380,381,383,384,385,387,388,392,394,397,399,401,402,404,405,408,409,410,412,415,418,419,421,422,423,424,425,426,427,428,429,430,431
OX22,218,221,222,223,235,238,239,244,245,247,249,250,253,254,258,260,262,263,266,267,270,272,273,274,275,277,278,279,282,283,285,287,289,292,294,295,296,297,298,299,300,301,302,303,304,305,307,311,313,314,315,316,317,318,322,323,324,325,327,331,334,335,338,340,342,345,346,348,350,353,355,358,361,362,366,368,369,370,371,372,376,377,383,384,385,386,387,390,392,395,398,400,401,402,404,405,406,408,409,411,412,413,415,416,418,419,422,423,424,425,426,427,428,429,430,431
OX23,217,221,222,224,237,241,242,244,246,248,249,250,253,254,257,259,262,266,268,269,270,272,273,274,275,276,278,279,280,281,282,283,289,290,291,294,295,297,298,299,300,301,302,303,304,305,308,312,313,314,315,317,319,320,321,322,324,328,330,331,338,339,340,341,342,343,344,345,346,354,356,357,361,362,365,367,369,371,373,374,375,376,379,380,384,386,387,389,391,395,397,398,399,401,404,405,406,407,408,409,411,412,416,417,419,421,422,423,424,425,426,427,428,429,430,431
OX24,222,223,224,225,226,227,228,229,230,231,232,233,236,237,239,241,242,243,244,247,250,251,253,254,256,259,262,263,264,265,270,274,275,278,280,281,282,287,290,292,293,297,298,299,300,301,302,303,304,305,307,308,310,312,314,315,317,318,319,322,324,326,330,331,334,335,336,341,342,343,346,347,352,353,358,359,361,362,364,367,370,374,375,377,381,382,385,386,389,390,392,393,396,398,402,403,405,408,411,412,416,418,419,420,421,422
OX25,221,223,224,225,226,227,228,229,230,231,232,233,235,237,238,241,243,245,249,250,254,255,258,259,260,261,262,264,266,267,272,273,274,278,279,280,285,287,289,291,293,294,295,296,308,309,311,312,316,317,322,323,325,326,328,330,332,335,336,337,338,340,343,345,346,348,350,351,352,354,355,359,362,363,366,367,368,369,372,373,374,375,382,383,384,386,387,389,393,394,396,399,401,403,405,406,409,411,415,417,420,423,424,425,426,427,428,429,430,431
OX26,235,236,237,238,241,242,244,245,246,247,250,251,253,256,260,261,266,267,272,273,277,281,282,286,307,310,314,316,319,323,326,327,331,335,336,340,342,343,346,347,348,350,351,353,354,356,357,358,361,364,368,370,373,377,379,380,381,382,385,386,388,389,390,391,394,395,398,399,403,406,409,413
OX27,236,237,241,245,246,250,253,254,255,256,259,260,261,262,265,266,267,269,271,274,278,280,283,287,307,308,309,310,313,314,316,317,318,319,322,323,325,328,332,334,337,341,343,346,350,351,356,357,361,362,363,364,367,368,370,371,372,373,376,377,380,381,385,389,390,394,397,400,404,405,410,411
OX28,230,231,238,239,242,247,249,251,255,257,262,263,270,272,275,276,277,278,279,281,283,284,285,286,298,299,300,301,302,304,305,312,313,315,316,318,319,320,322,323,324,326,329,330,331,332,336,337,341,343,345,346,347,349,350,353,358,359,366,367,369,370,371,373,374,376,377,382,383,386,388,389,390,392,393,394,400,403,404,405,406,407,408,409,412,423,425,426,428,429,430,431
OX29,229,233,237,238,241,246,250,251,256,258,261,263,270,271,273,274,275,278,279,280,283,284,286,287,297,299,300,301,302,303,304,311,314,316,317,318,319,320,321,322,324,325,327,328,329,332,336,339,340,344,345,346,347,348,349,351,354,356,365,368,369,370,371,372,373,374,376,381,382,385,387,389,391,392,393,395,399,401,403,405,406,407,410,411,412,423,424,426,427,428,429,431
OX30,228,232,239,240,241,246,248,249,259,260,261,262,271,272,273,274,276,277,280,281,282,283,284,286,297,298,301,302,303,304,305,309,310,315,317,319,320,321,322,323,325,326,327,328,330,331,338,339,341,342,346,347,348,349,350,352,355,357,363,364,369,370,371,373,374,375,376,383,384,385,387,388,390,391,394,395,400,401,402,405,406,407,409,410,413,424,425,426,427,429,430,431
OX31,227,232,237,240,241,245,246,249,255,256,259,262,265,267,270,271,272,273,276,277,278,280,281,282,284,285,286,287,297,298,299,301,302,303,305,307,308,309,315,316,319,320,321,322,324,325,326,327,330,331,332,337,339,342,345,347,348,349,350,351,355,357,361,362,363,369,370,374,375,376,377,381,384,385,387,388,390,391,392,395,397,402,405,406,407,409,411,412,413,424,425,426,427,428,430,431
OX32,226,233,241,242,244,250,257,258,260,263,264,266,270,271,273,274,277,278,279,280,281,283,286,287,297,299,300,302,303,304,305,308,309,310,312,313,314,315,316,321,324,325,327,328,331,332,338,339,340,347,350,352,354,355,356,357,358,359,362,363,364,366,367,368,370,374,375,385,386,387,388,389,390,392,393,395,397,398,399,400,402,404,408,409,412,423,424,425,427,428,429,431
OX33,225,231,238,240,243,247,255,258,259,262,268,269,270,272,274,275,276,278,279,280,281,283,284,285,298,299,300,301,303,304,305,307,309,310,311,312,314,315,317,318,324,326,328,329,330,332,336,337,340,348,349,351,354,355,356,357,358,359,361,363,364,365,366,368,369,372,376,382,384,387,388,389,390,393,394,395,396,397,399,401,402,404,409,410,413,423,424,425,426,428,429,430
OX34,270,271,272,273,274,275,276,277,278,279,280,281,282,283,284,285,286,287,297,298,299,300,301,302,303,304,305,315,316,317,318,319,320,321,322,323,324,325,326,327,328,329,330,331,332,342,343,344,345,346,347,348,349,350,369,370,371,372,373,374,375,376,377,387,388,389,390,391,392,393,394,395,405,406,407,408,409,410,411,412,413,423,424,425,426,427,428,429,430,431
OX35,223,224,231,232,249,251,253,258,260,266,268,269,272,274,277,281,283,284,289,290,296,300,302,303,309,314,325,328,335,339,347,349,350,354,356,358,363,367,371,377,379,380,386,390,392,395,399,402,415,416,421,427,428,429
OX36,224,232,237,238,239,240,242,246,247,248,249,250,254,257,259,260,261,264,265,268,272,273,277,278,281,282,284,286,290,291,292,295,298,300,301,305,309,310,311,313,315,316,317,321,328,339,342,345,346,348,349,352,353,356,357,359,363,364,365,367,368,369,370,371,375,377,380,383,384,385,386,388,392,393,394,395,402,410,416,417,418,421,422,425,426,428,429,430
OX37,125,143,231,238,240,241,242,247,250,251,258,261,262,265,278,282,291,292,296,301,303,309,311,313,317,319,320,321,322,327,328,336,340,342,345,347,349,354,355,356,358,359,363,365,367,373,374,375,376,377,381,384,385,393,394,399,400,401,404,405,406,407,412,413,417,418,422,430
OX38,231,232,233,238,240,247,250,251,255,258,259,261,262,271,272,273,274,276,277,280,281,283,284,285,286,287,297,298,300,310,312,314,316,319,320,321,322,323,325,326,327,328,330,331,336,337,340,343,344,345,346,347,349,352,355,357,364,366,368,369,370,371,373,374,375,376,382,384,387,388,390,391,394,395,402,403,405,406,407,408,411,412,424,425,426,428,429,431
OX39,179,215,238,239,241,242,247,248,250,251,253,254,256,257,259,260,261,262,263,264,265,268,269,271,272,273,274,277,278,280,281,282,283,284,286,287,290,295,296,298,302,303,305,309,315,320,322,325,327,328,334,340,342,344,347,348,349,351,352,353,354,355,357,358,363,369,374,376,380,382,383,386,388,391,393,394,399,400,401,403,404,405,406,409,410,412,413,416,421,422,425,426,427,431
Z0,0,9,18,27,216,225,234,243
Z1,1,10,19,28,217,226,235,244
Z2,2,11,20,29,218,227,236,245
Z3,3,12,21,30,219,228,237,246
Z4,4,13,22,31,220,229,238,247
Z5,5,14,23,32,221,230,239,248
Z6,6,15,24,33,222,231,240,249
Z7,7,16,25,34,223,232,241,250
Z8,8,17,26,35,224,233,242,251
Z9,0,72,144,216,288,414
Z10,1,73,145,217,289,415
Z11,2,74,146,218,290,416
Z12,3,75,147,219,291,417
Z13,4,76,148,220,292,418
Z14,5,77,149,221,293,419
Z15,6,78,150,222,294,420
Z16,7,79,151,223,295,421
Z17,8,80,152,224,296,422
Z18,9,82,160,225,297,424
Z19,10,83,158,226,298,425
Z20,11,81,157,227,299,423
Z21,12,87,154,228,300,429
Z22,13,88,159,229,301,430
Z23,14,85,156,230,302,427
Z24,15,89,155,231,303,431
Z25,16,86,161,232,304,428
Z26,17,84,153,233,305,426
Z27,18,90,162,243,306,396
Z28,19,91,163,244,307,397
Z29,20,92,164,245,308,398
Z30,21,93,165,246,309,399
Z31,22,94,166,247,310,400
Z32,23,95,167,248,311,401
Z33,24,96,168,249,312,402
Z34,25,97,169,250,313,403
Z35,26,98,170,251,314,404
Z36,36,53,62,67,252,265,278,279
Z37,37,48,57,70,253,268,273,280
Z38,38,51,60,68,254,266,276,281
Z39,39,50,59,63,255,261,275,282
Z40,40,47,56,66,256,264,272,283
Z41,41,46,55,71,257,269,271,284
Z42,42,49,58,64,258,262,274,285
Z43,43,45,54,69,259,267,270,286
Z44,44,52,61,65,260,263,277,287
Z45,43,88,213,286,340,430
Z46,41,86,215,284,338,428
Z47,40,85,210,283,337,427
Z48,37,82,214,280,334,424
Z49,42,87,208,285,339,429
Z50,39,84,207,282,336,426
Z51,38,83,212,281,335,425
Z52,44,89,209,287,341,431
Z53,36,81,211,279,333,423
Z54,45,72,198,270,324,414
Z55,46,73,199,271,325,415
Z56,47,74,200,272,326,416
Z57,48,75,201,273,327,417
Z58,49,76,202,274,328,418
Z59,50,77,203,275,329,419
Z60,51,78,204,276,330,420
Z61,52,79,205,277,331,421
Z62,53,80,206,278,332,422
Z63,59,94,183,255,355,400
Z64,58,97,186,258,358,403
Z65,61,95,188,260,356,401
Z66,56,90,184,256,351,396
Z67,62,93,180,252,354,399
Z68,60,98,182,254,359,404
Z69,54,91,187,259,352,397
Z70,57,96,181,253,357,402
Z71,55,92,185,257,353,398
Z72,72,81,108,119,288,299,324,333
Z73,73,82,109,117,289,297,325,334
Z74,74,83,110,118,290,298,326,335
Z75,75,84,111,125,291,305,327,336
Z76,76,85,112,122,292,302,328,337
Z77,77,86,113,124,293,304,329,338
Z78,78,87,114,120,294,300,330,339
Z79,79,88,115,121,295,301,331,340
Z80,80,89,116,123,296,303,332,341
Z81,0,108,171,234,288,378
Z82,1,109,172,235,289,379
Z83,2,110,173,236,290,380
Z84,3,111,174,237,291,381
Z85,4,112,175,238,292,382
Z86,5,113,176,239,293,383
Z87,6,114,177,240,294,384
Z88,7,115,178,241,295,385
Z89,8,116,179,242,296,386
Z90,90,99,126,137,306,317,342,351
Z91,91,100,127,135,307,315,343,352
Z92,92,101,128,136,308,316,344,353
Z93,93,102,129,143,309,323,345,354
Z94,94,103,130,140,310,320,346,355
Z95,95,104,131,142,311,322,347,356
Z96,96,105,132,138,312,318,348,357
Z97,97,106,133,139,313,319,349,358
Z98,98,107,134,141,314,321,350,359
Z99,18,126,144,216,306,360
Z100,19,127,145,217,307,361
Z101,20,128,146,218,308,362
Z102,21,129,147,219,309,363
Z103,22,130,148,220,310,364
Z104,23,131,149,221,311,365
Z105,24,132,150,222,312,366
Z106,25,133,151,223,313,367
Z107,26,134,152,224,314,368
Z108,27,104,171,234,322,405
Z109,28,103,172,235,320,406
Z110,29,106,173,236,319,407
Z111,30,101,174,237,316,408
Z112,31,107,175,238,321,409
Z113,32,105,176,239,318,410
Z114,33,99,177,240,317,411
Z115,34,102,178,241,323,412
Z116,35,100,179,242,315,413
Z117,36,108,180,252,333,378
Z118,37,109,181,253,334,379
Z119,66,102,196,264,345,412
Z120,39,111,183,255,336,381
Z121,40,112,184,256,337,382
Z122,41,113,185,257,338,383
Z123,42,114,186,258,339,384
Z124,63,99,195,261,342,411
Z125,38,110,182,254,335,380
Z126,54,135,198,270,352,369
Z127,55,136,199,271,353,370
Z128,44,116,188,260,341,386
Z129,43,115,187,259,340,385
Z130,59,140,203,275,355,374
Z131,57,138,201,273,357,372
Z132,58,139,202,274,358,373
Z133,60,141,204,276,359,375
Z134,56,137,200,272,351,371
Z135,68,104,189,266,347,405
Z136,67,103,190,265,346,406
Z137,61,142,205,277,356,376
Z138,64,100,197,262,343,413
Z139,70,106,191,268,349,407
Z140,65,101,192,263,344,408
Z141,69,105,194,267,348,410
Z142,144,153,198,207,360,369,414,426
Z143,145,154,199,208,361,370,415,429
Z144,146,155,200,209,362,371,416,431
Z145,147,156,201,210,363,372,417,427
Z146,148,157,202,211,364,373,418,423
Z147,149,158,203,212,365,374,419,425
Z148,150,159,204,213,366,375,420,430
Z149,151,160,205,214,367,376,421,424
Z150,152,161,206,215,368,377,422,428
Z151,11,119,164,245,299,389
Z152,9,117,162,243,297,387
Z153,10,118,163,244,298,388
Z154,14,122,167,248,302,392
Z155,28,140,158,226,320,374
Z156,15,123,168,249,303,393
Z157,12,120,165,246,300,390
Z158,27,142,160,225,322,376
Z159,162,175,184,193,382,387,396,409
Z160,163,178,187,196,385,388,397,412
Z161,164,176,185,194,383,389,398,410
Z162,165,171,180,189,378,390,399,405
Z163,166,174,183,192,381,391,400,408
Z164,167,179,188,197,386,392,401,413
Z165,168,172,181,190,379,393,402,406
Z166,169,177,186,195,384,394,403,411
Z167,170,173,182,191,380,395,404,407
Z168,13,121,166,247,301,391
Z169,16,124,169,250,304,394
Z170,29,139,157,227,319,373
Z171,32,138,156,230,318,372
Z172,30,136,154,228,316,370
Z173,34,143,161,232,323,377
Z174,31,141,159,229,321,375
Z175,33,137,155,231,317,371
Z176,17,125,170,251,305,395
Z177,45,119,194,267,324,389
Z178,46,117,193,269,325,387
Z179,47,118,196,264,326,388
Z180,48,125,191,268,327,395
Z181,49,122,197,262,328,392
Z182,50,124,195,261,329,394
Z183,51,120,189,266,330,390
Z184,52,121,192,263,331,391
Z185,68,131,212,281,347,365
Z186,67,130,211,279,346,364
Z187,64,127,208,285,343,361
Z188,69,132,213,286,348,366
Z189,66,129,210,283,345,363
Z190,63,126,207,282,342,360
Z191,65,128,209,287,344,362
Z192,70,133,214,280,349,367
Z193,53,123,190,265,332,393
Z194,62,143,206,278,354,377
Z195,35,135,153,233,315,369
OZ0,252,253,254,255,256,257,258,259,260,261,262,263,264,265,266,267,268,269,270,271,272,273,274,275,276,277,278,279,280,281,282,283,284,285,286,287,306,307,308,309,310,311,312,313,314,315,316,317,318,319,320,321,322,323,324,325,326,327,328,329,330,331,332,333,334,335,336,337,338,339,340,341,360,361,362,363,364,365,366,367,368,369,370,371,372,373,374,375,376,377,396,397,398,399,400,401,402,403,404,405,406,407,408,409,410,411,412,413
OZ1,202,203,205,207,208,209,270,271,272,273,276,278,279,280,281,283,284,286,291,292,293,294,295,296,297,298,299,309,312,314,315,316,317,319,320,322,324,325,326,336,337,338,339,340,341,342,343,344,346,347,349,354,357,359,363,366,368,369,370,371,373,374,376,381,382,383,384,385,386,387,388,389,399,402,404,405,406,407,408,411,413,417,418,419,420,421,422,423,424,425
OZ2,306,307,308,309,310,311,312,313,314,315,316,317,318,319,320,321,322,323,342,343,344,345,346,347,348,349,350,351,352,353,354,355,356,357,358,359,360,361,362,363,364,365,366,367,368,369,370,371,372,373,374,375,376,377,396,397,398,399,400,401,402,403,404,405,406,407,408,409,410,411,412,413
OZ3,207,208,209,211,212,214,219,220,221,222,223,224,225,226,227,228,231,233,238,239,241,243,244,245,255,256,257,258,259,260,264,265,266,267,268,269,270,271,272,279,280,281,282,283,284,285,286,287,291,294,296,297,298,299,300,301,302,303,304,305,309,312,314,318,321,323,324,325,326,328,329,331,345,346,347,348,349,350,354,355,356,357,358,359,364,365,367,369,370,371,372,373,374,375,376,377,381,382,383,384,385,386,390,391,392,393,394,395,396,397,398,399,402,404,418,419,421,427,428,430
OZ4,210,211,212,213,214,215,220,221,223,228,231,233,237,240,242,247,248,250,256,257,259,265,266,268,274,275,277,279,280,281,282,283,284,285,286,287,291,292,293,294,295,296,309,310,311,312,313,314,318,319,320,321,322,323,327,328,329,330,331,332,342,343,344,345,348,350,351,352,353,354,357,359,363,366,368,369,370,371,372,373,374,375,376,377,382,383,385,391,392,394,399,402,404,405,406,407,408,409,410,411,412,413,417,420,422,426,429,431
OZ5,200,211,212,214,217,220,223,224,225,226,227,228,232,233,235,238,239,240,241,242,243,244,245,246,248,249,250,251,253,254,255,256,257,258,259,261,262,266,267,269,275,276,277,280,281,282,283,287,292,293,295,297,300,301,305,309,311,312,313,314,315,316,317,318,320,323,325,326,330,331,332,335,336,337,338,340,341,342,343,344,347,348,355,357,358,359,361,363,364,365,366,371,372,373,376,379,384,386,388,389,391,392,393,394,396,397,398,408,409,415,419,422,423,425,428,430
OZ6,199,211,212,214,217,218,219,223,224,228,230,232,235,236,242,248,254,258,262,265,266,269,270,271,272,275,276,278,281,282,283,286,292,293,295,299,302,303,305,309,310,312,313,314,315,316,317,321,322,323,324,325,327,328,330,334,337,338,339,340,341,342,343,344,345,349,354,355,356,357,361,362,364,366,369,371,372,375,376,379,380,382,383,385,386,389,393,395,399,400,401,402,403,404,405,406,407,408,409,411,412,415,416,417,418,419,422,423,426,428,429,431
OZ7,161,179,191,204,205,212,214,215,217,221,223,226,228,233,236,240,242,245,246,248,249,250,255,258,259,261,262,263,264,265,266,267,272,275,278,281,282,287,289,290,291,295,296,298,300,309,310,312,313,314,317,319,327,330,331,334,341,342,343,344,345,346,347,348,349,352,353,356,358,359,361,363,364,365,366,368,369,370,371,373,374,377,379,381,384,385,386,388,389,392,393,394,398,400,401,404,416,417,419,422,426,428
OZ8,205,211,212,214,217,219,221,223,224,226,227,229,230,231,232,233,236,237,239,240,241,242,247,248,250,251,253,256,259,263,264,265,266,269,270,273,274,275,276,277,279,282,284,285,292,293,295,298,299,302,305,309,312,315,319,320,321,322,324,325,329,330,332,334,335,336,339,340,341,342,348,351,352,354,355,356,358,359,361,365,366,367,368,371,372,376,377,380,381,382,384,386,388,389,391,394,399,400,401,402,403,404,405,406,408,409,410,411,412,415,417,418,422,428,430,431
OZ9,206,211,212,214,218,221,222,226,228,231,232,233,237,239,241,242,244,245,256,258,259,260,261,262,264,266,267,268,271,272,273,274,275,276,278,279,283,284,285,287,292,293,295,297,300,301,302,307,308,309,310,311,312,313,314,317,319,320,325,327,329,331,336,339,340,344,346,347,351,352,354,355,357,359,361,363,364,367,368,369,370,373,377,381,382,386,387,388,389,390,391,392,399,400,401,402,403,404,406,407,408,410,411,412,413,416,418,420,421,424,425,426,427,428,430,431
OZ10,203,211,212,214,218,219,220,221,222,225,227,228,229,230,232,233,235,236,241,243,244,245,249,251,254,257,259,261,264,265,267,268,270,272,273,279,281,282,284,286,292,293,295,297,299,300,301,312,314,316,319,320,322,323,324,329,330,331,334,337,340,342,344,345,346,347,348,349,351,359,362,363,364,365,368,369,372,374,375,379,380,382,383,388,390,391,393,395,396,397,398,405,408,416,417,420,421,426,427,428
OZ11,204,211,212,214,217,219,223,225,228,229,231,233,238,240,241,242,243,244,255,256,257,258,261,263,264,265,268,269,270,271,273,275,276,277,278,281,282,284,285,286,292,293,295,299,302,304,305,308,315,317,318,319,321,323,324,328,331,332,336,337,341,342,344,345,346,348,350,352,355,358,361,362,363,367,370,372,373,376,377,383,384,386,387,388,389,392,394,395,396,397,398,407,410,415,417,418,419,423,424,427,428,429,430,431
OZ12,191,197,208,209,212,215,217,220,222,223,224,225,227,228,229,230,231,232,236,237,243,244,248,251,255,256,259,260,262,263,265,269,271,273,274,276,277,279,280,281,282,283,286,287,289,290,292,294,296,297,300,301,303,305,307,310,311,314,315,317,322,323,325,326,327,328,330,334,339,340,342,343,345,346,347,350,352,356,365,366,367,369,370,372,373,375,379,381,382,384,386,388,390,391,392,393,396,400,405,407,408,411,412,413,416,421,423,426,427,428
OZ13,209,211,212,214,218,220,223,225,227,228,231,232,238,243,246,249,253,254,256,260,264,266,271,272,276,277,280,281,283,284,290,292,294,296,311,313,314,321,325,326,332,334,337,339,345,347,354,358,362,364,365,368,370,371,373,375,376,377,380,384,386,387,390,393,396,399,401,402,403,404,420,421,422,423,424,428,429,431
OZ14,208,211,212,214,217,220,221,226,227,228,229,233,239,245,246,251,254,255,256,259,260,261,262,263,264,265,266,267,272,275,276,277,278,281,282,283,285,287,289,291,293,294,310,312,313,318,326,327,328,329,331,332,334,335,337,339,340,341,342,343,344,345,346,347,348,351,352,353,354,356,357,358,361,365,366,367,369,370,372,373,374,375,379,381,384,389,390,395,398,399,400,402,403,404,417,418,420,423,425,426,429,430
OZ15,196,197,211,212,220,221,222,223,224,231,236,237,238,240,245,246,248,249,250,251,256,257,259,260,263,267,270,272,274,284,285,286,290,291,294,296,298,299,300,303,308,309,312,314,316,317,324,327,329,331,338,340,343,344,345,348,349,350,351,352,353,358,362,363,364,365,367,370,382,386,388,392,394,395,401,403,407,409,416,417,418,419,421,423,425,429
OZ16,212,213,214,215,217,218,221,223,225,227,229,230,235,238,239,240,241,243,248,249,254,255,257,258,260,263,264,268,275,276,277,278,279,280,283,284,285,287,291,292,294,295,308,310,312,317,318,320,321,323,325,326,327,328,331,332,334,335,339,341,344,345,349,351,358,359,361,364,365,366,367,371,373,374,376,377,379,381,383,387,392,393,396,398,400,401,415,416,417,418,419,420,423,424,427,430
OZ17,211,213,214,215,217,218,219,220,223,224,229,231,232,233,235,237,238,239,241,245,247,248,249,250,253,254,255,258,264,265,266,267,270,273,276,277,278,281,282,283,285,287,290,291,292,294,296,297,298,299,300,301,302,303,304,305,307,308,311,312,313,314,315,317,319,322,324,325,327,332,336,338,340,341,342,343,344,349,350,352,357,358,363,364,365,366,373,375,376,377,379,380,383,384,385,386,387,388,390,395,397,400,404,405,406,407,408,409,410,411,412,413,415,420,421,423,424,425,427,429
OZ18,214,215,218,219,220,221,225,226,227,228,231,232,235,236,242,243,245,247,248,249,250,251,254,258,261,262,263,266,267,268,270,271,274,280,282,284,285,287,289,292,295,297,298,299,300,301,302,303,304,305,308,309,310,312,313,315,319,320,324,326,327,328,329,331,337,339,340,341,342,343,344,347,348,349,351,354,356,358,365,366,367,369,370,371,376,377,380,382,385,386,388,390,396,399,401,404,415,416,417,419,421,426,427,430
OZ19,213,215,217,218,222,224,225,226,228,230,231,232,235,237,238,239,240,241,242,243,244,245,247,249,253,256,258,261,264,267,268,269,270,271,273,274,277,278,279,280,282,287,289,291,295,297,298,299,300,301,302,303,304,305,307,309,310,312,314,315,316,317,318,320,321,323,324,325,326,328,330,334,338,341,342,345,348,349,350,353,354,357,358,359,362,363,364,369,375,376,382,383,384,386,390,392,394,395,396,398,399,404,416,417,420,421,422,423,426,430
OZ20,220,221,222,224,235,236,240,242,244,245,247,248,253,255,256,263,265,266,267,268,270,271,272,273,274,279,280,281,282,284,285,287,290,291,294,295,296,297,298,299,300,301,302,303,304,305,307,309,311,312,314,315,318,319,321,323,324,325,329,331,337,340,342,344,345,347,349,350,351,353,354,359,361,363,364,369,372,373,375,377,379,381,385,387,390,393,394,395,398,399,400,402,404,406,409,410,411,412,416,417,418,419,421,423,424,425,426,427,428,429,430,431
OZ21,219,221,222,223,236,238,239,241,242,245,246,247,249,251,253,254,255,256,258,259,261,263,267,269,270,271,272,275,278,279,280,281,282,285,286,287,289,291,292,294,296,297,298,299,300,301,302,303,304,305,307,308,310,311,315,316,319,322,324,326,328,331,337,338,342,345,347,351,354,355,356,358,361,362,363,364,366,367,369,370,373,376,379,380,381,383,384,385,387,388,392,394,397,399,401,402,404,405,408,409,410,412,415,418,419,421,422,423,424,425,426,427,428,429,430,431
OZ22,218,221,222,223,235,238,239,244,245,247,249,250,253,254,258,260,262,263,266,267,270,272,273,274,275,277,278,279,282,283,285,287,289,292,294,295,296,297,298,299,300,301,302,303,304,305,307,311,313,314,315,316,317,318,322,323,324,325,327,331,334,335,338,340,342,345,346,348,350,353,355,358,361,362,366,368,369,370,371,372,376,377,383,384,385,386,387,390,392,395,398,400,401,402,404,405,406,408,409,411,412,413,415,416,418,419,422,423,424,425,426,427,428,429,430,431
OZ23,217,221,222,224,237,241,242,244,246,248,249,250,253,254,257,259,262,266,268,269,270,272,273,274,275,276,278,279,280,281,282,283,289,290,291,294,295,297,298,299,300,301,302,303,304,305,308,312,313,314,315,317,319,320,321,322,324,328,330,331,338,339,340,341,342,343,344,345,346,354,356,357,361,362,365,367,369,371,373,374,375,376,379,380,384,386,387,389,391,395,397,398,399,401,404,405,406,407,408,409,411,412,416,417,419,421,422,423,424,425,426,427,428,429,430,431
OZ24,222,223,224,225,226,227,228,229,230,231,232,233,236,237,239,241,242,243,244,247,250,251,253,254,256,259,262,263,264,265,270,274,275,278,280,281,282,287,290,292,293,297,298,299,300,301,302,303,304,305,307,308,310,312,314,315,317,318,319,322,324,326,330,331,334,335,336,341,342,343,346,347,352,353,358,359,361,362,364,367,370,374,375,377,381,382,385,386,389,390,392,393,396,398,402,403,405,408,411,412,416,418,419,420,421,422
OZ25,221,223,224,225,226,227,228,229,230,231,232,233,235,237,238,241,243,245,249,250,254,255,258,259,260,261,262,264,266,267,272,273,274,278,279,280,285,287,289,291,293,294,295,296,308,309,311,312,316,317,322,323,325,326,328,330,332,335,336,337,338,340,343,345,346,348,350,351,352,354,355,359,362,363,366,367,368,369,372,373,374,375,382,383,384,386,387,389,393,394,396,399,401,403,405,406,409,411,415,417,420,423,424,425,426,427,428,429,430,431
OZ26,235,236,237,238,241,242,244,245,246,247,250,251,253,256,260,261,266,267,272,273,277,281,282,286,307,310,314,316,319,323,326,327,331,335,336,340,342,343,346,347,348,350,351,353,354,356,357,358,361,364,368,370,373,377,379,380,381,382,385,386,388,389,390,391,394,395,398,399,403,406,409,413
OZ27,236,237,241,245,246,250,253,254,255,256,259,260,261,262,265,266,267,269,271,274,278,280,283,287,307,308,309,310,313,314,316,317,318,319,322,323,325,328,332,334,337,341,343,346,350,351,356,357,361,362,363,364,367,368,370,371,372,373,376,377,380,381,385,389,390,394,397,400,404,405,410,411
OZ28,230,231,238,239,242,247,249,251,255,257,262,263,270,272,275,276,277,278,279,281,283,284,285,286,298,299,300,301,302,304,305,312,313,315,316,318,319,320,322,323,324,326,329,330,331,332,336,337,341,343,345,346,347,349,350,353,358,359,366,367,369,370,371,373,374,376,377,382,383,386,388,389,390,392,393,394,400,403,404,405,406,407,408,409,412,423,425,426,428,429,430,431
OZ29,229,233,237,238,241,246,250,251,256,258,261,263,270,271,273,274,275,278,279,280,283,284,286,287,297,299,300,301,302,303,304,311,314,316,317,318,319,320,321,322,324,325,327,328,329,332,336,339,340,344,345,346,347,348,349,351,354,356,365,368,369,370,371,372,373,374,376,381,382,385,387,389,391,392,393,395,399,401,403,405,406,407,410,411,412,423,424,426,427,428,429,431
OZ30,228,232,239,240,241,246,248,249,259,260,261,262,271,272,273,274,276,277,280,281,282,283,284,286,297,298,301,302,303,304,305,309,310,315,317,319,320,321,322,323,325,326,327,328,330,331,338,339,341,342,346,347,348,349,350,352,355,357,363,364,369,370,371,373,374,375,376,383,384,385,387,388,390,391,394,395,400,401,402,405,406,407,409,410,413,424,425,426,427,429,430,431
OZ31,227,232,237,240,241,245,246,249,255,256,259,262,265,267,270,271,272,273,276,277,278,280,281,282,284,285,286,287,297,298,299,301,302,303,305,307,308,309,315,316,319,320,321,322,324,325,326,327,330,331,332,337,339,342,345,347,348,349,350,351,355,357,361,362,363,369,370,374,375,376,377,381,384,385,387,388,390,391,392,395,397,402,405,406,407,409,411,412,413,424,425,426,427,428,430,431
OZ32,226,233,241,242,244,250,257,258,260,263,264,266,270,271,273,274,277,278,279,280,281,283,286,287,297,299,300,302,303,304,305,308,309,310,312,313,314,315,316,321,324,325,327,328,331,332,338,339,340,347,350,352,354,355,356,357,358,359,362,363,364,366,367,368,370,374,375,385,386,387,388,389,390,392,393,395,397,398,399,400,402,404,408,409,412,423,424,425,427,428,429,431
OZ33,225,231,238,240,243,247,255,258,259,262,268,269,270,272,274,275,276,278,279,280,281,283,284,285,298,299,300,301,303,304,305,307,309,310,311,312,314,315,317,318,324,326,328,329,330,332,336,337,340,348,349,351,354,355,356,357,358,359,361,363,364,365,366,368,369,372,376,382,384,387,388,389,390,393,394,395,396,397,399,401,402,404,409,410,413,423,424,425,426,428,429,430
OZ34,270,271,272,273,274,275,276,277,278,279,280,281,282,283,284,285,286,287,297,298,299,300,301,302,303,304,305,315,316,317,318,319,320,321,322,323,324,325,326,327,328,329,330,331,332,342,343,344,345,346,347,348,349,350,369,370,371,372,373,374,375,376,377,387,388,389,390,391,392,393,394,395,405,406,407,408,409,410,411,412,413,423,424,425,426,427,428,429,430,431
OZ35,223,224,231,232,249,251,253,258,260,266,268,269,272,274,277,281,283,284,289,290,296,300,302,303,309,314,325,328,335,339,347,349,350,354,356,358,363,367,371,377,379,380,386,390,392,395,399,402,415,416,421,427,428,429
OZ36,224,232,237,238,239,240,242,246,247,248,249,250,254,257,259,260,261,264,265,268,272,273,277,278,281,282,284,286,290,291,292,295,298,300,301,305,309,310,311,313,315,316,317,321,328,339,342,345,346,348,349,352,353,356,357,359,363,364,365,367,368,369,370,371,375,377,380,383,384,385,386,388,392,393,394,395,402,410,416,417,418,421,422,425,426,428,429,430
OZ37,125,143,231,238,240,241,242,247,250,251,258,261,262,265,278,282,291,292,296,301,303,309,311,313,317,319,320,321,322,327,328,336,340,342,345,347,349,354,355,356,358,359,363,365,367,373,374,375,376,377,381,384,385,393,394,399,400,401,404,405,406,407,412,413,417,418,422,430
OZ38,231,232,233,238,240,247,250,251,255,258,259,261,262,271,272,273,274,276,277,280,281,283,284,285,286,287,297,298,300,310,312,314,316,319,320,321,322,323,325,326,327,328,330,331,336,337,340,343,344,345,346,347,349,352,355,357,364,366,368,369,370,371,373,374,375,376,382,384,387,388,390,391,394,395,402,403,405,406,407,408,411,412,424,425,426,428,429,431
OZ39,179,215,238,239,241,242,247,248,250,251,253,254,256,257,259,260,261,262,263,264,265,268,269,271,272,273,274,277,278,280,281,282,283,284,286,287,290,295,296,298,302,303,305,309,315,320,322,325,327,328,334,340,342,344,347,348,349,351,352,353,354,355,357,358,363,369,374,376,380,382,383,386,388,391,393,394,399,400,401,403,404,405,406,409,410,412,413,416,421,422,425,426,427,431
