X0,0,1,2,3,24,25,26,27
X1,0,8,16,24,32,46
X2,1,9,17,25,33,47
X3,2,10,18,27,34,44
X4,4,5,6,7,28,29,30,31
X5,4,9,23,31,37,47
X6,5,8,22,30,36,46
X7,6,10,20,28,39,44
X8,8,9,12,13,32,33,36,37
X9,0,12,19,26,32,42
X10,10,11,14,15,34,35,38,39
X11,2,14,16,24,34,40
X12,3,11,19,26,35,45
X13,4,12,20,28,37,42
X14,16,17,22,23,40,41,46,47
X15,18,19,20,21,42,43,44,45
X16,1,13,18,27,33,43
X17,5,13,21,29,36,43
X18,6,15,22,30,39,41
X19,3,15,17,25,35,41
OX0,28,29,30,31,34,35,36,37,40,41,44,45
OX1,22,23,33,34,36,39,40,43,44,47
OX2,34,35,38,39,40,41,44,45
OX3,17,19,21,23,33,35,37,38,42,43
OX4,30,31,33,35,36,38,41,43,45,47
OX5,13,15,25,27,33,39,43,44
OX6,25,27,29,31,38,39,41,43,44,47
OX7,19,23,29,31,33,37,42,43,45,47
Z0,0,1,2,3,24,25,26,27
Z1,0,8,16,24,32,46
Z2,1,9,17,25,33,47
Z3,2,10,18,27,34,44
Z4,4,5,6,7,28,29,30,31
Z5,4,9,23,31,37,47
Z6,5,8,22,30,36,46
Z7,6,10,20,28,39,44
Z8,8,9,12,13,32,33,36,37
Z9,0,12,19,26,32,42
Z10,10,11,14,15,34,35,38,39
Z11,2,14,16,24,34,40
Z12,3,11,19,26,35,45
Z13,4,12,20,28,37,42
Z14,16,17,22,23,40,41,46,47
Z15,18,19,20,21,42,43,44,45
Z16,1,13,18,27,33,43
Z17,5,13,21,29,36,43
Z18,6,15,22,30,39,41
Z19,3,15,17,25,35,41
OZ0,28,29,30,31,34,35,36,37,40,41,44,45
OZ1,22,23,33,34,36,39,40,43,44,47
OZ2,34,35,38,39,40,41,44,45
OZ3,17,19,21,23,33,35,37,38,42,43
OZ4,30,31,33,35,36,38,41,43,45,47
OZ5,13,15,25,27,33,39,43,44
OZ6,25,27,29,31,38,39,41,43,44,47
OZ7,19,23,29,31,33,37,42,43,45,47
