X0,0,16,32,48,384,400,416,432
X1,1,17,33,49,385,401,417,433
X2,2,18,34,50,386,402,418,434
X3,3,19,35,51,387,403,419,435
X4,4,21,37,52,388,405,420,437
X5,5,20,36,53,389,404,421,436
X6,6,23,39,54,390,407,422,439
X7,7,22,38,55,391,406,423,438
X8,8,24,42,56,392,408,424,440
X9,9,25,43,57,393,409,425,441
X10,10,26,40,58,394,410,426,442
X11,11,27,41,59,395,411,427,443
X12,12,29,45,62,397,414,430,445
X13,13,28,44,63,396,415,431,444
X14,14,31,47,60,399,412,428,447
X15,15,30,46,61,398,413,429,446
X16,0,128,256,384,512,736
X17,1,129,257,385,513,737
X18,2,130,258,386,514,738
X19,3,131,259,387,515,739
X20,5,132,260,389,516,743
X21,4,133,261,388,517,742
X22,7,134,262,391,518,741
X23,6,135,263,390,519,740
X24,8,136,264,392,522,744
X25,9,137,265,393,523,745
X26,10,138,266,394,520,746
X27,11,139,267,395,521,747
X28,13,143,269,396,527,749
X29,12,142,268,397,526,748
X30,15,141,271,398,525,751
X31,14,140,270,399,524,750
X32,16,148,280,400,528,756
X33,17,149,281,401,529,757
X34,18,150,282,402,530,758
X35,19,151,283,403,531,759
X36,20,144,284,404,532,752
X37,21,145,285,405,533,753
X38,22,146,286,406,534,754
X39,23,147,287,407,535,755
X40,26,158,274,410,538,766
X41,27,159,275,411,539,767
X42,24,156,272,408,536,764
X43,25,157,273,409,537,765
X44,28,155,278,415,542,760
X45,29,154,279,414,543,761
X46,30,153,276,413,540,762
X47,31,152,277,412,541,763
X48,32,160,288,432,544,704
X49,33,161,289,433,545,705
X50,34,162,290,434,546,706
X51,35,163,291,435,547,707
X52,37,164,293,437,548,709
X53,36,165,292,436,549,708
X54,39,166,295,439,550,711
X55,38,167,294,438,551,710
X56,42,170,298,440,554,714
X57,43,171,299,441,555,715
X58,40,168,296,442,552,712
X59,41,169,297,443,553,713
X60,47,175,303,447,559,719
X61,46,174,302,446,558,718
X62,45,173,301,445,557,717
X63,44,172,300,444,556,716
X64,64,87,100,124,448,479,484,496
X65,65,86,101,125,449,478,485,497
X66,66,85,102,126,450,477,486,498
X67,67,84,103,127,451,476,487,499
X68,68,80,96,120,452,472,480,500
X69,69,81,97,121,453,473,481,501
X70,70,82,98,122,454,474,482,502
X71,71,83,99,123,455,475,483,503
X72,72,95,108,119,456,471,492,507
X73,73,94,109,118,457,470,493,506
X74,74,93,110,117,458,469,494,505
X75,75,92,111,116,459,468,495,504
X76,76,88,104,112,460,464,488,508
X77,77,89,105,113,461,465,489,509
X78,78,90,106,114,462,466,490,510
X79,79,91,107,115,463,467,491,511
X80,68,151,379,500,599,759
X81,69,150,378,501,598,758
X82,70,149,377,502,597,757
X83,71,148,376,503,596,756
X84,67,147,383,499,595,755
X85,66,146,382,498,594,754
X86,65,145,381,497,593,753
X87,64,144,380,496,592,752
X88,76,156,368,508,604,764
X89,77,157,369,509,605,765
X90,78,158,370,510,606,766
X91,79,159,371,511,607,767
X92,75,155,372,504,603,760
X93,74,154,373,505,602,761
X94,73,153,374,506,601,762
X95,72,152,375,507,600,763
X96,80,128,352,480,576,736
X97,81,129,353,481,577,737
X98,82,130,354,482,578,738
X99,83,131,355,483,579,739
X100,87,135,356,484,583,740
X101,86,134,357,485,582,741
X102,85,133,358,486,581,742
X103,84,132,359,487,580,743
X104,88,139,363,488,584,747
X105,89,138,362,489,585,746
X106,90,137,361,490,586,745
X107,91,136,360,491,587,744
X108,95,143,364,492,591,749
X109,94,142,365,493,590,748
X110,93,141,366,494,589,751
X111,92,140,367,495,588,750
X112,104,167,332,460,631,710
X113,105,166,333,461,630,711
X114,106,165,334,462,629,708
X115,107,164,335,463,628,709
X116,111,163,331,459,627,707
X117,110,162,330,458,626,706
X118,109,161,329,457,625,705
X119,108,160,328,456,624,704
X120,96,172,324,452,636,716
X121,97,173,325,453,637,717
X122,98,174,326,454,638,718
X123,99,175,327,455,639,719
X124,100,168,320,448,632,712
X125,101,169,321,449,633,713
X126,102,170,322,450,634,714
X127,103,171,323,451,635,715
X128,128,144,192,212,512,532,576,592
X129,129,145,193,213,513,533,577,593
X130,130,146,194,214,514,534,578,594
X131,131,147,195,215,515,535,579,595
X132,132,148,196,208,516,528,580,596
X133,133,149,197,209,517,529,581,597
X134,134,150,198,210,518,530,582,598
X135,135,151,199,211,519,531,583,599
X136,136,154,202,223,522,543,587,602
X137,137,155,203,222,523,542,586,603
X138,138,152,200,221,520,541,585,600
X139,139,153,201,220,521,540,584,601
X140,140,158,206,216,524,538,588,606
X141,141,159,207,217,525,539,589,607
X142,142,156,204,218,526,536,590,604
X143,143,157,205,219,527,537,591,605
X144,0,192,304,416,512,672
X145,1,193,305,417,513,673
X146,2,194,306,418,514,674
X147,3,195,307,419,515,675
X148,5,196,309,421,516,677
X149,4,197,308,420,517,676
X150,7,198,311,423,518,679
X151,6,199,310,422,519,678
X152,10,200,312,426,520,680
X153,11,201,313,427,521,681
X154,8,202,314,424,522,682
X155,9,203,315,425,523,683
X156,12,204,318,430,526,684
X157,13,205,319,431,527,685
X158,14,206,316,428,524,686
X159,15,207,317,429,525,687
X160,160,176,224,252,544,572,608,624
X161,161,177,225,253,545,573,609,625
X162,162,178,226,254,546,574,610,626
X163,163,179,227,255,547,575,611,627
X164,164,180,228,248,548,568,612,628
X165,165,181,229,249,549,569,613,629
X166,166,182,230,250,550,570,614,630
X167,167,183,231,251,551,571,615,631
X168,168,185,233,244,552,565,617,632
X169,169,184,232,245,553,564,616,633
X170,170,187,235,246,554,567,619,634
X171,171,186,234,247,555,566,618,635
X172,172,188,237,240,556,560,621,636
X173,173,189,236,241,557,561,620,637
X174,174,190,239,242,558,562,623,638
X175,175,191,238,243,559,563,622,639
X176,32,224,256,384,544,640
X177,33,225,257,385,545,641
X178,34,226,258,386,546,642
X179,35,227,259,387,547,643
X180,37,228,261,388,548,644
X181,36,229,260,389,549,645
X182,39,230,263,390,550,646
X183,38,231,262,391,551,647
X184,41,232,267,395,553,651
X185,40,233,266,394,552,650
X186,43,234,265,393,555,649
X187,42,235,264,392,554,648
X188,44,237,269,396,556,653
X189,45,236,268,397,557,652
X190,46,239,271,398,558,655
X191,47,238,270,399,559,654
X192,48,180,304,416,568,720
X193,49,181,305,417,569,721
X194,50,182,306,418,570,722
X195,51,183,307,419,571,723
X196,53,177,309,421,573,725
X197,52,176,308,420,572,724
X198,55,179,311,423,575,727
X199,54,178,310,422,574,726
X200,58,190,312,426,562,728
X201,59,191,313,427,563,729
X202,56,188,314,424,560,730
X203,57,189,315,425,561,731
X204,62,186,318,430,566,734
X205,63,187,319,431,567,735
X206,60,184,316,428,564,732
X207,61,185,317,429,565,733
X208,64,192,320,448,592,672
X209,65,193,321,449,593,673
X210,66,194,322,450,594,674
X211,67,195,323,451,595,675
X212,120,184,348,472,616,732
X213,121,185,349,473,617,733
X214,72,200,328,456,600,680
X215,73,201,329,457,601,681
X216,74,202,330,458,602,682
X217,75,203,331,459,603,683
X218,112,176,340,464,608,724
X219,113,177,341,465,609,725
X220,71,196,327,455,596,677
X221,70,197,326,454,597,676
X222,69,198,325,453,598,679
X223,68,199,324,452,599,678
X224,107,248,360,491,628,664
X225,106,249,361,490,629,665
X226,105,250,362,489,630,666
X227,104,251,363,488,631,667
X228,79,207,335,463,607,687
X229,78,206,334,462,606,686
X230,77,205,333,461,605,685
X231,76,204,332,460,604,684
X232,97,241,353,481,637,657
X233,96,240,352,480,636,656
X234,99,243,355,483,639,659
X235,98,242,354,482,638,658
X236,102,246,358,486,634,662
X237,114,178,342,466,610,726
X238,100,244,356,484,632,660
X239,124,189,347,479,620,731
X240,108,252,364,492,624,669
X241,110,254,366,494,626,671
X242,116,180,336,468,612,720
X243,256,272,352,368,640,656,736,764
X244,257,273,353,369,641,657,737,765
X245,258,274,354,370,642,658,738,766
X246,259,275,355,371,643,659,739,767
X247,260,279,359,373,645,663,743,761
X248,261,278,358,372,644,662,742,760
X249,262,277,357,375,647,661,741,763
X250,263,276,356,374,646,660,740,762
X251,264,280,360,376,648,664,744,756
X252,265,281,361,377,649,665,745,757
X253,266,282,362,378,650,666,746,758
X254,267,283,363,379,651,667,747,759
X255,268,284,365,380,652,668,748,752
X256,269,285,364,381,653,669,749,753
X257,270,286,367,382,654,670,750,754
X258,271,287,366,383,655,671,751,755
X259,20,212,292,436,532,692
X260,21,213,293,437,533,693
X261,22,214,294,438,534,694
X262,23,215,295,439,535,695
X263,19,211,291,435,531,691
X264,18,210,290,434,530,690
X265,17,209,289,433,529,689
X266,16,208,288,432,528,688
X267,48,248,280,400,568,664
X268,50,250,282,402,570,666
X269,52,252,285,405,572,669
X270,54,254,287,407,574,671
X271,288,312,328,344,680,688,704,728
X272,289,313,329,345,681,689,705,729
X273,290,314,330,346,682,690,706,730
X274,291,315,331,347,683,691,707,731
X275,292,316,334,348,686,692,708,732
X276,293,317,335,349,687,693,709,733
X277,294,318,332,350,684,694,710,734
X278,295,319,333,351,685,695,711,735
X279,296,304,320,336,672,696,712,720
X280,297,305,321,337,673,697,713,721
X281,298,306,322,338,674,698,714,722
X282,299,307,323,339,675,699,715,723
X283,300,310,324,342,678,702,716,726
X284,301,311,325,343,679,703,717,727
X285,302,308,326,340,676,700,718,724
X286,303,309,327,341,677,701,719,725
X287,24,218,298,440,536,698
X288,25,219,299,441,537,699
X289,49,249,281,401,569,665
X290,28,222,300,444,542,702
X291,29,223,301,445,543,703
X292,56,240,272,408,560,656
X293,60,245,277,412,564,661
X294,26,216,296,442,538,696
X295,27,217,297,443,539,697
X296,51,251,283,403,571,667
X297,80,212,348,472,576,692
X298,30,220,302,446,540,700
X299,31,221,303,447,541,701
X300,81,213,349,473,577,693
X301,84,208,344,476,580,688
X302,58,242,274,410,562,658
X303,86,210,346,478,582,690
X304,85,209,345,477,581,689
X305,88,220,340,464,584,700
X306,62,247,279,414,566,663
X307,82,214,350,474,578,694
X308,89,221,341,465,585,701
X309,92,216,336,468,588,696
X310,83,215,351,475,579,695
X311,101,245,357,485,633,661
X312,87,211,347,479,583,691
X313,112,224,368,508,608,640
X314,114,226,370,510,610,642
X315,116,228,372,504,612,644
X316,115,179,343,467,611,727
X317,120,232,379,500,616,651
X318,57,241,273,409,561,657
X319,117,181,337,469,613,721
X320,59,243,275,411,563,659
X321,118,230,374,506,614,646
X322,93,217,337,469,589,697
X323,113,225,369,509,609,641
X324,118,182,338,470,614,722
X325,109,253,365,493,625,668
X326,94,218,338,470,590,698
X327,95,219,339,471,591,699
X328,103,247,359,487,635,663
X329,90,222,342,466,586,702
X330,91,223,343,467,587,703
X331,122,186,350,474,618,734
X332,121,233,378,501,617,650
X333,124,236,380,496,620,652
X334,122,234,377,502,618,649
X335,115,227,371,511,611,643
X336,123,187,351,475,619,735
X337,111,255,367,495,627,670
X338,125,188,346,478,621,730
X339,126,191,345,477,622,729
X340,123,235,376,503,619,648
X341,119,183,339,471,615,723
X342,126,238,382,498,622,654
X343,53,253,284,404,573,668
X344,55,255,286,406,575,670
X345,125,237,381,497,621,653
X346,61,244,276,413,565,660
X347,63,246,278,415,567,662
X348,117,229,373,505,613,645
X349,119,231,375,507,615,647
OX0,376,377,378,379,380,381,382,383,387,391,395,399,403,406,411,412,419,423,425,430,435,438,441,445,451,453,458,460,462,463,466,468,469,471,474,479,483,485,488,490,491,494,496,497,499,501,502,503,504,505,507,510,513,519,523,525,531,533,539,542,547,549,550,551,553,554,555,557,561,564,566,567,569,570,571,575,577,583,587,588,593,599,602,606,610,612,614,615,616,618,619,620,626,628,630,631,633,634,635,637,645,646,648,649,652,654,657,659,662,663,665,666,673,675,678,679,684,687,693,694,697,699,702,703,708,711,713,714,721,722,732,735,737,739,740,741,745,747,750,751,753,754,760,763
OX1,548,549,550,551,552,553,554,555,564,565,566,567,568,569,570,571,612,613,614,615,616,617,618,619,628,629,630,631,632,633,634,635,644,645,646,647,648,649,650,651,660,661,662,663,664,665,666,667,708,709,710,711,712,713,714,715,720,721,722,723,732,733,734,735
OX2,417,418,421,422,425,426,429,430,433,434,436,439,441,442,445,446,449,450,453,454,457,458,460,463,465,466,468,471,472,475,476,479,484,485,486,487,488,489,490,491,500,501,502,503,504,505,506,507,580,581,582,583,584,585,586,587,596,597,598,599,600,601,602,603,612,613,614,615,616,617,618,619,628,629,630,631,632,633,634,635,673,674,677,678,680,683,684,687,689,690,692,695,696,699,700,703,705,706,708,711,712,715,717,718,721,722,725,726,728,731,733,734
OX3,518,519,526,527,530,531,536,537,550,551,556,557,560,561,570,571,582,583,590,591,598,599,604,605,614,615,620,621,630,631,636,637,646,647,652,653,656,657,666,667,678,679,684,685,690,691,698,699,710,711,716,717,722,723,730,731,740,741,748,749,758,759,764,765
OX4,393,395,397,399,401,403,405,407,412,413,414,415,418,419,422,423,425,426,428,431,433,434,437,438,442,443,446,447,450,451,452,453,457,458,460,463,466,467,470,471,473,474,477,478,481,482,485,486,488,489,492,493,498,499,500,501,505,506,509,510,517,519,525,527,530,531,533,534,536,537,540,543,549,551,557,559,560,561,564,567,570,571,573,574,577,578,582,583,585,586,588,589,597,599,600,601,602,603,604,606,609,610,614,615,617,618,622,623,629,631,632,633,634,635,636,638,645,647,649,651,656,657,660,663,665,666,668,669,674,675,676,679,680,683,686,687,689,691,696,697,698,699,701,703,705,706,708,709,712,713,717,718,725,727,728,730,740,742,745,747,748,749,750,751,754,755,757,758,760,763,764,765
OX5,452,453,454,455,460,461,462,463,468,469,470,471,476,477,478,479,484,485,486,487,492,493,494,495,500,501,502,503,508,509,510,511,552,553,554,555,556,557,558,559,568,569,570,571,572,573,574,575,580,581,582,583,588,589,590,591,596,597,598,599,604,605,606,607,608,609,610,611,620,621,622,623,628,629,630,631,632,633,634,635,648,649,650,651,652,653,654,655,664,665,666,667,668,669,670,671,712,713,714,715,716,717,718,719,720,721,722,723,724,725,726,727
OX6,370,371,374,375,378,379,382,383,387,391,395,399,403,406,411,412,418,423,425,426,427,428,429,431,434,438,441,442,443,444,446,447,451,453,454,455,459,460,462,463,466,468,469,470,475,476,477,478,482,485,489,490,491,492,493,495,498,501,504,505,507,508,509,510,515,519,521,525,528,529,531,535,539,540,542,543,547,551,553,554,555,556,557,559,562,565,566,567,570,572,573,574,578,583,585,586,587,589,590,591,594,596,597,599,600,604,605,607,608,609,611,612,613,614,616,618,619,620,621,623,626,628,629,631,632,634,635,639,648,649,652,653,658,659,660,661,662,663,666,667,668,669,670,671,674,675,678,679,680,683,685,686,688,689,690,691,694,695,696,699,701,703,706,707,712,714,717,718,724,725,726,727,729,731,732,734,740,741,750,751,754,755,756,757,760,761,762,763
OX7,418,419,422,423,426,427,428,429,434,435,438,439,442,443,446,447,482,483,486,487,490,491,494,495,498,499,502,503,504,505,510,511,528,529,530,531,540,541,542,543,546,547,550,551,552,553,558,559,562,563,566,567,568,569,574,575,578,579,580,581,586,587,588,589,594,595,598,599,600,601,606,607,612,613,614,615,616,617,618,619,642,643,646,647,650,651,654,655,658,659,662,663,664,665,670,671,674,675,678,679,680,681,686,687,688,689,694,695,696,697,702,703,720,721,722,723,732,733,734,735,756,757,758,759,760,761,762,763
OX8,450,451,454,455,458,459,462,463,466,467,468,469,474,475,476,477,528,529,534,535,538,539,542,543,562,563,566,567,568,569,574,575,594,595,596,597,602,603,606,607,626,627,628,629,634,635,638,639,658,659,662,663,664,665,670,671,688,689,694,695,696,697,702,703,720,721,726,727,728,729,734,735,754,755,756,757,760,761,766,767
OX9,428,429,430,431,444,445,446,447,449,451,453,455,457,459,461,463,465,467,468,470,473,475,476,478,482,483,486,487,488,489,492,493,498,499,502,503,506,507,508,509,513,515,517,519,530,531,534,535,537,538,541,542,546,547,550,551,553,554,556,559,568,570,572,574,577,578,580,583,584,585,590,591,596,597,598,599,601,603,604,606,608,609,610,611,616,618,621,623,625,626,628,631,634,635,638,639,642,643,646,647,648,651,653,654,664,666,669,671,673,675,676,678,684,685,686,687,690,691,694,695,696,699,700,703,706,707,710,711,713,714,717,718,720,722,724,726,732,733,734,735,737,739,740,742,754,755,758,759,760,763,765,766
OX10,372,373,374,375,380,381,382,383,387,391,395,399,403,406,411,412,419,421,427,430,435,436,443,445,451,454,457,460,462,463,467,468,472,476,477,479,482,485,488,490,491,495,496,497,498,500,506,511,517,519,525,527,528,531,534,535,537,538,542,543,549,550,552,554,558,559,561,562,564,565,566,567,570,571,573,575,578,579,581,583,586,587,589,591,596,599,605,606,612,614,617,619,625,627,628,629,630,631,632,633,634,635,637,639,643,645,646,647,648,650,651,655,657,658,659,660,662,663,666,668,675,676,677,678,681,684,685,687,688,692,694,695,696,697,699,702,707,711,712,713,714,717,718,719,722,727,728,729,731,732,733,735,739,740,741,742,747,749,750,751,755,756,760,761,763,765,766,767
OX11,513,515,517,519,521,523,525,527,529,531,533,535,537,539,540,542,545,547,549,551,553,555,557,559,561,563,564,566,569,571,573,575,577,579,581,583,584,586,589,591,593,595,597,599,601,603,605,607,609,611,613,615,616,618,620,622,625,627,629,631,633,635,637,639,641,643,645,647,649,651,652,654,657,659,661,663,665,667,668,670,673,675,676,678,681,683,685,687,689,691,693,695,697,699,700,702,705,707,708,710,713,715,717,719,721,723,725,727,729,731,732,734,737,739,740,742,745,747,749,751,753,755,757,759,760,762,765,767
OX12,387,391,395,399,401,405,406,407,409,412,413,415,419,423,425,430,433,437,438,439,443,444,445,446,449,454,457,463,467,470,474,478,481,482,483,487,488,489,490,493,499,501,502,503,506,508,509,510,528,529,534,535,538,539,540,541,545,547,549,550,552,554,556,559,561,562,564,566,569,570,572,574,577,578,580,582,585,586,588,590,593,595,597,598,601,603,604,607,608,610,613,615,616,618,621,623,625,627,629,631,632,634,637,639,641,645,646,647,648,650,651,653,658,660,662,663,666,670,675,679,683,684,688,693,696,701,702,703,707,708,709,710,712,713,714,717,718,719,721,722,723,724,726,727,728,732,739,741,747,750,753,756,760,765,766,767
OX13,337,339,341,343,345,347,349,351,361,363,365,367,377,379,381,383,465,467,469,471,473,475,477,479,484,485,486,487,489,491,493,495,497,499,501,503,504,505,506,507,525,527,528,529,530,531,537,539,540,541,542,543,545,546,549,550,552,555,558,559,562,563,564,567,568,571,573,574,580,581,582,583,584,585,586,587,589,591,605,607,609,610,612,615,616,619,622,623,625,626,629,630,632,635,638,639,641,642,645,646,649,650,654,655,658,659,661,662,664,667,668,671,685,687,688,689,690,691,697,699,700,701,702,703,705,706,708,711,712,715,718,719,720,723,725,726,728,729,732,735,749,751,756,757,758,759,760,761,762,763,765,767
OX14,482,483,486,487,488,489,492,493,498,499,502,503,506,507,508,509,528,529,534,535,536,537,540,541,546,547,550,551,554,555,556,557,560,561,562,563,572,573,574,575,578,579,580,581,584,585,590,591,608,609,610,611,620,621,622,623,626,627,630,631,634,635,636,637,642,643,646,647,648,649,652,653,656,657,658,659,668,669,670,671,688,689,694,695,698,699,700,701,706,707,710,711,714,715,716,717,724,725,726,727,728,729,730,731,754,755,756,757,762,763,764,765
OX15,545,547,549,551,553,555,557,559,561,563,564,566,569,571,573,575,609,611,613,615,616,618,620,622,625,627,629,631,633,635,637,639,641,643,645,647,649,651,652,654,657,659,661,663,665,667,668,670,705,707,708,710,713,715,717,719,721,723,725,727,729,731,732,734
OX16,314,315,318,319,378,379,380,381,401,402,405,406,409,410,412,415,421,422,425,426,430,431,433,434,436,437,438,439,445,447,449,451,454,455,458,459,461,462,466,467,468,471,472,474,478,479,481,483,485,486,488,490,493,494,496,497,498,499,500,501,506,507,508,509,510,511,517,519,521,527,529,530,536,538,539,541,546,547,549,550,554,556,557,559,560,564,566,567,568,569,572,575,577,579,582,583,586,589,590,591,593,595,600,601,603,606,608,609,613,615,619,620,621,623,625,626,628,629,630,631,633,634,635,636,638,639,642,643,645,646,648,652,653,654,656,657,658,663,664,666,676,677,680,681,682,685,692,693,694,695,696,697,698,703,705,707,709,710,714,716,720,721,724,725,726,727,728,732,734,735,740,742,747,749,753,754,760,764,765,767
OX17,402,403,406,407,410,411,412,413,434,435,438,439,442,443,446,447,449,451,453,455,457,459,461,463,465,466,468,471,473,474,476,479,484,485,486,487,498,499,502,503,506,507,510,511,517,519,525,527,533,535,540,542,549,551,552,553,554,555,557,559,564,566,568,569,570,571,573,575,580,582,589,591,593,595,596,597,598,599,601,603,610,611,613,614,616,617,620,623,625,626,628,629,633,634,638,639,645,647,648,649,650,651,652,654,658,659,660,663,664,665,668,671,676,678,685,687,690,691,693,694,696,697,701,702,706,707,708,711,714,715,717,718,720,721,722,723,725,727,732,734,740,742,749,751,753,754,758,759,760,763,766,767
OX18,401,403,405,407,409,411,413,415,426,427,430,431,433,435,437,439,441,442,445,446,454,455,462,463,465,467,469,470,473,475,476,479,481,483,484,487,488,491,493,495,502,503,504,505,508,509,510,511,515,517,523,525,531,533,537,541,542,543,547,549,552,553,554,559,561,564,568,569,570,572,574,575,577,580,581,583,584,586,587,588,589,590,595,596,600,601,603,604,605,606,608,609,610,612,616,617,618,622,625,630,633,634,635,637,643,645,648,650,651,654,659,660,661,662,664,666,667,670,675,676,680,681,683,684,685,687,689,695,696,700,701,702,705,708,709,711,713,714,715,717,718,719,720,721,722,724,726,727,728,729,731,732,734,735,739,742,745,751,755,757,761,762,763,767
OX19,421,422,425,427,430,431,436,439,441,443,444,445,453,454,457,458,460,461,462,463,468,471,472,475,476,477,478,479,484,485,486,487,490,491,492,493,500,501,502,503,504,505,508,509,515,517,521,527,529,535,536,538,539,540,546,549,550,551,552,553,555,558,560,564,566,567,570,572,579,580,582,583,584,586,587,590,595,596,598,599,601,602,603,605,606,607,608,609,610,612,614,615,619,623,625,628,629,630,632,636,642,645,646,647,649,650,651,655,656,661,662,663,666,669,675,676,677,678,683,684,689,692,696,698,699,700,702,703,706,710,712,716,717,718,722,724,725,726,729,730,731,732,739,742,747,749,755,757,762,764,766,767
OX20,488,489,490,491,492,493,494,495,504,505,506,507,508,509,510,511,536,537,538,539,540,541,542,543,546,547,550,551,554,555,556,557,560,561,566,567,568,569,572,573,584,585,586,587,588,589,590,591,608,609,612,613,618,619,620,621,626,627,630,631,634,635,636,637,642,643,646,647,648,649,652,653,656,657,662,663,664,665,668,669,696,697,698,699,700,701,702,703,706,707,710,711,714,715,716,717,720,721,724,725,730,731,734,735,760,761,762,763,764,765,766,767
OX21,408,409,410,411,440,441,442,443,449,451,458,459,460,463,466,467,468,471,473,475,481,483,490,491,492,495,497,499,504,505,508,511,515,517,521,527,529,535,536,538,539,540,546,549,550,551,552,553,555,558,560,564,566,567,570,572,577,581,584,586,587,588,593,597,601,602,603,604,605,607,608,610,611,612,614,615,616,617,618,621,627,628,629,630,633,634,635,638,642,645,646,647,649,650,651,655,657,658,659,661,662,663,666,669,675,676,681,685,689,695,699,700,706,708,710,711,714,718,722,724,730,732,734,735,739,742,747,749,755,757,762,765
OX22,410,411,412,413,442,443,446,447,449,455,457,462,465,469,473,476,483,485,489,490,491,495,499,501,504,505,506,511,515,517,521,527,528,529,530,533,537,541,542,543,546,547,549,550,552,553,557,558,561,562,564,565,568,569,573,574,581,582,584,585,586,587,588,591,593,595,596,597,605,606,610,612,616,620,625,626,627,630,633,637,642,643,645,646,650,651,652,655,657,659,664,665,668,671,675,676,681,685,688,689,690,693,696,697,699,700,702,703,706,707,708,711,717,719,720,721,725,726,728,731,732,733,739,742,747,749,753,756,757,758,760,761,762,765,766,767
OX23,398,399,405,407,409,411,412,413,419,422,425,430,435,437,443,445,449,451,458,459,461,463,470,471,481,485,489,492,494,495,499,501,506,511,517,519,521,523,525,527,529,530,536,537,540,541,542,543,550,551,556,559,560,561,565,566,570,571,574,575,577,581,582,583,584,585,586,589,593,597,601,602,603,604,611,615,617,621,626,631,635,636,637,639,646,647,653,655,656,659,661,663,666,667,669,670,675,676,681,684,685,687,689,690,691,693,697,698,699,700,701,702,707,709,710,711,713,716,717,719,722,727,730,733,740,742,745,747,749,750,753,755,757,758,760,761,764,767
OX24,412,413,414,415,444,445,446,447,453,455,457,458,462,463,465,466,468,469,476,478,485,487,489,490,494,495,501,503,505,506,510,511,515,517,521,527,529,535,537,541,542,543,547,549,552,553,554,556,557,558,561,564,568,569,570,573,579,580,581,582,584,585,586,588,589,591,595,596,597,598,602,605,606,607,610,614,616,620,621,623,625,626,627,628,632,633,634,637,643,645,648,650,651,652,653,655,657,660,662,663,664,665,666,668,675,676,681,685,689,695,699,700,707,708,712,713,714,719,720,721,722,725,731,732,739,742,747,749,755,757,762,765
OX25,406,407,414,415,419,422,425,431,435,438,441,445,454,455,460,461,466,467,470,471,474,475,476,477,483,487,490,492,493,494,498,503,505,508,509,511,515,519,523,527,529,535,539,542,547,549,550,551,553,557,558,559,563,564,566,567,571,572,573,575,580,583,589,590,596,597,604,605,608,609,614,615,616,619,620,623,629,631,633,635,643,645,646,647,651,652,654,655,659,661,667,668,669,671,689,691,694,695,697,699,702,703,708,711,713,715,718,719,724,725,726,727,729,731,732,734,739,740,745,749,754,757,761,767
OX26,460,461,462,463,468,469,470,471,492,493,494,495,508,509,510,511,517,519,525,527,529,531,537,539,549,551,552,553,554,555,557,559,561,563,564,565,566,567,568,570,572,573,574,575,581,583,588,590,597,599,604,606,608,609,610,611,613,615,616,617,618,619,620,622,628,630,632,633,634,635,637,639,645,647,648,649,650,651,652,654,657,659,660,661,662,663,664,666,668,669,670,671,676,678,685,687,689,691,697,699,708,710,712,713,714,715,717,719,720,722,724,725,726,727,729,731,732,733,734,735,740,742,749,751,757,759,765,767
OX27,426,427,430,431,442,443,444,445,449,451,453,454,457,459,461,462,465,467,469,470,473,475,477,478,486,487,490,491,502,503,504,505,515,517,521,527,528,529,530,533,536,537,538,540,541,543,547,549,553,557,560,561,562,564,565,567,568,569,570,573,579,580,584,586,587,591,593,598,600,601,603,604,605,606,611,612,616,618,619,620,625,630,632,633,635,636,637,638,643,645,651,652,656,657,658,660,661,662,664,665,666,668,675,676,680,684,688,689,690,693,697,698,699,700,701,702,707,708,712,716,720,721,722,725,729,730,731,732,733,734,739,742,747,749,753,756,757,758,761,762,763,764,765,766
OX28,405,407,409,411,419,422,425,431,435,437,443,444,449,453,458,463,467,471,475,478,481,483,490,491,492,495,504,505,510,511,515,519,523,527,530,535,537,538,539,542,546,550,554,556,561,567,568,569,570,574,577,583,587,588,593,598,602,607,611,612,613,614,619,621,627,630,634,637,642,646,648,653,659,662,664,665,666,669,690,691,693,695,696,699,706,707,709,711,713,714,720,721,722,723,739,740,745,749,753,758,760,766
OX29,281,283,285,287,313,315,317,319,345,347,349,351,358,359,361,363,365,366,374,375,382,383,409,411,413,415,441,443,444,446,449,451,453,455,458,459,462,463,466,467,468,469,476,477,478,479,481,483,484,487,492,493,498,499,506,507,526,527,528,529,530,531,536,537,538,539,542,543,549,550,553,555,560,561,562,563,564,566,568,570,574,575,577,579,581,583,584,586,589,590,593,595,596,598,601,602,604,606,613,614,616,618,626,627,628,630,633,635,636,637,638,639,645,646,649,651,656,658,660,661,662,663,664,665,666,667,669,670,681,683,684,687,688,689,690,691,696,698,700,703,708,711,716,718,720,722,726,727,728,730,732,733,734,735,748,749,753,755,756,758,761,762,764,766
OX30,310,311,318,319,345,347,349,351,357,358,361,363,366,367,373,375,381,383,391,395,407,411,414,415,419,422,423,430,435,444,453,459,462,463,468,469,471,473,477,478,483,486,487,494,497,499,503,507,510,511,515,521,528,530,535,537,539,540,546,549,551,552,556,558,561,562,564,565,567,568,569,575,580,584,586,588,598,601,603,605,606,607,611,616,617,619,621,623,626,628,631,632,637,638,642,645,650,651,653,655,657,658,659,660,661,663,664,665,670,671,681,685,688,690,691,695,697,699,700,702,706,707,708,710,712,718,720,721,723,727,728,731,732,733,739,741,756,758,760,761,762,765
OX31,517,519,521,523,529,531,540,542,549,551,553,555,564,566,569,571,581,583,584,586,597,599,601,603,613,615,616,618,629,631,633,635,645,647,649,651,661,663,665,667,676,678,681,683,689,691,700,702,708,710,713,715,721,723,732,734,740,742,745,747,757,759,760,762
OX32,214,215,222,223,246,247,254,255,313,315,317,319,341,343,349,351,355,357,358,359,361,365,366,367,371,373,374,375,379,381,395,399,403,407,414,415,419,423,425,427,429,431,438,439,441,445,446,447,453,454,457,461,466,467,473,477,483,485,489,491,493,495,497,498,502,503,504,510,515,519,521,527,528,531,534,535,538,539,540,541,549,550,553,555,558,559,562,564,568,573,579,580,581,583,585,586,587,588,589,591,597,599,610,611,612,615,616,619,622,623,625,629,630,631,633,638,645,646,649,655,658,661,664,667,668,670,678,679,681,685,688,691,694,695,696,697,699,702,708,710,713,717,720,723,725,727,728,732,739,740,749,750,754,756,760,761,762,763,766,767
OX33,454,455,458,459,466,467,476,477,486,487,490,491,502,503,504,505,515,519,521,525,531,535,539,540,547,549,550,551,552,553,554,558,563,564,565,566,568,570,571,574,579,580,581,583,584,586,587,589,595,596,597,599,601,602,603,607,611,612,614,615,616,617,618,623,626,629,630,631,632,633,634,639,643,645,646,647,648,650,651,655,659,660,661,663,664,666,667,671,675,678,681,687,691,695,697,700,707,708,710,711,712,713,714,718,720,722,723,726,729,732,733,734,739,740,747,751,755,759,762,767
OX34,313,315,317,319,341,343,345,347,357,359,365,367,391,399,403,411,419,427,429,431,438,444,446,447,451,453,455,457,467,474,476,477,478,479,484,485,486,490,491,493,494,495,501,502,503,504,505,510,515,526,529,531,535,536,538,539,540,543,546,547,551,554,557,558,560,563,565,568,569,571,573,575,579,580,581,582,583,586,587,588,589,590,595,596,598,601,603,604,611,612,613,617,618,620,622,623,625,626,627,634,635,636,642,643,648,652,654,655,656,660,664,665,668,670,683,684,689,691,694,695,696,697,698,701,702,703,706,707,714,716,717,719,720,721,725,727,729,730,731,733,739,741,748,750,755,757,761,762,764,766
OX35,458,459,462,463,466,467,468,469,490,491,494,495,504,505,510,511,549,551,553,555,564,566,569,571,586,587,588,589,602,603,606,607,610,611,612,615,616,618,626,627,628,631,633,635,645,647,649,651,661,663,665,667,708,710,713,715,721,723,732,734
OX36,246,247,254,255,307,311,315,318,339,343,347,351,361,366,369,373,381,383,391,395,397,399,403,409,411,413,422,423,425,430,435,439,446,447,451,455,457,461,462,463,465,467,468,469,476,479,484,485,487,491,493,494,497,499,503,504,510,511,519,521,527,531,539,540,542,543,549,551,558,561,563,564,569,575,580,586,587,588,591,596,606,607,609,610,611,612,616,619,620,622,623,625,627,628,631,635,645,651,652,654,655,660,661,662,663,665,667,671,675,681,685,695,697,701,702,703,707,708,710,711,719,721,723,726,727,729,731,732,740,741,748,749,750,760,761,765
OX37,549,551,553,555,564,566,569,571,613,615,616,618,629,631,633,635,645,647,649,651,661,663,665,667,708,710,713,715,721,723,732,734
OX38,490,491,494,495,504,505,510,511,526,527,536,537,538,539,542,543,546,547,554,555,556,557,560,561,566,567,568,569,586,587,588,589,590,591,604,605,612,613,618,619,620,621,626,627,634,635,636,637,642,643,648,649,652,653,656,657,662,663,664,665,684,685,696,697,698,699,702,703,706,707,714,715,716,717,720,721,730,731,734,735,748,749,760,761,764,765,766,767
OX39,358,359,366,367,369,371,373,374,377,379,381,382,419,423,427,429,430,431,435,438,443,444,445,446,449,455,459,461,462,463,467,468,469,470,473,474,475,476,478,479,484,485,486,487,497,498,501,502,505,506,509,510,515,519,521,525,528,533,536,542,546,547,552,553,560,561,562,563,568,569,570,571,579,582,584,588,593,596,598,599,603,604,606,607,626,627,628,629,630,631,632,633,636,637,638,639,642,643,650,651,656,657,658,659,664,665,666,667,678,679,684,685,688,691,693,694,697,698,700,703,706,710,712,716,717,718,720,721,722,727,728,730,731,733,734,735,739,740,747,751,753,756,760,764
OX40,341,343,345,347,361,363,365,366,369,371,373,375,377,379,380,383,391,397,403,409,414,415,422,423,425,430,435,439,444,445,451,459,465,466,470,477,478,479,485,486,489,495,496,499,506,510,519,521,523,525,526,527,529,530,535,537,538,541,546,552,553,555,556,559,563,565,566,569,573,575,581,583,585,588,590,591,595,598,601,603,605,607,609,611,613,614,617,620,621,622,626,630,632,633,637,639,642,647,649,650,651,652,653,654,657,659,660,662,665,667,668,670,679,681,685,687,689,690,691,696,699,701,702,703,706,707,711,712,713,715,717,719,721,725,726,729,731,733,740,741,745,747,749,751,755,757,758,759,760,761,763,766
OX41,339,343,347,351,357,359,363,365,373,375,379,380,382,383,391,399,407,413,419,427,429,431,435,438,439,443,444,447,449,451,453,457,459,461,462,463,465,467,468,469,471,473,474,478,483,484,486,493,496,498,499,502,503,505,507,510,515,528,529,530,531,533,540,542,546,552,553,556,557,558,559,562,563,565,567,568,569,573,580,581,583,584,588,593,595,598,603,606,615,617,618,619,620,621,623,625,626,628,629,631,632,633,635,638,642,647,650,651,652,653,655,658,659,662,664,665,668,671,681,685,687,688,689,690,693,694,695,697,700,701,706,707,710,711,712,717,718,720,721,723,725,728,739,741,750,753,755,756,757,758,759,760
OX42,369,371,373,375,377,379,380,382,419,422,427,429,435,439,443,446,449,455,459,461,462,463,466,468,469,471,473,476,484,485,486,487,496,498,501,503,505,507,509,511,515,519,523,527,529,530,531,533,538,540,546,547,550,551,553,554,557,558,561,563,565,566,568,569,570,571,574,575,579,580,581,582,586,591,593,596,601,606,610,611,614,615,617,618,620,623,626,627,628,629,630,631,633,634,637,639,642,643,646,647,648,651,652,655,657,659,660,663,664,665,666,667,670,671,681,683,685,687,689,690,693,695,696,697,706,710,714,717,720,721,722,727,731,734,739,740,745,749,753,757,758,759,762,766
OX43,361,363,365,367,377,379,380,382,419,422,427,429,435,439,443,446,449,455,459,461,462,463,466,468,469,471,473,476,484,485,486,487,489,491,493,495,496,498,501,503,504,505,506,507,521,523,525,527,529,530,533,535,538,539,540,541,542,543,546,547,550,551,552,553,558,559,566,567,574,575,580,581,582,583,585,587,589,591,593,595,596,599,606,607,610,611,612,613,618,619,622,623,626,627,628,629,630,631,632,633,642,643,646,647,650,651,654,655,662,663,670,671,675,678,683,685,689,690,691,693,696,701,702,703,706,710,712,719,723,727,729,733,734,735,745,747,749,751,753,755,757,758,760,761,762,763,766,767
OX44,355,357,359,363,365,367,371,373,375,379,380,382,391,399,407,413,425,427,429,431,438,439,441,443,444,447,449,453,457,461,462,463,465,468,469,471,473,474,475,478,484,486,493,495,496,498,502,503,505,507,510,511,528,529,530,531,533,535,540,542,546,547,552,553,556,557,558,559,562,563,565,567,568,569,573,575,579,580,581,583,584,588,593,598,603,606,611,615,617,618,619,620,621,623,625,626,627,628,629,631,632,633,635,638,642,643,647,650,651,652,653,655,658,659,662,664,665,668,670,671,681,683,685,687,688,689,690,691,693,694,697,699,700,701,706,707,710,711,712,715,717,718,720,721,725,727,728,731,741,750,753,756,757,758,759,760
OX45,357,359,365,367,373,375,380,382,422,423,425,427,429,430,438,439,441,443,445,446,449,451,453,455,466,467,470,471,473,474,476,479,485,486,493,494,496,498,502,503,505,507,510,511,529,531,533,535,536,538,540,542,546,547,552,555,556,558,560,563,565,567,570,571,580,581,588,589,593,595,596,599,601,603,604,607,617,619,621,623,626,627,630,631,632,635,636,639,642,643,649,650,653,655,656,659,660,662,666,667,678,679,681,683,684,687,689,691,693,694,696,697,698,699,702,703,706,707,710,711,712,713,716,717,722,723,726,727,730,731,734,735,753,755,757,759,760,762,764,766
OX46,359,365,373,380,391,399,407,413,419,423,427,429,430,431,435,439,443,444,445,447,449,451,457,459,465,467,470,471,473,475,478,479,483,487,489,493,494,495,496,501,505,506,507,511,515,519,523,526,531,533,537,541,547,551,555,556,561,565,571,573,582,583,585,586,589,590,593,595,598,599,605,607,614,615,617,618,621,622,625,627,630,631,637,639,643,649,653,654,657,667,668,671,678,679,681,683,685,687,693,695,697,699,702,703,710,711,713,715,717,719,725,727,729,731,734,735,739,740,741,745,748,750,753,755,759,762,763,765
OX47,222,223,254,255,345,347,349,351,363,365,366,367,371,373,374,375,380,381,382,383,391,395,407,411,414,415,419,422,423,425,427,429,435,441,443,444,445,446,449,451,455,459,462,463,468,469,471,475,476,477,478,479,483,485,487,493,496,497,498,499,503,505,506,507,510,511,519,523,525,526,530,533,535,536,540,543,551,552,553,554,557,558,560,563,565,568,569,575,579,580,583,586,588,590,593,596,598,601,603,604,606,607,610,617,620,623,628,629,631,632,633,634,636,639,648,650,652,655,656,660,662,663,664,665,675,679,681,684,690,691,693,695,697,698,699,703,707,710,712,714,715,716,720,721,723,726,730,731,740,741,745,747,748,751,753,758,760,762,764,767
OX48,283,285,307,311,317,318,347,349,363,367,371,375,377,383,391,397,407,411,414,415,419,422,427,429,430,431,435,438,445,446,451,453,455,459,462,463,466,467,468,469,471,473,474,475,476,479,481,483,484,487,489,491,492,493,494,495,499,501,502,503,504,506,509,511,521,525,530,533,538,539,540,541,542,543,546,547,550,552,557,558,563,566,567,569,571,573,574,575,577,579,580,582,583,585,587,591,595,596,599,603,605,606,609,610,611,612,619,623,626,627,628,629,630,631,632,635,637,639,642,643,646,647,650,655,665,668,669,670,678,679,685,687,690,691,693,694,696,697,701,702,706,710,711,712,721,723,725,734,741,747,748,751,755,758,759,762,763,766
OX49,345,347,349,351,377,379,380,382,391,395,407,411,414,415,422,425,430,431,438,441,451,461,466,470,471,473,474,477,483,484,487,489,491,495,496,498,501,502,503,504,506,507,510,511,519,527,528,530,531,536,537,538,540,541,542,543,547,550,551,555,556,557,558,559,560,561,562,563,565,566,567,568,570,574,579,580,582,584,585,587,588,591,595,603,604,605,610,612,615,617,618,619,620,621,622,623,627,635,636,637,638,639,643,646,649,651,652,653,654,655,656,657,658,660,664,666,683,684,688,690,691,694,696,698,700,701,702,703,707,711,716,717,718,719,720,722,728,729,730,733,740,741,747,749,755,756,758,759,762,763,764,765,766,767
OX50,462,463,468,469,494,495,510,511,523,525,539,542,547,550,552,554,565,567,568,569,570,574,586,588,603,606,610,614,617,619,627,628,629,630,632,634,643,646,648,650,660,662,664,665,666,671,683,687,697,702,707,711,712,714,720,721,722,726,733,735,745,751,760,767
OX51,366,367,373,375,380,383,391,399,403,411,414,415,419,423,429,430,443,444,446,447,449,451,455,457,459,461,465,470,471,473,476,478,484,487,491,494,496,499,501,503,504,505,507,511,519,523,525,526,533,537,540,543,551,552,554,555,556,557,558,559,561,568,570,573,580,582,586,587,589,590,593,596,598,599,601,605,611,612,618,620,621,623,625,627,630,631,632,634,637,639,648,649,650,652,653,655,657,659,662,663,664,666,667,668,675,678,679,683,693,697,699,701,702,703,710,712,713,714,715,717,720,722,723,725,727,731,733,734,740,741,745,748,750,751,753,759,760,762,765,767
OX52,307,311,315,318,371,373,374,375,379,381,403,407,411,413,414,415,419,425,429,430,439,441,443,444,449,451,459,461,473,478,483,485,487,489,491,494,497,501,503,504,505,511,515,521,525,526,528,533,535,536,537,539,540,541,542,543,546,552,553,557,558,559,560,561,562,563,567,568,570,571,574,575,580,582,584,585,587,590,593,598,601,603,604,605,610,612,614,615,619,620,622,623,626,627,632,633,636,637,638,639,642,650,651,652,654,655,656,657,658,660,663,664,666,670,675,679,681,684,688,693,698,700,701,703,706,711,712,715,716,717,718,719,720,722,723,726,728,729,730,731,733,735,739,747,748,751,753,756,759,763,764,765
OX53,285,287,349,351,363,367,374,375,379,383,395,399,407,409,411,413,419,430,435,439,441,445,446,447,455,457,465,467,470,471,473,475,476,479,481,484,489,492,499,511,519,521,523,527,528,533,535,536,541,542,546,547,554,555,556,557,560,562,563,567,571,573,574,575,577,584,585,586,595,596,599,603,604,605,610,614,615,618,619,620,621,622,625,626,630,634,636,638,642,643,648,649,651,652,653,654,656,657,658,660,662,667,668,669,670,671,675,678,681,683,684,685,688,691,693,698,699,700,702,703,706,711,714,716,718,719,725,726,727,728,729,730,734,735,740,745,749,750,755,756,760,762,763,764,765,767
OX54,254,255,311,317,318,319,363,367,371,373,374,377,379,381,382,383,391,397,399,403,407,409,419,423,425,427,430,431,439,443,444,447,449,453,457,459,461,465,466,471,473,478,483,485,486,487,489,493,494,495,497,498,499,503,505,507,509,510,525,526,528,529,530,533,536,537,538,539,540,541,547,550,551,552,553,554,557,558,559,560,561,562,563,565,566,571,579,580,581,584,585,588,590,593,595,598,604,605,609,610,615,617,618,623,625,630,631,632,633,634,636,638,643,646,648,650,651,655,656,658,659,660,663,670,675,681,683,684,688,689,690,693,695,696,698,699,700,702,707,710,712,714,716,717,718,728,730,734,741,750,751,753,755,756,757,758,759,762,763,764,766,767
OX55,380,381,382,383,391,397,407,409,411,413,422,425,427,431,438,444,445,446,451,453,455,459,466,467,471,474,475,476,478,479,483,486,487,489,493,495,496,497,498,499,501,502,503,506,507,509,510,511,519,523,526,527,529,536,538,540,541,542,546,547,551,552,557,558,560,563,567,570,573,575,579,580,581,582,583,585,586,588,590,591,595,596,598,601,603,604,609,614,615,618,619,623,626,632,635,636,637,639,642,643,650,655,656,657,660,662,666,668,670,671,681,684,689,694,696,698,701,703,706,707,712,716,722,725,726,727,730,731,740,741,745,749,755,757,760,763,764,765,766,767
OX56,391,395,403,413,414,415,423,427,435,444,445,446,455,459,467,476,478,479,484,485,487,491,503,504,521,523,525,526,530,531,536,539,540,543,552,553,554,555,557,558,560,563,565,566,568,571,580,583,586,587,589,590,596,598,604,607,612,615,617,618,620,623,632,633,634,635,636,639,647,648,649,650,652,655,656,659,662,664,679,683,684,687,690,697,698,702,707,712,713,714,715,716,720,723,727,730,733,734,741,745,748,751,758,760,764,767
OX57,365,367,373,375,403,407,411,413,414,415,425,429,435,439,441,443,444,445,449,451,453,461,467,473,478,479,483,484,487,489,491,493,494,495,503,504,505,506,519,521,528,530,533,537,540,541,542,543,546,547,550,552,556,557,558,559,561,562,563,565,567,568,571,574,579,580,584,585,587,589,593,595,598,599,601,603,605,607,610,611,612,615,617,619,620,621,622,623,626,630,632,637,638,639,642,643,646,650,652,653,654,655,657,658,663,664,678,681,683,687,688,690,691,693,695,697,700,701,706,712,713,715,718,719,720,723,726,728,729,735,740,747,753,755,756,758,759,763,765,767
OX58,425,427,429,431,441,443,444,446,449,451,453,455,473,475,476,478,515,519,521,525,528,530,531,533,537,542,546,550,554,556,561,562,563,567,570,574,579,583,584,589,593,596,598,599,603,605,610,614,619,621,626,630,634,637,638,639,642,646,648,653,657,658,659,662,666,671,675,678,683,685,688,690,691,693,697,700,706,711,713,714,715,718,722,726,728,733,739,740,747,751,753,756,758,759,760,765
OX59,317,319,363,367,373,374,377,381,403,413,414,415,419,422,423,427,430,431,438,439,443,446,449,453,455,459,466,470,473,474,476,479,484,487,491,494,497,502,503,504,505,506,510,511,519,521,523,527,531,533,535,536,537,538,540,543,546,547,550,554,556,558,560,561,563,568,571,575,580,586,587,588,589,591,593,595,596,604,605,607,612,614,621,623,626,631,634,636,637,639,642,643,646,648,653,655,656,657,659,660,662,663,664,670,675,679,683,684,685,687,691,693,694,696,697,698,699,703,706,707,710,713,714,716,720,726,730,731,733,734,740,745,747,749,753,755,760,764,765,766
OX60,349,351,373,374,377,379,381,382,399,403,407,413,419,427,429,430,431,439,443,444,445,447,449,451,453,457,459,465,467,470,471,478,483,485,486,487,489,494,495,497,498,501,503,505,507,511,519,521,523,525,528,529,531,533,535,536,537,539,540,541,546,547,551,553,554,555,557,558,560,561,562,565,566,573,574,575,579,580,581,582,583,584,585,586,593,598,599,601,604,605,610,614,617,620,622,623,625,626,630,631,633,634,636,637,638,639,642,643,647,648,649,651,652,654,655,656,657,658,663,667,668,670,675,678,683,684,685,688,689,691,693,698,699,700,702,703,706,707,710,711,714,715,716,718,719,723,725,726,727,728,729,730,731,735,740,745,747,750,751,753,756,757,763,764,765,767
OX61,397,399,409,411,429,431,441,443,444,445,446,447,449,451,453,455,457,459,465,467,473,475,476,478,493,495,509,511,515,519,521,525,528,530,531,533,537,542,546,550,554,556,561,562,563,567,570,574,579,583,584,589,593,596,598,599,603,605,609,610,611,614,619,620,621,622,625,626,627,630,634,638,642,646,648,652,653,654,658,662,666,671,675,678,681,685,688,690,691,693,697,700,701,703,706,711,713,714,715,717,718,719,722,726,728,729,731,733,739,740,747,748,750,751,753,756,758,759,760,767
OX62,311,315,363,367,371,373,374,379,382,383,422,423,427,429,438,439,443,446,449,451,455,461,466,471,473,474,476,479,484,485,486,487,489,494,498,499,501,502,503,505,507,510,519,521,525,527,529,530,531,533,535,538,539,540,541,542,546,550,551,552,553,555,558,559,566,567,571,575,580,581,582,585,588,591,593,595,596,603,611,619,622,623,626,630,632,633,642,646,647,649,650,651,654,655,662,663,667,670,683,685,689,690,691,693,694,696,701,702,706,712,715,719,723,726,727,729,731,733,734,735,740,747,749,751,753,755,757,758,759,760,762,763,766,767
OX63,373,374,377,379,382,383,395,399,411,413,422,427,429,431,439,443,444,447,449,453,457,461,465,466,473,475,478,479,484,486,487,494,498,499,503,505,506,510,515,519,526,527,528,529,530,531,533,535,536,537,538,540,552,554,558,559,560,561,562,563,565,566,573,574,579,580,581,584,588,589,590,591,593,595,598,604,605,607,610,617,618,623,625,632,634,636,637,638,648,650,651,655,656,657,658,663,668,671,675,681,684,687,688,689,690,691,693,696,697,698,699,700,701,702,711,712,713,714,716,718,725,728,730,731,734,735,739,740,747,748,749,750,753,755,756,757,758,759,764,765,766,767
OX64,245,247,249,251,377,379,381,383,395,399,411,415,419,423,427,431,435,438,443,447,453,457,465,469,471,474,475,479,484,485,487,489,491,495,497,499,501,502,503,504,505,506,507,511,523,527,528,530,531,535,540,541,542,543,546,550,552,555,557,558,562,567,568,571,573,574,580,582,583,584,585,586,587,591,595,603,610,611,612,613,615,618,619,620,622,623,625,626,627,630,631,632,633,635,638,639,642,646,649,650,651,652,654,655,658,659,661,663,664,665,668,671,675,679,681,683,688,690,694,695,697,700,702,703,706,707,710,711,712,713,715,717,718,719,720,725,726,727,728,729,745,747,749,750,755,756,758,759,761,762,763,767
OX65,318,319,371,375,379,383,395,399,411,413,419,427,429,431,435,443,444,447,449,451,453,457,459,461,465,470,471,473,478,479,484,495,499,507,521,523,525,527,530,531,533,536,551,555,557,559,560,563,570,571,573,575,583,586,589,591,593,598,601,604,611,615,618,620,625,630,631,636,647,649,651,652,656,660,666,667,668,670,675,683,684,685,690,693,697,698,701,702,707,710,713,715,716,717,722,725,727,730,733,734,745,749,750,751,753,758,759,762,764,767
OX66,215,223,247,255,381,382,399,407,411,415,419,422,423,429,430,431,435,438,443,445,446,447,449,451,453,455,457,459,461,465,466,470,473,474,475,476,486,491,497,498,502,504,510,511,515,519,521,523,525,526,528,529,533,538,547,550,559,562,566,568,571,573,574,575,579,581,583,584,586,587,588,589,590,593,595,596,610,612,614,618,625,627,631,635,638,639,643,646,658,659,662,664,667,668,679,681,683,685,688,689,691,693,694,695,696,697,700,701,710,711,713,717,718,720,725,728,733,735,739,740,745,747,748,750,751,753,755,756,757,760,766,767
OX67,395,399,403,407,414,415,419,422,429,431,443,445,446,447,449,455,457,459,465,466,467,471,473,475,476,479,483,484,485,487,489,491,501,503,504,506,507,510,515,521,523,527,530,533,535,538,539,540,541,543,546,547,551,553,554,555,557,558,563,565,566,568,570,573,580,582,583,585,586,587,588,591,593,596,599,607,611,612,614,617,618,620,622,623,625,626,631,633,634,635,642,643,647,648,649,652,654,655,659,660,662,664,666,667,668,671,678,681,683,687,690,693,695,696,706,707,710,714,715,719,720,722,723,725,726,729,734,735,739,745,749,750,753,758,759,760,762,763,766,767
Z0,0,16,32,48,384,400,416,432
Z1,1,17,33,49,385,401,417,433
Z2,2,18,34,50,386,402,418,434
Z3,3,19,35,51,387,403,419,435
Z4,4,21,37,52,388,405,420,437
Z5,5,20,36,53,389,404,421,436
Z6,6,23,39,54,390,407,422,439
Z7,7,22,38,55,391,406,423,438
Z8,8,24,42,56,392,408,424,440
Z9,9,25,43,57,393,409,425,441
Z10,10,26,40,58,394,410,426,442
Z11,11,27,41,59,395,411,427,443
Z12,12,29,45,62,397,414,430,445
Z13,13,28,44,63,396,415,431,444
Z14,14,31,47,60,399,412,428,447
Z15,15,30,46,61,398,413,429,446
Z16,0,128,256,384,512,736
Z17,1,129,257,385,513,737
Z18,2,130,258,386,514,738
Z19,3,131,259,387,515,739
Z20,5,132,260,389,516,743
Z21,4,133,261,388,517,742
Z22,7,134,262,391,518,741
Z23,6,135,263,390,519,740
Z24,8,136,264,392,522,744
Z25,9,137,265,393,523,745
Z26,10,138,266,394,520,746
Z27,11,139,267,395,521,747
Z28,13,143,269,396,527,749
Z29,12,142,268,397,526,748
Z30,15,141,271,398,525,751
Z31,14,140,270,399,524,750
Z32,16,148,280,400,528,756
Z33,17,149,281,401,529,757
Z34,18,150,282,402,530,758
Z35,19,151,283,403,531,759
Z36,20,144,284,404,532,752
Z37,21,145,285,405,533,753
Z38,22,146,286,406,534,754
Z39,23,147,287,407,535,755
Z40,26,158,274,410,538,766
Z41,27,159,275,411,539,767
Z42,24,156,272,408,536,764
Z43,25,157,273,409,537,765
Z44,28,155,278,415,542,760
Z45,29,154,279,414,543,761
Z46,30,153,276,413,540,762
Z47,31,152,277,412,541,763
Z48,32,160,288,432,544,704
Z49,33,161,289,433,545,705
Z50,34,162,290,434,546,706
Z51,35,163,291,435,547,707
Z52,37,164,293,437,548,709
Z53,36,165,292,436,549,708
Z54,39,166,295,439,550,711
Z55,38,167,294,438,551,710
Z56,42,170,298,440,554,714
Z57,43,171,299,441,555,715
Z58,40,168,296,442,552,712
Z59,41,169,297,443,553,713
Z60,47,175,303,447,559,719
Z61,46,174,302,446,558,718
Z62,45,173,301,445,557,717
Z63,44,172,300,444,556,716
Z64,64,87,100,124,448,479,484,496
Z65,65,86,101,125,449,478,485,497
Z66,66,85,102,126,450,477,486,498
Z67,67,84,103,127,451,476,487,499
Z68,68,80,96,120,452,472,480,500
Z69,69,81,97,121,453,473,481,501
Z70,70,82,98,122,454,474,482,502
Z71,71,83,99,123,455,475,483,503
Z72,72,95,108,119,456,471,492,507
Z73,73,94,109,118,457,470,493,506
Z74,74,93,110,117,458,469,494,505
Z75,75,92,111,116,459,468,495,504
Z76,76,88,104,112,460,464,488,508
Z77,77,89,105,113,461,465,489,509
Z78,78,90,106,114,462,466,490,510
Z79,79,91,107,115,463,467,491,511
Z80,68,151,379,500,599,759
Z81,69,150,378,501,598,758
Z82,70,149,377,502,597,757
Z83,71,148,376,503,596,756
Z84,67,147,383,499,595,755
Z85,66,146,382,498,594,754
Z86,65,145,381,497,593,753
Z87,64,144,380,496,592,752
Z88,76,156,368,508,604,764
Z89,77,157,369,509,605,765
Z90,78,158,370,510,606,766
Z91,79,159,371,511,607,767
Z92,75,155,372,504,603,760
Z93,74,154,373,505,602,761
Z94,73,153,374,506,601,762
Z95,72,152,375,507,600,763
Z96,80,128,352,480,576,736
Z97,81,129,353,481,577,737
Z98,82,130,354,482,578,738
Z99,83,131,355,483,579,739
Z100,87,135,356,484,583,740
Z101,86,134,357,485,582,741
Z102,85,133,358,486,581,742
Z103,84,132,359,487,580,743
Z104,88,139,363,488,584,747
Z105,89,138,362,489,585,746
Z106,90,137,361,490,586,745
Z107,91,136,360,491,587,744
Z108,95,143,364,492,591,749
Z109,94,142,365,493,590,748
Z110,93,141,366,494,589,751
Z111,92,140,367,495,588,750
Z112,104,167,332,460,631,710
Z113,105,166,333,461,630,711
Z114,106,165,334,462,629,708
Z115,107,164,335,463,628,709
Z116,111,163,331,459,627,707
Z117,110,162,330,458,626,706
Z118,109,161,329,457,625,705
Z119,108,160,328,456,624,704
Z120,96,172,324,452,636,716
Z121,97,173,325,453,637,717
Z122,98,174,326,454,638,718
Z123,99,175,327,455,639,719
Z124,100,168,320,448,632,712
Z125,101,169,321,449,633,713
Z126,102,170,322,450,634,714
Z127,103,171,323,451,635,715
Z128,128,144,192,212,512,532,576,592
Z129,129,145,193,213,513,533,577,593
Z130,130,146,194,214,514,534,578,594
Z131,131,147,195,215,515,535,579,595
Z132,132,148,196,208,516,528,580,596
Z133,133,149,197,209,517,529,581,597
Z134,134,150,198,210,518,530,582,598
Z135,135,151,199,211,519,531,583,599
Z136,136,154,202,223,522,543,587,602
Z137,137,155,203,222,523,542,586,603
Z138,138,152,200,221,520,541,585,600
Z139,139,153,201,220,521,540,584,601
Z140,140,158,206,216,524,538,588,606
Z141,141,159,207,217,525,539,589,607
Z142,142,156,204,218,526,536,590,604
Z143,143,157,205,219,527,537,591,605
Z144,0,192,304,416,512,672
Z145,1,193,305,417,513,673
Z146,2,194,306,418,514,674
Z147,3,195,307,419,515,675
Z148,5,196,309,421,516,677
Z149,4,197,308,420,517,676
Z150,7,198,311,423,518,679
Z151,6,199,310,422,519,678
Z152,10,200,312,426,520,680
Z153,11,201,313,427,521,681
Z154,8,202,314,424,522,682
Z155,9,203,315,425,523,683
Z156,12,204,318,430,526,684
Z157,13,205,319,431,527,685
Z158,14,206,316,428,524,686
Z159,15,207,317,429,525,687
Z160,160,176,224,252,544,572,608,624
Z161,161,177,225,253,545,573,609,625
Z162,162,178,226,254,546,574,610,626
Z163,163,179,227,255,547,575,611,627
Z164,164,180,228,248,548,568,612,628
Z165,165,181,229,249,549,569,613,629
Z166,166,182,230,250,550,570,614,630
Z167,167,183,231,251,551,571,615,631
Z168,168,185,233,244,552,565,617,632
Z169,169,184,232,245,553,564,616,633
Z170,170,187,235,246,554,567,619,634
Z171,171,186,234,247,555,566,618,635
Z172,172,188,237,240,556,560,621,636
Z173,173,189,236,241,557,561,620,637
Z174,174,190,239,242,558,562,623,638
Z175,175,191,238,243,559,563,622,639
Z176,32,224,256,384,544,640
Z177,33,225,257,385,545,641
Z178,34,226,258,386,546,642
Z179,35,227,259,387,547,643
Z180,37,228,261,388,548,644
Z181,36,229,260,389,549,645
Z182,39,230,263,390,550,646
Z183,38,231,262,391,551,647
Z184,41,232,267,395,553,651
Z185,40,233,266,394,552,650
Z186,43,234,265,393,555,649
Z187,42,235,264,392,554,648
Z188,44,237,269,396,556,653
Z189,45,236,268,397,557,652
Z190,46,239,271,398,558,655
Z191,47,238,270,399,559,654
Z192,48,180,304,416,568,720
Z193,49,181,305,417,569,721
Z194,50,182,306,418,570,722
Z195,51,183,307,419,571,723
Z196,53,177,309,421,573,725
Z197,52,176,308,420,572,724
Z198,55,179,311,423,575,727
Z199,54,178,310,422,574,726
Z200,58,190,312,426,562,728
Z201,59,191,313,427,563,729
Z202,56,188,314,424,560,730
Z203,57,189,315,425,561,731
Z204,62,186,318,430,566,734
Z205,63,187,319,431,567,735
Z206,60,184,316,428,564,732
Z207,61,185,317,429,565,733
Z208,64,192,320,448,592,672
Z209,65,193,321,449,593,673
Z210,66,194,322,450,594,674
Z211,67,195,323,451,595,675
Z212,120,184,348,472,616,732
Z213,121,185,349,473,617,733
Z214,72,200,328,456,600,680
Z215,73,201,329,457,601,681
Z216,74,202,330,458,602,682
Z217,75,203,331,459,603,683
Z218,112,176,340,464,608,724
Z219,113,177,341,465,609,725
Z220,71,196,327,455,596,677
Z221,70,197,326,454,597,676
Z222,69,198,325,453,598,679
Z223,68,199,324,452,599,678
Z224,107,248,360,491,628,664
Z225,106,249,361,490,629,665
Z226,105,250,362,489,630,666
Z227,104,251,363,488,631,667
Z228,79,207,335,463,607,687
Z229,78,206,334,462,606,686
Z230,77,205,333,461,605,685
Z231,76,204,332,460,604,684
Z232,97,241,353,481,637,657
Z233,96,240,352,480,636,656
Z234,99,243,355,483,639,659
Z235,98,242,354,482,638,658
Z236,102,246,358,486,634,662
Z237,114,178,342,466,610,726
Z238,100,244,356,484,632,660
Z239,124,189,347,479,620,731
Z240,108,252,364,492,624,669
Z241,110,254,366,494,626,671
Z242,116,180,336,468,612,720
Z243,256,272,352,368,640,656,736,764
Z244,257,273,353,369,641,657,737,765
Z245,258,274,354,370,642,658,738,766
Z246,259,275,355,371,643,659,739,767
Z247,260,279,359,373,645,663,743,761
Z248,261,278,358,372,644,662,742,760
Z249,262,277,357,375,647,661,741,763
Z250,263,276,356,374,646,660,740,762
Z251,264,280,360,376,648,664,744,756
Z252,265,281,361,377,649,665,745,757
Z253,266,282,362,378,650,666,746,758
Z254,267,283,363,379,651,667,747,759
Z255,268,284,365,380,652,668,748,752
Z256,269,285,364,381,653,669,749,753
Z257,270,286,367,382,654,670,750,754
Z258,271,287,366,383,655,671,751,755
Z259,20,212,292,436,532,692
Z260,21,213,293,437,533,693
Z261,22,214,294,438,534,694
Z262,23,215,295,439,535,695
Z263,19,211,291,435,531,691
Z264,18,210,290,434,530,690
Z265,17,209,289,433,529,689
Z266,16,208,288,432,528,688
Z267,48,248,280,400,568,664
Z268,50,250,282,402,570,666
Z269,52,252,285,405,572,669
Z270,54,254,287,407,574,671
Z271,288,312,328,344,680,688,704,728
Z272,289,313,329,345,681,689,705,729
Z273,290,314,330,346,682,690,706,730
Z274,291,315,331,347,683,691,707,731
Z275,292,316,334,348,686,692,708,732
Z276,293,317,335,349,687,693,709,733
Z277,294,318,332,350,684,694,710,734
Z278,295,319,333,351,685,695,711,735
Z279,296,304,320,336,672,696,712,720
Z280,297,305,321,337,673,697,713,721
Z281,298,306,322,338,674,698,714,722
Z282,299,307,323,339,675,699,715,723
Z283,300,310,324,342,678,702,716,726
Z284,301,311,325,343,679,703,717,727
Z285,302,308,326,340,676,700,718,724
Z286,303,309,327,341,677,701,719,725
Z287,24,218,298,440,536,698
Z288,25,219,299,441,537,699
Z289,49,249,281,401,569,665
Z290,28,222,300,444,542,702
Z291,29,223,301,445,543,703
Z292,56,240,272,408,560,656
Z293,60,245,277,412,564,661
Z294,26,216,296,442,538,696
Z295,27,217,297,443,539,697
Z296,51,251,283,403,571,667
Z297,80,212,348,472,576,692
Z298,30,220,302,446,540,700
Z299,31,221,303,447,541,701
Z300,81,213,349,473,577,693
Z301,84,208,344,476,580,688
Z302,58,242,274,410,562,658
Z303,86,210,346,478,582,690
Z304,85,209,345,477,581,689
Z305,88,220,340,464,584,700
Z306,62,247,279,414,566,663
Z307,82,214,350,474,578,694
Z308,89,221,341,465,585,701
Z309,92,216,336,468,588,696
Z310,83,215,351,475,579,695
Z311,101,245,357,485,633,661
Z312,87,211,347,479,583,691
Z313,112,224,368,508,608,640
Z314,114,226,370,510,610,642
Z315,116,228,372,504,612,644
Z316,115,179,343,467,611,727
Z317,120,232,379,500,616,651
Z318,57,241,273,409,561,657
Z319,117,181,337,469,613,721
Z320,59,243,275,411,563,659
Z321,118,230,374,506,614,646
Z322,93,217,337,469,589,697
Z323,113,225,369,509,609,641
Z324,118,182,338,470,614,722
Z325,109,253,365,493,625,668
Z326,94,218,338,470,590,698
Z327,95,219,339,471,591,699
Z328,103,247,359,487,635,663
Z329,90,222,342,466,586,702
Z330,91,223,343,467,587,703
Z331,122,186,350,474,618,734
Z332,121,233,378,501,617,650
Z333,124,236,380,496,620,652
Z334,122,234,377,502,618,649
Z335,115,227,371,511,611,643
Z336,123,187,351,475,619,735
Z337,111,255,367,495,627,670
Z338,125,188,346,478,621,730
Z339,126,191,345,477,622,729
Z340,123,235,376,503,619,648
Z341,119,183,339,471,615,723
Z342,126,238,382,498,622,654
Z343,53,253,284,404,573,668
Z344,55,255,286,406,575,670
Z345,125,237,381,497,621,653
Z346,61,244,276,413,565,660
Z347,63,246,278,415,567,662
Z348,117,229,373,505,613,645
Z349,119,231,375,507,615,647
OZ0,376,377,378,379,380,381,382,383,387,391,395,399,403,406,411,412,419,423,425,430,435,438,441,445,451,453,458,460,462,463,466,468,469,471,474,479,483,485,488,490,491,494,496,497,499,501,502,503,504,505,507,510,513,519,523,525,531,533,539,542,547,549,550,551,553,554,555,557,561,564,566,567,569,570,571,575,577,583,587,588,593,599,602,606,610,612,614,615,616,618,619,620,626,628,630,631,633,634,635,637,645,646,648,649,652,654,657,659,662,663,665,666,673,675,678,679,684,687,693,694,697,699,702,703,708,711,713,714,721,722,732,735,737,739,740,741,745,747,750,751,753,754,760,763
OZ1,548,549,550,551,552,553,554,555,564,565,566,567,568,569,570,571,612,613,614,615,616,617,618,619,628,629,630,631,632,633,634,635,644,645,646,647,648,649,650,651,660,661,662,663,664,665,666,667,708,709,710,711,712,713,714,715,720,721,722,723,732,733,734,735
OZ2,417,418,421,422,425,426,429,430,433,434,436,439,441,442,445,446,449,450,453,454,457,458,460,463,465,466,468,471,472,475,476,479,484,485,486,487,488,489,490,491,500,501,502,503,504,505,506,507,580,581,582,583,584,585,586,587,596,597,598,599,600,601,602,603,612,613,614,615,616,617,618,619,628,629,630,631,632,633,634,635,673,674,677,678,680,683,684,687,689,690,692,695,696,699,700,703,705,706,708,711,712,715,717,718,721,722,725,726,728,731,733,734
OZ3,518,519,526,527,530,531,536,537,550,551,556,557,560,561,570,571,582,583,590,591,598,599,604,605,614,615,620,621,630,631,636,637,646,647,652,653,656,657,666,667,678,679,684,685,690,691,698,699,710,711,716,717,722,723,730,731,740,741,748,749,758,759,764,765
OZ4,393,395,397,399,401,403,405,407,412,413,414,415,418,419,422,423,425,426,428,431,433,434,437,438,442,443,446,447,450,451,452,453,457,458,460,463,466,467,470,471,473,474,477,478,481,482,485,486,488,489,492,493,498,499,500,501,505,506,509,510,517,519,525,527,530,531,533,534,536,537,540,543,549,551,557,559,560,561,564,567,570,571,573,574,577,578,582,583,585,586,588,589,597,599,600,601,602,603,604,606,609,610,614,615,617,618,622,623,629,631,632,633,634,635,636,638,645,647,649,651,656,657,660,663,665,666,668,669,674,675,676,679,680,683,686,687,689,691,696,697,698,699,701,703,705,706,708,709,712,713,717,718,725,727,728,730,740,742,745,747,748,749,750,751,754,755,757,758,760,763,764,765
OZ5,452,453,454,455,460,461,462,463,468,469,470,471,476,477,478,479,484,485,486,487,492,493,494,495,500,501,502,503,508,509,510,511,552,553,554,555,556,557,558,559,568,569,570,571,572,573,574,575,580,581,582,583,588,589,590,591,596,597,598,599,604,605,606,607,608,609,610,611,620,621,622,623,628,629,630,631,632,633,634,635,648,649,650,651,652,653,654,655,664,665,666,667,668,669,670,671,712,713,714,715,716,717,718,719,720,721,722,723,724,725,726,727
OZ6,370,371,374,375,378,379,382,383,387,391,395,399,403,406,411,412,418,423,425,426,427,428,429,431,434,438,441,442,443,444,446,447,451,453,454,455,459,460,462,463,466,468,469,470,475,476,477,478,482,485,489,490,491,492,493,495,498,501,504,505,507,508,509,510,515,519,521,525,528,529,531,535,539,540,542,543,547,551,553,554,555,556,557,559,562,565,566,567,570,572,573,574,578,583,585,586,587,589,590,591,594,596,597,599,600,604,605,607,608,609,611,612,613,614,616,618,619,620,621,623,626,628,629,631,632,634,635,639,648,649,652,653,658,659,660,661,662,663,666,667,668,669,670,671,674,675,678,679,680,683,685,686,688,689,690,691,694,695,696,699,701,703,706,707,712,714,717,718,724,725,726,727,729,731,732,734,740,741,750,751,754,755,756,757,760,761,762,763
OZ7,418,419,422,423,426,427,428,429,434,435,438,439,442,443,446,447,482,483,486,487,490,491,494,495,498,499,502,503,504,505,510,511,528,529,530,531,540,541,542,543,546,547,550,551,552,553,558,559,562,563,566,567,568,569,574,575,578,579,580,581,586,587,588,589,594,595,598,599,600,601,606,607,612,613,614,615,616,617,618,619,642,643,646,647,650,651,654,655,658,659,662,663,664,665,670,671,674,675,678,679,680,681,686,687,688,689,694,695,696,697,702,703,720,721,722,723,732,733,734,735,756,757,758,759,760,761,762,763
OZ8,450,451,454,455,458,459,462,463,466,467,468,469,474,475,476,477,528,529,534,535,538,539,542,543,562,563,566,567,568,569,574,575,594,595,596,597,602,603,606,607,626,627,628,629,634,635,638,639,658,659,662,663,664,665,670,671,688,689,694,695,696,697,702,703,720,721,726,727,728,729,734,735,754,755,756,757,760,761,766,767
OZ9,428,429,430,431,444,445,446,447,449,451,453,455,457,459,461,463,465,467,468,470,473,475,476,478,482,483,486,487,488,489,492,493,498,499,502,503,506,507,508,509,513,515,517,519,530,531,534,535,537,538,541,542,546,547,550,551,553,554,556,559,568,570,572,574,577,578,580,583,584,585,590,591,596,597,598,599,601,603,604,606,608,609,610,611,616,618,621,623,625,626,628,631,634,635,638,639,642,643,646,647,648,651,653,654,664,666,669,671,673,675,676,678,684,685,686,687,690,691,694,695,696,699,700,703,706,707,710,711,713,714,717,718,720,722,724,726,732,733,734,735,737,739,740,742,754,755,758,759,760,763,765,766
OZ10,372,373,374,375,380,381,382,383,387,391,395,399,403,406,411,412,419,421,427,430,435,436,443,445,451,454,457,460,462,463,467,468,472,476,477,479,482,485,488,490,491,495,496,497,498,500,506,511,517,519,525,527,528,531,534,535,537,538,542,543,549,550,552,554,558,559,561,562,564,565,566,567,570,571,573,575,578,579,581,583,586,587,589,591,596,599,605,606,612,614,617,619,625,627,628,629,630,631,632,633,634,635,637,639,643,645,646,647,648,650,651,655,657,658,659,660,662,663,666,668,675,676,677,678,681,684,685,687,688,692,694,695,696,697,699,702,707,711,712,713,714,717,718,719,722,727,728,729,731,732,733,735,739,740,741,742,747,749,750,751,755,756,760,761,763,765,766,767
OZ11,513,515,517,519,521,523,525,527,529,531,533,535,537,539,540,542,545,547,549,551,553,555,557,559,561,563,564,566,569,571,573,575,577,579,581,583,584,586,589,591,593,595,597,599,601,603,605,607,609,611,613,615,616,618,620,622,625,627,629,631,633,635,637,639,641,643,645,647,649,651,652,654,657,659,661,663,665,667,668,670,673,675,676,678,681,683,685,687,689,691,693,695,697,699,700,702,705,707,708,710,713,715,717,719,721,723,725,727,729,731,732,734,737,739,740,742,745,747,749,751,753,755,757,759,760,762,765,767
OZ12,387,391,395,399,401,405,406,407,409,412,413,415,419,423,425,430,433,437,438,439,443,444,445,446,449,454,457,463,467,470,474,478,481,482,483,487,488,489,490,493,499,501,502,503,506,508,509,510,528,529,534,535,538,539,540,541,545,547,549,550,552,554,556,559,561,562,564,566,569,570,572,574,577,578,580,582,585,586,588,590,593,595,597,598,601,603,604,607,608,610,613,615,616,618,621,623,625,627,629,631,632,634,637,639,641,645,646,647,648,650,651,653,658,660,662,663,666,670,675,679,683,684,688,693,696,701,702,703,707,708,709,710,712,713,714,717,718,719,721,722,723,724,726,727,728,732,739,741,747,750,753,756,760,765,766,767
OZ13,337,339,341,343,345,347,349,351,361,363,365,367,377,379,381,383,465,467,469,471,473,475,477,479,484,485,486,487,489,491,493,495,497,499,501,503,504,505,506,507,525,527,528,529,530,531,537,539,540,541,542,543,545,546,549,550,552,555,558,559,562,563,564,567,568,571,573,574,580,581,582,583,584,585,586,587,589,591,605,607,609,610,612,615,616,619,622,623,625,626,629,630,632,635,638,639,641,642,645,646,649,650,654,655,658,659,661,662,664,667,668,671,685,687,688,689,690,691,697,699,700,701,702,703,705,706,708,711,712,715,718,719,720,723,725,726,728,729,732,735,749,751,756,757,758,759,760,761,762,763,765,767
OZ14,482,483,486,487,488,489,492,493,498,499,502,503,506,507,508,509,528,529,534,535,536,537,540,541,546,547,550,551,554,555,556,557,560,561,562,563,572,573,574,575,578,579,580,581,584,585,590,591,608,609,610,611,620,621,622,623,626,627,630,631,634,635,636,637,642,643,646,647,648,649,652,653,656,657,658,659,668,669,670,671,688,689,694,695,698,699,700,701,706,707,710,711,714,715,716,717,724,725,726,727,728,729,730,731,754,755,756,757,762,763,764,765
OZ15,545,547,549,551,553,555,557,559,561,563,564,566,569,571,573,575,609,611,613,615,616,618,620,622,625,627,629,631,633,635,637,639,641,643,645,647,649,651,652,654,657,659,661,663,665,667,668,670,705,707,708,710,713,715,717,719,721,723,725,727,729,731,732,734
OZ16,314,315,318,319,378,379,380,381,401,402,405,406,409,410,412,415,421,422,425,426,430,431,433,434,436,437,438,439,445,447,449,451,454,455,458,459,461,462,466,467,468,471,472,474,478,479,481,483,485,486,488,490,493,494,496,497,498,499,500,501,506,507,508,509,510,511,517,519,521,527,529,530,536,538,539,541,546,547,549,550,554,556,557,559,560,564,566,567,568,569,572,575,577,579,582,583,586,589,590,591,593,595,600,601,603,606,608,609,613,615,619,620,621,623,625,626,628,629,630,631,633,634,635,636,638,639,642,643,645,646,648,652,653,654,656,657,658,663,664,666,676,677,680,681,682,685,692,693,694,695,696,697,698,703,705,707,709,710,714,716,720,721,724,725,726,727,728,732,734,735,740,742,747,749,753,754,760,764,765,767
OZ17,402,403,406,407,410,411,412,413,434,435,438,439,442,443,446,447,449,451,453,455,457,459,461,463,465,466,468,471,473,474,476,479,484,485,486,487,498,499,502,503,506,507,510,511,517,519,525,527,533,535,540,542,549,551,552,553,554,555,557,559,564,566,568,569,570,571,573,575,580,582,589,591,593,595,596,597,598,599,601,603,610,611,613,614,616,617,620,623,625,626,628,629,633,634,638,639,645,647,648,649,650,651,652,654,658,659,660,663,664,665,668,671,676,678,685,687,690,691,693,694,696,697,701,702,706,707,708,711,714,715,717,718,720,721,722,723,725,727,732,734,740,742,749,751,753,754,758,759,760,763,766,767
OZ18,401,403,405,407,409,411,413,415,426,427,430,431,433,435,437,439,441,442,445,446,454,455,462,463,465,467,469,470,473,475,476,479,481,483,484,487,488,491,493,495,502,503,504,505,508,509,510,511,515,517,523,525,531,533,537,541,542,543,547,549,552,553,554,559,561,564,568,569,570,572,574,575,577,580,581,583,584,586,587,588,589,590,595,596,600,601,603,604,605,606,608,609,610,612,616,617,618,622,625,630,633,634,635,637,643,645,648,650,651,654,659,660,661,662,664,666,667,670,675,676,680,681,683,684,685,687,689,695,696,700,701,702,705,708,709,711,713,714,715,717,718,719,720,721,722,724,726,727,728,729,731,732,734,735,739,742,745,751,755,757,761,762,763,767
OZ19,421,422,425,427,430,431,436,439,441,443,444,445,453,454,457,458,460,461,462,463,468,471,472,475,476,477,478,479,484,485,486,487,490,491,492,493,500,501,502,503,504,505,508,509,515,517,521,527,529,535,536,538,539,540,546,549,550,551,552,553,555,558,560,564,566,567,570,572,579,580,582,583,584,586,587,590,595,596,598,599,601,602,603,605,606,607,608,609,610,612,614,615,619,623,625,628,629,630,632,636,642,645,646,647,649,650,651,655,656,661,662,663,666,669,675,676,677,678,683,684,689,692,696,698,699,700,702,703,706,710,712,716,717,718,722,724,725,726,729,730,731,732,739,742,747,749,755,757,762,764,766,767
OZ20,488,489,490,491,492,493,494,495,504,505,506,507,508,509,510,511,536,537,538,539,540,541,542,543,546,547,550,551,554,555,556,557,560,561,566,567,568,569,572,573,584,585,586,587,588,589,590,591,608,609,612,613,618,619,620,621,626,627,630,631,634,635,636,637,642,643,646,647,648,649,652,653,656,657,662,663,664,665,668,669,696,697,698,699,700,701,702,703,706,707,710,711,714,715,716,717,720,721,724,725,730,731,734,735,760,761,762,763,764,765,766,767
OZ21,408,409,410,411,440,441,442,443,449,451,458,459,460,463,466,467,468,471,473,475,481,483,490,491,492,495,497,499,504,505,508,511,515,517,521,527,529,535,536,538,539,540,546,549,550,551,552,553,555,558,560,564,566,567,570,572,577,581,584,586,587,588,593,597,601,602,603,604,605,607,608,610,611,612,614,615,616,617,618,621,627,628,629,630,633,634,635,638,642,645,646,647,649,650,651,655,657,658,659,661,662,663,666,669,675,676,681,685,689,695,699,700,706,708,710,711,714,718,722,724,730,732,734,735,739,742,747,749,755,757,762,765
OZ22,410,411,412,413,442,443,446,447,449,455,457,462,465,469,473,476,483,485,489,490,491,495,499,501,504,505,506,511,515,517,521,527,528,529,530,533,537,541,542,543,546,547,549,550,552,553,557,558,561,562,564,565,568,569,573,574,581,582,584,585,586,587,588,591,593,595,596,597,605,606,610,612,616,620,625,626,627,630,633,637,642,643,645,646,650,651,652,655,657,659,664,665,668,671,675,676,681,685,688,689,690,693,696,697,699,700,702,703,706,707,708,711,717,719,720,721,725,726,728,731,732,733,739,742,747,749,753,756,757,758,760,761,762,765,766,767
OZ23,398,399,405,407,409,411,412,413,419,422,425,430,435,437,443,445,449,451,458,459,461,463,470,471,481,485,489,492,494,495,499,501,506,511,517,519,521,523,525,527,529,530,536,537,540,541,542,543,550,551,556,559,560,561,565,566,570,571,574,575,577,581,582,583,584,585,586,589,593,597,601,602,603,604,611,615,617,621,626,631,635,636,637,639,646,647,653,655,656,659,661,663,666,667,669,670,675,676,681,684,685,687,689,690,691,693,697,698,699,700,701,702,707,709,710,711,713,716,717,719,722,727,730,733,740,742,745,747,749,750,753,755,757,758,760,761,764,767
OZ24,412,413,414,415,444,445,446,447,453,455,457,458,462,463,465,466,468,469,476,478,485,487,489,490,494,495,501,503,505,506,510,511,515,517,521,527,529,535,537,541,542,543,547,549,552,553,554,556,557,558,561,564,568,569,570,573,579,580,581,582,584,585,586,588,589,591,595,596,597,598,602,605,606,607,610,614,616,620,621,623,625,626,627,628,632,633,634,637,643,645,648,650,651,652,653,655,657,660,662,663,664,665,666,668,675,676,681,685,689,695,699,700,707,708,712,713,714,719,720,721,722,725,731,732,739,742,747,749,755,757,762,765
OZ25,406,407,414,415,419,422,425,431,435,438,441,445,454,455,460,461,466,467,470,471,474,475,476,477,483,487,490,492,493,494,498,503,505,508,509,511,515,519,523,527,529,535,539,542,547,549,550,551,553,557,558,559,563,564,566,567,571,572,573,575,580,583,589,590,596,597,604,605,608,609,614,615,616,619,620,623,629,631,633,635,643,645,646,647,651,652,654,655,659,661,667,668,669,671,689,691,694,695,697,699,702,703,708,711,713,715,718,719,724,725,726,727,729,731,732,734,739,740,745,749,754,757,761,767
OZ26,460,461,462,463,468,469,470,471,492,493,494,495,508,509,510,511,517,519,525,527,529,531,537,539,549,551,552,553,554,555,557,559,561,563,564,565,566,567,568,570,572,573,574,575,581,583,588,590,597,599,604,606,608,609,610,611,613,615,616,617,618,619,620,622,628,630,632,633,634,635,637,639,645,647,648,649,650,651,652,654,657,659,660,661,662,663,664,666,668,669,670,671,676,678,685,687,689,691,697,699,708,710,712,713,714,715,717,719,720,722,724,725,726,727,729,731,732,733,734,735,740,742,749,751,757,759,765,767
OZ27,426,427,430,431,442,443,444,445,449,451,453,454,457,459,461,462,465,467,469,470,473,475,477,478,486,487,490,491,502,503,504,505,515,517,521,527,528,529,530,533,536,537,538,540,541,543,547,549,553,557,560,561,562,564,565,567,568,569,570,573,579,580,584,586,587,591,593,598,600,601,603,604,605,606,611,612,616,618,619,620,625,630,632,633,635,636,637,638,643,645,651,652,656,657,658,660,661,662,664,665,666,668,675,676,680,684,688,689,690,693,697,698,699,700,701,702,707,708,712,716,720,721,722,725,729,730,731,732,733,734,739,742,747,749,753,756,757,758,761,762,763,764,765,766
OZ28,405,407,409,411,419,422,425,431,435,437,443,444,449,453,458,463,467,471,475,478,481,483,490,491,492,495,504,505,510,511,515,519,523,527,530,535,537,538,539,542,546,550,554,556,561,567,568,569,570,574,577,583,587,588,593,598,602,607,611,612,613,614,619,621,627,630,634,637,642,646,648,653,659,662,664,665,666,669,690,691,693,695,696,699,706,707,709,711,713,714,720,721,722,723,739,740,745,749,753,758,760,766
OZ29,281,283,285,287,313,315,317,319,345,347,349,351,358,359,361,363,365,366,374,375,382,383,409,411,413,415,441,443,444,446,449,451,453,455,458,459,462,463,466,467,468,469,476,477,478,479,481,483,484,487,492,493,498,499,506,507,526,527,528,529,530,531,536,537,538,539,542,543,549,550,553,555,560,561,562,563,564,566,568,570,574,575,577,579,581,583,584,586,589,590,593,595,596,598,601,602,604,606,613,614,616,618,626,627,628,630,633,635,636,637,638,639,645,646,649,651,656,658,660,661,662,663,664,665,666,667,669,670,681,683,684,687,688,689,690,691,696,698,700,703,708,711,716,718,720,722,726,727,728,730,732,733,734,735,748,749,753,755,756,758,761,762,764,766
OZ30,310,311,318,319,345,347,349,351,357,358,361,363,366,367,373,375,381,383,391,395,407,411,414,415,419,422,423,430,435,444,453,459,462,463,468,469,471,473,477,478,483,486,487,494,497,499,503,507,510,511,515,521,528,530,535,537,539,540,546,549,551,552,556,558,561,562,564,565,567,568,569,575,580,584,586,588,598,601,603,605,606,607,611,616,617,619,621,623,626,628,631,632,637,638,642,645,650,651,653,655,657,658,659,660,661,663,664,665,670,671,681,685,688,690,691,695,697,699,700,702,706,707,708,710,712,718,720,721,723,727,728,731,732,733,739,741,756,758,760,761,762,765
OZ31,517,519,521,523,529,531,540,542,549,551,553,555,564,566,569,571,581,583,584,586,597,599,601,603,613,615,616,618,629,631,633,635,645,647,649,651,661,663,665,667,676,678,681,683,689,691,700,702,708,710,713,715,721,723,732,734,740,742,745,747,757,759,760,762
OZ32,214,215,222,223,246,247,254,255,313,315,317,319,341,343,349,351,355,357,358,359,361,365,366,367,371,373,374,375,379,381,395,399,403,407,414,415,419,423,425,427,429,431,438,439,441,445,446,447,453,454,457,461,466,467,473,477,483,485,489,491,493,495,497,498,502,503,504,510,515,519,521,527,528,531,534,535,538,539,540,541,549,550,553,555,558,559,562,564,568,573,579,580,581,583,585,586,587,588,589,591,597,599,610,611,612,615,616,619,622,623,625,629,630,631,633,638,645,646,649,655,658,661,664,667,668,670,678,679,681,685,688,691,694,695,696,697,699,702,708,710,713,717,720,723,725,727,728,732,739,740,749,750,754,756,760,761,762,763,766,767
OZ33,454,455,458,459,466,467,476,477,486,487,490,491,502,503,504,505,515,519,521,525,531,535,539,540,547,549,550,551,552,553,554,558,563,564,565,566,568,570,571,574,579,580,581,583,584,586,587,589,595,596,597,599,601,602,603,607,611,612,614,615,616,617,618,623,626,629,630,631,632,633,634,639,643,645,646,647,648,650,651,655,659,660,661,663,664,666,667,671,675,678,681,687,691,695,697,700,707,708,710,711,712,713,714,718,720,722,723,726,729,732,733,734,739,740,747,751,755,759,762,767
OZ34,313,315,317,319,341,343,345,347,357,359,365,367,391,399,403,411,419,427,429,431,438,444,446,447,451,453,455,457,467,474,476,477,478,479,484,485,486,490,491,493,494,495,501,502,503,504,505,510,515,526,529,531,535,536,538,539,540,543,546,547,551,554,557,558,560,563,565,568,569,571,573,575,579,580,581,582,583,586,587,588,589,590,595,596,598,601,603,604,611,612,613,617,618,620,622,623,625,626,627,634,635,636,642,643,648,652,654,655,656,660,664,665,668,670,683,684,689,691,694,695,696,697,698,701,702,703,706,707,714,716,717,719,720,721,725,727,729,730,731,733,739,741,748,750,755,757,761,762,764,766
OZ35,458,459,462,463,466,467,468,469,490,491,494,495,504,505,510,511,549,551,553,555,564,566,569,571,586,587,588,589,602,603,606,607,610,611,612,615,616,618,626,627,628,631,633,635,645,647,649,651,661,663,665,667,708,710,713,715,721,723,732,734
OZ36,246,247,254,255,307,311,315,318,339,343,347,351,361,366,369,373,381,383,391,395,397,399,403,409,411,413,422,423,425,430,435,439,446,447,451,455,457,461,462,463,465,467,468,469,476,479,484,485,487,491,493,494,497,499,503,504,510,511,519,521,527,531,539,540,542,543,549,551,558,561,563,564,569,575,580,586,587,588,591,596,606,607,609,610,611,612,616,619,620,622,623,625,627,628,631,635,645,651,652,654,655,660,661,662,663,665,667,671,675,681,685,695,697,701,702,703,707,708,710,711,719,721,723,726,727,729,731,732,740,741,748,749,750,760,761,765
OZ37,549,551,553,555,564,566,569,571,613,615,616,618,629,631,633,635,645,647,649,651,661,663,665,667,708,710,713,715,721,723,732,734
OZ38,490,491,494,495,504,505,510,511,526,527,536,537,538,539,542,543,546,547,554,555,556,557,560,561,566,567,568,569,586,587,588,589,590,591,604,605,612,613,618,619,620,621,626,627,634,635,636,637,642,643,648,649,652,653,656,657,662,663,664,665,684,685,696,697,698,699,702,703,706,707,714,715,716,717,720,721,730,731,734,735,748,749,760,761,764,765,766,767
OZ39,358,359,366,367,369,371,373,374,377,379,381,382,419,423,427,429,430,431,435,438,443,444,445,446,449,455,459,461,462,463,467,468,469,470,473,474,475,476,478,479,484,485,486,487,497,498,501,502,505,506,509,510,515,519,521,525,528,533,536,542,546,547,552,553,560,561,562,563,568,569,570,571,579,582,584,588,593,596,598,599,603,604,606,607,626,627,628,629,630,631,632,633,636,637,638,639,642,643,650,651,656,657,658,659,664,665,666,667,678,679,684,685,688,691,693,694,697,698,700,703,706,710,712,716,717,718,720,721,722,727,728,730,731,733,734,735,739,740,747,751,753,756,760,764
OZ40,341,343,345,347,361,363,365,366,369,371,373,375,377,379,380,383,391,397,403,409,414,415,422,423,425,430,435,439,444,445,451,459,465,466,470,477,478,479,485,486,489,495,496,499,506,510,519,521,523,525,526,527,529,530,535,537,538,541,546,552,553,555,556,559,563,565,566,569,573,575,581,583,585,588,590,591,595,598,601,603,605,607,609,611,613,614,617,620,621,622,626,630,632,633,637,639,642,647,649,650,651,652,653,654,657,659,660,662,665,667,668,670,679,681,685,687,689,690,691,696,699,701,702,703,706,707,711,712,713,715,717,719,721,725,726,729,731,733,740,741,745,747,749,751,755,757,758,759,760,761,763,766
OZ41,339,343,347,351,357,359,363,365,373,375,379,380,382,383,391,399,407,413,419,427,429,431,435,438,439,443,444,447,449,451,453,457,459,461,462,463,465,467,468,469,471,473,474,478,483,484,486,493,496,498,499,502,503,505,507,510,515,528,529,530,531,533,540,542,546,552,553,556,557,558,559,562,563,565,567,568,569,573,580,581,583,584,588,593,595,598,603,606,615,617,618,619,620,621,623,625,626,628,629,631,632,633,635,638,642,647,650,651,652,653,655,658,659,662,664,665,668,671,681,685,687,688,689,690,693,694,695,697,700,701,706,707,710,711,712,717,718,720,721,723,725,728,739,741,750,753,755,756,757,758,759,760
OZ42,369,371,373,375,377,379,380,382,419,422,427,429,435,439,443,446,449,455,459,461,462,463,466,468,469,471,473,476,484,485,486,487,496,498,501,503,505,507,509,511,515,519,523,527,529,530,531,533,538,540,546,547,550,551,553,554,557,558,561,563,565,566,568,569,570,571,574,575,579,580,581,582,586,591,593,596,601,606,610,611,614,615,617,618,620,623,626,627,628,629,630,631,633,634,637,639,642,643,646,647,648,651,652,655,657,659,660,663,664,665,666,667,670,671,681,683,685,687,689,690,693,695,696,697,706,710,714,717,720,721,722,727,731,734,739,740,745,749,753,757,758,759,762,766
OZ43,361,363,365,367,377,379,380,382,419,422,427,429,435,439,443,446,449,455,459,461,462,463,466,468,469,471,473,476,484,485,486,487,489,491,493,495,496,498,501,503,504,505,506,507,521,523,525,527,529,530,533,535,538,539,540,541,542,543,546,547,550,551,552,553,558,559,566,567,574,575,580,581,582,583,585,587,589,591,593,595,596,599,606,607,610,611,612,613,618,619,622,623,626,627,628,629,630,631,632,633,642,643,646,647,650,651,654,655,662,663,670,671,675,678,683,685,689,690,691,693,696,701,702,703,706,710,712,719,723,727,729,733,734,735,745,747,749,751,753,755,757,758,760,761,762,763,766,767
OZ44,355,357,359,363,365,367,371,373,375,379,380,382,391,399,407,413,425,427,429,431,438,439,441,443,444,447,449,453,457,461,462,463,465,468,469,471,473,474,475,478,484,486,493,495,496,498,502,503,505,507,510,511,528,529,530,531,533,535,540,542,546,547,552,553,556,557,558,559,562,563,565,567,568,569,573,575,579,580,581,583,584,588,593,598,603,606,611,615,617,618,619,620,621,623,625,626,627,628,629,631,632,633,635,638,642,643,647,650,651,652,653,655,658,659,662,664,665,668,670,671,681,683,685,687,688,689,690,691,693,694,697,699,700,701,706,707,710,711,712,715,717,718,720,721,725,727,728,731,741,750,753,756,757,758,759,760
OZ45,357,359,365,367,373,375,380,382,422,423,425,427,429,430,438,439,441,443,445,446,449,451,453,455,466,467,470,471,473,474,476,479,485,486,493,494,496,498,502,503,505,507,510,511,529,531,533,535,536,538,540,542,546,547,552,555,556,558,560,563,565,567,570,571,580,581,588,589,593,595,596,599,601,603,604,607,617,619,621,623,626,627,630,631,632,635,636,639,642,643,649,650,653,655,656,659,660,662,666,667,678,679,681,683,684,687,689,691,693,694,696,697,698,699,702,703,706,707,710,711,712,713,716,717,722,723,726,727,730,731,734,735,753,755,757,759,760,762,764,766
OZ46,359,365,373,380,391,399,407,413,419,423,427,429,430,431,435,439,443,444,445,447,449,451,457,459,465,467,470,471,473,475,478,479,483,487,489,493,494,495,496,501,505,506,507,511,515,519,523,526,531,533,537,541,547,551,555,556,561,565,571,573,582,583,585,586,589,590,593,595,598,599,605,607,614,615,617,618,621,622,625,627,630,631,637,639,643,649,653,654,657,667,668,671,678,679,681,683,685,687,693,695,697,699,702,703,710,711,713,715,717,719,725,727,729,731,734,735,739,740,741,745,748,750,753,755,759,762,763,765
OZ47,222,223,254,255,345,347,349,351,363,365,366,367,371,373,374,375,380,381,382,383,391,395,407,411,414,415,419,422,423,425,427,429,435,441,443,444,445,446,449,451,455,459,462,463,468,469,471,475,476,477,478,479,483,485,487,493,496,497,498,499,503,505,506,507,510,511,519,523,525,526,530,533,535,536,540,543,551,552,553,554,557,558,560,563,565,568,569,575,579,580,583,586,588,590,593,596,598,601,603,604,606,607,610,617,620,623,628,629,631,632,633,634,636,639,648,650,652,655,656,660,662,663,664,665,675,679,681,684,690,691,693,695,697,698,699,703,707,710,712,714,715,716,720,721,723,726,730,731,740,741,745,747,748,751,753,758,760,762,764,767
OZ48,283,285,307,311,317,318,347,349,363,367,371,375,377,383,391,397,407,411,414,415,419,422,427,429,430,431,435,438,445,446,451,453,455,459,462,463,466,467,468,469,471,473,474,475,476,479,481,483,484,487,489,491,492,493,494,495,499,501,502,503,504,506,509,511,521,525,530,533,538,539,540,541,542,543,546,547,550,552,557,558,563,566,567,569,571,573,574,575,577,579,580,582,583,585,587,591,595,596,599,603,605,606,609,610,611,612,619,623,626,627,628,629,630,631,632,635,637,639,642,643,646,647,650,655,665,668,669,670,678,679,685,687,690,691,693,694,696,697,701,702,706,710,711,712,721,723,725,734,741,747,748,751,755,758,759,762,763,766
OZ49,345,347,349,351,377,379,380,382,391,395,407,411,414,415,422,425,430,431,438,441,451,461,466,470,471,473,474,477,483,484,487,489,491,495,496,498,501,502,503,504,506,507,510,511,519,527,528,530,531,536,537,538,540,541,542,543,547,550,551,555,556,557,558,559,560,561,562,563,565,566,567,568,570,574,579,580,582,584,585,587,588,591,595,603,604,605,610,612,615,617,618,619,620,621,622,623,627,635,636,637,638,639,643,646,649,651,652,653,654,655,656,657,658,660,664,666,683,684,688,690,691,694,696,698,700,701,702,703,707,711,716,717,718,719,720,722,728,729,730,733,740,741,747,749,755,756,758,759,762,763,764,765,766,767
OZ50,462,463,468,469,494,495,510,511,523,525,539,542,547,550,552,554,565,567,568,569,570,574,586,588,603,606,610,614,617,619,627,628,629,630,632,634,643,646,648,650,660,662,664,665,666,671,683,687,697,702,707,711,712,714,720,721,722,726,733,735,745,751,760,767
OZ51,366,367,373,375,380,383,391,399,403,411,414,415,419,423,429,430,443,444,446,447,449,451,455,457,459,461,465,470,471,473,476,478,484,487,491,494,496,499,501,503,504,505,507,511,519,523,525,526,533,537,540,543,551,552,554,555,556,557,558,559,561,568,570,573,580,582,586,587,589,590,593,596,598,599,601,605,611,612,618,620,621,623,625,627,630,631,632,634,637,639,648,649,650,652,653,655,657,659,662,663,664,666,667,668,675,678,679,683,693,697,699,701,702,703,710,712,713,714,715,717,720,722,723,725,727,731,733,734,740,741,745,748,750,751,753,759,760,762,765,767
OZ52,307,311,315,318,371,373,374,375,379,381,403,407,411,413,414,415,419,425,429,430,439,441,443,444,449,451,459,461,473,478,483,485,487,489,491,494,497,501,503,504,505,511,515,521,525,526,528,533,535,536,537,539,540,541,542,543,546,552,553,557,558,559,560,561,562,563,567,568,570,571,574,575,580,582,584,585,587,590,593,598,601,603,604,605,610,612,614,615,619,620,622,623,626,627,632,633,636,637,638,639,642,650,651,652,654,655,656,657,658,660,663,664,666,670,675,679,681,684,688,693,698,700,701,703,706,711,712,715,716,717,718,719,720,722,723,726,728,729,730,731,733,735,739,747,748,751,753,756,759,763,764,765
OZ53,285,287,349,351,363,367,374,375,379,383,395,399,407,409,411,413,419,430,435,439,441,445,446,447,455,457,465,467,470,471,473,475,476,479,481,484,489,492,499,511,519,521,523,527,528,533,535,536,541,542,546,547,554,555,556,557,560,562,563,567,571,573,574,575,577,584,585,586,595,596,599,603,604,605,610,614,615,618,619,620,621,622,625,626,630,634,636,638,642,643,648,649,651,652,653,654,656,657,658,660,662,667,668,669,670,671,675,678,681,683,684,685,688,691,693,698,699,700,702,703,706,711,714,716,718,719,725,726,727,728,729,730,734,735,740,745,749,750,755,756,760,762,763,764,765,767
OZ54,254,255,311,317,318,319,363,367,371,373,374,377,379,381,382,383,391,397,399,403,407,409,419,423,425,427,430,431,439,443,444,447,449,453,457,459,461,465,466,471,473,478,483,485,486,487,489,493,494,495,497,498,499,503,505,507,509,510,525,526,528,529,530,533,536,537,538,539,540,541,547,550,551,552,553,554,557,558,559,560,561,562,563,565,566,571,579,580,581,584,585,588,590,593,595,598,604,605,609,610,615,617,618,623,625,630,631,632,633,634,636,638,643,646,648,650,651,655,656,658,659,660,663,670,675,681,683,684,688,689,690,693,695,696,698,699,700,702,707,710,712,714,716,717,718,728,730,734,741,750,751,753,755,756,757,758,759,762,763,764,766,767
OZ55,380,381,382,383,391,397,407,409,411,413,422,425,427,431,438,444,445,446,451,453,455,459,466,467,471,474,475,476,478,479,483,486,487,489,493,495,496,497,498,499,501,502,503,506,507,509,510,511,519,523,526,527,529,536,538,540,541,542,546,547,551,552,557,558,560,563,567,570,573,575,579,580,581,582,583,585,586,588,590,591,595,596,598,601,603,604,609,614,615,618,619,623,626,632,635,636,637,639,642,643,650,655,656,657,660,662,666,668,670,671,681,684,689,694,696,698,701,703,706,707,712,716,722,725,726,727,730,731,740,741,745,749,755,757,760,763,764,765,766,767
OZ56,391,395,403,413,414,415,423,427,435,444,445,446,455,459,467,476,478,479,484,485,487,491,503,504,521,523,525,526,530,531,536,539,540,543,552,553,554,555,557,558,560,563,565,566,568,571,580,583,586,587,589,590,596,598,604,607,612,615,617,618,620,623,632,633,634,635,636,639,647,648,649,650,652,655,656,659,662,664,679,683,684,687,690,697,698,702,707,712,713,714,715,716,720,723,727,730,733,734,741,745,748,751,758,760,764,767
OZ57,365,367,373,375,403,407,411,413,414,415,425,429,435,439,441,443,444,445,449,451,453,461,467,473,478,479,483,484,487,489,491,493,494,495,503,504,505,506,519,521,528,530,533,537,540,541,542,543,546,547,550,552,556,557,558,559,561,562,563,565,567,568,571,574,579,580,584,585,587,589,593,595,598,599,601,603,605,607,610,611,612,615,617,619,620,621,622,623,626,630,632,637,638,639,642,643,646,650,652,653,654,655,657,658,663,664,678,681,683,687,688,690,691,693,695,697,700,701,706,712,713,715,718,719,720,723,726,728,729,735,740,747,753,755,756,758,759,763,765,767
OZ58,425,427,429,431,441,443,444,446,449,451,453,455,473,475,476,478,515,519,521,525,528,530,531,533,537,542,546,550,554,556,561,562,563,567,570,574,579,583,584,589,593,596,598,599,603,605,610,614,619,621,626,630,634,637,638,639,642,646,648,653,657,658,659,662,666,671,675,678,683,685,688,690,691,693,697,700,706,711,713,714,715,718,722,726,728,733,739,740,747,751,753,756,758,759,760,765
OZ59,317,319,363,367,373,374,377,381,403,413,414,415,419,422,423,427,430,431,438,439,443,446,449,453,455,459,466,470,473,474,476,479,484,487,491,494,497,502,503,504,505,506,510,511,519,521,523,527,531,533,535,536,537,538,540,543,546,547,550,554,556,558,560,561,563,568,571,575,580,586,587,588,589,591,593,595,596,604,605,607,612,614,621,623,626,631,634,636,637,639,642,643,646,648,653,655,656,657,659,660,662,663,664,670,675,679,683,684,685,687,691,693,694,696,697,698,699,703,706,707,710,713,714,716,720,726,730,731,733,734,740,745,747,749,753,755,760,764,765,766
OZ60,349,351,373,374,377,379,381,382,399,403,407,413,419,427,429,430,431,439,443,444,445,447,449,451,453,457,459,465,467,470,471,478,483,485,486,487,489,494,495,497,498,501,503,505,507,511,519,521,523,525,528,529,531,533,535,536,537,539,540,541,546,547,551,553,554,555,557,558,560,561,562,565,566,573,574,575,579,580,581,582,583,584,585,586,593,598,599,601,604,605,610,614,617,620,622,623,625,626,630,631,633,634,636,637,638,639,642,643,647,648,649,651,652,654,655,656,657,658,663,667,668,670,675,678,683,684,685,688,689,691,693,698,699,700,702,703,706,707,710,711,714,715,716,718,719,723,725,726,727,728,729,730,731,735,740,745,747,750,751,753,756,757,763,764,765,767
OZ61,397,399,409,411,429,431,441,443,444,445,446,447,449,451,453,455,457,459,465,467,473,475,476,478,493,495,509,511,515,519,521,525,528,530,531,533,537,542,546,550,554,556,561,562,563,567,570,574,579,583,584,589,593,596,598,599,603,605,609,610,611,614,619,620,621,622,625,626,627,630,634,638,642,646,648,652,653,654,658,662,666,671,675,678,681,685,688,690,691,693,697,700,701,703,706,711,713,714,715,717,718,719,722,726,728,729,731,733,739,740,747,748,750,751,753,756,758,759,760,767
OZ62,311,315,363,367,371,373,374,379,382,383,422,423,427,429,438,439,443,446,449,451,455,461,466,471,473,474,476,479,484,485,486,487,489,494,498,499,501,502,503,505,507,510,519,521,525,527,529,530,531,533,535,538,539,540,541,542,546,550,551,552,553,555,558,559,566,567,571,575,580,581,582,585,588,591,593,595,596,603,611,619,622,623,626,630,632,633,642,646,647,649,650,651,654,655,662,663,667,670,683,685,689,690,691,693,694,696,701,702,706,712,715,719,723,726,727,729,731,733,734,735,740,747,749,751,753,755,757,758,759,760,762,763,766,767
OZ63,373,374,377,379,382,383,395,399,411,413,422,427,429,431,439,443,444,447,449,453,457,461,465,466,473,475,478,479,484,486,487,494,498,499,503,505,506,510,515,519,526,527,528,529,530,531,533,535,536,537,538,540,552,554,558,559,560,561,562,563,565,566,573,574,579,580,581,584,588,589,590,591,593,595,598,604,605,607,610,617,618,623,625,632,634,636,637,638,648,650,651,655,656,657,658,663,668,671,675,681,684,687,688,689,690,691,693,696,697,698,699,700,701,702,711,712,713,714,716,718,725,728,730,731,734,735,739,740,747,748,749,750,753,755,756,757,758,759,764,765,766,767
OZ64,245,247,249,251,377,379,381,383,395,399,411,415,419,423,427,431,435,438,443,447,453,457,465,469,471,474,475,479,484,485,487,489,491,495,497,499,501,502,503,504,505,506,507,511,523,527,528,530,531,535,540,541,542,543,546,550,552,555,557,558,562,567,568,571,573,574,580,582,583,584,585,586,587,591,595,603,610,611,612,613,615,618,619,620,622,623,625,626,627,630,631,632,633,635,638,639,642,646,649,650,651,652,654,655,658,659,661,663,664,665,668,671,675,679,681,683,688,690,694,695,697,700,702,703,706,707,710,711,712,713,715,717,718,719,720,725,726,727,728,729,745,747,749,750,755,756,758,759,761,762,763,767
OZ65,318,319,371,375,379,383,395,399,411,413,419,427,429,431,435,443,444,447,449,451,453,457,459,461,465,470,471,473,478,479,484,495,499,507,521,523,525,527,530,531,533,536,551,555,557,559,560,563,570,571,573,575,583,586,589,591,593,598,601,604,611,615,618,620,625,630,631,636,647,649,651,652,656,660,666,667,668,670,675,683,684,685,690,693,697,698,701,702,707,710,713,715,716,717,722,725,727,730,733,734,745,749,750,751,753,758,759,762,764,767
OZ66,215,223,247,255,381,382,399,407,411,415,419,422,423,429,430,431,435,438,443,445,446,447,449,451,453,455,457,459,461,465,466,470,473,474,475,476,486,491,497,498,502,504,510,511,515,519,521,523,525,526,528,529,533,538,547,550,559,562,566,568,571,573,574,575,579,581,583,584,586,587,588,589,590,593,595,596,610,612,614,618,625,627,631,635,638,639,643,646,658,659,662,664,667,668,679,681,683,685,688,689,691,693,694,695,696,697,700,701,710,711,713,717,718,720,725,728,733,735,739,740,745,747,748,750,751,753,755,756,757,760,766,767
OZ67,395,399,403,407,414,415,419,422,429,431,443,445,446,447,449,455,457,459,465,466,467,471,473,475,476,479,483,484,485,487,489,491,501,503,504,506,507,510,515,521,523,527,530,533,535,538,539,540,541,543,546,547,551,553,554,555,557,558,563,565,566,568,570,573,580,582,583,585,586,587,588,591,593,596,599,607,611,612,614,617,618,620,622,623,625,626,631,633,634,635,642,643,647,648,649,652,654,655,659,660,662,664,666,667,668,671,678,681,683,687,690,693,695,696,706,707,710,714,715,719,720,722,723,725,726,729,734,735,739,745,749,750,753,758,759,760,762,763,766,767
