X0,0,4,44,69,136,154,159
X1,1,28,30,59,81,117,161
X2,2,17,32,54,83,117,164
X3,3,16,47,64,135,153,158
X4,4,21,43,104,119,134,150
X5,5,15,34,84,115,157,163
X6,6,9,26,58,99,121,140
X7,7,17,27,62,120,127,133
X8,8,40,89,91,125,137,150
X9,9,27,52,77,100,137,165
X10,10,24,51,79,103,138,166
X11,11,45,92,123,133,138,147
X12,12,39,51,85,98,107,144
X13,13,14,68,88,93,96,143
X14,14,31,36,80,87,115,160
X15,15,24,63,67,89,111,167
X16,3,22,46,105,118,132,147
X17,2,16,94,95,114,131,141
X18,18,31,65,66,92,142,156
X19,6,19,30,70,91,143,155
X20,20,36,98,122,126,146,148
X21,21,48,72,76,80,102,145
X22,13,22,38,71,75,81,146
X23,23,25,56,63,74,75,165
X24,10,23,57,66,96,112,141
X25,1,25,97,106,124,145,149
X26,20,26,55,62,76,78,166
X27,7,18,42,69,109,125,151
X28,28,60,61,95,99,102,142
X29,29,34,40,46,65,82,161
X30,0,5,90,93,116,130,140
X31,32,43,45,70,86,113,160
X32,33,49,52,73,97,101,108
X33,29,39,90,100,112,128,164
X34,35,55,57,106,109,155,158
X35,37,56,58,110,122,156,159
X36,38,54,78,104,111,130,135
X37,12,42,83,87,139,149,167
X38,8,33,53,68,72,79,118
X39,41,59,84,101,127,148,152
X40,19,41,50,64,67,110,123
X41,11,61,71,77,119,144,162
X42,37,47,82,85,124,129,134
X43,48,74,105,120,131,136,157
X44,49,94,103,113,121,129,163
X45,50,88,108,114,139,154,162
X46,53,60,107,116,151,152,153
OX0,31,36,43,46,54,68,71,72,74,75,76,78,81,87,88,93,96,102,111,115,118,119,120,130,131,132,134,135,136,143,145,146,147,150,157,160
OX1,55,56,57,58,64,69,73,82,85,86,90,93,94,95,106,109,110,114,116,122,124,126,128,129,130,131,132,134,135,136,140,141,153,154,155,156
OX2,36,60,61,62,63,66,67,69,70,73,74,75,76,78,81,82,84,85,86,88,90,91,93,94,96,97,98,101,102,108,109,112,116,117,121,123,127,128,129,130,131,132,134,135,136,139,142,143,145,146,149,152,153,156,161,162,165,166
OX3,52,60,61,68,71,72,73,77,79,94,97,101,103,107,108,113,116,118,119,121,129,144,151,152,153,162,163
OX4,90,93,94,95,114,116,130,131,140,141
OX5,42,43,46,51,54,65,70,82,84,85,86,87,89,91,92,93,94,95,98,100,107,112,113,114,115,116,117,123,125,128,130,131,133,137,138,139,140,141,144,147,149,150,157,160,161,163,167
OX6,43,46,54,59,60,61,62,63,64,65,68,69,70,71,72,73,82,85,86,87,88,91,92,93,95,97,98,109,110,111,112,115,117,118,119,120,121,128,129,130,131,140,141,147,148,149,150,153,154,157,160,161,165,166
OX7,54,59,60,61,62,63,64,65,68,69,70,71,72,73,82,85,86,87,88,91,92,93,95,97,98,104,105,109,110,111,112,115,117,120,121,128,129,130,131,132,134,140,141,148,149,153,154,157,160,161,165,166
OX8,51,57,58,59,61,65,68,70,74,77,78,79,80,81,82,83,84,85,86,87,89,93,94,95,98,101,103,108,112,113,115,117,124,126,127,129,130,131,133,139,142,143,144,147,150,152,153,154,158,159,164,165,166,167
OX9,57,58,62,63,64,69,73,74,75,76,78,82,85,86,106,109,110,122,124,126,128,129,132,134,135,136,153,154,155,156,165,166
OX10,59,60,62,63,64,65,69,70,71,72,75,76,77,79,80,81,83,84,87,89,93,95,97,98,100,103,106,107,109,110,112,115,116,117,118,119,121,122,127,128,129,130,131,132,133,134,135,136,137,138,139,142,143,147,150,151,153,155,156,158,159,162,163,164,165,166,167
OX11,60,71,72,73,74,77,78,79,82,83,84,85,86,89,91,92,93,95,96,99,100,103,106,107,116,118,119,122,127,130,131,133,137,138,139,140,141,145,146,147,148,149,150,151,154,155,156,158,159,160,161,162,163,164,167
OX12,62,63,64,65,69,70,73,74,75,76,78,82,85,86,91,92,96,99,106,109,110,112,121,122,124,126,128,129,132,134,135,136,140,141,142,143,153,154,165,166
OX13,61,68,73,75,76,77,79,80,81,82,85,86,88,89,91,92,100,103,104,105,106,107,111,115,116,117,118,119,120,122,127,133,135,136,137,138,139,140,141,142,143,147,148,149,150,151,154,155,156,158,159,160,161,162,167
OX14,97,98,106,122,124,126,145,146,148,149
OX15,64,69,73,82,85,86,124,126,128,129,132,134,135,136,153,154,158,159
OX16,65,70,73,74,75,76,78,82,85,86,88,89,91,92,96,99,106,108,111,112,114,120,121,122,123,124,125,126,127,128,129,132,133,134,135,136,139,140,141,142,143,151,153,162,165,166,167
OX17,89,91,92,123,125,133,137,138,147,150
OX18,104,105,118,119,132,134,147,150
OX19,73,82,85,86,124,126,128,129,132,134
OX20,74,78,83,84,111,115,117,118,119,120,130,131,132,134,135,136,147,150,163,164
OX21,75,76,82,83,84,86,88,93,95,96,99,100,103,106,108,115,116,117,118,119,122,127,128,129,132,134,137,138,139,142,143,151,153,160,161,162,165,166,167
OX22,77,79,100,103,137,138,165,166
OX23,82,86,91,92,93,95,96,99,100,103,106,109,110,114,116,122,128,129,130,131,142,143,158,159,160,161,163,164
OX24,106,109,110,122,155,156,158,159
OX25,88,91,92,108,109,110,111,114,120,127,135,136,137,138,139,147,150,151,153,158,159,162,167
OX26,96,99,112,121,140,141
OX27,91,92,111,120,123,125,127,137,138,147,150,167
OX28,80,81,83,84,107,108,114,116,118,119,124,126,127,128,129,130,131,132,134,135,136,137,138,140,141,142,143,148,149,153,154,158,159,160,161,163,164,167
OX29,135,136,153,154,158,159
OX30,111,120,123,125,127,137,138,142,143,147,150,155,156,167
OX31,71,72
OX32,83,84,115,117,118,119,123,125,127,130,131,132,134,137,138,142,143,153,154,155,156,158,159,163,164,165,166,167
OX33,165,166
OX34,100,103,137,138
OX35,107,108,114,115,116,117,123,124,125,126,128,129,140,141,148,149,153,154,155,156,158,159,160,161
OX36,115,117,118,119,123,125,127,130,131,132,134,137,138,142,143,153,154,155,156,158,159,163,164,167
OX37,93,95,112,114,116,121,124,126,130,131,132,134,137,138,140,141,160,161,163,164
OX38,124,126,128,129,132,134
OX39,118,119,123,125,127,130,131,132,134,137,138,142,143,153,154,155,156,158,159,160,161,163,164,167
OX40,114,116,128,129,130,131,137,138,142,143,145,146,160,161,163,164
OX41,142,143,155,156
OX42,112,121,128,129,137,138,160,161,163,164
OX43,128,129,137,138,140,141,145,146,155,156,160,161,163,164
OX44,56,58,67,69,70,84,92,98,101,109,117,122,125,126,127,151,152,155,161
OX45,109,110,132,134,137,138,140,141,148,149,158,159,160,161,163,164
OX46,145,146,155,156
OX47,85,94,95,98,101,113,116,123,125,129,130,131,132,134,137,138,140,148,149,151,152,154,155,156,158,159,163
OX48,127,139,148,149,152,167
OX49,155,156
OX50,137,138
OX51,123,125,130,131,139,147,148,149,150,152,153,154,158,159,160,161,163,164
OX52,46,66,67,68,69,70,72,84,86,92,94,99,108,110,113,117,119,125,132,134,141,148,149,150,151,152,156,158,159,161,162,163,167
OX53,132,134,139,147,150,152,160,161,163,164
OX54,66,67,69,79,84,87,95,99,101,108,110,116,133,138,139,144,147,149,150,152,153,156,167
OX55,139,140,141,147,148,149,150,152,158,159
OX56,67,70,84,92,117,125,130,131,140,141,153,154,160,163,164,167
OX57,70,79,87,92,101,108,117,125,130,131,133,138,140,141,144,148,153,154,158,159,160,163,164
OX58,160,161
OX59,130,131,140,141
OX60,140,141,147,148,149,150,158,159,163,164
OX61,147,148,149,150,153,154
OX62,153,154,158,159,163,164
OX63,158,159
OX64,163,164
OX65,148,149
Z0,0,16,130,131,135,136
Z1,1,36,59,87,148,149
Z2,2,5,90,94,163,164
Z3,3,4,104,105,135,136
Z4,6,57,58,66,155,156
Z5,7,41,42,67,127,167
Z6,8,11,77,79,137,138
Z7,9,10,23,26,165,166
Z8,12,101,107,108,139,152
Z9,13,61,68,71,72,102
Z10,14,28,30,31,142,143
Z11,15,17,83,84,127,167
Z12,18,19,109,110,155,156
Z13,20,25,55,56,106,122
Z14,21,22,38,48,104,105
Z15,23,26,55,56,57,58
Z16,24,27,89,133,137,138
Z17,29,82,86,113,128,129
Z18,30,31,65,70,160,161
Z19,32,34,115,117,160,161
Z20,33,51,52,77,79,144
Z21,35,37,106,122,124,126
Z22,21,22,71,72,118,119
Z23,39,49,73,85,128,129
Z24,40,43,45,46,147,150
Z25,7,67,89,123,125,133
Z26,40,45,65,70,91,92
Z27,3,4,44,47,132,134
Z28,50,64,69,151,153,154
Z29,39,49,51,52,100,103
Z30,33,53,107,108,144,162
Z31,15,17,54,111,120,157
Z32,20,25,75,76,145,146
Z33,6,66,96,99,142,143
Z34,59,83,84,87,115,117
Z35,60,88,93,95,114,116
Z36,13,14,28,80,81,102
Z37,62,63,74,78,111,120
Z38,64,69,109,110,158,159
Z39,43,46,82,86,132,134
Z40,53,60,61,68,88,162
Z41,73,85,97,98,124,126
Z42,24,27,62,63,165,166
Z43,9,10,100,103,112,121
Z44,8,11,118,119,147,150
Z45,1,36,80,81,145,146
Z46,29,32,34,113,163,164
Z47,2,5,54,130,131,157
Z48,41,42,50,139,151,152
Z49,90,94,112,121,140,141
Z50,18,19,91,92,123,125
Z51,93,95,96,99,140,141
Z52,12,97,98,101,148,149
Z53,35,37,44,47,158,159
Z54,0,16,114,116,153,154
OZ0,4,5,16,17,19,22,28,31,67,102,106,111,115,117,120,122,124,126,130,131,132,134,139,145,146,148,149,152,153,154,155,156
OZ1,10,19,25,26,27,31,36,67,96,99,106,122,127,139,142,143,152,153,154,158,159,165,166,167
OZ2,17,25,26,31,34,36,42,49,66,67,96,99,101,109,110,113,115,117,124,126,127,132,134,137,138,142,143,147,150,155,156,160,161,165,166,167
OZ3,19,22,28,31,42,46,49,101,102,106,109,110,111,113,120,122,127,135,136,145,146,155,156,158,159,160,161,167
OZ4,106,112,121,122,124,126,128,129,130,131,135,136,140,141,158,159
OZ5,25,26,27,31,36,42,52,66,67,96,99,100,101,103,111,112,120,121,123,124,125,126,130,131,132,134,139,140,141,142,143,147,150,152,153,154,155,156,158,159,165,166
OZ6,11,27,42,45,49,52,67,100,101,103,107,108,109,110,113,127,128,129,132,134,137,138,144,147,150,153,154,158,159,167
OZ7,22,27,34,42,46,48,52,67,96,99,101,109,110,127,130,131,135,136,139,140,141,142,143,145,146,148,149,152,153,154,155,156,157,167
OZ8,5,16,26,28,31,37,47,48,56,66,100,102,103,109,110,112,115,117,121,123,125,128,129,130,131,132,134,135,136,147,150,157,158,159,163,164,165,166
OZ9,96,99,100,103,109,110,111,112,120,121,123,125,127,135,136,137,138,139,142,143,152,153,154,155,156,167
OZ10,26,27,42,52,56,58,67,100,101,103,109,110,124,126,127,128,129,139,148,149,152,153,154,158,159,165,166,167
OZ11,27,28,34,42,48,49,52,67,87,100,102,103,109,110,111,112,113,120,121,124,126,130,131,132,134,137,138,139,140,141,147,148,149,150,152,153,154,157,158,159,160,161
OZ12,28,87,88,101,107,108,109,110,115,117,123,125,128,129,132,134,139,142,143,144,147,150,152,155,156,162,163,164
OZ13,34,48,49,68,102,107,108,113,115,117,118,119,128,129,132,134,142,143,144,153,154,155,156,157,158,159,160,161,163,164
OZ14,31,42,56,58,63,66,67,87,100,103,123,124,125,126,128,129,130,131,135,136,137,138,139,140,141,148,149,152,153,154
OZ15,37,47,56,63,67,69,123,124,125,126,132,134,139,147,148,149,150,152,153,154
OZ16,42,49,56,58,63,66,67,70,100,101,103,111,112,113,120,121,123,125,127,135,136,137,138,155,156,158,159,167
OZ17,109,110,111,120,123,124,125,126,127,132,134,135,136,147,148,149,150,158,159,167
OZ18,111,120,127,135,136,139,152,153,154,167
OZ19,112,121,124,126,128,129,130,131,135,136,139,140,141,148,149,152,153,154
OZ20,72,88,102,118,119,124,126,132,134,139,142,143,148,149,152,153,154,155,156,158,159,162
OZ21,47,49,56,58,63,66,67,68,69,70,85,88,107,108,113,118,119,123,125,130,131,135,136,140,141,147,150,153,154,155,156,158,159,162
OZ22,48,49,56,58,66,70,78,88,100,102,103,107,108,113,124,126,128,129,130,131,139,140,141,142,143,144,148,149,152,162,165,166
OZ23,49,56,58,66,68,70,76,100,102,103,107,108,113,118,119,128,129,130,131,132,134,135,136,140,141,142,143,144,153,154,165,166
OZ24,52,68,79,88,100,103,107,108,124,126,128,129,139,144,148,149,152,162
OZ25,68,81,87,101,102,107,108,115,117,118,119,128,129,132,134,142,143,144,145,146,148,149,153,154,155,156,158,159,163,164
OZ26,56,58,66,70,76,81,85,86,87,101,107,108,115,117,124,126,128,129,130,131,132,134,135,136,137,138,139,140,141,145,146,147,150,152,155,156,158,159,163,164,165,166
OZ27,76,78,81,84,87,115,117,124,126,128,129,135,136,139,145,146,152,153,154,157,163,164
OZ28,100,103,128,129,132,134,137,138,147,150
OZ29,63,67,78,81,84,87,88,102,115,117,123,124,125,126,128,129,135,136,137,138,139,142,143,145,146,151,152,155,156,157,158,159,163,164,165,166
OZ30,45,67,85,86,123,125,127,132,133,134,139,144,147,150,151,152,162,167
OZ31,16,69,81,85,86,87,88,94,101,102,107,108,113,115,117,128,129,142,143,145,146,148,149,151,155,156,158,159,163,164
OZ32,67,70,81,85,86,87,88,92,101,102,107,108,115,117,123,124,125,126,127,128,129,132,133,134,142,143,145,146,147,150,151,163,164,167
OZ33,85,86,88,94,95,113,124,126,139,142,143,144,148,149,152,153,154,155,156,158,159,162
OZ34,66,70,94,95,99,113,130,131,135,136,140,141,155,156,158,159
OZ35,36,87,98,101,107,108,139,152
OZ36,79,88,94,95,103,118,119,124,126,132,134,139,142,143,148,149,152,153,154,155,156,158,159,162
OZ37,46,81,84,87,94,95,102,105,113,145,146,148,149,157,160,161
OZ38,58,81,87,98,99,101,102,107,108,115,117,122,124,126,128,129,139,145,146,152,163,164
OZ39,81,87,88,101,102,108,115,117,124,126,128,129,139,142,143,145,146,152,153,154,155,156,158,159,163,164
OZ40,98,110,122,123,124,125,126,132,134,139,144,147,148,149,150,151,152,162
OZ41,70,84,88,92,94,95,101,108,113,120,133,142,143,157
OZ42,94,95,99,121
OZ43,88,95,107,116,130,131,135,136,142,143,144,155,156,158,159,162
OZ44,84,87,107,115,139,144,152,162
OZ45,87,101,105,108,115,119,124,126,132,134,148,149,157,162
OZ46,105,107,119,120,125,133,144,147,150,151
OZ47,86,95,99,110,113,116,121,122,123,124,125,130,131,132,134,135,136,139,147,148,149,150,151,152,153,154
OZ48,101,108,124,125,126,127,132,133,134,139,147,148,149,150,151,152
OZ49,95,99,107,110,116,121,122,123,125,126,129,130,131,132,134,135,136,144,147,150,151,153,154,162
OZ50,116,120,124,125,126,130,132,133,134,135,136,139,147,148,149,150,151,152,153,154
OZ51,107,110,119,122,123,125,126,132,144,147,150,151
OZ52,69,110,119,120,122,123,124,133,134,136,139,148,149,151,152,162
OZ53,103,119,124,125,126,129,132,138,139,147,148,149,150,151,152,162
OZ54,110,119,122,123,124,127,133,134,139,148,149,162
OZ55,119,120,121,127,129,130,134,135,136,140,152,153,154,162
OZ56,92,99,120,124,125,126,127,130,132,134,135,136,139,140,142,147,148,149,150,151,153,154
OZ57,99,102,121,124,129,145
OZ58,120,121,124,126,129,130,132,133,135,136,139,140,147,148,149,152,153,154
OZ59,126,127,132,133,147,148
OZ60,121,125,129,130,134,135,140,150,151,153
OZ61,102,122,124,125,134,142,145,148,150,151,152,156
OZ62,122,124,125,134,139,148,149,150,151,152,154,159
OZ63,113,115,124,129,136,139,149,154,157,160
OZ64,124,129,136,139,149,154,157,163
OZ65,78,127,133,135,138,152,153,166
