X0,0,52,59,141,169,206
X1,1,44,49,122,127,196
X2,2,9,185,197,212,245
X3,3,49,118,125,182,234
X4,4,32,61,126,198,249
X5,5,29,41,175,184,199
X6,6,182,200,253,263,276
X7,7,10,106,140,230,279
X8,8,25,52,113,119,235
X9,9,47,89,121,243,271
X10,10,63,82,160,232,273
X11,11,60,77,78,83,227
X12,12,74,144,149,165,210
X13,8,13,81,153,254,281
X14,14,51,64,167,228,258
X15,3,15,73,114,236,289
X16,16,53,55,103,139,188
X17,17,54,98,130,208,294
X18,18,55,93,134,168,190
X19,19,56,88,130,146,278
X20,20,45,60,80,155,289
X21,21,47,71,147,222,277
X22,22,78,82,195,203,296
X23,23,119,151,203,219,269
X24,24,74,100,108,116,187
X25,25,85,112,181,224,275
X26,11,26,150,151,152,204
X27,27,90,137,205,280,292
X28,28,131,145,207,214,260
X29,29,86,88,105,128,180
X30,30,102,139,244,283,293
X31,31,63,67,142,186,290
X32,32,46,120,127,270,297
X33,33,46,70,72,143,296
X34,34,136,169,170,189,247
X35,35,59,159,194,272,298
X36,36,71,110,115,177,233
X37,37,50,75,94,193,261
X38,38,69,157,219,220,297
X39,39,64,129,136,187,241
X40,40,42,57,162,257,266
X41,28,41,42,93,94,95
X42,40,54,96,177,178,247
X43,43,58,95,180,224,251
X44,1,15,72,117,227,232
X45,2,21,45,163,205,274
X46,33,92,122,207,261,264
X47,48,73,104,163,174,201
X48,22,24,50,84,124,140
X49,51,75,100,183,214,237
X50,0,80,81,98,174,256
X51,53,65,233,246,294,299
X52,17,61,110,138,201,254
X53,16,76,109,143,213,260
X54,19,43,96,132,265,287
X55,57,97,156,185,211,252
X56,35,58,113,160,199,231
X57,13,23,83,85,223,258
X58,4,70,104,172,226,245
X59,62,128,218,225,285,287
X60,31,87,149,164,241,259
X61,39,91,153,165,206,255
X62,30,65,109,216,222,264
X63,66,146,215,216,240,259
X64,67,106,137,171,252,253
X65,68,164,209,213,238,282
X66,69,159,198,229,235,286
X67,36,121,162,170,190,255
X68,6,44,97,193,230,250
X69,48,123,125,126,161,272
X70,12,84,184,268,273,298
X71,14,62,77,108,114,202
X72,76,173,179,195,226,274
X73,20,26,141,221,239,288
X74,79,118,145,209,228,275
X75,56,87,166,178,211,248
X76,66,86,148,262,267,293
X77,5,176,210,242,262,281
X78,89,115,157,225,249,284
X79,90,155,204,246,263,277
X80,91,134,154,242,271,283
X81,92,147,166,212,215,250
X82,99,111,168,171,191,266
X83,101,154,197,217,221,267
X84,27,99,103,173,186,238
X85,105,138,176,202,223,284
X86,107,132,135,167,181,189
X87,111,120,156,172,192,217
X88,68,112,117,231,234,290
X89,116,123,218,236,268,295
X90,79,161,183,200,286,292
X91,124,179,229,237,269,280
X92,107,129,142,240,244,279
X93,131,144,175,248,257,282
X94,34,133,194,265,288,295
X95,101,133,152,220,243,285
X96,148,192,239,256,278,291
X97,38,150,158,196,276,299
X98,158,188,191,208,270,291
OX0,49,60,78,82,83,87,94,95,96,97,98,100,106,108,110,114,117,120,122,127,130,137,138,140,142,143,144,145,147,156,160,162,163,164,165,166,171,172,174,177,178,179,180,182,183,184,185,186,187,198,200,207,208,209,210,211,212,215,218,224,226,228,229,234,237,241,245,247,249,250,251,253,254,257,259,261,264,266,269,270,272,275,280,286,289,290,292,294,295,296,297,298
OX1,82,87,95,96,98,106,110,114,117,120,123,130,137,138,142,143,145,147,149,156,160,162,163,164,166,171,172,174,177,178,180,182,183,185,186,196,198,200,207,208,209,211,212,215,224,226,227,228,234,236,241,245,247,249,250,251,253,254,257,259,261,264,266,270,272,273,275,286,289,290,292,294,296,297
OX2,60,78,83,87,93,100,108,117,123,128,130,132,138,140,141,145,149,151,153,159,160,164,165,166,169,174,177,179,181,187,192,194,202,203,206,207,209,211,213,214,215,216,218,219,229,234,235,236,237,238,239,240,242,247,251,254,257,258,259,260,265,267,272,273,275,280,284,287,290,291,293,295
OX3,81,83,87,94,95,96,98,114,119,120,123,128,132,141,143,145,147,156,159,160,162,163,164,169,172,175,178,181,183,184,185,192,193,194,196,198,201,206,207,208,212,213,216,226,227,228,230,232,235,236,238,239,240,245,248,249,251,252,253,257,259,261,262,263,264,265,266,267,270,276,282,286,287,289,290,291,292,293,294,296,297,298
OX4,84,87,93,94,95,96,110,119,128,130,132,138,144,145,151,153,159,166,174,176,178,180,182,192,193,194,200,201,203,207,210,211,214,215,216,219,223,230,231,232,239,240,242,250,253,257,258,259,260,263,265,267,268,269,272,276,282,287,291,293
OX5,70,78,87,95,96,98,104,106,108,110,114,117,120,122,125,126,130,137,138,142,143,145,149,156,160,161,162,164,171,172,177,178,180,182,183,185,186,195,196,198,200,201,202,203,208,209,211,224,226,227,228,234,236,241,245,247,249,251,253,254,257,259,266,270,273,275,286,289,290,292,294,297
OX6,87,93,97,100,114,117,122,123,125,127,128,130,132,138,140,141,149,151,153,159,160,161,164,165,166,169,174,177,179,181,183,187,192,193,194,196,203,206,207,211,213,214,215,216,218,219,227,228,229,230,232,235,237,238,239,240,242,247,250,251,253,254,257,258,259,260,263,265,267,272,273,276,280,284,286,287,289,290,291,292,293,295
OX7,78,85,93,94,95,96,98,106,108,114,120,122,128,132,137,141,142,143,144,149,151,153,156,159,161,162,166,169,171,174,176,178,180,181,182,183,184,185,186,192,193,194,195,196,202,206,207,208,210,213,214,215,216,219,223,224,227,228,230,232,234,235,238,239,240,241,242,250,254,258,260,263,265,266,267,269,270,272,273,276,286,287,291,292,293,294,297,298
OX8,85,94,95,96,97,98,100,109,117,122,125,127,130,138,139,140,145,147,149,162,163,165,166,168,171,174,175,176,177,178,183,184,185,186,187,188,191,192,195,198,200,201,208,210,211,212,213,214,215,217,218,223,229,235,236,237,238,245,247,248,249,250,252,261,264,269,270,272,273,274,280,282,284,286,292,294,295,296,297,298
OX9,95,96,100,110,114,117,119,121,122,123,125,127,141,144,145,149,152,154,156,160,161,164,165,169,176,177,178,180,181,182,183,185,194,196,197,200,201,206,210,211,213,217,218,220,221,223,227,228,231,235,238,243,247,251,252,254,265,267,268,273,282,284,285,286,288,289,290,292
OX10,97,121,152,154,156,182,185,187,193,194,197,200,211,217,220,221,243,250,252,253,263,265,267,276,279,285,288,295
OX11,98,100,113,119,120,121,122,125,127,130,138,141,143,144,147,149,152,154,161,162,163,164,165,166,169,172,174,176,181,182,194,197,198,199,201,206,207,208,209,210,212,213,215,217,218,220,221,223,224,226,235,238,243,245,249,250,257,261,264,265,266,267,268,270,272,273,275,282,284,285,288,289,290,294,296,297
OX12,125,126,182,187,218,230,232,234,268,279,289,295
OX13,121,126,127,152,154,156,185,194,197,211,217,218,220,221,236,243,252,265,267,268,285,288
OX14,109,110,113,126,127,139,143,144,145,146,154,156,160,161,168,171,172,175,176,179,182,183,186,187,188,191,195,197,199,200,201,202,207,213,214,215,216,218,221,223,224,226,230,231,232,234,235,238,239,240,248,251,254,256,257,259,262,266,268,274,278,279,282,284,286,289,291,292,293,295
OX15,119,120,126,127,132,134,135,142,146,151,153,165,167,180,181,187,189,192,197,203,206,215,216,217,218,219,221,223,236,239,242,244,255,256,258,259,262,268,269,271,278,279,283,291,293,295
OX16,94,100,102,110,113,114,120,122,123,130,138,140,143,149,156,160,165,168,171,172,175,180,184,186,187,188,191,192,193,195,199,200,201,202,207,209,210,213,214,216,217,218,222,224,226,228,229,230,231,232,234,235,237,238,244,248,250,251,253,254,257,263,264,266,269,273,274,275,276,280,282,283,289,293,295,298
OX17,100,102,113,114,122,126,127,130,138,143,146,147,154,156,160,161,163,166,168,171,174,176,179,186,188,191,195,197,198,199,201,202,207,209,212,213,214,221,222,223,224,228,231,235,238,239,240,244,245,249,250,251,256,259,262,264,266,272,274,275,278,283,284,291
OX18,93,106,113,117,120,123,132,135,137,140,142,143,144,145,152,153,155,156,160,161,164,165,167,169,170,171,172,175,179,186,188,189,190,191,192,194,195,196,197,199,204,205,206,207,214,216,218,220,221,222,226,227,230,232,233,237,240,241,242,243,247,248,250,251,253,255,257,258,260,265,266,267,268,271,274,275,276,277,279,280,285,286,288,289,290,293,294,299
OX19,102,110,115,117,120,123,130,132,134,135,138,141,142,143,144,145,147,149,151,153,154,156,157,160,163,164,166,167,168,169,171,174,177,178,179,180,182,183,186,187,188,189,191,192,194,195,196,198,200,202,203,207,209,210,212,214,215,216,217,220,222,223,227,231,236,240,242,245,247,249,250,251,254,255,258,264,265,266,269,271,272,273,274,275,279,282,286,288,289,290,292,293,295,297
OX20,113,120,126,127,146,154,160,182,187,192,197,199,215,216,217,218,221,230,231,232,234,239,240,251,256,259,262,268,278,279,289,291,293,295
OX21,106,117,120,123,132,135,137,140,142,143,149,153,154,155,156,161,165,167,171,172,176,179,180,186,187,188,190,191,192,195,196,199,204,205,206,210,216,217,218,222,224,226,227,233,237,240,250,253,255,258,259,262,266,268,271,273,274,275,276,277,280,281,282,286,289,290,293,294,295,299
OX22,47,110,114,115,120,123,126,127,128,130,135,137,138,140,141,143,145,147,151,154,155,159,162,163,164,166,167,172,174,181,182,183,185,188,189,191,194,200,204,207,213,215,217,219,226,228,229,230,231,232,235,238,239,250,254,257,261,264,265,266,267,268,271,272,275,276,279,282,284,287,290,291,292,294,296,299
OX23,114,115,117,122,123,132,134,135,141,142,145,147,149,151,153,154,157,160,163,164,166,167,169,172,174,175,176,177,178,180,182,183,187,189,194,196,198,200,201,203,210,212,213,215,220,224,226,227,228,231,235,236,238,240,242,244,245,247,248,249,250,251,255,257,258,265,269,271,272,273,279,283,284,286,288,289,290,292,295,297
OX24,141,149,151,152,153,154,160,164,165,169,170,180,187,189,194,197,203,206,217,219,220,221,223,230,232,241,243,247,251,255,258,259,265,267,269,273,279,285,288,295
OX25,110,115,120,123,132,134,135,147,152,156,157,163,164,165,166,167,168,170,171,173,174,175,176,177,178,182,183,186,191,192,197,198,200,206,210,212,215,219,221,223,224,226,230,232,234,236,238,240,241,242,243,244,245,248,249,250,254,257,259,266,267,271,272,275,282,283,284,285,286,289,292,297
OX26,139,142,143,164,188,209,213,231,234,238,282,290
OX27,115,117,122,123,132,134,135,142,145,147,152,157,161,163,165,166,167,170,172,174,175,177,178,182,196,197,198,201,202,206,209,210,212,213,215,217,219,221,226,227,230,231,232,235,236,238,240,241,242,243,244,245,248,249,250,257,259,267,271,272,275,283,285,289,290,297
OX28,117,122,130,132,135,138,145,146,164,167,176,181,189,196,202,209,213,223,224,227,231,234,238,282,284,290
OX29,122,132,134,135,137,143,144,145,147,152,155,157,161,164,165,167,170,173,176,178,179,180,183,188,195,197,200,204,205,206,210,213,214,216,217,219,221,222,223,226,240,241,242,243,250,259,263,267,271,274,275,277,280,284,285,286,293,294,297,299
OX30,120,132,134,135,143,149,152,156,161,165,167,168,169,170,171,172,173,181,182,183,186,187,188,191,194,197,199,200,206,209,213,220,221,235,236,239,240,241,242,243,244,247,254,255,256,259,265,266,267,271,273,278,279,281,282,283,285,286,288,289,290,291,292,295
OX31,126,127,128,130,132,138,142,143,152,153,154,156,160,161,164,168,171,172,173,176,182,183,186,187,188,191,192,197,199,200,202,203,204,209,213,215,216,219,221,225,230,232,235,240,251,254,258,259,262,266,268,269,279,281,282,284,285,286,287,289,290,292,293,295
OX32,128,132,134,137,142,143,149,161,165,169,170,182,183,187,188,189,192,194,197,199,200,204,205,206,209,213,217,218,220,221,225,235,236,238,239,240,241,242,243,244,247,254,255,256,259,265,267,271,273,278,279,280,281,282,283,286,287,288,289,290,291,295
OX33,130,138,140,142,145,146,154,155,157,159,161,162,164,165,170,175,177,178,181,183,185,187,189,191,192,194,198,200,202,204,205,206,207,210,212,215,216,217,225,229,235,240,241,243,244,245,248,249,256,261,262,264,265,266,271,275,276,278,280,282,283,284,289,294,295,296,297,299
OX34,132,135,143,144,147,154,157,161,162,164,167,168,171,172,176,178,179,183,185,186,187,188,190,191,194,195,197,200,210,211,213,214,215,219,220,221,222,223,224,226,233,238,239,240,241,244,250,252,256,262,265,266,274,275,278,279,283,284,286,288,291,292,295,297
OX35,142,143,144,147,149,152,157,161,162,168,169,170,171,172,178,179,181,182,183,185,186,188,190,191,195,199,200,211,213,214,215,217,219,222,223,224,226,231,233,234,236,238,239,243,247,250,252,256,259,266,267,271,273,274,275,278,281,284,285,286,289,291,292,297
OX36,123,134,137,140,143,146,147,152,155,157,159,161,162,163,166,172,174,175,177,178,180,181,182,185,189,190,191,201,202,208,209,210,213,215,217,220,224,225,226,229,231,233,238,239,240,241,242,248,250,257,259,263,267,270,272,275,276,277,279,284,285,286,288,289,290,291,293,294
OX37,134,135,144,146,147,154,157,159,162,167,169,173,174,176,177,179,180,181,182,185,187,190,192,195,206,209,210,211,214,216,219,220,222,223,226,230,231,232,233,236,238,239,240,241,242,247,250,252,259,271,272,274,279,282,284,287,288,289,290,291,293,295,297,298
OX38,137,140,147,152,153,154,155,157,159,161,162,163,165,166,172,173,174,175,177,178,179,181,183,185,188,189,190,191,194,195,200,201,202,206,208,209,210,215,216,217,218,219,222,223,224,225,229,231,233,236,237,238,239,241,248,253,255,257,258,259,265,267,268,270,271,272,274,275,277,279,284,285,286,289,290,291,294,297
OX39,140,159,179,187,194,229,237,265,269,280,288,295
OX40,149,152,154,164,169,170,187,189,194,197,217,220,221,230,232,241,243,247,259,265,267,273,279,285,288,295
OX41,147,152,154,155,157,160,162,163,165,166,172,173,175,177,178,180,181,185,187,188,189,190,191,195,199,201,202,203,205,206,208,209,210,215,216,217,218,222,224,225,233,235,236,238,239,241,248,251,253,254,255,256,257,259,267,268,270,271,274,275,277,279,281,284,285,288,289,290,291,294,295,297
OX42,135,143,146,152,153,154,155,157,159,160,161,167,169,174,179,181,182,183,187,190,191,198,200,203,205,206,208,209,211,212,213,217,219,220,225,231,233,237,238,239,240,241,245,247,249,251,252,254,256,258,259,262,263,267,270,272,276,277,278,279,282,285,287,289,290,291,293,294,295,298
OX43,143,144,145,146,154,155,161,162,165,166,170,172,173,177,180,182,183,185,188,190,191,192,194,195,199,200,204,205,206,207,213,214,217,218,219,220,222,224,225,230,231,232,233,234,237,240,243,257,259,261,262,264,265,266,268,269,271,274,276,278,281,284,293,294,296,299
OX44,145,152,153,160,161,162,164,168,169,170,171,172,173,174,175,176,182,183,185,186,187,189,191,194,200,203,204,207,210,211,215,217,219,220,223,224,230,232,234,235,236,238,239,241,243,244,247,248,250,251,252,254,257,258,259,265,266,267,269,271,272,277,278,279,282,283,285,286,288,289,291,292,293,295
OX45,144,146,152,154,157,164,166,169,170,172,173,174,175,176,178,179,180,181,182,187,190,192,195,197,198,209,210,212,214,215,216,217,218,219,221,222,224,230,231,232,233,235,238,239,240,243,245,247,248,249,256,257,262,267,268,271,272,274,275,278,279,285,289,290,291,293,295,297
OX46,152,153,154,157,162,163,166,168,170,171,172,174,175,176,178,179,180,181,182,185,186,187,188,189,191,192,194,195,197,199,201,202,208,209,211,220,221,222,224,226,230,232,234,236,237,241,243,244,248,252,253,255,256,258,261,264,265,267,270,272,274,275,276,279,281,283,284,285,286,288,289,290,292,293,295,296,297,299
OX47,153,157,161,162,163,166,168,169,171,172,174,175,176,178,179,180,181,182,183,185,186,187,188,191,192,194,195,199,200,201,202,208,211,217,219,220,222,223,226,230,232,234,236,237,244,247,248,252,253,255,256,258,261,264,265,270,272,274,276,279,281,283,284,288,289,290,293,295,296,299
OX48,157,161,164,166,169,174,175,176,178,183,189,190,199,200,209,210,231,233,235,247,248,254,255,256,257,259,272,281,282,284,286,292
OX49,155,160,162,163,164,165,166,170,173,175,176,177,180,181,182,185,188,189,191,195,197,198,201,202,203,205,206,208,209,212,216,219,221,222,223,225,226,230,231,232,234,236,238,239,243,245,248,249,250,251,253,254,255,257,270,271,274,277,288,290,291,294
OX50,159,162,168,170,171,177,178,179,182,185,187,190,191,192,194,199,204,205,209,212,215,217,225,229,230,231,232,233,234,236,237,241,243,245,249,250,256,257,261,263,264,265,266,269,278,279,281,292,295,296,297,299
OX51,146,161,162,164,165,176,180,182,183,185,187,194,197,199,200,206,209,210,211,215,216,219,220,221,224,230,231,232,234,236,239,240,252,262,265,275,278,279,281,284,286,288,289,291,292,293,295,297
OX52,154,161,164,166,169,172,173,174,175,176,178,180,181,183,186,188,191,194,197,200,208,209,210,212,217,218,220,221,224,231,236,244,245,247,248,249,253,259,265,268,270,271,272,275,283,286,288,290,292,293
OX53,174,199,231,256,272,281
OX54,160,161,162,163,164,166,170,172,175,177,179,181,183,185,186,188,189,191,195,199,200,201,202,203,204,208,209,210,211,212,215,219,222,223,224,225,226,231,234,235,237,238,243,244,245,248,249,250,251,252,254,255,256,259,263,269,270,274,275,276,278,281,282,283,288,289,290,293
OX55,164,168,169,171,172,173,176,177,178,180,181,186,187,191,199,209,210,217,218,219,223,225,230,231,232,234,238,239,244,247,256,259,266,268,271,279,281,283,288,290,291,293,295,297
OX56,166,168,169,171,172,173,175,177,180,181,186,187,191,199,209,217,218,219,224,225,230,231,232,234,235,238,239,241,244,247,248,254,255,256,257,266,268,271,275,279,281,282,283,284,288,290,291,293,295,297
OX57,161,165,177,178,181,182,183,187,188,189,190,197,200,206,208,209,215,218,219,221,223,224,225,230,232,233,239,241,250,257,261,263,264,266,268,270,275,279,286,288,290,291,292,295,296,299
OX58,169,170,172,173,177,178,182,187,189,194,195,199,212,215,219,220,222,225,230,231,232,234,236,243,245,247,249,250,256,265,271,274,277,279,281,284,288,289,295,297
OX59,168,171,172,173,177,178,180,181,186,189,190,199,209,212,215,217,223,225,233,238,239,241,244,245,249,250,253,256,261,263,264,271,281,282,283,284,288,289,290,291,293,296,297,299
OX60,163,165,172,176,177,178,181,182,188,189,190,197,198,199,201,202,206,208,209,212,219,221,225,226,231,233,234,235,239,241,245,249,253,256,257,261,264,266,270,276,281,284,286,288,289,290,291,292,296,299
OX61,165,170,172,173,182,187,188,190,195,197,199,206,208,212,218,219,221,222,230,231,232,233,234,239,243,245,249,256,257,261,263,264,266,268,270,271,274,277,279,281,284,288,291,295,296,299
OX62,170,172,173,177,178,181,189,191,195,199,209,212,215,222,223,224,225,235,238,241,243,245,249,250,253,254,255,256,257,266,271,274,275,277,281,282,284,290
OX63,191,231,234,253,266,282
OX64,162,181,185,187,189,190,192,199,211,212,215,218,219,223,224,230,231,232,233,234,235,245,249,250,252,254,255,256,261,263,264,268,275,279,281,289,290,295,296,299
OX65,172,181,189,190,198,199,219,223,224,226,230,231,232,233,234,235,236,250,256,261,263,264,275,281,289,290,296,299
OX66,179,180,181,182,186,187,188,189,190,195,197,204,205,206,208,211,212,218,219,221,222,223,229,230,232,233,237,238,244,245,249,252,261,263,264,266,268,269,270,274,277,278,279,283,288,290,292,293,295,296,298,299
OX67,177,178,181,182,187,189,190,192,199,205,209,211,218,219,223,224,225,230,231,232,233,234,241,252,253,256,261,264,268,275,276,279,281,286,289,290,292,295,296,299
OX68,176,180,181,182,187,188,189,190,192,208,210,212,215,218,219,224,230,232,233,235,245,249,250,254,255,256,257,261,262,263,264,266,268,270,275,278,279,284,288,290,293,295,296,299
OX69,187,192,199,205,211,212,215,218,230,231,232,234,235,238,245,249,250,252,253,254,255,256,257,263,268,276,279,281,286,289,292,295
OX70,181,188,189,190,197,198,206,208,215,219,221,223,224,229,230,232,233,236,239,253,254,255,257,261,264,266,270,275,276,286,288,290,291,296,298,299
OX71,192,199,205,211,230,231,232,234,235,236,238,250,252,253,254,255,256,257,263,276,281,286,289,292
OX72,173,182,195,197,206,215,221,222,223,224,226,229,250,253,263,271,274,275,276,284,286,298
OX73,180,186,195,205,211,222,224,230,231,232,234,236,238,239,244,250,252,253,263,274,275,276,278,282,283,286,289,291,292,293
OX74,182,188,194,197,198,206,208,212,218,219,220,221,223,224,229,230,232,239,245,249,250,253,254,255,257,263,265,266,268,270,275,276,286,291,297,298
OX75,188,197,198,206,208,215,221,229,231,234,235,239,250,253,263,266,270,276,282,286,288,289,291,298
OX76,212,215,218,230,232,245,249,268
OX77,197,198,205,206,211,215,221,229,230,232,236,238,252,254,255,257,278,288,292,298
OX78,194,205,211,219,220,223,224,230,231,232,234,236,238,250,252,253,263,265,275,276,278,282,286,289,292,297
OX79,230,231,232,234,235,236,250,253,254,255,257,263,276,282,286,289
OX80,186,195,222,244,274,283
OX81,231,234,235,253,254,255,257,276,282,286
Z0,0,54,98,169,247
Z1,1,11,150,196,227
Z2,2,137,185,205,252
Z3,3,155,182,263,289
Z4,4,179,198,226,229
Z5,5,8,113,199,281
Z6,6,147,250,263,277
Z7,7,18,106,168,171
Z8,8,61,198,235,254
Z9,9,57,121,162,185
Z10,1,10,44,230,232
Z11,11,62,77,152,285
Z12,12,59,165,206,298
Z13,13,60,80,81,83
Z14,14,62,132,167,287
Z15,15,232,236,268,273
Z16,16,28,55,93,260
Z17,17,32,61,208,270
Z18,18,135,170,189,190
Z19,19,239,265,278,288
Z20,20,236,288,289,295
Z21,21,71,110,163,201
Z22,22,24,77,78,108
Z23,23,157,219,223,284
Z24,22,33,50,261,296
Z25,25,52,169,181,189
Z26,26,52,119,141,151
Z27,27,79,209,238,292
Z28,16,46,143,188,270
Z29,29,128,184,218,268
Z30,30,37,102,261,264
Z31,12,31,63,149,273
Z32,32,49,125,126,127
Z33,24,129,140,187,279
Z34,34,116,136,187,295
Z35,35,43,58,194,265
Z36,36,110,153,254,255
Z37,30,47,222,271,283
Z38,38,69,200,276,286
Z39,39,91,129,244,283
Z40,40,54,191,208,266
Z41,41,50,84,94,184
Z42,42,57,94,97,193
Z43,40,42,43,95,96
Z44,44,97,120,127,156
Z45,45,60,78,195,274
Z46,46,203,219,296,297
Z47,37,51,75,135,167
Z48,48,161,163,205,292
Z49,17,88,105,130,138
Z50,5,41,93,134,242
Z51,47,152,204,243,277
Z52,26,150,158,239,291
Z53,36,53,55,190,233
Z54,0,48,59,174,272
Z55,28,95,145,224,275
Z56,56,156,192,211,278
Z57,4,9,89,245,249
Z58,35,125,231,234,272
Z59,31,67,87,211,252
Z60,13,39,64,153,258
Z61,49,118,122,145,207
Z62,3,14,114,118,228
Z63,63,82,173,186,195
Z64,2,20,45,197,221
Z65,65,122,196,264,299
Z66,66,197,212,215,267
Z67,67,182,234,253,290
Z68,68,175,199,231,282
Z69,69,133,159,194,220
Z70,15,70,72,73,104
Z71,71,147,166,177,178
Z72,68,72,117,143,213
Z73,73,114,138,201,202
Z74,74,100,131,144,214
Z75,6,75,183,193,200
Z76,76,179,214,237,260
Z77,33,70,92,212,245
Z78,7,10,58,160,251
Z79,27,53,90,103,246
Z80,64,164,209,228,241
Z81,81,148,256,262,281
Z82,82,113,119,160,203
Z83,83,85,112,117,227
Z84,84,124,159,229,298
Z85,85,105,180,223,224
Z86,86,102,180,251,293
Z87,87,136,178,241,247
Z88,29,56,88,175,248
Z89,89,176,242,271,284
Z90,90,151,204,269,280
Z91,91,141,154,206,221
Z92,92,131,166,207,248
Z93,25,79,235,275,286
Z94,96,115,177,225,287
Z95,99,238,257,266,282
Z96,100,116,123,161,183
Z97,101,120,217,220,297
Z98,86,101,128,267,285
Z99,103,139,142,186,244
Z100,104,172,174,192,256
Z101,106,124,137,140,280
Z102,107,112,142,181,290
Z103,74,108,176,202,210
Z104,109,164,213,216,259
Z105,21,76,109,222,274
Z106,99,111,172,173,226
Z107,19,107,132,146,240
Z108,38,115,157,233,299
Z109,34,121,133,170,243
Z110,23,51,237,258,269
Z111,65,130,146,216,294
Z112,123,126,218,225,249
Z113,111,134,154,168,217
Z114,139,148,188,291,293
Z115,144,162,165,255,257
Z116,66,149,210,259,262
Z117,158,171,191,253,276
Z118,215,230,240,250,279
OZ0,137,152,164,176,185,198,204,205,213,214,216,222,226,229,237,242,243,245,249,252,259,260,271,274,277,284
OZ1,94,95,98,113,118,119,121,124,125,127,128,130,133,136,140,145,146,147,155,156,159,161,162,163,164,165,167,168,169,170,171,173,174,177,178,179,180,183,186,189,190,191,195,196,197,203,206,207,208,210,211,212,213,214,217,219,223,225,231,233,236,240,241,253,258,260,261,262,265,266,268,269,271,274,276,277,279,280,283,284,285,286,287,289,290,292,293,294,297,298
OZ2,98,105,117,118,129,130,132,141,142,145,148,153,154,164,171,180,181,182,191,206,207,209,216,221,223,224,228,232,240,241,244,246,253,256,258,262,263,264,265,268,273,276,278,281,283,290,291,295,299
OZ3,114,117,118,125,126,127,130,138,143,145,146,172,174,175,179,192,196,198,199,201,202,203,207,213,216,219,226,229,231,232,236,256,264,268,273,282,294,296,297,299
OZ4,118,125,126,127,130,131,132,145,146,147,150,157,164,166,167,171,176,179,183,191,193,195,196,197,200,203,204,212,213,214,221,222,223,239,242,243,248,249,250,253,258,259,260,261,263,264,269,271,276,285,287,291,294,297,299
OZ5,105,113,128,130,131,132,136,138,141,147,148,151,156,157,160,161,163,164,165,166,167,173,174,175,176,178,179,182,183,184,186,192,193,198,200,204,205,206,207,208,210,213,214,216,218,221,222,223,230,234,235,240,241,242,243,247,249,252,253,254,256,258,260,261,263,267,268,269,270,271,272,273,278,279,281,285,287,290,292,297,298
OZ6,97,113,119,124,125,126,128,131,135,140,155,156,160,164,166,168,170,171,176,179,180,182,185,189,190,205,207,212,213,214,216,217,219,220,230,236,237,242,248,249,251,252,259,260,263,264,267,268,273,274,280,283,284,285,289,293
OZ7,113,119,121,124,126,129,131,133,140,159,160,161,162,165,170,173,178,182,183,186,195,197,203,210,211,212,214,218,225,229,230,234,240,241,243,247,249,250,252,253,255,257,259,262,267,273,290,295,298
OZ8,119,128,129,130,131,132,138,147,151,153,154,156,157,166,167,169,175,176,179,180,181,183,184,189,192,193,195,197,198,200,203,204,206,207,208,209,211,212,213,214,216,218,222,224,228,235,241,242,243,244,249,250,254,259,260,261,263,268,269,270,271,278,283,285,287,297
OZ9,117,121,124,125,127,129,133,136,140,142,146,147,150,152,155,156,157,159,161,162,166,167,169,170,173,179,186,189,192,193,194,195,196,198,200,203,206,207,212,214,218,223,225,226,232,234,236,237,240,243,245,248,249,250,252,253,255,257,258,261,265,268,269,273,277,278,279,284,285,287,289,295,297
OZ10,132,136,141,148,151,154,160,161,163,164,165,168,170,172,173,174,175,176,178,189,190,195,198,199,203,204,205,206,210,212,213,214,216,217,221,222,229,230,237,238,240,241,243,245,247,248,249,250,256,257,260,266,267,271,272,273,277,279,282,284,285,287,292,298
OZ11,130,131,136,138,141,142,143,145,147,148,151,152,154,156,157,160,161,163,166,168,169,170,171,173,175,176,178,183,184,190,191,193,194,197,200,201,203,205,211,213,216,217,219,223,226,228,230,231,237,238,239,241,242,245,247,248,253,257,258,259,261,263,264,265,266,267,269,272,273,276,277,278,279,284,285,287,290,291,292,294,296,299
OZ12,121,124,125,126,128,131,133,135,140,141,147,148,150,151,152,154,156,159,160,161,162,163,166,167,169,172,174,175,176,177,180,183,186,197,199,204,207,208,211,212,221,222,223,225,226,230,233,234,237,238,239,243,246,247,249,250,251,256,257,258,262,264,265,267,268,269,272,273,274,280,282,283,285,286,287,288,290,291,292,293,294,295,299
OZ13,124,126,127,128,129,131,133,135,140,141,142,143,146,147,148,151,154,157,159,160,163,165,167,168,169,171,172,174,176,178,179,180,182,185,186,190,192,193,194,195,196,197,198,200,204,205,210,212,213,214,218,220,222,223,225,230,231,234,237,238,239,241,245,247,248,251,252,255,256,258,259,261,263,264,265,269,270,272,273,276,278,283,287,291,292,293,295,296,298
OZ14,125,128,129,133,135,136,141,147,148,150,151,152,154,156,157,159,160,163,166,167,170,172,174,175,176,180,186,197,199,200,204,206,207,208,211,212,214,218,220,221,222,223,225,226,229,230,234,237,238,239,246,250,251,255,256,258,262,264,267,268,269,272,273,274,276,279,280,282,283,285,288,290,291,292,293,294
OZ15,131,133,136,141,148,150,151,154,159,160,161,162,163,165,167,168,169,170,171,172,174,177,178,182,184,186,189,190,191,195,197,199,200,203,205,210,211,212,214,217,219,220,223,225,226,230,233,234,237,238,239,240,241,242,250,252,255,256,258,259,265,266,267,269,272,273,279,282,284,286,287,290,291,292,299
OZ16,133,138,142,143,145,146,147,150,152,153,156,159,162,163,164,165,170,172,173,174,175,176,178,179,182,186,194,195,199,200,210,212,216,219,220,222,223,225,228,231,234,240,245,247,248,252,253,254,256,257,258,259,260,269,274,276,278,282,284,285,286,296
OZ17,136,141,148,150,151,154,160,161,163,165,172,174,175,178,182,186,191,195,197,199,203,205,206,210,212,217,226,230,234,238,239,240,241,242,247,248,250,256,257,259,266,267,272,273,276,279,282,290,291,292,298
OZ18,128,129,141,145,148,150,151,152,154,157,163,164,165,166,169,170,172,174,175,176,177,178,180,183,186,192,193,194,199,200,204,207,208,210,213,214,216,218,219,221,222,224,226,229,231,233,238,240,241,246,250,255,256,260,261,263,265,268,274,275,277,280,282,283,284,285,286,287,290,291,292,293,294,298,299
OZ19,142,143,147,151,152,153,155,157,161,162,163,164,167,169,170,173,174,175,176,177,178,181,182,184,195,197,198,205,206,207,208,209,211,212,213,214,216,219,221,223,233,234,236,237,238,242,243,244,249,252,253,256,257,258,259,262,264,271,272,275,277,280,281,286,288,289,290,291,293,294,295,296,298
OZ20,135,138,141,146,147,155,157,161,164,165,171,172,173,179,181,182,183,184,191,192,193,195,197,198,199,200,203,205,206,207,208,209,210,211,214,216,219,221,222,223,224,228,231,234,236,238,240,242,243,244,245,248,249,250,251,252,254,258,259,261,262,263,265,271,272,274,276,278,280,281,282,285,286,287,289,293,294,295,298,299
OZ21,138,147,152,155,162,164,165,166,172,174,183,192,193,195,197,198,200,201,203,204,207,208,210,212,213,216,219,221,222,226,229,236,237,242,243,246,248,249,250,255,256,257,259,260,261,263,270,271,284,288,289,294,295,297
OZ22,145,146,150,151,156,161,162,164,167,169,174,176,178,179,181,183,184,186,192,193,195,199,200,201,203,205,206,209,211,212,214,216,219,225,226,228,229,231,238,240,242,243,244,245,246,247,250,254,255,256,257,259,261,262,263,264,269,270,271,272,274,275,278,280,281,282,284,285,286,290,291,293,297,298,299
OZ23,146,150,151,152,153,156,157,161,162,163,164,166,167,168,169,173,174,177,181,182,184,190,191,192,195,197,198,199,203,204,205,206,207,209,211,212,214,216,221,223,225,231,233,234,237,238,239,240,244,246,247,249,256,257,258,259,262,264,270,272,275,276,278,280,281,282,284,285,286,293,297,298
OZ24,129,147,148,150,151,152,153,154,157,161,163,164,166,169,171,174,176,178,191,194,204,205,206,209,219,221,223,225,228,239,241,242,243,244,247,253,256,258,262,265,271,272,276,277,281,283,287,291,292
OZ25,148,150,156,162,163,165,166,168,170,171,174,176,181,182,184,189,190,199,204,208,210,211,212,213,214,216,217,218,219,220,222,223,226,228,231,234,237,239,240,243,244,245,253,255,256,257,258,260,265,267,268,269,271,274,275,277,282,283,287,288,291,294,299
OZ26,127,150,151,152,155,161,162,163,165,166,169,170,171,172,173,175,177,178,182,183,185,193,195,196,198,199,200,201,203,204,205,206,207,209,210,213,216,217,218,220,222,223,228,231,233,234,236,237,238,240,242,244,245,249,250,252,254,258,260,261,262,263,265,266,267,268,272,276,277,280,281,282,283,284,286,287,289,295,297,298,299
OZ27,147,153,155,163,164,166,168,173,177,178,179,182,186,190,191,195,201,203,208,213,214,216,219,222,233,234,236,237,239,246,254,255,259,260,270,274,276,288,289,290,291,294,295,297,299
OZ28,155,157,162,163,164,167,168,169,170,171,172,174,175,178,184,189,190,192,193,194,195,197,198,200,203,205,206,207,208,211,212,213,216,221,222,223,225,226,229,236,246,247,249,250,252,255,256,257,258,259,260,261,263,265,269,270,277,284,287,288,289,292,294,295,297,298
OZ29,126,150,151,152,162,165,166,169,170,173,174,175,177,178,179,182,183,185,191,192,193,195,199,200,201,203,204,206,207,208,209,210,213,216,217,218,220,222,223,226,228,229,231,233,234,237,238,239,240,242,244,245,246,249,250,252,253,254,256,258,260,261,262,263,265,266,267,268,270,272,277,280,281,282,283,284,286,287,288,291,292,294,297,298,299
OZ30,150,151,152,161,162,163,165,166,169,170,172,173,175,177,178,182,183,185,191,193,195,198,199,200,201,203,204,205,206,207,208,209,210,213,216,217,218,220,222,223,228,231,233,234,237,238,239,240,242,244,245,246,249,250,252,253,254,258,260,261,262,263,265,266,267,268,270,272,277,280,281,282,283,284,286,287,288,291,294,297,298,299
OZ31,151,152,161,162,163,164,165,166,169,170,171,172,176,177,178,183,184,185,186,193,195,197,199,200,201,203,205,206,207,208,209,210,211,214,217,220,221,223,226,228,229,231,233,238,240,243,244,246,248,250,253,254,258,259,261,262,263,265,266,267,270,271,272,276,280,281,282,283,285,286,287,288,290,294,297,298,299
OZ32,152,157,162,165,166,167,169,170,171,173,176,177,178,179,181,182,185,186,192,193,194,195,197,200,203,204,205,206,207,210,214,217,218,219,220,221,228,233,234,237,243,250,252,261,263,266,267,268,270,271,274,275,276,283,284,285,288,290,291,292,293,297,298,299
OZ33,153,154,156,157,162,163,165,167,168,169,170,171,172,173,176,178,179,189,190,192,193,195,197,198,200,201,203,205,206,208,209,210,212,216,217,219,220,225,226,228,238,239,240,243,244,246,247,248,249,250,252,254,255,257,261,263,264,265,267,270,271,280,284,286,287,288,293,294,297
OZ34,156,162,163,164,169,172,174,175,176,179,181,183,184,185,189,192,195,198,203,205,206,209,211,213,214,216,217,218,219,221,222,239,242,243,245,246,248,249,252,253,255,256,257,259,260,268,270,271,275,276,277,280,282,284,285,286,291,297,299
OZ35,162,163,164,169,172,174,176,179,181,183,185,189,195,198,203,205,206,209,213,214,216,217,219,221,222,242,243,245,246,249,252,253,255,256,257,259,260,265,270,271,275,276,277,280,282,284,285,286,287,288,291,297,299
OZ36,157,161,164,165,166,167,168,171,173,174,175,177,182,183,189,190,191,192,194,195,199,201,203,205,208,209,210,212,217,219,220,225,226,228,229,231,233,234,237,238,239,240,242,244,245,247,248,253,254,255,256,257,259,262,266,267,270,272,274,281,282,283,285,286,288,291,292,294,297
OZ37,143,161,163,164,165,166,169,173,175,176,178,179,183,184,185,192,193,198,200,201,203,206,207,209,210,211,213,214,216,217,220,222,223,225,226,228,238,245,247,248,249,250,254,258,259,261,262,263,267,269,270,272,274,277,281,285,286,291,296,297,298
OZ38,159,161,163,164,168,170,172,176,178,184,185,186,190,191,193,195,197,199,200,201,203,207,208,211,212,214,217,218,219,225,229,231,237,238,239,240,242,243,244,245,246,247,250,254,259,261,262,263,265,268,270,271,272,274,281,284,285,287,288,290,291,293,294,297
OZ39,141,154,163,164,165,168,169,173,174,175,176,177,184,190,191,192,194,195,197,198,203,207,208,209,210,211,213,217,220,222,223,225,226,228,233,238,239,240,243,244,245,246,247,248,249,252,253,255,256,258,259,260,264,265,267,269,270,271,274,276,277,280,286,287,291,292,293,294,297,298,299
OZ40,154,164,165,169,171,173,175,176,181,183,184,189,194,205,206,207,210,211,213,216,219,220,223,228,237,238,248,252,257,258,259,260,264,265,266,267,269,274,275,282,283,285,287,292,293,298
OZ41,163,165,170,171,172,173,174,176,177,184,186,192,194,197,198,199,207,209,210,211,213,219,220,222,223,225,228,231,233,243,245,246,247,248,249,252,255,256,257,258,260,264,265,266,267,269,271,274,277,280,283,286,287,290,292,293,298
OZ42,165,166,168,169,170,172,175,176,178,181,182,189,190,191,193,194,195,197,198,199,200,203,205,206,207,208,210,213,216,217,218,220,221,222,223,225,228,229,231,234,239,240,244,245,247,249,250,258,260,261,263,265,267,268,269,270,274,275,276,277,282,285,287,291,292,293,294,297,298,299
OZ43,164,166,168,170,171,175,176,179,181,182,185,189,190,192,194,195,198,199,203,209,212,216,217,218,219,221,222,231,234,242,243,246,248,249,252,259,268,270,271,275,276,277,280,284,285,286,288,291,292,297,298,299
OZ44,172,178,179,181,183,185,189,192,193,194,197,198,200,207,209,214,218,220,221,225,226,230,243,244,246,247,248,249,252,253,261,263,268,270,271,275,276,279,280,282,283,286,288,291,292,297,298,299
OZ45,161,168,170,173,174,181,182,183,184,185,189,190,191,193,194,197,199,200,201,207,208,209,211,212,213,216,218,221,222,226,229,231,234,237,238,239,240,244,245,248,250,254,256,260,261,262,263,265,268,272,275,276,277,281,282,286,287,293,294,299
OZ46,160,166,171,173,174,183,184,185,191,194,195,199,201,203,205,218,220,226,230,237,238,239,242,244,245,248,250,252,254,256,268,269,270,273,274,279,281,282,283,285,288,292,297,298
OZ47,166,167,168,169,171,173,179,182,183,186,189,190,191,197,205,206,211,213,214,216,219,220,221,222,223,225,226,229,230,234,239,240,242,245,246,250,252,255,257,258,260,262,266,269,274,276,277,279,280,282,283,284,285,286,290,291,293,299
OZ48,167,169,170,171,175,176,178,179,182,185,189,193,199,200,206,207,211,214,216,219,220,222,223,226,229,230,231,234,237,240,243,245,247,253,255,257,258,261,262,263,266,269,271,277,279,283,286,293
OZ49,173,175,176,184,191,197,198,207,208,211,214,216,218,220,221,226,229,237,238,239,240,242,244,245,248,249,252,253,257,264,266,268,270,276,282,283,284,285,291,294,297,299
OZ50,169,170,171,175,177,178,182,185,192,194,199,206,207,212,213,216,217,218,220,221,230,231,233,234,240,248,250,252,255,257,260,264,266,268,270,276,279,282,285,288,291,297,298,299
OZ51,168,170,177,179,184,185,186,190,195,198,199,203,205,211,213,214,216,218,219,220,222,225,226,229,231,233,237,238,240,243,244,245,246,247,248,249,257,260,266,268,271,274,277,280,283,290
OZ52,171,175,176,182,184,185,186,194,198,200,205,207,208,211,214,216,220,226,234,237,238,240,242,244,245,248,249,253,257,264,265,266,270,274,276,280,282,283,284,285,286,287,290,294,297,298,299
OZ53,175,176,184,185,198,205,207,208,211,214,218,219,222,226,229,237,242,243,245,246,248,249,264,268,269,270,271,274,277,280,284,285,294,297
OZ54,178,179,181,182,184,189,191,195,197,198,199,203,205,207,214,218,219,220,221,222,223,226,228,229,231,234,237,239,242,245,246,247,248,249,257,258,262,264,266,268,274,275,276,277,280,283,284,285,291,293,299
OZ55,192,194,195,197,200,203,205,207,208,212,214,216,217,218,220,229,230,237,239,240,250,264,268,269,270,274,276,279,280,285,286,288,294,297,298,299
OZ56,183,195,203,205,237,269,274,292
OZ57,176,177,179,181,182,186,189,191,197,198,207,214,216,219,220,221,223,225,226,228,229,233,234,237,238,239,240,244,245,247,249,257,258,262,264,266,269,275,276,282,285,290,291,293,299
OZ58,184,185,186,193,194,197,199,205,207,209,212,214,216,220,221,222,223,225,226,228,231,237,238,239,240,242,243,244,245,250,252,253,258,261,262,263,265,270,271,274,277,280,284,287,290,291,293,297,298
OZ59,177,179,181,189,193,194,197,198,205,208,209,211,212,218,219,220,221,222,225,229,233,239,247,248,249,250,252,253,261,263,264,265,268,269,274,275,277,280,282,285,287,291,294,298
OZ60,182,186,191,193,194,195,198,200,203,205,207,208,209,211,214,218,219,220,223,228,230,234,237,238,242,243,244,246,248,249,252,253,257,258,261,262,263,265,266,268,271,274,279,280,284,286,287,290,293,294,298
OZ61,179,185,191,194,197,198,207,208,212,213,216,218,220,221,225,226,229,230,239,240,245,249,250,252,253,257,260,264,265,266,268,270,276,279,282,285,287,291,294,297,298,299
OZ62,185,191,195,197,198,200,203,208,212,213,214,216,220,221,222,225,226,230,237,239,240,245,246,249,250,252,253,257,260,266,269,270,277,279,282,285,286,291,294,297
OZ63,193,200,205,207,212,214,216,219,220,222,226,237,240,243,244,245,250,261,263,269,271,274,277,283,292
OZ64,207,214,216,219,220,237,240,243,244,264,269,271,283
OZ65,174,194,197,198,200,201,205,211,213,214,218,221,225,226,237,239,243,245,248,249,252,253,254,256,260,262,265,268,271,274,280,281,282,283,285,286,287,293,298
OZ66,197,212,230,242,244,250,262,267,279,283
OZ67,195,198,200,203,212,216,219,220,222,225,226,230,240,245,246,249,250,276,277,279,285,286,299
OZ68,194,200,208,218,219,229,265,268,269,270,276,286,287,294,297,298,299
OZ69,208,216,220,222,240,242,243,244,246,262,270,271,277,293,294,297
OZ70,200,209,211,219,221,223,225,228,239,242,243,248,252,253,258,262,267,269,270,271,280,282,284,285,291,292,297
OZ71,209,213,214,219,220,221,223,225,228,237,242,243,258,260,262,265,267,269,271,284,287,288
OZ72,242,262,283,293
OZ73,198,218,219,220,221,225,229,243,249,267,269,271,283,288,293,295
OZ74,211,213,214,216,219,220,221,222,229,237,240,244,246,248,252,253,260,265,267,269,276,277,280,282,285,286,287,288,292,293,299
OZ75,191,205,212,213,214,218,226,230,237,239,243,244,245,250,257,260,266,271,274,279,280,282,283,285,288,291,295
OZ76,205,212,218,219,220,226,230,243,244,245,250,265,269,271,274,279,280,283,287,295
OZ77,221,243,265,267,271,283,285,287,288,293
OZ78,220,239,265,270,285,287,288,291,297
OZ79,218,265,287,295
OZ80,229,246,263,276,280,286,292,299
OZ81,246,263,276,299
