X0,0,1,142,149,192,199
X1,0,8,60,61,262,269
X2,2,3,144,146,191,195
X3,3,7,62,63,264,266
X4,4,5,140,148,193,197
X5,1,5,64,65,260,268
X6,6,7,141,145,194,196
X7,4,6,66,67,261,265
X8,8,9,143,147,190,198
X9,10,11,102,103,174,175
X10,11,15,182,183,290,298
X11,12,13,104,105,178,179
X12,13,17,184,185,294,296
X13,14,15,108,109,176,177
X14,10,18,188,189,292,299
X15,16,17,100,101,172,173
X16,12,19,180,181,293,297
X17,18,19,106,107,170,171
X18,20,21,71,75,224,225
X19,20,28,121,125,244,245
X20,22,23,72,79,222,223
X21,22,29,120,128,240,241
X22,24,25,74,76,220,221
X23,24,26,123,127,242,243
X24,26,27,73,77,228,229
X25,21,25,124,126,246,247
X26,28,29,70,78,226,227
X27,30,31,91,95,284,286
X28,30,38,161,165,238,239
X29,32,33,92,99,280,288
X30,32,39,160,168,230,231
X31,34,35,94,96,283,287
X32,34,36,163,167,236,237
X33,36,37,93,97,282,289
X34,31,35,164,166,232,233
X35,38,39,90,98,281,285
X36,40,48,152,153,272,279
X37,41,45,158,159,270,278
X38,42,49,156,157,273,277
X39,43,47,154,155,274,276
X40,44,46,150,151,271,275
X41,40,41,112,113,204,205
X42,46,47,110,111,208,209
X43,42,43,114,115,202,203
X44,44,45,118,119,200,201
X45,50,58,80,81,131,135
X46,51,55,84,85,134,136
X47,52,59,88,89,130,138
X48,53,57,82,83,132,139
X49,54,56,86,87,133,137
X50,54,55,213,217,250,251
X51,56,57,214,216,254,255
X52,52,53,211,215,256,257
X53,58,59,210,218,252,253
X54,2,9,68,69,263,267
X55,60,68,120,121,180,188
X56,61,65,124,125,182,189
X57,63,67,122,123,184,186
X58,64,66,126,127,183,187
X59,70,71,162,163,294,295
X60,72,73,164,165,298,299
X61,74,75,168,169,296,297
X62,76,77,160,161,292,293
X63,78,79,166,167,290,291
X64,80,88,196,197,241,245
X65,81,85,194,195,244,246
X66,82,89,192,193,240,248
X67,83,87,198,199,242,249
X68,84,86,190,191,243,247
X69,90,91,151,155,218,219
X70,92,93,152,159,214,215
X71,94,95,154,156,212,213
X72,96,97,153,157,216,217
X73,98,99,150,158,210,211
X74,100,108,230,238,272,273
X75,101,105,232,239,278,279
X76,102,109,231,235,276,277
X77,103,107,234,236,274,275
X78,104,106,233,237,270,271
X79,110,118,140,141,251,255
X80,111,115,144,145,254,256
X81,112,119,148,149,250,258
X82,113,117,142,143,252,259
X83,114,116,146,147,253,257
X84,62,69,128,129,181,185
X85,130,131,220,228,282,283
X86,132,133,224,226,284,285
X87,134,135,222,229,288,289
X88,136,137,223,227,280,281
X89,138,139,221,225,286,287
X90,48,49,116,117,206,207
X91,23,27,122,129,248,249
X92,14,16,186,187,291,295
X93,170,178,203,207,260,261
X94,171,175,204,206,264,265
X95,173,177,200,208,262,263
X96,174,176,201,205,266,267
X97,33,37,162,169,234,235
X98,50,51,212,219,258,259
OX0,29,39,59,79,88,99,122,124,126,129,133,135,137,139,151,153,155,157,160,161,163,164,166,169,194,195,198,199,210,211,213,215,216,219,222,223,225,226,227,228,232,233,234,235,242,244,247,248,250,251,252,253,256,257,280,281,282,285,286,288,292,293,294,295
OX1,9,19,49,68,106,116,122,123,124,125,141,142,144,148,154,155,158,159,175,176,177,179,183,185,186,189,192,194,196,199,200,201,202,204,210,211,212,213,214,215,216,217,218,219,220,221,222,223,224,225,226,227,228,229,230,233,234,236,237,238,240,241,242,243,244,245,246,247,248,249,250,254,256,258,260,262,263,264,267,269,271,272,273,275,276,278,280,281,282,283,284,285,286,287,288,289,290,294,296,298
OX2,67,69,71,79,88,89,93,97,105,106,115,118,122,123,126,129,131,133,135,137,141,143,145,149,151,152,153,155,156,158,160,162,163,165,166,169,175,176,177,178,182,184,187,188,192,195,196,198,200,201,203,204,208,209,210,211,213,214,216,219,224,225,226,227,228,229,231,232,234,236,237,238,240,241,243,244,246,249,250,251,253,256,257,259,261,263,265,266,267,268,271,272,274,275,277,278,281,282,283,285,287,289,290,293,295,299
OX3,68,69,73,77,87,89,91,99,105,106,116,117,124,129,131,133,135,137,141,142,146,148,153,154,155,157,158,159,162,165,167,168,175,176,177,179,181,183,185,186,188,189,191,192,196,199,200,201,202,204,206,207,211,212,214,215,217,219,220,221,226,227,228,229,230,232,235,236,237,238,240,241,242,243,244,247,251,252,253,254,256,258,260,262,264,269,271,272,273,275,276,278,281,282,284,285,286,289,291,293,294,299
OX4,65,66,73,77,86,87,91,95,108,109,117,119,121,122,123,124,125,127,128,129,131,133,135,139,142,145,146,149,151,153,156,158,161,163,166,169,175,177,178,179,181,184,188,189,191,193,194,199,200,202,203,205,211,213,214,218,220,221,224,227,233,235,236,238,241,244,247,249,250,251,252,253,255,256,262,264,267,269,271,273,274,277,278,279,280,283,284,285,287,288,290,291,293,294,297,299
OX5,66,69,75,79,85,86,88,89,105,106,108,109,122,123,128,129,137,139,142,143,147,149,160,161,162,163,164,165,166,167,177,179,181,184,186,187,191,192,194,195,196,197,198,199,201,203,204,205,206,207,208,209,210,212,218,219,224,226,231,234,235,236,240,242,244,245,248,249,252,253,258,259,261,262,263,264,265,266,268,269,274,275,276,277,280,281,283,286,287,288,291,294,295,297
OX6,71,73,77,79,85,86,87,88,91,97,107,108,117,118,121,123,124,126,128,129,135,137,141,142,144,145,146,147,153,157,158,159,160,161,165,166,187,189,194,195,197,198,202,203,206,207,208,209,212,213,216,219,227,229,230,231,235,237,238,239,241,243,245,247,250,251,252,258,260,268,271,272,273,276,277,279,280,281,283,284,286,287,288,289,291,294,295,296,297,298
OX7,77,79,86,88,91,95,107,109,117,119,121,122,123,124,125,126,128,129,131,133,137,139,142,144,145,149,151,153,156,158,161,163,164,165,166,168,183,184,185,188,193,194,195,198,204,205,213,214,215,218,220,221,222,223,224,229,230,231,232,236,237,239,241,243,245,247,250,251,252,253,255,257,261,263,265,267,270,272,274,276,282,283,284,287,290,292,295,297,298,299
OX8,75,79,86,89,93,97,105,108,115,118,126,128,131,135,137,139,141,142,143,145,151,152,153,155,156,158,160,162,163,164,166,169,185,187,188,189,192,193,194,196,208,209,215,217,218,219,220,221,222,223,224,226,235,237,238,239,240,248,252,254,255,259,260,263,267,268,271,272,276,279,280,281,283,286,287,288,291,292,297,299
OX9,73,79,85,86,91,93,97,99,105,106,107,108,115,116,117,118,124,126,128,129,131,133,141,142,144,147,148,149,151,152,154,156,157,159,160,162,166,167,168,169,181,185,186,188,191,194,197,199,200,201,202,203,204,205,210,215,216,219,220,221,222,223,224,225,227,229,230,232,236,239,241,242,243,245,247,249,251,252,254,257,263,264,266,267,273,275,278,279,281,283,284,286,287,289,292,295,298,299
OX10,86,87,93,95,105,106,107,109,115,116,117,119,125,128,133,135,137,139,142,144,146,148,152,153,154,157,160,161,163,167,181,183,184,186,187,189,191,193,194,199,200,201,206,207,208,209,210,212,214,216,217,218,220,225,228,229,230,232,233,234,238,239,241,242,243,245,246,248,251,252,253,254,255,258,260,261,264,265,266,268,270,271,274,275,277,278,282,283,286,289,290,291,292,293,294,295,296,298
OX11,85,87,91,93,95,97,108,109,118,119,121,123,124,126,127,129,131,139,141,146,147,149,152,155,156,157,160,161,163,164,166,167,168,169,183,184,185,187,188,189,193,197,202,203,204,205,206,207,208,209,212,216,224,225,228,229,230,231,232,235,236,238,242,243,244,245,246,247,248,249,253,255,257,258,260,261,263,265,267,268,270,271,273,274,277,279,282,284,286,289,293,294,297,299
OX12,87,88,91,93,97,99,105,106,115,116,121,123,124,126,135,137,145,146,148,149,151,152,154,156,157,158,160,162,164,165,166,167,168,169,181,185,186,187,188,189,191,195,198,199,200,201,204,205,206,207,208,209,210,212,213,215,216,217,220,221,222,223,224,225,231,233,235,236,237,238,242,246,247,249,250,254,257,258,260,263,264,266,267,268,271,272,275,276,277,278,280,283,284,286,287,288,291,293,294,296,297,299
OX13,88,89,91,93,105,107,108,109,115,117,118,119,123,124,131,133,135,139,141,143,144,149,151,153,154,156,157,159,161,162,163,164,165,169,183,184,187,189,192,195,196,198,204,205,208,209,212,215,216,218,220,221,223,225,226,227,228,229,233,235,237,238,240,241,243,244,247,249,250,251,253,254,257,259,260,261,265,268,270,271,274,279,284,288,295,298
OX14,19,39,49,69,79,89,97,106,108,109,115,122,125,126,131,135,137,143,147,148,151,153,155,156,160,161,162,163,164,166,175,176,181,183,185,188,191,193,194,195,196,199,201,202,203,204,210,211,212,213,214,215,220,221,225,227,228,229,231,232,233,234,235,236,241,242,243,244,245,249,250,251,252,253,254,255,256,257,258,259,266,267,273,274,275,276,282,284,285,289,290,293,294,295,298,299
OX15,105,109,125,128,133,137,143,145,147,148,160,161,175,176,178,179,181,182,185,186,187,189,191,193,194,199,200,205,206,207,208,209,211,212,213,214,215,216,217,219,220,221,222,223,224,225,228,229,232,239,241,242,243,245,246,248,250,251,254,255,256,257,258,259,260,261,262,263,264,265,268,269,278,279,281,282,283,285,287,289,291,292,293,295
OX16,91,97,107,108,125,127,131,133,135,137,141,143,145,147,148,149,153,157,160,161,162,163,164,166,175,177,178,179,181,185,187,189,191,192,193,195,201,205,206,207,208,209,210,211,212,213,214,215,218,219,220,221,222,223,224,225,226,227,228,229,232,233,234,236,240,242,243,244,245,248,250,251,252,253,254,255,256,257,258,259,260,261,262,263,264,265,268,269,274,275,281,282,285,289,290,292,293,294,295,298
OX17,106,109,127,129,131,135,141,145,147,149,162,163,176,177,178,179,181,183,185,187,188,189,191,193,194,196,198,199,204,205,206,207,208,209,214,216,228,229,231,235,241,243,246,248,254,255,260,261,262,263,264,265,266,267,268,269,276,277,280,283,287,288,292,294,295,299
OX18,93,97,108,109,121,127,128,129,133,139,142,145,146,147,151,152,153,155,157,159,160,165,166,168,175,179,182,183,185,186,187,188,196,198,200,201,203,205,206,207,208,209,210,214,215,216,217,219,224,227,230,231,233,234,236,239,242,244,252,253,262,263,266,267,268,269,274,275,278,279,280,281,284,288,290,291,293,295,297,299
OX19,108,109,121,126,127,129,131,133,135,139,142,145,146,147,162,163,164,165,175,179,182,183,185,186,187,188,194,199,200,201,203,205,206,207,208,209,210,211,213,215,217,218,220,221,222,223,224,227,232,234,236,239,244,249,250,251,252,253,256,257,262,263,266,267,268,269,274,275,278,279,282,283,285,286,287,289,290,291,293,294,297,299
OX20,97,99,121,123,126,128,131,137,163,168,191,192,193,194,195,196,198,199,210,211,213,214,215,216,217,218,220,221,226,228,234,235,240,242,248,249,250,251,252,253,254,255,256,257,282,283,284,285,286,287,294,295,296,297
OX21,107,109,123,124,125,128,131,133,137,139,141,142,143,146,148,149,162,163,164,165,168,169,177,178,181,182,183,186,188,189,191,192,193,194,195,196,198,199,200,203,211,212,214,215,216,219,225,226,227,228,232,239,240,242,244,245,246,247,248,249,254,255,256,257,258,259,260,261,264,265,266,267,278,279,281,282,284,285,291,293,294,296,298,299
OX22,95,99,121,122,123,125,126,128,137,139,151,152,153,154,155,156,157,159,160,164,191,193,212,213,215,217,218,219,220,221,222,223,225,227,230,231,232,233,234,235,236,237,241,244,245,246,254,255,280,281,282,283,286,287,288,289,290,291,294,295,296,297
OX23,89,99,115,116,119,123,124,125,126,128,129,133,135,139,141,142,143,148,149,151,154,155,156,157,158,159,160,161,162,163,166,167,176,177,178,179,184,186,192,193,194,195,197,198,200,201,202,203,204,205,206,207,213,217,221,226,227,229,240,241,243,244,247,248,250,252,253,255,257,259,262,269,270,271,273,274,275,276,277,278,287,289,290,291,292,293,294,295
OX24,123,127,133,137,142,145,146,148,153,157,162,165,166,168,175,176,178,179,181,182,183,184,185,186,187,189,196,197,200,202,203,204,208,209,210,216,217,218,221,222,223,224,225,229,230,231,236,237,238,239,241,242,243,245,252,253,260,262,263,264,268,269,270,272,273,274,276,277,278,279,280,284,286,287,288,289,290,291,292,293,294,295
OX25,125,127,131,133,141,143,155,157,161,163,164,166,168,169,175,177,181,182,183,185,187,189,191,192,193,195,201,205,206,207,208,209,210,212,213,214,220,221,224,225,226,227,228,229,230,231,232,233,234,235,240,242,243,244,245,248,251,252,253,254,255,259,260,263,264,268,271,272,275,279,280,288,292,293,294,295
OX26,121,127,133,135,142,145,146,148,151,157,162,164,165,169,175,176,178,179,181,182,183,184,185,186,187,189,191,192,193,195,198,199,200,202,203,204,208,209,211,214,215,217,222,223,224,226,228,229,230,231,232,233,236,237,238,239,240,243,248,249,250,254,255,256,257,258,260,262,263,264,268,269,270,272,273,274,276,277,278,279,280,282,284,285,288,289,290,291,292,293,294,295,296,297
OX27,127,129,146,148,157,159,160,164,166,167,168,169,176,178,181,183,185,187,191,193,194,196,201,203,208,209,211,213,218,219,220,221,222,223,228,229,230,231,232,233,234,235,236,237,241,242,243,246,248,249,251,253,254,255,256,258,261,263,264,265,266,268,271,272,274,275,276,279,281,284,285,286,294,295
OX28,122,129,133,139,141,143,146,148,152,159,161,163,166,168,175,176,177,178,182,189,194,195,203,205,206,207,212,214,215,219,220,221,223,224,227,228,230,231,236,237,244,246,248,249,258,259,260,261,265,266,274,276,280,281,282,283,284,287,290,291,292,293
OX29,128,129,131,133,141,143,144,146,148,149,158,159,160,161,162,163,164,165,166,167,168,169,175,177,178,179,181,185,191,192,193,195,197,199,201,202,203,205,212,213,220,221,222,223,224,225,226,227,228,229,230,231,232,233,234,235,236,237,238,239,240,241,242,243,244,245,248,249,251,252,255,259,261,262,263,264,265,269,271,272,273,274,275,276,277,279
OX30,124,126,135,137,141,143,144,146,148,149,154,156,161,163,164,166,168,169,175,177,178,179,181,185,192,193,201,202,203,205,210,214,216,217,218,219,220,222,223,224,226,228,230,231,232,233,234,235,240,246,247,248,250,251,252,253,254,255,258,259,261,262,263,264,265,269,271,272,273,274,275,276,277,279,281,286,287,289,292,293,294,295
OX31,126,129,133,135,141,143,144,146,148,149,156,159,160,164,166,167,168,169,175,177,178,179,181,185,191,192,193,199,201,202,203,205,210,213,218,219,220,221,222,223,224,226,228,229,230,231,232,233,234,235,236,237,240,242,243,246,248,249,251,252,253,255,258,259,261,262,263,264,265,269,271,272,273,274,275,276,277,279,281,286,294,295
OX32,39,49,59,99,109,115,118,119,133,137,141,145,149,151,152,153,156,157,158,161,162,164,165,166,168,169,192,193,210,211,213,215,223,224,226,228,230,232,233,234,238,239,240,248,250,251,255,256,276,277,280,282,285,286
OX33,116,117,133,137,143,144,145,147,148,149,155,158,162,164,165,166,168,169,175,178,186,187,192,193,194,195,196,197,200,201,202,205,206,207,208,209,213,214,216,217,220,222,223,224,225,226,227,228,230,233,234,238,240,241,244,245,246,248,250,251,252,253,254,255,257,259,261,265,266,268,271,272,273,275,276,278,287,289,291,295
OX34,115,118,131,135,141,142,143,144,145,146,148,149,157,159,160,161,163,164,166,167,168,169,175,178,186,187,192,193,194,195,198,199,200,201,203,205,206,207,208,209,211,212,214,215,216,219,221,222,223,226,227,228,230,231,233,234,235,236,237,239,240,242,244,246,248,249,254,255,256,257,258,259,261,265,266,268,271,272,274,275,276,278,280,281,282,285,287,288,291,295
OX35,144,146,148,149,160,162,164,165,166,167,168,169,175,177,178,179,186,187,188,189,192,193,196,197,198,199,201,202,203,205,206,207,208,209,210,211,214,215,216,218,221,222,223,225,226,228,230,234,236,238,240,241,242,245,248,249,252,253,254,255,256,257,260,261,262,265,266,267,268,269,272,273,274,275,280,282,285,286,287,288,291,292,295,299
OX36,117,119,133,139,141,143,151,156,164,169,177,179,188,189,196,197,198,199,201,202,211,212,213,215,217,219,222,223,224,225,231,234,241,242,245,249,250,251,256,257,258,259,260,262,267,269,271,273,275,276,281,282,283,285,287,289,292,299
OX37,141,142,143,145,146,148,160,164,166,167,168,169,176,178,184,185,186,187,198,199,201,203,204,205,206,207,208,209,210,211,212,213,215,217,218,219,221,223,231,233,234,235,236,237,242,249,250,251,252,253,256,257,258,259,263,268,270,271,274,275,276,277,281,282,283,284,285,286,288,289,291,294,295,296
OX38,118,119,131,139,143,146,147,149,153,154,160,161,163,164,167,169,176,177,178,179,184,185,186,187,188,189,192,193,198,199,200,201,206,207,208,209,210,212,213,217,218,219,220,223,226,228,230,232,234,235,236,239,240,242,248,249,252,253,255,259,260,262,263,267,268,269,272,275,277,278,281,284,286,287,288,289,291,292,294,295,296,299
OX39,142,145,146,148,160,161,163,167,176,179,182,183,184,185,186,187,196,197,200,202,206,207,208,209,210,218,222,225,230,231,232,235,238,239,241,245,252,253,261,262,263,265,268,269,272,273,276,277,278,279,286,288,290,291,294,295,296,298
OX40,146,148,161,162,163,165,166,168,177,179,188,189,194,195,196,197,198,199,200,202,204,205,206,207,211,213,215,217,220,221,222,223,225,227,230,231,232,233,235,237,238,239,241,242,244,245,246,249,250,251,256,257,260,262,267,269,270,271,272,273,276,277,278,279,282,284,285,289,292,299
OX41,69,79,109,129,131,133,135,137,145,147,148,149,151,152,154,155,157,159,162,163,166,176,183,186,187,189,192,193,198,199,200,202,203,207,208,209,210,211,213,215,216,218,220,221,222,224,226,228,231,232,235,237,238,239,240,242,248,249,252,255,256,258,260,263,265,268,271,272,273,274,278,279,280,282,283,285,286,287,292,293,295,298
OX42,131,133,164,166,168,169,175,177,178,179,182,183,186,187,188,189,201,202,203,205,207,209,220,224,230,231,234,235,236,238,260,261,266,267,268,269,272,273,274,275,276,277,283,284,290,291,292,295,298,299
OX43,133,135,160,166,167,168,175,176,177,179,182,183,186,187,202,209,222,224,230,231,235,238,268,269,272,273,276,277,284,288,290,291,295,298
OX44,135,137,160,162,165,167,175,177,182,183,222,223,231,235,276,277,280,288,290,298
OX45,137,139,161,162,163,165,176,177,178,179,184,185,186,187,200,202,208,209,221,223,230,232,238,239,262,263,268,269,272,273,278,279,280,287,291,294,295,296
OX46,59,79,99,109,119,143,147,149,151,152,153,154,156,161,166,167,178,181,184,186,188,189,201,202,206,207,210,213,230,231,232,233,235,236,250,252,257,259,260,264,266,267,273,275,276,277,284,286,292,293,296,299
OX47,147,148,152,155,161,162,163,165,166,168,177,179,183,185,187,189,194,195,196,197,198,199,200,207,208,209,211,213,215,217,220,221,222,223,225,227,230,231,232,239,241,242,244,245,246,249,250,251,253,256,260,262,263,265,268,269,278,279,282,284,285,289,292,294,295,298
OX48,143,145,156,158,160,162,165,166,167,168,176,177,181,182,184,186,194,195,198,199,205,206,210,211,213,215,217,218,220,221,223,227,231,235,238,239,242,244,246,249,250,251,253,256,257,259,261,264,276,277,282,284,285,286,288,289,290,291,293,296
OX49,148,149,151,153,181,185,187,189,200,204,206,207,208,209,231,235,237,239,250,258,260,263,264,268,270,271,276,277,278,279,292,293,294,295
OX50,145,149,151,152,153,154,155,156,158,159,162,165,166,168,175,178,181,182,187,189,192,193,194,195,204,206,207,209,211,212,215,219,220,226,227,228,230,231,232,236,238,239,240,244,246,248,250,251,252,253,255,256,260,261,262,264,265,268,270,271,281,282,283,285,290,292,293,295
OX51,49,79,109,119,129,149,153,155,160,162,163,165,166,167,168,175,176,182,183,185,186,192,193,196,197,199,200,208,210,211,212,214,217,218,221,222,223,225,226,228,230,231,232,239,240,241,242,245,248,249,252,255,256,258,262,263,272,278,280,283,285,286,288,289,290,293,294,298
OX52,152,155,160,168,192,194,196,199,210,211,213,215,217,218,220,221,222,226,230,231,240,241,242,246,250,251,252,256,282,284,285,286,288,289
OX53,156,158,161,165,191,193,195,197,210,212,214,216,218,219,225,227,228,229,238,239,243,244,245,248,253,254,255,258,280,281,283,286,287,288
OX54,151,153,164,166,191,192,193,195,197,199,210,214,216,218,221,225,226,227,228,229,232,233,240,242,243,244,245,248,250,252,253,254,255,258,280,286,287,288
OX55,154,159,163,167,191,192,195,199,210,213,214,216,217,218,221,226,227,229,236,237,240,242,243,244,250,252,253,254,280,284,286,287,288,289
OX56,129,149,153,155,160,161,162,163,165,168,177,178,179,184,185,187,192,194,195,196,197,198,199,202,208,209,210,211,213,215,217,219,220,221,222,225,226,227,231,238,240,241,242,244,245,246,251,252,253,256,257,258,262,263,268,269,273,279,281,282,284,285,288,289,293,294,295,296
OX57,157,159,167,169,184,185,186,187,188,189,195,197,198,199,201,203,205,207,208,209,214,215,216,217,218,219,221,223,225,227,230,231,232,233,234,235,236,237,242,244,245,249,250,253,257,258,260,261,263,266,267,268,271,272,274,275,276,279,280,281,282,286,287,289,291,292,294,295,296,299
OX58,155,158,165,168,182,183,184,185,191,196,197,199,200,203,204,208,210,211,216,217,218,219,221,222,225,229,236,237,241,242,243,245,250,254,256,258,261,262,263,265,270,274,276,278,281,285,286,287,288,289,290,294,296,298
OX59,153,158,164,165,182,183,184,185,188,189,192,193,194,195,198,199,200,203,204,205,207,208,213,214,215,218,220,221,223,226,227,228,230,231,236,237,240,242,244,246,248,249,250,251,252,253,255,257,260,261,262,263,265,267,270,272,274,276,278,279,280,282,284,286,290,292,294,296,298,299
OX60,158,159,165,167,182,183,191,195,197,199,200,204,210,214,216,217,218,219,221,225,227,229,242,243,244,245,250,253,254,258,262,265,270,278,280,281,286,287,288,289,290,298
OX61,79,99,109,159,165,175,178,179,181,182,186,187,189,191,195,197,199,200,201,202,203,204,206,207,209,214,216,217,218,219,221,225,227,229,231,236,238,239,242,243,244,245,250,253,254,258,260,261,262,264,265,266,268,269,270,273,274,275,276,278,280,281,286,287,288,289,290,292,293,295
OX62,161,162,163,165,176,177,178,179,184,185,186,187,195,197,200,202,208,209,218,219,225,227,230,232,238,239,244,245,253,258,262,263,268,269,272,273,278,279,281,286,291,294,295,296
OX63,160,162,165,167,175,177,182,183,191,195,197,199,216,217,218,219,221,225,227,229,231,235,242,243,244,245,250,253,254,258,276,277,281,286,287,289,290,298
OX64,162,164,165,169,175,176,177,178,182,183,188,189,193,198,201,203,205,207,214,215,223,228,231,234,235,236,248,249,255,257,260,261,266,267,274,275,276,277,280,282,290,292,298,299
OX65,164,166,168,169,175,177,178,179,182,183,186,187,188,189,191,192,193,195,196,197,198,199,201,202,203,205,207,209,210,211,214,215,216,217,218,219,221,222,223,225,226,227,228,229,230,231,234,235,236,238,240,241,242,243,244,245,248,249,250,252,253,254,255,256,257,258,260,261,266,267,268,269,272,273,274,275,276,277,280,281,282,285,286,287,288,289,290,291,292,295,298,299
OX66,99,109,119,139,159,163,165,167,168,169,175,177,178,179,181,182,184,185,187,189,192,194,195,196,200,202,204,206,207,208,209,210,211,213,214,218,219,220,221,222,226,227,231,234,238,239,240,241,244,246,251,252,253,256,260,263,264,265,268,269,270,273,276,278,280,281,284,285,286,287,290,292,293,294,295,296
OX67,163,165,166,167,168,169,176,177,181,183,184,187,188,189,191,192,196,198,200,201,203,204,205,206,207,209,210,211,215,216,222,223,226,229,231,232,233,234,235,236,237,239,240,241,243,249,252,254,256,257,260,261,262,264,265,266,267,268,270,271,274,275,276,277,278,279,282,285,287,288,292,293,295,296,298,299
OX68,166,169,177,179,182,183,184,185,186,188,191,192,197,198,201,202,203,204,205,208,210,215,216,219,223,225,226,229,230,233,234,236,237,238,240,243,245,249,252,254,257,258,261,263,265,266,267,269,270,271,272,273,274,275,281,282,287,288,290,291,294,296,298,299
OX69,167,168,177,179,182,183,185,188,191,192,194,196,197,198,202,204,205,208,210,211,213,215,216,219,220,222,223,225,226,229,230,233,237,238,240,241,243,245,246,249,251,252,254,256,257,258,263,265,267,269,270,271,272,273,281,282,284,285,287,288,290,294,298,299
OX70,165,169,175,178,181,182,183,186,191,192,194,197,200,201,203,206,210,213,216,219,220,225,226,229,232,234,236,239,240,243,245,246,251,252,254,258,261,262,264,266,274,275,278,279,281,284,287,288,290,291,293,298
OX71,139,159,169,175,176,187,188,191,192,194,195,201,204,205,209,210,213,214,216,218,220,221,226,227,229,233,234,235,240,243,244,246,251,252,253,254,265,266,267,268,270,271,275,277,280,284,286,288,295,299
OX72,176,178,184,186,230,232,272,279,291,296
OX73,178,179,181,182,183,185,187,189,200,202,203,204,206,207,208,209,231,235,236,237,238,239,260,261,262,263,264,265,268,269,270,273,274,276,277,278,290,292,293,294,295,298
OX74,177,179,181,183,185,187,200,202,204,206,208,209,235,237,238,239,262,263,264,265,268,269,270,273,277,278,293,294,295,298
OX75,175,179,183,187,202,209,235,238,268,269,273,277,295,298
OX76,119,149,159,169,181,182,184,185,186,187,188,189,195,198,199,200,201,203,205,206,207,208,209,214,215,218,219,221,223,227,230,231,232,233,234,235,236,237,239,242,244,249,253,257,260,261,262,263,264,266,267,268,271,272,274,275,276,277,278,279,280,281,282,286,290,291,292,293,294,295,296,299
OX77,109,149,159,181,185,195,199,200,206,208,214,218,221,227,235,237,239,242,244,253,263,264,277,278,280,286,293,294
OX78,159,168,179,183,188,195,196,199,202,204,205,211,214,217,218,221,222,227,230,233,238,241,242,244,250,253,256,265,267,269,270,271,272,273,280,285,286,289,298,299
OX79,149,168,182,184,196,203,211,217,222,236,241,250,256,261,262,274,285,289,290,296
OX80,191,192,194,197,198,210,213,215,216,219,220,223,225,226,229,240,243,245,246,249,251,252,254,257,258,281,282,284,287,288
OX81,181,182,184,187,188,200,203,205,206,209,230,233,235,236,239,261,262,264,267,268,271,272,274,277,278,290,293,295,296,299
Z0,0,60,120,192,240
Z1,1,64,127,199,242
Z2,2,68,121,195,244
Z3,3,63,123,191,243
Z4,4,67,122,193,248
Z5,5,65,125,197,245
Z6,6,66,126,194,246
Z7,7,62,128,196,241
Z8,8,61,124,190,247
Z9,9,69,129,198,249
Z10,10,102,160,231,292
Z11,11,103,167,236,290
Z12,12,105,161,239,293
Z13,13,104,163,237,294
Z14,14,109,162,235,295
Z15,15,108,165,238,298
Z16,16,101,166,232,291
Z17,17,100,168,230,296
Z18,18,106,164,233,299
Z19,19,107,169,234,297
Z20,20,88,138,225,245
Z21,21,86,133,224,247
Z22,22,80,135,222,241
Z23,23,87,137,223,249
Z24,24,83,139,221,242
Z25,25,81,131,220,246
Z26,26,84,134,229,243
Z27,27,89,130,228,248
Z28,28,85,136,227,244
Z29,29,82,132,226,240
Z30,30,95,156,238,273
Z31,31,91,151,233,271
Z32,32,92,152,230,272
Z33,33,99,150,234,275
Z34,34,94,154,236,274
Z35,35,96,153,232,279
Z36,36,93,159,237,270
Z37,37,97,157,235,277
Z38,38,98,158,239,278
Z39,39,90,155,231,276
Z40,40,112,153,217,250
Z41,41,113,158,210,252
Z42,42,115,157,216,254
Z43,43,114,155,218,253
Z44,44,119,151,219,258
Z45,45,118,159,214,255
Z46,46,111,150,211,256
Z47,47,110,154,213,251
Z48,48,116,152,215,257
Z49,49,117,156,212,259
Z50,50,94,131,212,283
Z51,51,90,136,219,281
Z52,52,93,130,215,282
Z53,53,98,132,211,285
Z54,54,95,133,213,284
Z55,55,97,134,217,289
Z56,56,92,137,214,280
Z57,57,96,139,216,287
Z58,58,99,135,210,288
Z59,59,91,138,218,286
Z60,12,60,179,180,269
Z61,15,61,177,182,262
Z62,19,62,171,181,264
Z63,14,63,176,186,266
Z64,16,64,172,187,268
Z65,18,65,170,189,260
Z66,11,66,175,183,265
Z67,13,67,178,184,261
Z68,10,68,174,188,267
Z69,17,69,173,185,263
Z70,29,70,128,185,294
Z71,21,71,126,187,295
Z72,22,72,120,188,299
Z73,26,73,127,183,298
Z74,24,74,123,184,296
Z75,20,75,121,180,297
Z76,25,76,124,189,292
Z77,27,77,129,181,293
Z78,28,78,125,182,290
Z79,23,79,122,186,291
Z80,38,72,165,223,281
Z81,30,76,161,221,286
Z82,33,70,162,227,280
Z83,37,74,169,220,282
Z84,35,73,164,228,283
Z85,31,78,166,226,284
Z86,34,71,163,225,287
Z87,36,79,167,222,289
Z88,39,75,168,224,285
Z89,32,77,160,229,288
Z90,52,88,145,196,256
Z91,59,89,142,192,252
Z92,56,86,144,191,254
Z93,54,87,149,199,250
Z94,50,80,148,197,258
Z95,58,81,146,195,253
Z96,57,82,140,193,255
Z97,55,85,141,194,251
Z98,9,113,143,205,267
Z99,1,117,142,207,260
Z100,2,111,144,208,263
Z101,6,115,145,203,261
Z102,4,112,148,204,265
Z103,0,119,149,200,262
Z104,5,110,140,209,268
Z105,7,118,141,201,266
Z106,8,114,147,202,269
Z107,3,116,146,206,264
Z108,47,109,177,208,276
Z109,49,102,175,206,277
Z110,46,104,179,209,271
Z111,42,100,172,202,273
Z112,40,108,176,205,272
Z113,44,103,174,201,275
Z114,48,105,178,207,279
Z115,45,101,173,200,278
Z116,53,83,147,198,257
Z117,51,84,143,190,259
Z118,41,106,171,204,270
OZ0,118,119,122,123,127,128,129,140,144,145,147,149,150,154,155,157,159,162,163,166,168,169,170,171,176,177,178,179,181,184,185,186,187,191,193,196,198,199,211,213,214,216,218,230,232,234,235,237,241,242,243,248,249,251,253,254,255,256,262,264,266,269,271,273,274,276,278,291,294,295,296,297
OZ1,140,141,142,143,144,145,146,147,148,149,150,151,152,153,154,155,156,157,158,159,160,161,162,163,164,165,166,167,168,169,170,171,172,173,174,175,176,177,178,179,210,211,212,213,214,215,216,217,218,219,230,231,232,233,234,235,236,237,238,239,250,251,252,253,254,255,256,257,258,259,260,261,262,263,264,265,266,267,268,269,270,271,272,273,274,275,276,277,278,279,290,291,292,293,294,295,296,297,298,299
OZ2,98,99,122,125,126,127,141,143,144,149,150,152,155,156,157,158,160,161,162,165,168,169,170,171,172,173,174,175,176,177,178,179,182,183,186,187,192,193,195,196,197,198,213,214,217,219,220,221,230,231,234,235,238,239,240,241,242,245,246,248,250,251,254,259,260,261,262,263,264,265,266,267,268,269,272,273,275,276,277,278,282,284,285,286,288,289,292,293,294,296,297,299
OZ3,160,161,162,163,164,165,166,167,168,169,170,171,172,173,174,175,176,177,178,179,190,191,192,193,194,195,196,197,198,199,220,221,222,223,224,225,226,227,228,229,240,241,242,243,244,245,246,247,248,249,260,261,262,263,264,265,266,267,268,269,280,281,282,283,284,285,286,287,288,289,290,291,292,293,294,295,296,297,298,299
OZ4,190,191,192,193,194,195,196,197,198,199,200,201,202,203,204,205,206,207,208,209,220,221,222,223,224,225,226,227,228,229,230,231,232,233,234,235,236,237,238,239,240,241,242,243,244,245,246,247,248,249,260,261,262,263,264,265,266,267,268,269,270,271,272,273,274,275,276,277,278,279,280,281,282,283,284,285,286,287,288,289
OZ5,180,181,182,183,184,185,186,187,188,189,200,201,202,203,204,205,206,207,208,209,210,211,212,213,214,215,216,217,218,219,220,221,222,223,224,225,226,227,228,229,240,241,242,243,244,245,246,247,248,249,250,251,252,253,254,255,256,257,258,259,270,271,272,273,274,275,276,277,278,279,290,291,292,293,294,295,296,297,298,299
OZ6,124,126,127,128,129,141,143,145,147,149,151,155,157,158,159,164,166,167,168,169,174,175,181,183,185,187,189,191,192,193,195,197,200,201,202,203,206,207,208,209,210,214,216,218,219,220,221,222,223,224,225,226,227,228,229,231,235,237,238,239,240,243,244,245,248,252,253,254,255,258,271,272,276,277,279,280,281,282,283,284,285,286,287,288,289,290,291,296,297,299
OZ7,125,127,148,149,151,153,165,167,174,175,176,177,182,183,197,199,200,201,204,205,217,219,236,238,242,245,250,258,272,275,290,298
OZ8,122,126,142,143,144,145,146,147,148,149,150,151,152,153,155,156,157,158,162,166,172,173,176,177,186,187,193,194,202,203,204,205,206,207,210,211,212,215,216,217,218,219,232,235,246,248,250,252,253,254,256,257,258,259,260,261,262,263,264,265,266,267,268,269,276,278,291,295
OZ9,123,128,144,145,150,157,163,168,170,171,174,175,176,177,184,185,191,196,200,201,204,205,206,207,210,212,213,214,215,217,218,219,220,221,222,223,224,225,226,227,228,229,230,237,240,242,244,245,246,247,248,249,250,251,252,253,255,257,258,259,260,261,262,263,264,265,266,267,268,269,270,272,274,275,276,277,278,279,290,291,292,293,295,297,298,299
OZ10,170,171,172,173,174,175,176,177,178,179,200,201,202,203,204,205,206,207,208,209,210,211,212,213,214,215,216,217,218,219,220,221,222,223,224,225,226,227,228,229,240,241,242,243,244,245,246,247,248,249,250,251,252,253,254,255,256,257,258,259,260,261,262,263,264,265,266,267,268,269,270,271,272,273,274,275,276,277,278,279,290,291,292,293,294,295,296,297,298,299
OZ11,126,128,131,135,141,145,162,163,172,173,185,187,194,196,208,209,214,215,216,217,220,221,222,223,224,225,226,227,228,229,235,237,241,246,251,256,270,272,273,277,278,279,280,281,283,284,285,286,287,288,290,291,292,293,296,297,298,299
OZ12,129,131,132,135,139,147,151,155,156,157,159,161,176,177,178,179,181,198,200,201,202,203,213,215,217,239,249,250,251,252,253,254,255,256,258,259,260,261,262,263,264,265,266,267,268,269,274,275,278,282,284,286,289,293
OZ13,128,131,132,134,135,136,139,145,150,151,152,156,159,163,174,175,178,179,185,196,202,203,204,205,211,212,219,237,240,242,243,244,245,246,247,248,249,256,271,274,275,276,277,278,279,281,283,285,287,294
OZ14,127,131,133,135,137,149,151,155,157,158,159,165,176,177,178,179,183,199,200,201,202,203,211,215,217,238,242,251,252,253,254,255,256,257,258,259,260,261,262,263,264,265,266,267,268,269,273,274,275,281,282,285,289,298
OZ15,210,211,212,213,214,215,216,217,218,219,230,231,232,233,234,235,236,237,238,239,240,241,242,243,244,245,246,247,248,249,250,251,252,253,254,255,256,257,258,259,260,261,262,263,264,265,266,267,268,269,280,281,282,283,284,285,286,287,288,289
OZ16,132,139,150,151,152,154,155,156,157,159,162,163,168,169,172,173,174,175,178,179,202,203,204,205,208,209,211,214,215,216,220,221,222,223,226,227,228,229,231,236,240,241,242,243,244,245,246,247,248,249,270,271,272,273,275,277,280,281,282,283,284,285,286,287,288,289,290,291,292,293,294,295,296,297,298,299
OZ17,131,133,134,135,136,137,150,152,154,155,156,157,164,165,166,167,168,169,178,179,202,203,211,212,213,215,217,219,220,221,224,225,231,235,236,238,270,271,273,274,276,277,278,279,280,281,282,283,284,285,286,287,288,289,290,291,292,293,294,295,296,297,298,299
OZ18,133,134,136,137,150,151,153,154,158,159,162,163,164,165,176,177,200,201,212,214,216,219,222,223,226,227,230,231,232,235,236,238,250,251,252,253,254,255,256,257,258,259,260,261,262,263,264,265,266,267,268,269,270,271,272,273,275,276,277,278,280,281,282,283,284,285,286,287,288,289,290,291,292,293,294,295,296,297,298,299
OZ19,134,136,155,157,164,165,166,167,174,175,176,177,178,179,200,201,202,203,204,205,212,213,217,219,222,223,237,239,240,241,242,243,244,245,246,247,248,249,250,251,252,253,254,255,256,257,258,259,260,261,262,263,264,265,266,267,268,269,270,276,277,278,280,281,282,283,284,285,286,287,288,289,290,291,292,293,294,295,296,297,298,299
OZ20,150,151,152,153,154,155,156,157,158,159,220,221,222,223,224,225,226,227,228,229,250,251,252,253,254,255,256,257,258,259,260,261,262,263,264,265,266,267,268,269,270,271,272,273,274,275,276,277,278,279
OZ21,142,143,151,152,153,155,157,159,166,167,168,169,172,173,176,177,178,179,191,193,194,195,196,197,198,199,204,205,206,207,218,219,220,221,222,223,231,233,234,236,242,243,248,249,250,251,253,254,255,256,257,258,271,272,273,276,278,279,281,282,284,285,286,289,290,291,292,293,294,295,296,297,298,299
OZ22,144,145,151,152,154,155,156,159,162,163,164,165,168,169,172,173,178,179,191,196,202,203,208,209,214,215,222,223,224,225,228,229,230,232,237,239,240,241,242,243,248,249,250,251,252,253,255,257,258,259,260,261,262,263,264,265,266,267,268,269,270,272,274,275,276,277,281,283,285,287
OZ23,148,149,151,153,155,157,164,165,166,167,168,169,174,175,176,177,197,199,200,201,204,205,212,213,226,227,228,229,231,235,236,238,242,243,244,245,246,247,250,258,272,275,276,277,281,282,285,289
OZ24,146,147,151,152,155,159,162,163,164,165,172,173,174,175,176,177,195,198,200,201,204,205,208,209,212,213,214,215,216,217,218,219,220,221,222,223,226,227,230,231,232,235,236,238,242,243,246,247,253,257,272,273,275,276,277,278,280,281,283,285,287,288,290,291,292,293,294,295,296,297,298,299
OZ25,220,221,222,223,224,225,226,227,228,229,230,231,232,233,234,235,236,237,238,239,250,251,252,253,254,255,256,257,258,259,260,261,262,263,264,265,266,267,268,269
OZ26,141,147,152,154,156,159,164,165,168,169,172,173,176,177,191,195,196,198,202,203,206,207,212,213,214,215,216,217,218,219,224,225,228,229,230,232,235,238,242,243,244,245,253,254,255,256,264,266,272,273,276,278,280,281,283,285,287,288,290,291,292,293,294,295,296,297,298,299
OZ27,143,145,151,152,153,155,157,159,166,167,168,169,172,173,176,177,178,179,191,195,196,198,200,201,204,205,206,207,214,215,222,223,224,225,228,229,230,232,235,237,238,239,240,241,246,247,248,249,250,251,255,256,258,259,260,261,262,264,265,266,268,269,270,274,275,277,280,282,284,286,288,289
OZ28,147,149,152,153,157,159,162,163,166,167,168,169,172,173,191,193,194,195,196,197,198,199,230,232,240,241,244,245,246,247,250,251,254,255,256,257,262,269,270,271,272,274,275,276,277,279
OZ29,145,149,151,152,154,155,156,159,162,163,164,165,168,169,172,173,178,179,193,194,197,199,200,201,204,205,212,213,226,227,228,229,231,233,234,235,236,238,240,241,242,243,246,247,251,254,255,258,261,265,270,272,274,275,276,277,280,283,284,286,287,288,290,291,292,293,294,295,296,297,298,299
OZ30,250,251,252,253,254,255,256,257,258,259,260,261,262,263,264,265,266,267,268,269,280,281,282,283,284,285,286,287,288,289,290,291,292,293,294,295,296,297,298,299
OZ31,162,164,165,169,181,184,185,186,200,201,202,203,206,207,208,209,222,223,224,225,228,229,233,238,240,241,242,243,244,245,246,247,248,249,264,266,271,273,274,275,276,277,281,283,285,287,295,297
OZ32,161,163,181,182,183,185,187,189,202,203,206,207,208,209,222,223,232,233,236,238,260,261,262,265,268,269,270,273,274,276,277,278,280,288,292,295,296,297
OZ33,164,169,181,182,185,189,200,201,208,209,226,227,232,235,236,237,262,263,267,269,270,274,276,278,281,285,292,293,296,298
OZ34,166,168,181,183,185,187,204,205,206,207,228,229,231,233,238,239,261,264,265,266,270,273,277,278,282,289,290,294,295,297
OZ35,240,241,242,243,244,245,246,247,248,249,260,261,262,263,264,265,266,267,268,269,270,271,272,273,274,275,276,277,278,279,280,281,282,283,284,285,286,287,288,289
OZ36,153,157,183,184,186,187,193,194,196,197,200,201,206,207,208,209,212,213,214,215,216,217,226,227,236,237,242,243,246,247,248,249,252,253,257,259,261,262,263,265,267,269,271,272,273,275,281,285,292,293,296,297,298,299
OZ37,155,157,181,185,191,195,202,203,212,213,217,219,232,233,236,237,238,239,246,247,260,268,270,271,272,275,276,277,278,279,290,291,292,293,294,295,298,299
OZ38,151,157,183,184,186,187,193,194,196,197,202,203,204,205,206,207,208,209,212,213,214,215,216,219,228,229,230,231,234,235,238,239,242,243,246,247,248,249,251,254,255,256,263,267,272,273,275,279,280,281,283,284,285,286,287,288,292,293,296,297,298,299
OZ39,157,159,184,186,194,196,200,201,202,203,204,205,206,207,208,209,215,217,228,229,230,231,232,233,234,235,236,237,238,239,244,245,251,254,255,256,270,271,274,275,276,277,280,281,283,284,285,286,287,288,290,291,292,293,296,297,298,299
OZ40,152,159,181,184,185,186,191,194,195,196,202,203,204,205,208,209,212,213,218,219,224,225,230,231,232,233,236,237,238,239,244,245,246,247,251,253,254,255,256,257,261,263,265,267,274,276,278,279,280,281,282,283,285,287,288,289,290,291,292,293,298,299
OZ41,158,159,182,183,187,189,192,193,197,199,202,203,211,212,213,215,226,227,228,229,232,233,236,237,238,239,242,243,244,245,246,247,251,252,253,254,255,256,257,259,261,262,263,264,265,266,267,269,270,271,272,275,278,279,280,283,284,286,287,288,292,293,294,295,296,297
OZ42,154,156,182,183,187,189,192,193,197,199,206,207,208,209,212,213,216,217,218,219,222,223,232,233,242,243,244,245,246,247,253,254,256,257,261,262,265,269,271,272,273,274,275,279,280,288,290,291,298,299
OZ43,156,159,182,183,187,189,192,193,197,199,202,203,204,205,206,207,208,209,212,214,216,217,218,219,224,225,230,231,234,235,238,239,242,243,244,245,246,247,251,253,254,255,256,257,260,261,262,264,265,266,268,269,274,276,277,278,284,286,290,291,298,299
OZ44,200,201,202,203,204,205,206,207,208,209,260,261,262,263,264,265,266,267,268,269,270,271,272,273,274,275,276,277,278,279,290,291,292,293,294,295,296,297,298,299
OZ45,172,173,174,175,176,177,178,179,181,182,183,184,185,186,187,189,202,203,204,205,216,217,222,223,224,225,251,255,260,261,264,265,266,268,280,284,286,288,292,293
OZ46,174,175,176,177,178,179,181,182,183,185,187,189,202,203,206,207,208,209,216,217,218,219,222,223,226,227,228,229,230,231,232,233,234,235,236,237,238,239,251,252,255,259,261,262,263,264,265,266,267,269,270,271,272,273,274,275,276,277,278,279,280,281,282,285,288,289,292,293,294,295
OZ47,176,177,178,179,181,183,185,187,204,205,206,207,214,215,216,217,218,219,224,225,226,227,251,252,254,255,256,259,262,269,281,284,285,286,292,293,294,295,298,299
OZ48,178,179,181,185,206,207,208,209,212,213,226,227,228,229,230,231,232,233,234,235,236,237,238,239,251,252,253,254,255,256,257,259,263,264,266,267,270,271,272,273,274,275,276,277,278,279,280,283,284,286,287,288,296,297
OZ49,230,231,232,233,234,235,236,237,238,239,260,261,262,263,264,265,266,267,268,269,270,271,272,273,274,275,276,277,278,279,290,291,292,293,294,295,296,297,298,299
OZ50,165,168,202,203,204,205,212,213,214,215,216,217,231,239,252,253,257,259,260,264,266,268,270,271,274,275,276,278,280,281,282,283,284,285,286,287,288,289,292,293,297,299
OZ51,167,169,182,183,187,189,204,205,206,207,208,209,214,215,216,217,222,223,232,233,235,236,238,239,251,254,255,256,261,262,264,265,266,269,270,272,274,276,278,279,280,288,291,292,293,297
OZ52,182,183,187,189,222,223,232,233,236,237,238,239,270,271,272,275,278,279,280,288,290,291,298,299
OZ53,163,168,183,184,186,187,212,213,218,219,224,225,226,227,231,237,238,239,251,253,254,255,256,257,260,261,262,263,264,265,266,267,268,269,270,273,277,278,280,282,283,287,288,289,292,293,294,297,298,299
OZ54,184,186,224,225,226,227,228,229,238,239,270,271,273,274,275,276,277,278,281,282,284,285,286,289,290,291,292,293,296,297,298,299
OZ55,168,169,202,203,206,207,208,209,216,217,218,219,222,223,231,235,236,237,238,239,251,252,255,259,263,264,266,267,270,273,274,276,277,278,280,288,290,291,292,293,294,295,296,297,298,299
OZ56,181,185,226,227,228,229,232,233,260,261,262,263,264,265,266,267,268,269,271,272,273,274,275,276,277,279,281,282,285,289,296,297
OZ57,183,187,224,225,228,229,232,233,234,235,236,237,238,239,270,271,272,274,275,276,278,279,282,284,286,289,290,291
OZ58,270,271,272,273,274,275,276,277,278,279,290,291,292,293,294,295,296,297,298,299
OZ59,193,194,196,197,202,203,204,205,212,213,214,215,216,217,242,243,246,247,248,249,252,253,257,259,260,264,266,268
OZ60,191,195,202,203,212,213,226,227,228,229,246,247,251,252,253,254,255,256,257,259,261,262,263,264,265,266,267,269,280,283,284,286,287,288,290,291,292,293,294,295,296,297,298,299
OZ61,206,207,208,209,226,227,228,229,260,263,264,266,267,268,281,282,285,289,290,291,292,293,294,295,296,297,298,299
OZ62,194,196,218,219,224,225,226,227,244,245,252,259,281,284,285,286
OZ63,204,205,208,209,224,225,228,229,260,261,263,265,267,268,282,284,286,289,290,291,292,293,294,295,296,297,298,299
OZ64,192,199,208,209,214,215,222,223,248,249,254,256,262,269,280,288
OZ65,202,203,222,223,261,262,263,264,265,266,267,269,280,288,290,291,292,293,294,295,296,297,298,299
OZ66,208,209,228,229,262,269,282,289
OZ67,260,261,262,263,264,265,266,267,268,269,290,291,292,293,294,295,296,297,298,299
OZ68,214,215,222,223,254,256,280,288
OZ69,212,213,224,225,251,252,253,254,255,256,257,259,280,281,282,283,285,287,288,289
OZ70,216,217,218,219,224,225,251,252,255,259,284,286
OZ71,222,223,226,227,228,229,280,281,282,285,288,289
OZ72,218,219,252,259
OZ73,228,229,282,289
OZ74,224,225,284,286
OZ75,226,227,281,285
OZ76,238,239,272,279
OZ77,232,233,271,272,273,274,275,276,277,279,290,291,292,293,294,295,296,297,298,299
OZ78,236,237,271,275
OZ79,234,235,274,276
OZ80,290,291,292,293,294,295,296,297,298,299
OZ81,280,281,282,283,284,285,286,287,288,289
