X0,0,31,54,133,176,220
X1,1,12,13,271,280,320
X2,2,16,99,235,290,325
X3,3,58,69,127,146,225
X4,4,77,88,127,128,286
X5,5,7,120,121,175,270
X6,2,6,76,85,174,269
X7,7,17,20,129,277,314
X8,8,55,58,113,154,265
X9,9,57,146,153,213,235
X10,10,53,60,271,279,305
X11,11,34,91,121,131,226
X12,12,42,85,90,283,324
X13,13,20,152,217,243,251
X14,14,64,89,238,284,318
X15,15,67,102,137,222,287
X16,16,24,68,109,223,254
X17,17,69,96,214,233,239
X18,18,70,72,83,244,329
X19,19,106,115,132,163,290
X20,1,75,84,126,128,287
X21,21,48,139,264,278,306
X22,22,53,129,134,151,288
X23,23,70,97,191,209,216
X24,24,95,96,208,268,293
X25,25,64,183,228,250,327
X26,26,56,150,237,242,326
X27,21,27,74,216,281,283
X28,28,68,73,87,215,217
X29,29,40,43,109,136,184
X30,30,33,130,173,238,268
X31,0,18,34,84,189,237
X32,6,32,35,50,112,134
X33,27,30,38,111,133,177
X34,11,48,57,122,201,280
X35,35,71,82,206,245,255
X36,3,36,72,118,181,284
X37,37,63,73,211,231,285
X38,38,50,126,148,154,171
X39,39,92,168,302,314,316
X40,22,40,182,189,190,247
X41,41,158,193,202,246,327
X42,42,185,194,229,258,326
X43,41,43,142,176,243,312
X44,44,111,145,153,195,291
X45,45,60,83,172,254,301
X46,46,80,180,256,302,321
X47,47,143,181,197,305,323
X48,31,61,82,95,114,279
X49,49,87,140,206,298,328
X50,29,32,36,51,62,122
X51,51,110,120,132,177,200
X52,49,52,119,159,187,320
X53,10,37,88,110,228,282
X54,54,98,147,178,264,289
X55,55,103,162,236,313,328
X56,9,56,59,267,301,321
X57,26,227,240,248,281,282
X58,8,91,174,180,188,285
X59,59,63,123,300,317,318
X60,45,186,196,266,294,310
X61,61,198,199,205,241,295
X62,62,86,162,242,293,297
X63,25,66,207,213,249,251
X64,65,101,103,172,210,324
X65,66,94,125,218,253,308
X66,44,67,97,187,214,294
X67,28,98,112,116,141,266
X68,5,14,113,119,135,178
X69,23,99,135,179,198,252
X70,71,167,210,230,249,261
X71,74,140,182,204,259,300
X72,75,156,163,169,202,319
X73,52,76,92,218,220,299
X74,4,117,142,255,267,270
X75,78,100,151,170,276,309
X76,79,138,160,171,223,260
X77,46,78,137,200,207,262
X78,81,245,263,274,307,329
X79,86,117,125,143,252,273
X80,77,139,168,203,234,322
X81,89,93,145,269,276,304
X82,90,107,141,149,175,311
X83,39,107,114,183,191,221
X84,93,169,215,232,306,323
X85,94,102,184,205,278,315
X86,100,115,123,165,209,312
X87,65,124,131,164,212,250
X88,101,108,147,166,222,317
X89,104,196,204,262,297,322
X90,105,186,241,275,277,319
X91,79,106,149,224,308,313
X92,47,108,138,226,240,275
X93,80,160,194,233,246,289
X94,116,118,124,199,256,272
X95,19,167,173,188,190,310
X96,130,155,179,201,219,296
X97,136,157,161,221,265,303
X98,144,156,211,244,253,303
X99,148,164,165,229,263,315
X100,150,155,230,232,257,299
X101,152,224,227,292,304,307
X102,144,159,170,208,248,272
X103,157,212,239,259,292,296
X104,104,158,225,257,274,311
X105,161,192,197,234,258,325
X106,81,166,247,273,291,316
X107,105,185,219,286,298,309
X108,195,203,231,260,261,295
OX0,63,83,85,96,99,107,109,110,117,118,119,124,126,127,128,129,133,139,140,141,142,147,151,154,159,164,165,167,171,172,174,176,178,182,183,186,187,189,190,191,196,198,203,205,208,210,211,215,217,218,221,223,228,229,230,231,234,235,241,245,247,249,256,261,263,264,267,268,269,270,271,272,282,285,286,288,289,290,293,294,295,298,299,301,302,305,310,314,315,316,320,322,325,328
OX1,72,82,84,87,91,95,96,97,109,110,114,117,118,121,122,124,126,127,128,129,131,132,135,137,138,142,146,147,153,154,155,163,164,170,172,173,174,175,178,179,180,182,183,188,196,198,199,200,201,203,206,207,208,210,211,213,215,216,217,218,219,220,221,224,226,227,228,231,232,233,234,240,241,242,244,245,246,247,248,249,252,257,258,260,261,262,263,268,269,270,271,272,275,276,277,278,279,280,281,283,285,288,293,294,298,300,305,306,308,311,312,313,314,315,316,317,318,319,322,324,325,329
OX2,73,84,95,96,99,102,107,109,113,118,120,121,124,125,128,129,133,135,140,145,147,149,151,154,163,164,165,167,168,170,171,174,176,182,183,184,186,187,189,190,194,199,202,205,207,210,211,213,219,223,224,227,228,230,232,235,238,241,243,244,245,247,248,250,254,255,256,258,261,263,264,266,268,270,271,275,276,277,278,280,283,284,286,287,288,289,290,292,293,299,302,303,306,307,308,309,311,314,316,318,323,324,325,326,327,328
OX3,83,84,85,96,97,99,102,107,109,117,118,119,120,122,124,126,127,128,129,138,141,142,145,146,147,149,154,159,163,164,170,172,174,176,178,179,180,183,186,188,189,191,192,193,194,196,198,204,205,207,208,209,210,211,213,214,215,216,217,218,219,221,222,224,227,228,229,232,233,234,236,237,238,240,241,242,245,246,247,248,249,257,259,262,263,269,270,271,272,276,278,280,283,285,286,287,291,293,296,298,305,306,308,309,312,313,314,315,316,317,318,320,322,325,326,328
OX4,95,96,155,162,172,186,196,208,227,230,232,237,240,248,254,257,266,268,281,282,294,297,299,301,310,326
OX5,82,87,96,102,107,113,119,120,121,125,135,145,155,162,167,169,172,175,178,184,186,191,196,198,199,206,207,208,210,213,215,217,218,221,224,228,237,238,240,241,243,245,248,250,253,254,255,257,261,266,268,269,270,276,278,279,281,282,284,292,294,295,297,299,301,306,307,308,310,315,318,323,326,327
OX6,84,85,87,96,97,99,109,112,126,128,129,135,140,142,151,159,163,169,170,176,179,184,189,190,192,193,196,197,199,205,211,212,216,221,225,234,239,241,243,244,246,247,248,252,253,257,258,262,265,268,271,272,274,280,281,283,287,288,292,293,295,296,297,300,311,312,319,320,322,325,327
OX7,85,98,99,109,110,112,113,121,122,124,125,126,127,131,132,133,137,138,140,142,143,146,151,153,155,159,162,165,169,171,172,173,175,176,181,182,183,189,190,196,199,200,201,202,203,204,206,207,208,210,213,215,217,218,219,221,224,226,227,228,229,231,232,233,234,240,241,245,246,249,252,253,257,258,259,260,261,262,264,269,270,273,275,276,277,278,284,287,289,293,294,297,298,303,305,306,308,311,312,313,314,316,317,318,320,322,324,325,329
OX8,87,97,99,102,112,113,119,120,121,125,140,141,145,149,169,178,179,182,184,186,191,194,198,204,205,207,213,215,216,217,218,219,221,224,227,228,229,232,238,241,243,249,250,252,253,258,259,269,270,275,276,277,278,281,284,286,292,298,300,306,307,308,309,311,315,318,319,323,324,326,327
OX9,96,98,102,107,109,110,111,112,114,117,125,126,127,132,133,137,138,139,140,141,145,147,151,159,168,171,173,175,178,180,182,186,188,190,192,197,198,199,200,202,203,204,206,210,211,212,213,215,216,218,219,220,221,223,224,229,230,232,233,239,243,244,245,246,248,251,256,260,261,262,264,265,267,268,269,270,272,275,277,278,281,287,290,292,293,295,296,298,300,302,304,306,310,311,312,313,315,321,322,323,324,325,326
OX10,91,97,98,99,109,112,114,117,121,122,124,126,127,133,135,138,140,141,142,143,146,149,151,155,162,165,167,171,172,175,178,179,181,183,184,186,190,191,192,193,194,196,199,202,205,206,208,214,216,219,220,222,227,232,233,234,236,242,243,245,246,248,249,250,252,255,261,262,263,264,268,273,274,282,286,288,289,291,292,293,295,296,297,298,299,300,303,305,309,312,313,314,315,316,317,319,322,323,325,327,328
OX11,97,99,102,109,118,124,125,131,132,135,137,142,143,147,149,151,155,162,163,164,165,167,170,171,173,176,179,180,181,183,186,188,189,190,191,192,193,196,198,200,202,204,205,213,216,218,219,221,222,223,224,225,226,228,229,230,232,233,234,239,240,241,243,244,245,247,249,251,252,253,256,259,260,263,265,273,276,277,278,286,289,290,291,292,293,296,298,299,300,302,303,305,307,310,311,313,315,316,318,319,321,322,323,325
OX12,98,102,107,109,110,119,120,122,124,126,127,131,132,133,137,138,142,143,145,146,151,153,155,162,165,171,172,173,176,178,179,181,182,183,184,187,189,190,191,196,198,199,200,201,202,203,204,205,208,210,219,226,229,231,233,234,238,240,241,243,245,246,250,257,258,259,260,261,262,264,273,275,277,287,289,292,293,294,297,303,305,307,311,312,313,314,315,316,317,322,323,324,325,327,328,329
OX13,107,109,117,120,122,124,131,138,139,143,146,147,151,159,162,163,165,168,169,170,171,172,176,181,182,183,184,189,190,191,192,193,196,198,199,203,204,205,210,211,214,222,226,229,233,236,240,241,243,244,245,246,248,250,253,255,257,258,259,262,267,268,270,272,273,275,277,286,287,288,291,292,293,295,296,297,305,307,311,312,313,314,315,316,317,319,323,324,325,327,328,329
OX14,110,112,114,117,118,119,120,122,125,127,131,138,140,141,145,146,153,154,155,163,165,170,171,172,174,175,176,179,184,187,189,192,193,194,198,199,201,203,204,206,208,213,218,219,220,221,222,223,224,225,226,227,228,230,231,238,239,240,241,242,244,246,247,248,250,251,253,255,256,259,262,263,265,274,276,277,278,282,285,287,289,290,291,294,296,297,302,307,309,310,311,312,314,315,317,318,321,327,328
OX15,102,125,132,137,143,147,149,151,163,164,165,167,170,171,173,180,181,183,184,186,188,190,197,200,205,209,212,213,218,219,222,223,224,227,228,229,233,241,245,246,247,248,249,251,253,256,258,260,262,263,273,274,276,277,278,281,282,286,289,290,291,298,300,302,305,307,310,312,313,315,316,318,319,321,323,326,327,329
OX16,99,109,111,112,114,119,120,122,124,132,135,139,140,141,146,149,154,159,162,163,165,167,168,169,172,173,174,175,180,184,188,190,191,193,197,199,200,201,202,203,204,205,206,209,211,212,214,216,219,220,225,228,232,233,238,241,242,243,244,247,248,249,250,252,253,257,258,261,263,267,270,272,274,276,277,281,285,286,292,293,295,299,307,309,311,313,314,317,318,319,322,325,326,327,328,329
OX17,117,131,151,154,155,159,163,164,165,169,170,171,174,180,182,186,188,190,202,208,211,226,227,229,230,232,240,241,242,244,245,247,253,257,272,274,275,277,281,282,285,287,288,299,303,307,315,326,329
OX18,124,131,164,186,194,212,219,226,227,229,240,241,248,250,258,275,277,281,282,286,298,309,319,326
OX19,112,114,118,119,120,122,125,131,132,137,139,140,141,142,143,146,147,153,154,159,160,164,168,171,172,173,174,175,176,180,181,183,184,186,187,189,193,194,196,197,198,199,200,206,207,209,211,212,213,215,218,219,220,221,223,224,226,229,230,231,232,233,234,236,239,240,242,245,246,248,250,251,257,258,259,262,265,267,268,269,270,272,273,274,278,281,285,287,288,290,294,298,300,303,304,305,306,310,314,315,316,317,326,327,328,329
OX20,137,138,143,147,151,160,164,165,170,180,181,183,186,193,196,197,202,204,207,209,212,219,222,225,227,228,229,233,241,245,247,248,256,257,258,263,273,276,277,281,282,286,289,291,297,298,300,302,305,307,311,312,316,318,319,321,322,323,326,329
OX21,113,120,121,125,127,131,135,138,139,142,143,145,147,151,153,154,155,160,168,171,174,181,182,184,187,188,190,193,196,197,202,204,205,209,212,213,214,218,219,225,226,230,231,232,233,234,238,240,242,249,250,251,253,255,256,258,260,261,263,267,270,273,274,275,278,284,285,288,289,294,295,297,298,299,300,302,305,308,309,311,312,316,321,323,327
OX22,111,118,120,122,131,138,139,146,149,154,155,159,160,165,167,169,171,172,174,176,179,180,182,183,184,186,189,191,192,194,196,198,199,201,203,204,205,207,210,211,213,214,216,218,223,224,226,227,228,229,233,234,238,239,240,242,243,245,246,247,249,250,251,255,257,258,260,262,263,265,267,270,272,275,276,281,282,285,290,295,296,298,300,302,303,307,310,311,316,317,318,324,326,328
OX23,125,143,145,147,149,151,153,155,160,163,164,165,167,170,171,179,181,183,184,186,188,190,192,193,194,197,201,203,205,207,209,212,213,218,223,224,227,228,229,231,236,238,241,245,247,248,249,251,253,258,261,263,268,273,274,276,277,278,281,282,286,287,288,290,295,296,298,300,305,307,310,312,313,315,316,318,319,323,326,327,329
OX24,109,118,119,138,140,145,159,162,164,167,168,171,175,178,179,180,183,186,187,188,194,196,197,201,208,209,211,213,214,215,218,219,223,224,225,230,233,234,236,238,239,241,247,248,249,250,251,256,258,260,265,268,269,272,274,275,277,281,289,290,292,293,294,299,300,304,306,309,310,313,314,316,321,322,323,324,325,326,327,329
OX25,114,118,119,120,122,127,140,143,145,146,147,163,165,167,168,169,170,172,179,180,181,183,184,186,187,188,192,193,197,198,199,201,204,205,208,209,210,212,213,215,218,220,221,222,223,224,225,227,230,238,239,243,244,245,246,248,249,250,251,253,256,257,258,259,260,262,265,269,270,273,274,282,286,287,289,290,291,294,295,296,297,298,299,300,304,305,306,307,310,311,312,315,317,319,321,328
OX26,119,120,122,126,127,128,129,131,132,133,135,138,139,140,142,146,149,151,153,154,155,159,163,164,165,169,171,172,173,174,175,178,179,182,183,184,186,194,199,200,201,203,208,209,212,213,215,218,222,223,224,225,226,227,228,231,236,239,240,246,247,248,251,253,255,256,257,262,263,264,265,268,269,270,271,273,274,275,276,281,282,285,288,289,290,291,294,297,298,299,300,302,304,307,310,312,314,315,317,318,319,321,323,324,326,327,329
OX27,120,122,126,127,131,132,133,139,145,146,147,154,155,159,168,171,172,173,174,176,179,182,183,184,186,189,190,194,197,199,200,201,202,204,205,208,209,211,213,215,218,221,222,223,224,225,226,228,236,238,239,240,243,246,247,251,252,255,256,257,259,260,261,262,263,264,265,268,269,270,273,274,276,278,281,282,285,287,289,290,291,294,295,297,298,299,300,303,304,307,310,311,312,317,318,321,326
OX28,127,128,129,131,135,139,140,142,143,149,153,159,160,167,168,179,181,183,186,187,192,196,201,202,205,207,208,209,214,218,221,222,225,226,227,228,229,230,231,232,233,234,236,240,241,242,243,244,247,252,255,256,258,259,260,261,267,268,269,271,272,273,274,275,276,277,278,285,287,289,291,294,295,296,297,298,300,302,305,310,312,315,318,319,321,324,327,329
OX29,126,128,129,131,132,133,135,140,143,145,147,149,151,153,159,160,163,164,165,167,169,170,172,173,176,180,181,184,186,187,188,189,192,194,196,197,199,200,202,204,207,208,213,214,215,223,224,226,231,233,234,238,239,240,245,246,247,251,253,255,258,262,263,264,265,271,274,285,287,288,290,296,302,304,305,311,317,319,324,327
OX30,131,132,145,151,153,154,155,170,171,173,174,179,180,183,186,188,192,194,196,200,201,202,203,204,209,212,225,226,227,228,231,236,238,240,241,245,246,247,248,257,258,260,261,262,268,273,275,276,277,281,282,285,286,287,288,295,296,297,298,300,307,311,312,315,316,318,319,322,326,329
OX31,132,138,143,145,147,151,155,159,163,164,165,170,173,179,181,183,192,194,196,197,200,201,204,208,209,211,212,215,222,225,227,228,229,232,236,238,244,245,246,247,253,257,258,262,263,268,269,272,273,275,276,281,282,286,288,291,296,297,298,300,303,304,305,306,307,309,311,312,316,318,319,322,326,329
OX32,118,128,129,138,139,143,153,159,160,165,167,170,171,172,181,182,183,184,186,188,194,196,197,199,201,202,204,209,210,212,214,221,222,223,229,230,231,232,233,235,245,246,247,248,250,259,261,262,263,271,272,273,275,278,282,287,290,291,292,298,299,300,302,303,305,307,309,310,311,312,313,315,316,317,319,324,328,329
OX33,128,129,135,140,143,147,149,154,155,160,164,165,167,168,170,171,172,174,176,179,181,183,184,187,189,196,197,199,201,202,204,207,209,211,212,213,214,215,223,224,225,227,228,230,232,233,236,239,241,244,251,255,260,261,262,263,265,268,271,272,273,274,275,276,277,278,281,282,287,290,295,298,299,300,302,303,304,305,306,307,312,315,316,317,318,319,322,324,326,327,329
OX34,143,147,154,159,160,163,164,165,169,170,171,174,181,183,184,186,193,194,196,197,202,204,207,208,209,211,212,213,219,222,223,224,225,228,229,232,241,244,245,246,247,249,257,258,260,262,263,272,273,276,277,281,282,286,290,291,292,297,298,299,300,303,305,306,308,309,311,316,318,319,322,326,329
OX35,135,139,142,145,154,155,159,160,163,164,165,167,168,169,171,174,176,180,182,183,186,187,188,189,191,194,197,198,201,202,203,208,211,212,213,214,219,224,225,227,229,232,233,235,236,238,239,241,243,244,247,248,249,252,256,258,259,262,263,265,268,272,275,277,286,287,289,294,299,302,306,307,308,309,310,315,319,321,322,323,327
OX36,140,142,155,159,162,167,168,171,172,186,191,192,196,197,198,201,202,204,207,209,213,214,218,219,224,225,227,228,229,230,232,233,234,235,236,241,243,245,252,253,255,257,258,259,261,262,263,269,274,275,276,287,297,298,300,302,303,306,307,308,311,312,313,315,316,317,318,322,323,324,327
OX37,147,153,159,160,163,164,165,186,202,203,208,211,215,222,229,231,232,241,244,248,253,260,261,263,269,272,275,277,287,291,295,303,304,306,309,315,323
OX38,138,142,151,154,160,162,172,174,176,182,183,186,189,190,202,207,209,210,213,221,223,224,227,228,229,232,236,239,241,243,247,249,253,259,260,263,265,275,276,277,287,288,290,296,299,300,303,306,307,308,312,313,315,317,318,323,324,327,328
OX39,142,145,154,155,162,164,165,167,169,170,172,174,176,179,182,183,186,188,189,192,193,201,202,207,209,210,213,215,219,221,224,227,228,238,239,241,243,247,249,253,259,265,268,269,275,276,277,299,300,303,304,307,308,309,310,312,313,317,318,324,327,328
OX40,149,151,153,154,160,162,163,165,167,168,171,172,174,180,183,184,188,190,193,194,196,201,203,204,207,210,218,221,225,227,228,229,230,231,234,235,245,246,247,251,256,257,258,259,260,261,268,273,274,276,277,287,288,289,294,295,296,297,303,306,308,310,312,315,317,318,321,322,324,327,328,329
OX41,145,151,154,155,159,160,164,167,168,169,171,172,174,179,180,183,190,192,194,196,199,201,203,208,212,215,222,223,225,227,229,230,234,236,238,241,245,246,247,256,258,260,263,268,269,273,277,278,281,285,288,289,290,291,294,296,298,299,304,307,311,316,317,322,323,326,329
OX42,151,154,160,163,164,167,168,169,171,172,174,180,183,186,190,193,194,196,199,202,203,211,212,219,222,223,225,227,229,230,232,234,244,245,246,247,248,253,256,258,260,263,272,273,275,278,281,285,288,289,290,291,294,298,299,303,306,307,309,311,316,317,322,326,329
OX43,159,160,165,168,170,172,180,183,188,193,194,196,199,203,208,212,219,222,223,225,227,230,232,234,241,245,246,247,256,258,260,273,277,278,281,285,287,289,290,291,294,298,299,306,307,309,310,311,315,316,317,322,326,329
OX44,153,154,160,162,167,168,170,172,174,176,180,182,186,188,189,192,197,201,202,205,207,210,211,213,215,219,222,224,228,229,230,231,232,235,239,241,245,248,251,252,255,256,258,260,262,263,265,268,276,278,281,285,286,287,289,291,292,294,298,299,304,310,311,312,313,315,317,318,319,323,324,326,327,328,329
OX45,154,160,162,163,167,168,170,174,176,180,182,183,184,189,192,197,199,204,205,207,209,210,212,218,223,228,229,230,232,236,241,244,245,249,251,252,255,256,257,258,260,261,262,272,274,275,276,277,286,289,290,294,295,297,299,300,303,306,307,308,309,312,313,316,318,319,321,324,327,328,329
OX46,139,155,165,169,170,171,172,176,183,184,189,192,197,199,202,205,208,210,211,213,214,218,221,224,225,229,230,233,236,241,247,248,251,252,255,257,258,259,261,263,268,273,275,277,281,285,286,287,296,297,302,303,306,307,309,312,313,315,317,319,321,322,323,324,326,327,328
OX47,155,160,165,167,170,171,172,176,180,182,184,186,189,191,192,194,196,197,198,199,201,203,204,207,208,210,213,214,218,222,225,227,228,229,231,233,235,237,239,240,247,248,252,255,256,259,260,261,263,265,269,273,275,276,277,278,281,282,285,289,291,292,294,296,299,301,302,303,309,310,313,318,322,323,324,326,328
OX48,163,168,170,171,176,183,184,186,188,189,191,192,198,204,205,208,210,214,221,222,223,224,227,229,230,233,236,241,244,245,246,249,255,260,261,263,268,272,278,290,291,292,296,298,302,303,308,310,311,312,313,324,328,329
OX49,160,162,167,168,169,171,172,180,182,183,184,186,191,193,194,196,198,201,202,204,205,209,210,211,213,221,222,225,229,230,231,232,234,235,237,240,241,246,249,251,253,256,257,258,259,260,263,268,269,278,282,289,291,292,294,296,297,300,301,308,310,312,313,321,322,323,324,327,328
OX50,165,168,169,170,171,172,176,183,184,186,189,192,196,197,199,202,203,204,205,208,210,211,213,214,218,219,221,224,225,229,232,233,234,236,247,248,251,252,255,258,259,261,262,263,268,273,281,285,287,296,298,299,302,303,306,307,312,313,315,317,321,322,323,324,326,327,328
OX51,162,164,167,168,169,172,176,182,183,189,192,194,199,201,204,208,209,212,213,214,215,218,219,224,229,231,234,235,236,237,240,241,245,248,251,255,259,260,261,262,269,274,281,282,285,286,294,299,300,301,304,306,316,319,321,326,327,329
OX52,164,167,168,169,170,171,176,182,183,186,189,194,199,202,204,207,208,210,214,215,218,219,221,224,228,230,231,232,237,240,245,248,249,253,255,258,259,260,261,262,263,275,276,277,281,282,285,286,287,294,299,301,303,304,306,308,309,311,312,313,315,316,317,318,319,321,323,324,326,328,329
OX53,167,169,170,176,183,184,186,189,191,192,193,196,197,198,207,209,215,218,219,221,222,224,225,228,230,231,232,233,237,239,240,241,245,248,249,252,253,255,259,260,261,265,275,276,278,281,282,285,287,291,294,295,296,298,299,300,301,302,304,306,308,310,311,315,316,317,318,321,322,326,329
OX54,169,170,172,176,183,184,189,193,204,209,211,213,218,219,221,222,224,230,233,236,239,245,246,248,251,255,257,259,261,262,265,268,274,275,277,278,281,285,287,291,294,295,297,300,302,303,309,310,315,316,317,321,326,327,329
OX55,172,182,310,317
OX56,168,171,183,191,197,198,202,203,204,207,208,209,210,211,212,214,215,218,228,229,230,231,233,234,236,237,239,240,244,245,246,252,258,259,260,263,265,268,272,273,276,277,282,285,287,292,295,298,300,301,302,304,307,309,310,311,312,313,315,317,318,321,324,328
OX57,170,176,182,184,189,191,193,196,198,201,202,205,209,211,213,215,219,225,227,232,233,234,235,236,239,245,248,255,258,259,261,265,268,269,274,275,277,281,285,292,294,295,300,302,303,304,307,309,312,321,322,323,326,329
OX58,182,184,186,191,193,198,203,204,205,230,232,233,234,241,245,246,247,257,262,263,273,274,275,286,287,294,297,299,302,303,306,307,315,316,319,329
OX59,176,184,189,192,193,209,211,213,215,218,219,224,231,233,236,246,247,248,249,253,255,258,259,260,262,263,268,273,275,277,281,285,286,287,294,296,298,300,302,304,307,308,309,315,319,321,326
OX60,171,184,186,191,192,193,196,197,198,199,201,208,210,214,218,222,229,230,232,234,235,236,252,257,268,269,275,277,278,286,287,291,294,295,296,297,298,303,309,310,313,315,316,319,324,328
OX61,183,184,191,192,193,196,197,198,199,202,204,207,209,211,215,218,221,225,228,231,232,233,237,239,240,241,244,245,252,257,260,263,265,272,273,276,277,282,285,294,296,297,298,299,300,301,302,303,304,306,307,309,311,312,317,318,321,322
OX62,191,192,196,198,203,204,205,212,221,222,230,232,233,234,239,246,257,259,262,265,275,278,286,291,292,295,296,297,299,302,306,319
OX63,199,201,202,203,207,209,211,212,215,221,225,228,231,232,235,237,240,241,244,245,246,258,259,260,262,263,269,272,273,274,275,276,277,282,285,286,287,292,294,295,298,300,301,304,307,309,312,315,316,317,318,319,321,322
OX64,184,192,193,196,201,204,231,234,235,239,249,251,253,257,260,261,265,269,274,275,277,286,287,294,296,297,298,299,306,308,309,311,315,319,327
OX65,186,192,196,203,204,222,225,230,232,239,241,246,257,262,265,275,277,278,291,296,297,298,299,306,309,322,323
OX66,197,201,202,203,205,208,211,213,214,215,222,224,225,227,231,233,234,235,236,237,239,240,244,247,249,252,253,259,260,263,265,268,269,272,277,278,282,285,286,287,291,295,298,299,301,302,303,304,306,307,308,309,312,315,317,319,321,322,323,329
OX67,196,201,203,204,212,221,222,231,234,235,249,251,253,257,259,260,261,269,274,275,277,278,286,291,292,294,297,298,299,303,306,308,309,311,319,327
OX68,188,192,201,204,208,209,210,211,214,215,218,223,227,230,233,235,237,239,240,244,245,246,249,251,253,259,260,261,262,263,265,269,272,273,275,282,290,294,296,299,300,301,302,303,304,306,307,308,310,311,317,323,327,328
OX69,192,201,202,203,208,211,212,213,214,215,218,221,224,227,230,232,234,235,236,237,240,244,247,251,258,261,263,268,269,272,274,275,277,282,285,287,292,295,296,298,301,304,307,309,311,312,315,316,317,321,323,327,329
OX70,201,207,209,212,213,218,221,224,227,228,232,235,236,239,245,247,249,253,265,268,269,273,274,276,292,300,303,308,318,329
OX71,202,203,222,278,287,291,312,315
OX72,212,213,218,219,221,222,225,227,232,233,236,237,239,240,247,248,251,253,259,261,263,265,268,275,278,281,282,285,291,292,295,299,301,302,303,306,307,308,311,316,317,321,322,323,326,327,329
OX73,203,204,208,209,210,211,213,214,215,222,225,227,233,234,237,240,244,251,253,259,261,263,272,277,278,282,285,286,291,298,300,301,302,303,304,307,308,309,310,311,317,319,321,322,323,327,328
OX74,209,213,219,222,227,230,231,234,236,237,239,240,245,248,249,259,260,263,265,268,273,278,281,282,285,286,291,292,295,300,301,316,317,319,321,323,326
OX75,208,211,214,215,218,219,222,224,230,233,244,246,248,253,258,259,262,272,274,275,278,281,286,291,294,295,302,303,304,308,316,319,326
OX76,204,207,210,218,219,225,228,231,232,233,236,237,239,240,245,247,248,259,260,263,265,268,273,274,275,276,281,282,285,299,301,302,306,307,310,317,318,321,322,323,326,328,329
OX77,207,218,219,222,224,228,231,232,233,237,240,246,247,248,251,258,260,262,263,276,277,278,281,282,285,286,291,292,294,295,298,299,301,302,306,309,311,316,317,318,319,321,323,326,327,329
OX78,219,234,259,281,286,319,323,326
OX79,213,218,230,245,261,273,285,321
OX80,218,224,227,232,233,234,236,237,239,240,245,246,247,248,251,258,259,262,263,265,268,273,274,277,282,294,298,299,301,302,306,307,309,311,317,327,329
OX81,227,230,232,233,234,236,237,239,240,246,247,248,258,259,262,263,265,268,274,277,282,294,298,299,301,302,306,307,309,317,329
OX82,224,251,311,327
OX83,225,231,232,233,234,236,239,249,260,261,265,268,275,286,299,302,306,319,322
OX84,211,215,222,233,234,245,246,248,258,259,262,273,274,275,277,278,291,292,294,295,298,302,304,307,309,316,323
OX85,222,230,231,236,239,245,249,260,261,265,268,273,278,291,295,316
OX86,236,239,265,268
OX87,234,286,319,323
OX88,231,232,249,260,261,275,299,306,323
OX89,230,232,233,246,258,259,262,274,277,286,292,294,298,299,302,306,307,309,319,323
Z0,0,40,43,176,189
Z1,1,11,34,84,280
Z2,2,145,153,235,269
Z3,3,14,58,113,284
Z4,4,88,110,120,270
Z5,5,98,141,175,178
Z6,6,8,50,154,174
Z7,7,20,142,243,270
Z8,6,85,90,112,141
Z9,9,46,207,213,321
Z10,1,10,88,128,271
Z11,11,51,120,121,122
Z12,12,21,48,280,283
Z13,13,20,53,129,271
Z14,14,130,135,179,238
Z15,15,78,137,151,288
Z16,16,109,136,161,325
Z17,17,80,233,302,314
Z18,18,56,83,237,301
Z19,19,30,132,173,177
Z20,13,49,87,217,320
Z21,21,27,54,133,264
Z22,22,33,173,190,288
Z23,23,97,119,135,187
Z24,24,60,95,254,279
Z25,25,41,243,251,327
Z26,26,34,226,237,240
Z27,27,44,97,111,216
Z28,28,35,87,112,206
Z29,24,29,62,109,293
Z30,30,89,111,145,238
Z31,31,39,92,114,220
Z32,32,38,50,51,177
Z33,33,162,236,268,293
Z34,26,42,281,283,326
Z35,28,45,68,254,266
Z36,36,62,86,143,181
Z37,37,144,211,248,282
Z38,0,38,84,126,133
Z39,31,82,142,176,255
Z40,41,115,163,202,312
Z41,42,65,164,229,324
Z42,43,165,184,312,315
Z43,44,67,166,222,291
Z44,45,167,172,210,310
Z45,46,168,262,302,322
Z46,10,47,240,282,305
Z47,48,155,201,232,306
Z48,49,159,170,298,309
Z49,5,8,91,113,121
Z50,47,169,275,319,323
Z51,52,54,119,178,220
Z52,35,53,82,134,279
Z53,55,161,192,236,265
Z54,18,81,189,247,329
Z55,57,99,179,201,235
Z56,58,69,157,239,265
Z57,59,101,172,301,317
Z58,60,72,83,181,305
Z59,61,95,199,208,272
Z60,3,36,57,122,146
Z61,59,63,180,285,321
Z62,64,118,124,250,284
Z63,65,101,108,131,226
Z64,66,152,224,251,308
Z65,67,137,196,262,294
Z66,68,73,223,231,260
Z67,69,158,225,233,246
Z68,70,191,221,244,303
Z69,71,230,245,257,274
Z70,72,118,144,244,272
Z71,73,156,169,211,215
Z72,74,123,209,216,300
Z73,75,105,128,286,319
Z74,76,93,232,269,299
Z75,77,185,234,258,286
Z76,78,100,115,132,200
Z77,16,79,106,223,290
Z78,80,98,116,256,289
Z79,81,117,245,255,273
Z80,56,86,117,242,267
Z81,12,52,76,85,320
Z82,4,9,127,146,267
Z83,89,100,123,276,318
Z84,90,103,149,313,324
Z85,91,124,131,180,256
Z86,92,125,218,273,316
Z87,93,152,215,217,304
Z88,94,125,198,205,252
Z89,23,61,114,191,198
Z90,96,159,187,208,214
Z91,17,186,214,277,294
Z92,99,143,197,252,325
Z93,2,19,174,188,290
Z94,37,63,64,228,318
Z95,102,126,148,287,315
Z96,71,103,206,210,328
Z97,104,150,242,257,297
Z98,105,129,151,277,309
Z99,106,156,163,253,308
Z100,7,39,107,175,314
Z101,108,138,147,160,289
Z102,55,79,154,171,313
Z103,25,110,200,207,228
Z104,15,75,193,202,287
Z105,22,29,32,40,134
Z106,116,186,199,241,266
Z107,74,227,259,281,292
Z108,94,136,184,253,303
Z109,102,147,222,264,278
Z110,77,104,127,225,322
Z111,96,130,239,268,296
Z112,138,241,260,275,295
Z113,139,203,205,278,295
Z114,140,219,259,296,298
Z115,148,160,171,194,229
Z116,149,224,274,307,311
Z117,150,155,185,219,326
Z118,107,158,183,311,327
Z119,153,195,213,249,261
Z120,157,183,212,221,250
Z121,140,162,204,297,328
Z122,164,212,263,292,307
Z123,70,165,209,263,329
Z124,166,182,247,300,317
Z125,167,188,231,261,285
Z126,168,195,203,291,316
Z127,170,227,248,276,304
Z128,182,190,196,204,310
Z129,192,193,194,246,258
Z130,139,197,234,306,323
OZ0,40,54,82,84,87,97,113,115,119,121,124,128,129,131,133,143,144,147,154,156,160,171,172,173,175,176,177,179,184,189,190,191,193,194,199,200,201,202,204,205,207,214,217,218,220,221,223,227,229,232,233,234,238,240,241,244,245,247,248,251,252,254,257,259,260,263,264,275,276,279,280,281,283,286,288,289,290,292,295,303,304,305,306,307,308,309,311,312,313,314,316,317,318,320,322,324,325,328,329
OZ1,54,113,117,120,121,124,131,133,135,143,146,147,155,158,159,160,172,177,180,183,187,189,203,205,208,211,214,221,225,228,229,232,233,234,235,237,238,240,241,244,245,246,247,248,252,255,260,263,264,265,268,272,273,275,278,281,282,283,285,289,292,296,301,307,317,318,321,323,324,325,326,329
OZ2,82,87,97,115,119,128,129,133,141,144,145,154,155,161,163,171,172,173,174,177,178,190,194,200,201,202,204,209,217,218,220,222,223,227,231,236,238,240,245,246,247,248,249,251,253,254,257,258,259,261,262,264,265,266,269,275,276,277,279,280,281,283,285,286,287,288,291,292,294,304,305,306,307,309,311,317,318,320,323,324,328
OZ3,87,97,117,119,129,135,142,143,154,156,158,159,163,171,173,175,176,183,187,189,190,193,194,199,204,205,208,209,217,218,219,220,221,223,227,237,242,243,244,246,248,252,254,258,259,263,265,267,268,270,271,272,273,276,288,290,296,297,301,304,305,308,309,311,312,313,314,315,316,320,325,327,328,329
OZ4,84,115,117,118,120,128,143,146,155,163,179,180,181,189,200,201,202,203,205,207,211,219,225,228,235,242,243,244,245,247,248,251,252,255,257,258,267,270,271,272,273,278,280,282,285,286,295,297,305,306,312,321,322,323,325,326,327,329
OZ5,97,113,114,115,119,128,129,133,135,136,141,143,145,154,155,158,161,163,169,171,172,173,174,175,176,177,178,180,181,184,186,187,190,194,195,198,200,202,204,207,208,209,211,212,213,221,222,223,231,234,235,236,243,245,246,247,248,249,250,251,254,255,257,258,259,261,264,266,268,269,270,273,278,279,281,283,284,286,287,288,292,295,296,298,302,303,305,307,314,317,318,319,322,323,324,325,327,328
OZ6,113,117,119,120,121,124,131,133,135,145,146,147,154,155,156,158,159,160,161,163,171,172,177,178,179,183,187,189,193,194,201,203,207,208,211,214,215,217,218,220,221,224,225,228,229,230,231,233,235,236,237,238,240,241,244,245,247,248,251,253,255,258,261,262,263,264,268,272,273,275,280,281,282,283,289,290,291,292,295,296,301,302,304,306,307,313,316,317,318,320,321,322,324,326,329
OZ7,114,115,119,120,121,124,128,131,135,136,141,142,143,146,147,154,156,158,159,160,163,171,174,181,184,186,187,194,198,199,200,202,203,207,208,211,212,214,219,221,222,224,225,228,229,230,233,235,238,240,241,242,249,250,253,257,258,265,266,267,268,269,271,273,275,279,282,284,285,286,287,289,295,296,297,302,303,304,308,311,312,315,316,319,320,321,322,325,326
OZ8,117,121,124,131,135,141,147,159,160,172,175,178,179,180,187,189,199,208,211,212,228,229,233,237,238,239,240,244,245,247,248,250,255,256,260,263,266,268,272,273,275,277,281,282,283,285,292,294,295,296,301,302,307,314,317,318,321,324,326,329
OZ9,86,118,169,181,189,211,223,231,237,240,242,244,245,247,248,254,255,260,267,272,273,275,301,319,323,329
OZ10,115,128,129,133,135,136,141,143,145,154,155,158,161,163,169,171,172,173,174,175,176,177,178,179,180,183,184,186,190,191,194,195,199,200,202,204,207,209,211,213,222,223,231,234,235,236,238,243,245,246,247,248,249,251,254,255,257,258,259,261,264,265,266,269,270,272,273,278,281,283,286,287,288,292,295,298,302,303,307,314,317,318,319,322,323,324,325,327,328
OZ11,118,121,124,128,131,132,133,137,141,142,147,151,155,156,158,159,160,161,172,174,176,177,181,183,188,190,191,193,195,196,202,207,209,211,212,213,223,224,228,229,230,231,233,234,235,238,239,242,243,245,247,249,250,251,253,254,255,256,264,266,267,268,269,270,271,272,278,281,282,283,286,287,288,290,291,292,293,296,303,304,305,307,308,309,311,312,315,317,318,320,321,322,324,326,327
OZ12,119,121,124,129,131,135,136,141,143,145,147,160,161,173,175,176,179,180,184,186,188,190,191,195,204,209,210,211,212,213,214,215,217,218,219,220,221,224,228,229,230,231,232,235,236,238,239,240,241,242,245,247,248,250,251,255,259,260,266,267,271,272,273,275,277,281,282,283,288,289,292,294,295,297,298,303,304,305,307,308,310,312,315,317,318,320,321,324,325,326,328
OZ13,128,129,132,133,135,137,143,151,155,173,174,177,178,187,188,193,196,201,202,203,204,205,215,217,218,219,220,224,230,234,236,249,251,252,259,262,264,268,269,277,278,280,286,287,290,293,294,295,296,297,298,304,308,309,319,320,323,325,328
OZ14,124,132,136,143,147,151,156,163,175,176,179,181,184,190,191,195,200,202,203,205,208,209,210,213,214,219,220,221,230,232,234,235,236,239,240,245,247,249,250,252,253,255,257,261,262,264,270,272,275,281,283,284,288,291,292,293,294,295,297,299,306,307,308,309,310,311,312,313,317,318,319,324,325,327
OZ15,120,133,135,136,144,145,146,154,155,158,161,163,171,176,177,178,179,180,181,184,186,187,193,194,198,201,203,205,206,207,208,224,225,227,230,231,233,235,236,238,239,240,243,251,252,255,258,260,261,262,264,265,268,270,273,275,276,277,280,284,285,290,291,294,296,298,302,303,306,309,313,314,319,320,322,323
OZ16,141,142,143,144,145,158,159,169,172,176,179,180,183,188,189,198,199,201,203,206,207,208,210,211,215,217,218,220,221,224,227,230,231,232,237,240,242,244,245,247,251,262,266,267,272,273,275,276,280,291,293,298,301,302,303,308,309,310,311,316,319,320,322,323,327,329
OZ17,121,129,131,133,135,136,137,144,145,155,158,160,161,169,172,173,175,176,177,178,179,181,183,184,187,190,191,196,199,200,204,208,209,211,212,215,217,218,219,222,223,224,229,231,234,236,241,242,245,247,248,249,251,254,255,259,261,267,268,271,272,281,283,284,288,289,291,292,294,296,297,298,299,302,304,305,307,308,311,312,314,315,317,318,319,320,321,322,324,326,327,328
OZ18,136,142,143,144,145,154,159,161,163,171,175,184,186,187,189,191,193,194,195,198,205,206,208,210,213,216,221,223,232,235,236,237,240,242,243,244,246,247,248,251,252,254,255,257,258,261,265,267,270,275,277,283,290,293,294,301,304,307,311,314,316,319,323,324,328,329
OZ19,132,133,137,142,144,145,151,155,159,163,172,176,177,188,190,196,199,201,202,206,207,209,210,211,214,216,219,222,223,228,232,233,236,238,241,243,247,251,254,255,256,260,261,264,268,277,280,281,282,285,288,289,291,292,293,294,296,297,302,304,306,309,312,314,317,318,320,327,328
OZ20,135,143,145,156,158,169,172,175,176,178,180,181,183,187,188,189,198,201,203,206,207,210,211,218,220,221,224,227,230,231,232,233,237,238,239,241,242,243,244,245,247,248,251,256,262,267,268,270,272,273,276,277,280,284,289,291,293,294,296,298,301,303,308,309,310,311,314,316,320,322,327,329
OZ21,142,143,145,154,156,159,161,163,171,176,179,180,193,194,201,205,206,207,215,217,218,220,224,227,230,231,232,234,236,246,248,251,252,253,255,258,260,261,262,265,276,278,280,285,290,291,295,298,302,306,309,313,316,320,322,323,325
OZ22,129,143,146,159,161,173,175,176,179,183,187,190,191,199,201,204,205,209,214,218,219,220,225,233,235,236,245,246,247,252,253,255,259,263,268,270,271,272,280,288,293,296,297,298,303,305,311,312,314,315,316,325,327,328
OZ23,154,156,158,161,163,169,171,172,183,186,188,189,191,193,194,198,203,205,206,208,211,216,224,230,234,236,237,240,241,242,244,246,247,248,252,253,255,257,258,260,261,265,267,273,275,278,283,285,290,293,295,301,306,307,308,310,319,324,325,327,328,329
OZ24,143,144,145,156,158,159,175,176,179,180,183,189,198,199,201,203,206,207,208,218,220,221,223,224,227,230,231,232,237,240,242,243,244,245,247,251,254,260,261,262,267,270,272,273,275,276,280,285,291,293,298,301,302,303,308,309,311,316,319,320,322,323,327,329
OZ25,144,145,146,156,169,172,175,176,179,183,186,187,188,195,198,201,206,210,211,213,214,218,220,221,223,224,225,227,230,232,233,241,243,246,248,251,254,255,260,270,276,280,285,298,303,308,309,310,311,320,327
OZ26,131,146,147,158,160,161,169,172,181,183,193,194,195,203,206,207,210,212,213,221,225,226,228,230,233,236,239,240,241,245,257,258,260,262,274,282,284,289,291,295,301,302,316,317,318,319,321,322,323,328
OZ27,137,146,147,181,183,187,191,196,199,201,203,206,208,210,216,222,224,225,230,233,234,235,238,239,245,246,257,262,264,268,272,280,283,284,294,295,296,306,307,313,320,323,324,325,327,328
OZ28,146,155,158,159,169,179,186,187,189,203,205,208,211,223,225,231,232,234,235,237,240,242,244,245,246,247,248,252,254,255,256,260,264,267,272,273,275,277,278,289,293,294,295,301,302,314,319,325,329
OZ29,145,155,156,158,159,176,180,183,186,189,191,195,198,199,201,203,205,208,210,213,214,216,218,220,223,227,231,233,234,235,237,240,242,243,244,247,251,252,254,256,257,260,261,264,273,275,276,277,278,280,283,285,289,293,294,295,298,301,302,307,308,309,313,314,319,320,321,324,325,327,328,329
OZ30,155,169,175,180,186,191,201,206,210,211,214,216,221,224,230,232,233,240,245,248,256,257,264,267,270,271,272,275,277,280,283,285,289,294,302,303,305,306,307,311,313,314,319,321,323,324,328
OZ31,147,160,169,172,175,179,181,189,191,195,201,205,206,207,210,212,213,216,221,224,228,229,230,234,235,237,241,244,247,250,252,255,257,260,262,263,270,271,273,278,280,281,282,284,289,291,292,301,302,303,305,306,311,313,316,317,318,319,321,322,325,326,328,329
OZ32,151,160,169,172,180,181,186,187,190,198,201,203,205,212,214,215,217,218,219,223,224,228,229,231,232,236,239,241,242,247,249,250,251,252,254,259,261,263,264,273,276,277,278,280,281,282,283,284,285,288,289,292,295,297,298,299,300,302,304,307,308,310,314,318,319,320,322,323,324,326,328
OZ33,158,159,169,172,180,181,183,186,187,188,189,191,195,198,201,205,206,207,211,213,214,216,224,230,231,234,235,237,238,239,240,241,242,244,247,248,252,255,257,261,262,267,268,271,273,275,278,280,283,284,291,293,295,296,301,302,305,306,307,310,313,316,319,322,324,325,327,328,329
OZ34,133,156,159,169,176,177,180,187,196,200,206,211,215,217,227,243,248,255,262,267,276,285,294,298,304,309,321
OZ35,161,163,183,187,193,194,195,196,201,202,203,206,209,210,213,216,221,223,227,229,230,235,236,238,240,241,242,243,245,246,251,254,257,258,259,260,263,268,274,275,280,283,290,291,293,294,295,296,300,301,302,307,312,316,318,320,321,322,324,326,327,328
OZ36,179,181,183,185,191,198,199,201,203,205,206,208,210,216,219,224,230,232,233,238,239,242,245,246,268,271,272,278,280,283,284,295,296,297,305,306,307,313,322,324,326,327,328
OZ37,159,169,172,186,188,191,199,210,211,216,219,221,223,240,241,254,260,261,271,272,275,276,281,285,292,296,303,304,305,309,310,319,320,323
OZ38,163,176,180,185,186,187,189,191,193,194,195,196,199,202,203,205,206,208,213,214,216,218,220,221,224,229,231,232,233,234,235,236,237,238,240,241,242,243,245,247,251,253,257,258,259,268,271,272,274,275,277,281,285,290,291,292,295,297,298,300,302,303,305,313,314,315,318,320,323
OZ39,156,172,175,185,186,187,188,191,193,194,196,201,205,206,207,208,209,215,217,218,219,221,228,229,231,232,233,234,236,239,240,241,243,244,245,248,249,253,258,261,262,267,270,274,275,280,281,282,283,285,292,293,294,297,299,301,303,307,310,311,312,315,319,320,322,324,327,328,329
OZ40,172,173,174,176,181,185,186,187,191,193,194,196,201,205,206,207,208,209,210,211,215,217,220,221,227,228,229,233,234,236,238,239,240,244,248,251,253,255,257,258,261,262,267,269,274,275,280,282,284,285,293,294,295,296,297,298,299,301,303,304,308,310,312,313,315,320,322,323,327,329
OZ41,160,175,180,186,191,206,210,211,214,216,221,224,230,233,240,241,245,248,256,257,260,267,270,272,275,277,283,285,294,295,302,303,307,311,313,314,321,324,328
OZ42,169,173,174,175,185,186,188,189,191,193,194,196,199,201,202,205,207,211,216,221,224,227,229,230,231,233,234,236,237,238,239,240,241,242,245,247,248,249,255,257,258,259,262,269,270,271,272,275,276,277,280,281,292,295,296,297,300,303,305,307,309,311,313,314,315,316,318,322,323
OZ43,173,176,181,183,185,186,187,189,190,191,195,198,199,202,203,207,209,211,213,215,217,220,223,224,227,228,230,231,232,233,234,235,237,239,240,246,248,249,251,252,253,254,257,259,260,262,268,271,272,273,274,275,276,277,282,284,291,293,294,297,299,300,301,302,304,305,307,308,309,312,314,318,319,320,321,325,326
OZ44,175,176,180,186,187,188,190,196,198,199,202,203,204,205,206,207,208,209,210,211,212,214,215,216,217,220,224,229,230,231,233,240,241,242,247,248,250,251,252,253,255,256,259,262,263,264,270,271,273,274,275,276,278,283,289,293,298,299,304,305,308,309,311,312,319,320,322,323,324,326,327
OZ45,176,181,183,185,186,187,191,195,196,202,204,205,209,210,212,213,214,215,217,220,224,227,229,230,232,234,235,238,239,244,245,246,250,251,253,255,257,259,263,264,267,268,271,274,276,278,281,283,284,289,291,292,293,295,297,299,302,304,305,308,309,312,316,319,320,321,322,324,325,329
OZ46,180,183,187,189,195,198,199,203,206,207,210,213,214,219,221,223,224,230,231,232,233,234,235,237,242,244,246,247,248,252,254,255,260,262,267,271,272,273,276,281,283,285,291,292,296,297,301,302,303,304,305,307,309,313,316,320,323,324,325,327,328,329
OZ47,174,185,187,188,189,190,191,196,201,202,203,205,207,209,210,221,223,228,230,233,234,237,238,239,240,241,242,243,245,248,251,253,254,255,256,257,258,259,260,262,264,267,268,269,272,274,275,277,278,280,281,282,283,289,292,293,294,296,298,300,301,302,303,304,308,312,313,314,318,319,320,324,327,328
OZ48,183,186,187,191,193,194,199,204,205,209,211,212,213,219,223,224,227,231,232,234,235,236,238,242,243,246,248,250,251,253,254,257,260,263,268,271,272,274,277,293,294,296,298,300,301,302,305,308,312,314,315,318,320,321,322,323,325,326,328
OZ49,186,187,188,190,195,198,199,201,202,203,207,209,210,211,215,216,217,218,219,223,224,227,228,232,234,241,242,243,247,249,252,253,254,256,258,260,262,273,277,280,282,283,285,291,294,295,297,298,299,301,312,313,314,316,319,320,321,324,326,327,328
OZ50,181,191,193,194,195,198,201,202,207,215,216,217,218,221,224,229,232,234,236,238,242,248,251,252,253,256,258,262,264,268,271,272,273,277,278,280,281,284,289,291,292,293,295,296,299,302,303,305,313,314,315,319,322,326
OZ51,187,189,194,195,198,199,201,202,203,206,207,209,210,211,214,215,216,217,218,223,224,228,231,232,233,234,237,240,242,243,247,249,252,253,254,255,256,258,260,262,267,273,275,280,282,283,291,292,296,297,299,301,302,312,313,316,319,320,324,327,328
OZ52,185,189,193,196,198,204,205,206,207,208,209,210,211,214,216,223,228,230,231,236,237,239,243,247,248,251,252,253,254,255,257,259,260,262,263,267,273,274,282,283,293,294,297,298,301,308,312,313,315,324,326,327
OZ53,188,190,193,195,198,203,204,205,206,207,209,210,212,216,227,231,236,238,243,244,245,247,248,250,251,252,253,256,261,262,263,268,272,273,276,283,285,291,292,293,297,298,300,302,304,307,308,309,312,313,315,316,318,322,324,327,329
OZ54,191,198,199,204,207,208,216,219,221,229,230,240,242,249,252,253,257,259,262,263,272,273,274,275,277,281,293,296,298,303,308,313,314,316,326,328
OZ55,189,194,196,198,199,201,202,203,204,205,206,207,209,214,216,219,228,229,230,232,237,238,239,240,241,242,243,244,247,248,251,252,253,255,261,262,263,264,267,268,271,272,273,275,276,277,278,280,281,282,289,292,293,294,300,302,304,305,308,309,312,313,314,318,319,321,322,323,327,328,329
OZ56,193,194,198,201,203,206,209,210,216,228,229,232,234,236,238,240,242,243,245,249,251,252,257,258,259,264,268,271,273,274,275,277,278,280,282,283,289,293,295,296,300,305,312,314,315,316,318,323,324,326,327,328
OZ57,196,203,204,205,206,208,210,214,230,233,245,248,257,259,264,274,276,278,281,283,289,292,293,294,295,297,298,304,309,322,324
OZ58,190,199,201,202,204,209,210,214,216,227,228,232,238,239,240,241,243,244,247,248,249,251,253,257,268,271,272,274,275,276,277,280,282,283,293,294,296,297,298,300,304,305,308,309,310,312,313,314,316,318,319,323,324,327,328,329
OZ59,195,202,204,205,206,207,209,211,212,216,219,223,227,229,231,233,234,238,239,243,250,251,253,254,255,258,260,262,263,264,267,268,276,277,278,281,289,291,292,293,295,296,297,300,301,304,307,308,309,312,313,314,316,318,319,322,327,328
OZ60,194,199,203,204,205,206,208,211,223,227,231,241,242,248,253,254,255,256,259,260,264,267,277,278,289,292,293,295,301,302,308,313,314,322,326,328
OZ61,198,199,201,204,207,208,215,217,218,219,228,229,232,234,246,248,251,252,256,258,259,262,263,264,271,273,280,282,289,292,293,297,298,299,302,305,306,307,308,313,316,322,323,327,328
OZ62,202,203,204,206,207,211,212,215,217,219,223,224,227,228,231,233,234,238,239,240,241,242,244,246,248,250,251,254,255,256,258,260,262,263,267,268,272,275,276,277,278,282,292,293,295,296,300,301,302,304,306,309,313,314,315,318,319,326,328,329
OZ63,203,204,205,208,210,211,212,219,223,227,228,231,233,238,239,240,241,244,250,254,256,260,261,264,268,272,275,276,278,281,282,283,289,292,296,300,301,304,307,309,318,321,322,324,329
OZ64,206,210,211,219,230,231,240,241,245,253,257,274,275,276,281,283,292,295,296,304,308,309,313,324,328
OZ65,199,201,204,205,207,208,209,211,213,216,218,223,224,229,231,233,234,235,238,239,240,241,242,243,245,249,251,253,254,255,257,260,261,262,264,267,268,271,272,274,275,276,280,281,289,295,296,297,298,299,300,301,304,305,306,309,312,313,315,318,322,323,325,326,328
OZ66,207,208,210,212,218,219,223,228,230,249,250,254,256,260,261,262,272,281,282,283,293,296,297,298,299,301,308,313,321,324,328
OZ67,205,208,209,213,215,216,217,218,223,227,232,235,240,241,242,243,244,245,248,249,253,254,255,258,260,261,263,267,275,281,293,299,301,307,312,315,325,326,329
OZ68,204,208,213,215,217,219,223,228,232,233,235,238,239,241,242,244,246,248,251,253,254,257,258,260,268,274,277,282,295,296,297,298,300,301,302,308,313,314,318,321,325,326,327,328,329
OZ69,201,213,218,219,223,230,233,234,235,238,239,240,241,244,248,249,253,254,256,259,260,264,268,271,272,275,276,280,289,293,295,297,299,300,301,304,305,306,307,309,318,321,322,323,325,329
OZ70,208,210,211,212,215,217,218,223,230,231,232,233,238,239,241,244,246,248,249,250,251,254,257,259,260,261,268,274,276,277,281,283,292,295,298,299,300,301,302,304,308,309,313,314,318,321,324,327,328,329
OZ71,209,212,213,215,216,217,218,219,223,224,227,230,232,233,235,238,239,241,242,243,246,249,250,254,257,258,259,260,268,274,276,277,281,293,295,296,299,300,301,302,304,307,308,309,312,314,318,321,325,326,327
OZ72,211,215,217,223,224,230,231,245,249,251,253,254,255,257,260,263,267,274,278,301,306,307,308,315
OZ73,215,217,223,224,227,230,240,241,245,249,251,254,255,257,260,263,267,274,275,276,278,295,298,301,304,306,307,309,313,315,328
OZ74,218,223,224,228,229,232,233,238,239,241,242,244,245,246,248,253,254,255,256,259,260,267,268,272,276,277,278,282,293,295,298,299,300,301,302,304,306,309,313,314,315,318,326,327,328,329
OZ75,213,224,228,230,232,233,235,238,239,240,242,244,245,246,249,253,255,258,259,263,267,268,275,277,278,282,293,300,302,306,307,308,314,315,318,321,325,326,327,329
OZ76,212,227,228,230,240,241,244,245,248,250,253,255,256,257,261,267,272,274,275,276,282,292,295,298,304,307,308,309,313,321,328,329
OZ77,230,240,241,245,248,255,256,257,261,267,272,274,275,295,321
OZ78,210,219,223,224,227,228,232,244,246,248,253,254,256,257,260,261,264,272,274,276,281,282,283,289,292,296,301,304,306,308,309,321,324,327,329
OZ79,223,224,227,228,232,240,241,244,246,248,253,254,256,257,260,264,272,274,275,282,289,295,301,306,308,321,327,329
OZ80,224,228,244,245,246,248,253,255,256,263,264,267,272,278,282,289,307,308,315,321,327,329
OZ81,219,227,232,245,248,255,256,257,263,267,272,274,276,278,292,296,304,306,307,309,315,321
OZ82,232,244,253,257,263,274,276,278,298,304,306,307,308,309,313,315,328,329
OZ83,228,244,245,246,248,253,255,256,263,264,267,272,276,278,282,289,298,304,307,308,309,313,315,321,327,328,329
OZ84,229,233,238,239,242,259,264,268,278,289,293,300,315,318,326
OZ85,227,244,245,248,253,255,256,267,272,276,298,304,308,309,313,321,328,329
OZ86,244,253,276,298,304,307,308,309,313,328,329
OZ87,240,248,256,272,275,277,302,314
OZ88,234,242,258,297,322,326
OZ89,233,239,263,264,278,289,292,307,315
