X0,0,19,102,151,200,222
X1,1,29,67,111,130,153
X2,2,36,77,197,216,226
X3,3,47,83,259,276,280
X4,4,8,92,140,149,306
X5,5,25,139,199,208,276
X6,6,10,126,167,179,285
X7,7,54,144,160,188,325
X8,8,18,55,112,196,225
X9,9,34,56,82,262,281
X10,10,26,109,159,263,300
X11,11,45,68,100,177,301
X12,1,12,64,86,107,146
X13,13,53,165,192,225,266
X14,14,42,163,190,280,317
X15,15,41,57,88,308,315
X16,16,37,109,129,267,306
X17,17,20,212,243,254,319
X18,14,18,108,158,198,235
X19,19,28,56,162,169,194
X20,20,38,191,238,309,325
X21,13,21,169,173,244,258
X22,22,52,123,149,242,255
X23,6,23,64,74,134,252
X24,2,24,73,95,156,201
X25,25,51,58,99,107,328
X26,26,48,151,191,215,310
X27,27,30,150,186,285,296
X28,22,28,105,133,193,237
X29,29,35,57,241,248,260
X30,30,49,108,117,172,257
X31,3,31,79,101,229,268
X32,21,32,248,249,297,301
X33,12,33,176,188,200,294
X34,17,34,73,84,106,283
X35,36,46,58,295,299,302
X36,11,37,59,63,137,156
X37,39,40,175,179,234,319
X38,5,40,119,138,193,204
X39,27,41,79,93,192,318
X40,32,43,134,142,299,324
X41,24,44,153,171,235,251
X42,45,50,150,250,254,290
X43,7,47,59,110,152,180
X44,4,42,66,89,281,311
X45,9,38,124,130,257,277
X46,33,35,190,218,256,292
X47,44,46,255,279,300,323
X48,16,50,208,220,256,271
X49,60,94,117,155,263,274
X50,61,82,148,230,241,272
X51,62,71,143,221,222,318
X52,31,54,105,226,247,282
X53,23,48,55,72,219,229
X54,65,95,168,228,260,321
X55,15,49,119,145,216,305
X56,67,70,116,122,167,211
X57,60,68,131,144,183,261
X58,69,104,204,228,309,314
X59,70,88,154,203,286,295
X60,71,81,111,157,189,264
X61,66,85,180,184,233,298
X62,39,51,89,103,157,258
X63,69,74,113,198,232,303
X64,75,101,166,185,245,302
X65,0,52,76,100,315,329
X66,77,80,206,209,243,274
X67,65,78,172,185,271,326
X68,63,90,122,135,196,223
X69,80,99,110,141,227,320
X70,81,91,170,177,197,236
X71,76,94,112,231,289,316
X72,83,90,270,272,296,314
X73,78,84,131,133,195,288
X74,85,96,211,220,238,289
X75,72,97,162,182,209,265
X76,75,87,125,138,159,233
X77,61,102,114,125,227,250
X78,91,98,246,252,259,291
X79,92,97,154,175,312,326
X80,87,93,113,118,218,261
X81,96,103,195,207,279,303
X82,43,53,106,121,152,224
X83,62,98,136,140,283,322
X84,86,104,155,181,194,287
X85,115,146,178,282,307,316
X86,116,128,164,199,236,242
X87,118,142,210,212,264,278
X88,120,129,205,230,269,328
X89,114,145,163,189,284,327
X90,123,132,161,168,268,284
X91,124,143,247,253,304,312
X92,120,126,217,221,249,288
X93,127,141,231,244,292,304
X94,128,147,160,265,321,324
X95,132,136,173,174,232,290
X96,135,147,262,293,305,313
X97,127,137,161,210,215,286
X98,115,139,174,182,202,308
X99,121,148,158,166,202,214
X100,164,176,217,239,245,311
X101,165,184,203,237,269,275
X102,170,186,207,224,273,307
X103,171,178,270,275,310,322
X104,183,187,234,246,266,313
X105,181,187,201,205,253,317
X106,213,223,287,297,323,327
X107,206,214,240,267,291,294
X108,213,219,239,273,277,320
OX0,119,145,156,168,197,201,226,228,241,248,305,308,315,321
OX1,109,110,129,140,141,149,152,156,161,184,210,215,231,233,244,267,281,286,292,298,304,311
OX2,107,146,166,174,178,182,185,199,202,208,229,245,259,268,280,282,295,299,307,308,316,328
OX3,94,100,110,113,117,122,125,130,133,136,141,142,143,144,145,147,149,150,154,156,157,158,159,161,162,163,166,167,169,172,173,174,175,176,179,185,186,188,190,192,194,195,197,198,199,201,203,204,207,209,210,212,214,217,218,220,227,228,229,232,233,234,235,236,237,238,239,241,243,248,251,253,255,258,259,261,262,264,265,267,274,276,277,279,281,282,284,285,286,289,290,291,293,294,295,296,298,302,303,304,305,308,311,312,315,317,318,319,320,324,325,329
OX4,191,196,200,215,222,223,225,229,231,239,273,277,287,289,297,310,315,316,320,323,327,329
OX5,136,140,153,155,157,162,166,169,174,177,178,182,185,186,187,189,197,199,201,202,205,207,208,221,222,224,229,236,245,246,247,252,257,262,264,268,273,277,280,281,282,283,287,291,295,299,304,308,312,316,317,318,322,328
OX6,108,112,113,130,134,138,143,145,151,152,153,154,156,157,158,159,161,163,166,167,169,176,178,180,182,185,188,193,194,195,196,200,205,207,210,211,212,214,216,217,218,220,221,223,225,227,228,230,231,232,234,239,241,244,245,247,248,249,252,253,254,255,256,257,258,259,260,262,263,265,268,269,270,273,274,275,276,278,281,283,285,286,287,288,289,291,293,297,298,302,305,306,308,314,315,317,322,325,326,327,328,329
OX7,130,143,153,155,162,169,178,187,196,200,201,205,212,215,222,223,225,229,231,235,238,239,243,247,251,254,255,257,262,270,273,275,279,281,283,289,295,297,299,300,302,304,309,312,315,316,317,319,320,322,325,327,328,329
OX8,105,110,112,117,122,125,134,138,141,142,144,147,150,151,152,153,158,161,162,168,172,175,178,179,180,182,186,190,192,196,197,198,199,200,201,203,205,209,211,216,221,223,225,228,229,230,231,233,236,238,242,243,244,245,247,249,251,252,254,255,256,257,260,261,263,264,267,269,270,273,275,277,278,279,282,283,287,288,294,295,296,297,304,306,309,311,312,318,319,320,322,324,326,327,328
OX9,113,134,138,145,151,152,154,156,157,159,161,162,163,167,174,176,180,188,193,195,199,202,204,205,207,208,210,211,214,215,216,217,218,220,221,222,227,230,231,234,238,241,243,244,248,249,251,252,256,258,260,263,265,269,274,276,278,279,280,285,286,288,289,291,293,298,300,303,304,305,306,312,317,319,320,326,328
OX10,112,117,125,131,133,134,142,145,151,152,156,158,163,166,168,169,172,173,184,185,189,192,195,197,200,201,202,203,214,216,222,224,225,226,227,228,230,231,237,241,244,248,249,250,258,260,266,269,271,272,275,284,288,289,297,299,301,315,316,321,324,326,327,329
OX11,125,134,142,145,151,152,154,155,156,157,161,162,163,167,174,176,180,187,188,193,194,195,198,199,201,202,207,208,211,212,214,215,216,217,218,220,221,222,227,228,230,231,232,233,234,238,241,243,244,248,249,251,252,253,256,258,260,263,264,265,269,274,276,279,280,285,286,287,288,289,291,293,295,298,299,300,302,304,305,306,309,312,314,319,320,326
OX12,152,154,155,156,157,158,161,162,166,167,169,173,174,176,180,187,188,189,193,194,195,198,199,200,201,207,208,211,212,215,216,217,218,220,221,228,232,233,234,238,243,250,251,252,253,256,260,263,264,265,269,272,274,276,279,280,284,285,286,287,288,291,293,295,297,298,300,301,302,304,305,306,309,312,314,315,316,319,320,324,326,327,329
OX13,134,138,142,145,158,163,166,169,173,174,182,189,193,199,204,208,214,227,230,231,241,244,248,249,250,258,272,276,284,289,297,299,301,308,316,324,327
OX14,110,140,141,149,150,151,154,157,159,162,167,169,172,173,176,180,182,184,185,186,188,189,193,195,198,202,204,207,210,211,212,216,218,220,222,229,230,231,234,235,238,243,244,245,249,250,251,252,256,257,259,260,264,265,267,268,272,274,276,279,281,284,291,292,293,296,297,299,301,302,303,305,306,308,311,312,316,317,319,320,324,326,327
OX15,131,133,138,145,150,156,157,158,161,163,174,175,179,180,182,184,185,186,190,192,193,198,199,202,203,204,205,207,208,209,210,211,214,215,216,217,220,221,224,225,227,230,234,235,237,238,241,243,244,248,249,251,257,258,260,266,267,271,274,275,276,278,279,280,285,286,291,292,293,294,296,298,303,304,305,315,316,317,319,320,326,328,329
OX16,138,140,145,149,150,151,154,156,159,160,162,163,166,167,168,169,172,173,175,176,179,180,182,184,186,189,190,194,197,202,204,205,209,210,212,214,216,218,222,226,227,230,231,232,234,235,241,244,246,248,249,250,252,253,256,257,258,260,261,263,264,265,266,272,274,278,281,284,287,289,292,294,295,296,297,298,301,302,303,306,309,311,312,313,314,315,316,317,321,324,325,326,327,328,329
OX17,122,147,150,153,154,155,158,160,167,172,176,178,186,187,192,193,194,196,198,199,200,201,203,205,211,212,215,217,218,222,223,225,226,229,231,236,237,238,242,243,245,247,251,253,254,255,257,261,265,270,273,275,277,279,282,283,285,286,289,296,297,299,300,302,309,311,315,316,317,318,319,320,321,322,324,325,327,328,329
OX18,140,149,150,151,156,158,159,160,166,167,168,172,174,176,179,180,182,184,185,186,190,194,197,199,202,204,205,208,216,218,222,226,229,232,233,234,235,245,246,252,253,256,257,259,260,261,266,267,268,274,280,281,287,292,294,295,296,298,299,300,303,308,309,311,313,314,315,317,321,325,328,329
OX19,153,155,173,174,178,187,194,201,204,205,228,232,235,251,253,255,270,275,279,283,287,290,295,299,300,302,309,310,314,317,322,323,328
OX20,156,167,168,176,179,188,190,200,205,217,218,221,228,230,249,252,256,260,269,285,288,292,294,321,328
OX21,151,159,174,182,200,202,208,220,222,256,263,267,271,300,306,308,315,329
OX22,162,169,173,174,194,204,221,222,228,232,247,253,257,262,277,281,283,290,304,309,312,314,318,322
OX23,154,157,158,160,161,166,168,179,188,189,190,193,195,198,199,201,204,205,207,208,209,211,212,214,215,216,220,221,222,227,228,230,233,238,246,247,249,250,257,261,262,264,265,266,267,272,274,276,277,278,279,280,281,283,284,286,287,290,292,295,297,300,301,302,305,306,313,315,316,318,319,321,322,324,325,326,327,328
OX24,173,174,193,204,221,222,226,228,232,237,247,282,283,290,309,314,318,322
OX25,155,167,176,179,187,188,197,200,201,205,216,217,221,226,230,234,246,249,252,261,263,266,269,274,285,288,294,313,328
OX26,160,161,163,166,167,168,174,175,176,182,185,189,190,193,195,197,198,199,200,201,202,204,205,207,208,210,211,215,217,220,222,229,230,231,232,234,235,237,238,241,244,245,247,248,249,251,252,255,258,259,264,268,269,270,275,285,286,288,289,292,294,300,302,304,305,307,309,310,314,315,316,317,318,319,321,323,325,328
OX27,150,157,161,168,172,185,186,189,190,192,194,195,196,197,201,203,204,205,207,208,209,214,218,220,221,222,223,225,227,228,231,233,234,235,236,237,242,243,247,250,252,254,257,259,261,263,264,267,268,269,270,273,277,278,279,282,284,287,288,289,290,292,294,295,299,300,301,302,304,305,306,309,310,311,312,314,317,318,320,323,326,328,329
OX28,158,161,163,166,167,168,174,176,179,182,188,189,192,193,194,195,196,197,199,200,201,202,203,205,207,209,214,220,223,225,226,229,230,231,232,233,234,235,236,242,243,245,248,251,254,255,256,260,261,263,267,269,272,273,275,277,278,280,282,287,288,289,290,295,296,299,301,303,304,305,306,307,308,311,312,316,317,320,326,327,328,329
OX29,157,167,174,176,177,179,182,186,188,189,193,194,200,202,207,208,216,217,220,222,224,230,234,235,236,237,247,249,251,253,255,256,259,261,263,264,266,269,270,271,273,274,275,279,285,287,288,291,294,295,299,300,302,306,308,310,313,316,317,318,323
OX30,163,177,186,189,197,207,208,220,224,227,236,246,252,254,256,259,271,273,284,290,291,306,307,327
OX31,166,167,174,176,179,182,185,188,193,194,197,199,202,208,216,217,229,230,234,237,245,246,247,249,252,253,259,261,263,266,268,269,274,280,282,285,287,288,294,295,299,308,313,315,317,318,329
OX32,161,168,174,175,177,179,180,182,184,186,192,194,195,197,198,200,201,202,203,204,205,208,210,211,215,216,218,222,224,225,227,230,232,235,236,237,238,241,244,250,251,252,253,255,258,259,260,261,263,264,269,270,271,272,273,274,280,282,284,286,287,291,295,299,300,302,304,305,306,309,310,313,314,319,321,323,327,328,329
OX33,167,174,175,176,177,180,182,184,186,188,190,193,194,195,197,201,202,205,208,211,216,218,222,224,225,226,227,230,235,236,238,241,244,247,250,251,253,255,256,258,259,263,264,269,270,271,272,273,274,280,284,285,286,287,291,292,294,299,300,302,303,304,305,306,310,313,318,319,323,327,328,329
OX34,175,177,179,186,194,197,198,200,201,204,205,207,208,216,218,220,222,224,227,228,232,235,236,241,248,251,252,253,254,255,259,260,261,263,264,266,270,271,273,274,275,279,280,282,284,287,290,291,292,295,299,300,302,303,305,306,308,309,310,313,314,316,319,323,327,328,329
OX35,180,184,190,194,195,197,198,200,204,207,208,211,216,217,225,226,228,232,234,237,238,244,246,248,249,250,253,254,258,260,267,271,272,274,275,279,286,287,288,290,299,300,302,304,306,309,313,314,315,316,317,329
OX36,190,192,194,196,197,198,200,203,204,208,210,215,216,217,220,223,225,226,228,229,231,232,234,239,246,248,249,250,253,254,260,266,267,269,271,272,273,274,277,288,289,290,292,297,299,300,302,303,306,309,313,314,315,316,317,320,323,327,329
OX37,174,182,192,193,194,196,197,199,202,203,210,215,216,217,220,221,223,225,229,231,234,237,239,246,247,248,249,250,253,254,259,260,266,267,269,271,272,273,274,277,282,288,289,290,292,297,299,300,302,306,308,313,316,318,320,323,327
OX38,176,188,192,193,195,196,198,199,203,204,207,208,210,211,215,217,218,220,223,226,228,229,230,231,232,233,238,244,245,248,250,253,254,256,257,258,259,260,262,265,266,269,272,273,275,279,282,286,287,289,290,297,298,309,312,314,317,320,321,323,324,325,327
OX39,192,196,203,210,215,223,229,239,266,273,277,287,295,297,320,323,327
OX40,194,197,199,200,202,204,214,216,217,220,225,226,228,230,231,232,234,235,241,246,248,249,253,259,260,267,269,271,274,287,288,289,292,295,299,300,302,303,306,309,313,314,315,316,329
OX41,199,210,211,212,233,236,237,238,242,243,254,269,275,281,283,295,298,309,310,311,319,322,325
OX42,202,214,228,232,235,241,248,303,321
OX43,169,182,193,197,200,204,210,211,212,214,216,217,220,221,222,225,233,234,235,236,238,241,242,243,244,246,247,249,250,253,258,259,260,267,271,272,274,275,281,282,287,288,292,298,299,300,302,303,306,308,310,311,313,314,315,318,319,321,325,329
OX44,200,222,270,275,282,307,310,315,316,329
OX45,172,177,185,186,195,196,197,201,205,209,210,214,215,216,217,221,223,224,226,227,233,237,242,243,248,249,251,255,260,267,268,271,272,274,275,277,278,284,285,291,294,295,296,301,305,311,313,320,326,328,329
OX46,196,210,215,223,225,229,231,239,273,277,286,287,292,297,304,320,323,327
OX47,228,230,231,232,244,248,250,254,258,270,272,275,282,283,289,307,310,321,322
OX48,193,204,208,220,221,222,226,230,237,247,248,250,254,256,270,271,272,275,289,290,292,304,307,309,310,312,314,318,321,326
OX49,133,144,177,186,211,212,215,220,225,230,231,236,238,243,247,248,253,254,255,257,259,260,261,266,268,271,272,283,284,285,296,309,310,317,318,319,322,325,326
OX50,221,222,226,247,270,275,282,310,318
OX51,198,208,210,211,212,218,225,226,233,236,237,238,242,243,244,247,254,258,261,266,269,272,276,281,282,285,290,295,296,298,303,309,311,314,318,319,325
OX52,201,205,208,220,225,226,230,231,234,246,247,248,250,253,254,259,260,263,267,270,271,276,285,289,290,292,295,296,299,300,302,306,307,313,314,318,328
OX53,208,210,211,212,230,233,236,237,238,242,243,248,250,256,259,260,269,272,275,281,283,290,292,295,298,309,310,311,317,319,322,325
OX54,256,259,260,269,275,276,282,286,289,295,304,307,309,314,317,321
OX55,210,211,212,220,226,233,236,237,238,242,243,253,254,259,269,275,281,283,289,295,298,307,309,310,311,317,319,322,325
OX56,230,248,269,270,275,282,286,289,292,295,304,307,309,321
OX57,195,207,211,220,226,231,238,244,253,257,258,262,265,277,279,281,303,304,307,312,321,324,325
OX58,227,250,259,270,272,276,280,284,314,327
OX59,247,253,260,269,270,271,272,275,282,285,286,289,292,295,296,307,309,312,318,321,326
OX60,269,275,282,286,289,292,295,304,307
OX61,177,186,197,207,209,212,214,215,216,217,222,224,225,234,236,244,246,248,249,250,251,254,255,258,262,263,265,268,270,272,274,276,277,278,279,280,281,283,286,288,291,293,294,298,299,300,302,303,306,307,312,313,314,319,320,322,324,326,327,329
OX62,225,226,231,253,257,277,281,289,293,304,305,307,312,313
OX63,197,207,209,212,214,215,216,217,222,224,231,234,244,248,249,250,251,252,254,255,258,259,262,263,265,268,270,272,274,276,278,279,280,283,286,288,292,294,298,299,300,302,303,304,305,307,314,319,320,322,324,327,329
OX64,226,231,244,250,253,254,255,258,260,263,267,271,272,275,279,282,283,292,303,306,309,310,321,322,323
OX65,233,236,237,242,246,252,259,281,282,289,291,292,298,304,306,307,311,312,326
OX66,217,222,236,239,242,245,246,252,259,270,275,282,289,291,292,304,306,307,310,311,312,326
OX67,231,241,244,248,250,254,255,258,263,267,272,275,279,282,283,292,303,304,306,307,308,309,310,312,316,321,322,323,326
OX68,263,267,286,299,300,302,306,312,326
OX69,236,239,242,245,246,248,249,252,259,270,275,282,288,289,291,292,304,306,307,309,311,312,321,326
OX70,235,251,255,278,279,286,291,293,294,298,299,300,302,306,312,323,326,329
OX71,211,212,215,220,238,243,246,250,252,260,268,271,272,275,282,284,286,289,291,299,300,302,304,306,307,317,319,321,323,325
OX72,241,246,248,252,259,276,289,291,292,304,306,308,309,312,314,316,321,326
OX73,207,209,214,224,251,259,260,264,271,273,276,277,281,289,291,292,293,294,306,309,314,317,319,321,329
OX74,239,243,245,248,249,254,264,278,281,283,288,298,309,310,319,321,322
OX75,243,254,264,270,275,278,282,283,289,291,292,293,294,298,304,306,307,310,312,319,322,326,329
OX76,229,245,248,249,250,254,259,268,270,272,273,276,277,280,281,283,286,288,291,293,294,299,300,302,306,309,310,312,314,320,321,322,323,326,327,329
OX77,212,215,246,250,252,254,259,264,268,272,275,276,278,282,283,284,286,289,292,293,294,298,299,300,302,304,307,310,314,322,323,329
OX78,209,214,234,251,252,264,294,305,319,329
OX79,246,248,249,252,270,275,280,282,284,287,289,291,292,297,301,304,306,307,309,312,321,323,326
OX80,250,254,259,272,275,276,280,282,283,284,286,289,292,299,300,302,304,307,310,314,322,323
OX81,234,252,257,259,260,262,265,270,271,273,275,276,280,282,284,289,291,292,293,304,305,306,307,312,314,320,324,327
OX82,257,260,262,265,271,277,281,324,326
OX83,259,260,271,276,304,309,312,314,317,321,326
OX84,248,249,270,275,282,286,287,289,292,297,299,300,301,302,304,307,309,321
OX85,260,270,271,273,275,277,280,281,282,284,289,291,292,293,294,306,307,309,317,320,321,327,329
OX86,273,277,281,286,291,293,294,299,300,302,306,312,320,323,326,327,329
OX87,262,265,270,275,282,289,291,292,293,294,304,306,307,309,312,321,324,326,329
OX88,289,291,292,294,304,306,312,315,316,326,329
OX89,280,284,286,299,300,302,304,317,323
Z0,0,19,22,28,52
Z1,1,12,29,33,35
Z2,2,24,36,44,46
Z3,3,7,31,47,54
Z4,4,8,14,18,42
Z5,5,25,39,40,51
Z6,6,10,23,26,48
Z7,7,85,180,238,325
Z8,8,55,72,92,97
Z9,9,17,20,34,38
Z10,6,179,234,246,252
Z11,11,16,37,45,50
Z12,1,146,153,171,178
Z13,13,21,32,43,53
Z14,4,149,164,242,311
Z15,15,27,30,41,49
Z16,16,92,271,306,326
Z17,17,136,254,283,290
Z18,14,113,190,198,218
Z19,19,56,61,82,102
Z20,20,191,210,212,215
Z21,13,112,225,231,244
Z22,0,200,240,294,329
Z23,23,72,134,265,324
Z24,2,201,226,247,253
Z25,5,83,204,276,314
Z26,26,102,125,151,159
Z27,15,293,305,315,329
Z28,22,133,195,255,279
Z29,29,57,67,70,88
Z30,30,186,257,273,277
Z31,31,79,143,247,318
Z32,32,248,260,321,324
Z33,12,64,252,291,294
Z34,34,82,106,121,148
Z35,35,65,256,260,271
Z36,36,58,77,80,99
Z37,37,129,156,201,205
Z38,38,67,130,211,238
Z39,39,157,212,264,319
Z40,25,107,115,139,146
Z41,27,126,221,285,318
Z42,42,89,157,163,189
Z43,43,121,166,299,302
Z44,44,198,235,279,303
Z45,45,150,170,177,186
Z46,24,73,171,283,322
Z47,47,59,63,83,90
Z48,48,161,215,229,268
Z49,41,88,165,192,203
Z50,50,139,174,208,290
Z51,51,99,141,244,258
Z52,52,100,177,236,242
Z53,53,152,165,180,184
Z54,54,105,131,133,144
Z55,55,196,213,219,223
Z56,56,147,162,262,265
Z57,57,148,202,241,308
Z58,58,203,269,295,328
Z59,59,110,127,137,141
Z60,60,68,76,94,100
Z61,61,150,250,272,296
Z62,62,71,81,91,98
Z63,3,163,268,280,284
Z64,64,69,74,86,104
Z65,65,73,78,84,95
Z66,66,85,89,96,103
Z67,9,239,277,281,311
Z68,60,155,181,183,187
Z69,69,132,168,228,232
Z70,70,154,167,175,179
Z71,62,151,222,310,322
Z72,10,109,120,126,129
Z73,46,75,159,300,302
Z74,74,113,118,134,142
Z75,75,79,87,93,101
Z76,68,131,249,288,301
Z77,49,77,117,216,274
Z78,78,185,217,245,288
Z79,11,63,223,297,301
Z80,80,227,243,250,254
Z81,81,145,189,197,216
Z82,28,104,193,194,204
Z83,33,144,188,218,261
Z84,84,106,195,207,224
Z85,66,262,281,293,298
Z86,86,107,181,205,328
Z87,87,118,233,278,298
Z88,18,94,108,112,117
Z89,90,122,167,285,296
Z90,91,199,236,259,276
Z91,93,183,192,261,266
Z92,76,115,308,315,316
Z93,95,137,156,161,168
Z94,96,207,289,307,316
Z95,97,175,209,243,319
Z96,71,111,124,130,143
Z97,101,219,229,239,245
Z98,103,173,232,258,303
Z99,105,178,237,275,282
Z100,108,158,166,172,185
Z101,109,206,263,267,274
Z102,110,152,224,273,320
Z103,111,153,251,264,278
Z104,21,169,194,287,297
Z105,114,213,227,320,327
Z106,116,199,208,211,220
Z107,114,119,125,138,145
Z108,120,230,241,248,249
Z109,116,122,128,135,147
Z110,123,255,284,323,327
Z111,124,172,257,312,326
Z112,127,154,286,304,312
Z113,128,160,164,176,188
Z114,98,140,267,291,306
Z115,123,132,136,140,149
Z116,135,196,225,266,313
Z117,138,184,193,233,237
Z118,142,210,286,295,299
Z119,155,263,287,300,323
Z120,158,214,235,240,251
Z121,160,228,309,321,325
Z122,162,169,173,174,182
Z123,170,197,226,282,307
Z124,176,200,217,221,222
Z125,182,202,206,209,214
Z126,187,246,259,280,317
Z127,190,253,292,304,317
Z128,191,270,309,310,314
Z129,220,231,256,289,292
Z130,230,269,270,272,275
OZ0,100,102,117,121,126,129,131,133,134,139,143,149,152,154,161,164,168,173,174,175,177,178,180,185,188,195,197,200,202,205,208,209,216,217,218,221,227,232,237,238,240,241,242,244,245,252,253,254,256,257,260,261,262,265,272,274,275,277,281,285,286,288,289,290,291,296,298,303,304,305,306,308,311,312,315,316,319,320,324,325,326
OZ1,113,115,125,129,131,133,137,141,143,144,150,151,152,156,157,159,163,165,168,169,172,177,178,179,180,181,183,184,186,188,189,194,196,198,200,201,202,206,207,213,214,215,216,217,219,221,223,224,225,226,227,229,231,234,235,236,237,242,243,245,251,254,255,256,257,258,259,261,267,268,269,270,271,273,277,279,280,282,285,291,292,293,296,297,299,300,301,302,304,305,316,321,323,324
OZ2,99,104,115,118,125,133,136,139,140,141,143,151,154,157,159,163,164,165,169,172,173,174,175,177,178,179,183,184,188,189,194,195,196,197,198,200,202,206,208,209,210,213,214,215,216,217,219,221,223,225,227,228,229,231,234,235,237,238,242,244,245,251,254,255,256,257,258,259,261,262,265,267,268,269,270,277,280,281,284,285,289,290,291,292,295,296,297,298,300,301,302,303,305,306,311,312,319,320,321,325,326,327,328
OZ3,106,107,117,118,134,137,141,144,145,146,147,148,149,151,154,156,157,161,163,165,166,167,169,171,173,174,175,179,181,188,192,193,194,195,197,198,199,201,203,204,205,206,207,209,211,212,215,217,222,224,226,227,228,232,235,236,237,238,239,240,241,243,244,245,250,252,255,256,257,258,259,260,261,262,264,265,267,270,271,274,275,276,277,278,281,282,283,284,286,288,290,292,293,294,295,299,304,305,306,308,309,311,312,314,315,317,318,322,323,326,327,328,329
OZ4,92,115,125,129,134,149,150,151,154,159,164,165,166,168,169,173,175,177,181,183,184,185,188,194,196,200,202,205,206,209,213,215,216,217,218,219,223,225,226,227,229,231,232,236,238,240,241,245,246,247,248,249,252,253,254,255,256,259,261,262,265,267,268,271,272,273,279,280,281,286,289,291,296,297,298,299,300,301,302,303,304,305,307,311,312,317,319,320,321,323,325
OZ5,126,129,131,134,139,141,144,149,150,152,164,173,174,175,179,180,186,195,197,207,208,209,224,226,232,234,236,238,241,243,244,246,248,249,252,255,262,265,269,270,271,272,273,275,279,281,282,289,290,293,298,303,306,311,316,319,320,324,325,326
OZ6,117,129,133,134,139,141,143,144,149,150,152,164,173,174,175,177,178,179,180,181,183,197,207,208,209,221,224,226,232,234,237,238,241,242,243,244,247,248,252,257,259,262,263,265,269,270,271,272,277,280,281,285,287,288,289,290,293,298,300,301,303,306,311,316,317,319,320,323,324,325,326
OZ7,115,118,125,129,131,133,134,141,143,144,150,151,152,154,159,165,166,168,169,177,178,180,181,184,185,188,192,194,196,200,202,205,206,207,210,213,215,216,217,218,219,223,224,225,226,227,229,231,236,237,240,241,242,243,244,245,246,248,249,252,253,254,255,256,259,266,267,268,271,272,275,279,280,282,291,293,295,296,297,300,301,302,304,305,312,316,317,318,321,323,324
OZ8,88,118,129,131,137,139,141,144,149,150,152,154,156,157,164,165,173,174,175,180,183,186,195,197,201,203,205,207,208,209,210,212,224,226,232,234,236,238,243,255,258,261,262,264,265,266,271,273,279,281,282,289,290,295,298,299,303,304,306,311,312,313,315,316,320,324,325,326,329
OZ9,133,143,147,154,164,165,167,175,177,178,179,188,192,195,196,199,200,203,208,211,217,221,222,223,225,228,231,236,237,242,247,255,256,266,275,279,282,289,292,297,301,309,313,318,321,325
OZ10,118,121,125,129,134,139,147,149,152,161,165,167,168,173,174,179,180,181,185,186,196,197,199,200,202,203,205,209,211,216,218,221,222,223,225,227,228,231,232,233,236,238,241,244,245,246,247,249,252,253,254,255,259,260,262,263,265,272,273,274,278,279,280,281,282,286,287,290,291,292,294,296,297,300,303,304,305,306,308,309,311,312,313,315,316,317,319,320,321,323,324,326,329
OZ11,107,121,125,129,136,137,139,145,146,151,152,154,156,157,161,163,165,166,167,169,171,180,193,194,196,198,200,201,203,204,205,206,210,211,223,225,227,231,233,234,235,237,238,239,240,245,248,254,258,260,263,264,267,269,270,274,276,279,280,284,285,286,287,290,294,295,296,297,299,300,303,304,305,308,309,310,312,313,315,316,319,320,321,322,324,327,328,329
OZ12,129,134,139,148,149,150,152,154,161,164,168,173,174,175,180,181,183,185,186,188,195,197,202,205,207,208,209,216,217,218,224,227,232,236,238,241,244,245,246,247,250,252,253,254,255,256,259,260,261,262,263,265,273,274,279,280,281,282,286,287,288,289,290,291,294,298,300,303,304,305,306,308,311,312,315,316,317,319,320,323,324,325,326,329
OZ13,177,195,236,242,249,255,279,288,301
OZ14,125,148,150,166,210,233,250,272,278,286,295,296,298,302
OZ15,104,140,149,151,154,164,165,167,169,172,173,174,175,178,179,188,192,193,194,195,196,199,200,202,203,204,206,208,209,211,214,217,221,223,225,228,231,237,239,247,249,255,256,257,262,265,266,275,277,279,281,282,288,289,292,297,309,310,311,312,313,318,321,322,325,326
OZ16,131,134,137,141,144,145,150,156,157,161,166,168,181,183,185,188,201,202,212,213,216,217,218,226,234,241,243,244,245,246,247,252,253,254,256,258,259,260,261,263,264,271,272,274,280,287,288,291,293,294,296,299,300,302,308,313,315,317,319,320,323,327,329
OZ17,134,137,145,150,152,156,157,161,164,166,168,173,180,181,183,185,188,195,201,202,207,212,213,216,217,218,224,226,232,234,238,241,242,243,245,246,247,252,253,254,255,256,258,259,260,261,262,263,264,271,272,273,274,279,280,281,287,288,289,291,294,296,298,299,300,302,303,307,308,311,313,315,316,317,319,323,325,327,329
OZ18,147,148,152,161,165,167,168,173,175,180,181,183,185,186,192,196,197,199,200,202,203,205,207,208,211,216,218,222,223,224,225,227,228,231,232,234,236,238,243,244,245,247,248,250,253,254,259,260,261,262,263,266,269,270,271,272,273,274,275,280,281,282,285,286,287,291,292,294,297,298,300,303,304,305,308,309,311,312,313,315,316,317,318,320,321,323,329
OZ19,139,149,150,159,174,175,186,197,206,208,209,210,226,233,236,242,243,263,265,267,271,274,278,282,286,290,295,298,299,306,307,319,324,326
OZ20,121,141,145,148,150,157,212,213,224,227,234,244,250,258,264,272,273,296,305,313,319,327
OZ21,136,145,148,149,152,161,164,165,167,168,171,173,175,180,181,183,185,186,188,189,192,195,199,202,203,205,207,210,211,212,215,217,218,221,224,227,232,234,243,244,245,247,248,249,250,251,253,255,256,260,261,262,263,264,267,269,271,272,273,274,275,276,278,279,280,281,282,285,286,287,288,289,290,294,298,300,303,304,305,306,308,309,310,311,312,314,315,316,317,318,320,322,323,325,329
OZ22,141,145,150,152,157,161,164,165,166,168,173,175,179,180,181,183,185,186,188,192,195,197,202,203,205,209,212,213,216,217,218,221,224,232,236,238,245,247,248,249,253,254,256,258,259,260,261,262,263,264,265,269,270,271,274,275,280,281,282,285,286,287,288,289,291,294,296,298,299,300,302,303,304,308,311,312,313,315,316,317,318,320,323,324,325,327,329
OZ23,144,145,149,151,152,157,163,166,168,169,171,174,178,180,181,185,188,192,193,194,195,196,198,200,202,204,206,208,209,210,212,215,216,217,218,221,223,224,225,226,231,235,237,239,240,246,247,249,253,254,255,256,258,261,264,265,267,270,273,275,276,278,280,284,288,290,291,293,297,298,303,304,306,312,313,314,316,318,321,323,326,327
OZ24,137,149,150,151,152,154,156,157,161,163,165,169,171,174,175,178,179,180,181,186,193,194,196,197,198,200,201,203,204,205,206,208,210,212,213,215,216,223,224,225,227,231,234,235,236,237,239,240,242,243,245,247,248,250,253,254,258,260,264,267,269,271,273,276,278,279,280,282,284,285,290,294,296,297,298,299,302,303,304,305,306,307,308,312,313,314,315,316,319,320,321,323,324,326,329
OZ25,149,150,152,161,164,165,166,168,173,175,179,180,181,183,185,186,188,189,192,195,199,202,203,205,207,209,212,213,217,218,221,224,232,238,244,245,247,248,249,253,254,255,256,260,261,262,263,264,265,267,269,270,271,273,274,275,276,279,280,281,282,285,286,287,288,289,294,296,298,299,300,302,303,304,306,308,311,312,313,315,316,317,318,323,324,325,327,329
OZ26,148,152,161,164,165,168,172,173,175,179,180,181,183,186,188,192,195,202,203,205,207,209,216,217,218,221,224,226,227,232,234,238,242,244,245,247,248,249,250,253,254,255,256,257,259,260,261,262,263,265,269,270,271,272,274,275,277,279,280,281,285,286,287,288,289,291,294,298,299,300,302,303,304,305,307,308,311,312,315,316,317,318,319,320,323,324,325,329
OZ27,145,150,157,161,164,165,166,167,168,172,175,181,183,186,192,195,199,200,202,203,205,207,208,211,212,213,216,218,222,226,231,243,244,245,247,248,249,253,254,257,258,259,260,261,263,264,269,270,271,274,275,277,280,285,286,287,288,289,291,292,293,294,296,300,304,308,312,313,315,317,318,319,323,327,329
OZ28,152,154,161,167,172,173,179,180,185,188,197,199,200,208,209,211,217,221,222,224,226,231,232,236,238,243,244,256,257,262,265,273,277,279,281,282,284,286,292,293,298,299,302,303,304,311,312,316,319,323,324,325,327
OZ29,140,143,150,151,154,165,166,168,175,179,181,183,186,188,189,192,196,197,199,202,203,205,207,209,212,213,217,218,221,222,223,225,226,228,236,239,245,247,248,253,254,256,260,261,262,263,264,265,266,267,269,270,271,274,275,276,279,280,281,284,285,287,293,294,296,297,300,306,308,309,310,311,312,315,317,318,321,322,325,326,329
OZ30,150,157,161,164,165,166,167,168,172,175,181,183,186,189,192,195,199,200,202,203,205,207,208,211,213,216,218,222,226,231,234,243,244,245,247,248,249,253,254,257,258,259,260,261,263,269,270,271,274,275,277,280,285,286,287,288,289,291,292,293,294,296,300,304,305,308,312,315,317,318,323,327,329
OZ31,151,154,157,159,161,163,164,166,168,169,171,173,174,178,181,183,185,188,189,192,193,194,195,196,197,199,200,202,203,204,205,206,208,209,212,215,217,218,221,223,225,226,231,232,233,236,237,238,239,240,242,244,247,249,251,253,254,255,256,258,261,262,265,269,270,273,275,278,281,288,289,290,297,298,300,303,307,311,313,314,317,318,321,325,326
OZ32,154,159,165,175,179,181,186,192,197,198,207,210,212,216,221,227,233,234,235,236,241,242,243,247,248,249,250,251,253,254,255,263,270,272,273,274,275,282,285,286,287,298,303,305,307,313,318,319,320,323
OZ33,169,173,174,194,202,206,209,214,248,260,265,287,297,321
OZ34,172,185,195,197,217,226,236,242,245,255,257,273,277,279,282,288,307
OZ35,143,159,163,166,168,174,178,181,183,189,192,193,195,202,203,204,205,206,209,210,217,218,228,232,233,237,240,245,247,248,253,260,261,264,265,266,269,275,282,284,286,287,288,292,297,298,300,303,304,317,318,321,323,327
OZ36,163,164,166,167,168,174,175,183,184,185,186,189,193,198,200,203,204,205,209,210,211,213,214,216,217,218,219,221,222,226,227,229,231,234,235,237,239,241,242,245,250,251,255,260,261,263,264,265,268,269,272,274,279,282,285,286,289,290,292,293,294,298,299,300,302,303,305,307,308,314,315,317,320,323,324,326,329
OZ37,157,159,161,165,175,179,181,186,192,195,197,198,207,209,210,216,217,221,227,233,234,235,236,241,242,244,245,247,248,249,250,251,253,254,255,258,263,264,265,270,272,273,274,275,279,282,284,285,287,288,298,299,302,303,304,305,307,312,313,318,319,320,324,327
OZ38,164,167,179,199,200,208,211,217,221,222,231,234,246,256,289,291,292,294
OZ39,195,197,209,216,217,234,236,242,243,245,255,265,279,288,299,302,305,313,319,324
OZ40,159,161,165,173,175,179,181,186,188,192,198,210,212,221,227,232,233,234,235,238,241,243,244,246,247,248,249,250,251,253,254,263,270,272,273,274,275,282,284,285,287,289,291,294,298,304,312,316,318,319,320,325,327
OZ41,161,165,166,168,173,174,181,184,185,188,192,193,198,199,204,208,209,210,212,213,214,216,219,221,226,229,232,234,235,237,238,239,242,243,244,245,246,247,248,249,251,254,255,256,259,260,265,268,270,273,275,280,284,287,289,290,292,293,294,298,299,302,305,307,308,312,314,315,316,317,318,319,323,324,325,326,327,329
OZ42,102,166,168,171,178,181,185,188,189,192,193,196,197,198,204,209,210,212,213,214,215,217,222,223,225,226,227,232,234,235,236,237,239,240,242,243,245,247,248,249,254,255,259,260,262,264,265,273,275,278,280,281,284,287,290,291,294,299,302,307,309,310,311,312,313,317,318,319,320,323,324,325,326
OZ43,165,166,167,168,174,175,179,181,185,192,193,198,200,203,204,207,209,210,211,212,213,214,216,217,219,222,226,229,231,234,235,237,239,243,245,246,247,248,249,251,254,259,260,262,265,268,270,273,275,280,281,286,287,289,290,294,299,302,303,304,305,308,311,314,315,317,318,319,324,326,329
OZ44,175,185,192,199,202,203,206,207,208,212,213,214,216,219,221,226,228,229,232,239,240,242,243,245,246,247,249,254,255,256,266,268,270,273,275,278,284,290,291,292,293,295,297,299,303,304,305,308,314,315,318,319,321,323,324,326,327,329
OZ45,166,168,174,179,181,184,186,192,193,198,202,204,205,206,207,210,221,227,228,232,235,237,240,241,246,247,248,249,250,251,253,254,259,263,266,269,270,272,273,274,275,278,279,280,282,284,285,286,287,295,298,300,302,307,317,318,319,320,327
OZ46,188,197,207,216,236,238,242,246,255,279,289,291,294,305,307,313,316,325
OZ47,173,184,185,192,197,200,202,206,207,209,212,214,215,222,226,228,231,236,238,239,240,242,244,247,254,255,262,265,266,273,275,278,279,281,286,289,290,294,295,298,302,308,309,310,311,312,313,315,318,321,326,329
OZ48,197,207,209,216,227,234,236,242,248,250,254,255,260,263,265,273,274,279,297,300,305,313,319,320,321,323
OZ49,179,181,186,192,205,209,221,241,243,246,247,249,253,259,260,265,266,269,270,272,275,280,282,285,287,297,307,317,318,319,321
OZ50,167,181,183,184,189,193,204,208,209,210,211,212,218,219,229,231,237,239,243,245,246,248,253,256,259,260,261,264,265,268,276,278,284,285,286,287,289,295,296,297,298,302,304,314,321
OZ51,171,174,178,181,184,185,192,196,200,202,206,214,215,216,217,222,223,225,226,227,228,238,239,245,247,249,250,251,259,262,263,274,275,280,281,286,287,289,290,291,294,295,297,298,299,300,305,309,310,311,312,316,317,318,320,321,323,324,326
OZ52,181,209,216,226,234,243,247,248,253,260,265,287,297,305,313,319,321
OZ53,168,174,184,193,198,202,204,207,210,214,227,228,232,235,237,240,243,248,250,251,254,260,263,273,274,278,279,284,286,295,297,298,299,300,320,321,324,327
OZ54,209,216,226,227,234,248,250,254,260,263,265,273,274,282,297,300,305,307,313,319,320,321,323
OZ55,183,184,185,186,189,193,198,202,204,210,212,213,214,218,227,228,232,234,235,237,240,241,246,247,250,251,253,256,259,260,261,264,271,272,278,280,282,286,290,293,295,296,298,302,307,308,313,315,317,319,320,327,329
OZ56,216,226,227,234,250,254,273,282,305,307,313,319,320
OZ57,185,192,198,202,205,207,208,214,215,217,221,228,231,232,234,235,238,239,240,246,248,251,253,254,259,260,266,269,271,273,275,276,279,286,289,290,293,295,297,302,304,308,309,310,313,315,318,319,323,329
OZ58,207,213,215,217,219,229,238,245,249,268,270,279,284,286,289,295,297,302,307,309,310,314,316,323,327
OZ59,215,227,238,243,248,250,254,260,263,270,273,274,286,289,295,297,299,300,307,309,310,314,316,320,321,323,324
OZ60,200,205,221,222,227,234,241,246,247,248,249,250,253,254,269,270,272,273,275,282,291,294,307,319,320
OZ61,178,184,196,198,202,208,210,213,214,217,219,223,225,229,231,232,234,235,238,240,241,247,249,251,253,254,260,262,266,268,271,272,275,276,278,280,281,282,284,286,289,290,293,295,297,298,299,304,308,309,311,312,314,315,317,319,321,324,326,327,329
OZ62,196,217,223,225,227,243,245,246,247,248,249,250,253,254,259,260,263,266,273,274,280,282,299,300,302,307,317,320,321,323,324
OZ63,198,202,208,213,214,219,229,231,232,234,235,238,240,241,245,246,251,254,259,260,262,268,271,272,276,281,284,289,290,293,299,302,304,308,309,311,312,314,315,319,321,324,326,327,329
OZ64,189,212,213,227,250,254,264,320,327
OZ65,174,208,213,219,229,231,234,238,241,245,246,254,259,260,262,268,271,272,276,281,284,289,290,293,299,302,304,308,309,311,312,314,315,319,321,324,326,327,329
OZ66,213,217,239,249,297
OZ67,186,202,205,206,208,214,217,219,229,231,234,238,239,241,243,245,246,247,249,253,259,260,262,268,269,270,271,272,275,276,281,282,284,289,293,296,297,299,302,304,307,308,309,311,312,314,315,319,321,324,326,327,329
OZ68,202,206,208,214,217,231,232,234,238,241,246,248,249,254,259,262,263,271,272,274,276,279,281,289,290,293,300,303,304,308,309,311,312,314,315,319,326,329
OZ69,199,205,208,210,217,219,229,231,239,241,242,245,247,248,249,253,255,256,262,268,269,270,272,275,278,281,282,284,286,292,293,295,302,311,316,323,327
OZ70,227,234,246,247,250,253,254,259,273,280,282,307,317,319,320
OZ71,206,212,240,243,278
OZ72,205,210,217,234,241,243,246,249,259,260,262,263,269,270,272,274,275,278,280,281,286,293,295,297,299,300,311,317,319,321,323,324
OZ73,210,245,262,278,281,286,293,295,302,311
OZ74,208,217,231,232,238,241,243,246,248,249,254,259,262,263,271,272,274,276,279,281,289,290,300,303,304,309,311,312,313,314,326
OZ75,212,243,245,248,260,262,263,274,278,281,293,297,299,300,302,311,321,323,324
OZ76,217,232,238,241,243,246,247,248,249,253,254,256,259,262,263,271,272,274,279,280,281,282,289,290,292,300,303,304,309,311,312,313,314,316,317,326
OZ77,192,221,232,234,238,241,245,246,247,249,253,254,256,259,260,262,266,271,272,279,280,281,282,289,290,292,297,299,302,303,304,309,311,312,313,314,316,317,318,319,321,323,324,326
OZ78,232,238,241,243,245,246,247,253,254,256,259,260,262,263,271,272,274,279,280,281,282,289,290,292,299,300,302,303,304,309,311,312,313,314,316,317,321,324,326
OZ79,219,229,238,239,241,246,247,248,253,256,259,262,268,271,272,280,281,282,284,289,292,297,304,309,311,312,313,314,316,317,326,327
OZ80,184,193,204,231,234,237,238,239,243,245,247,248,256,260,263,271,273,274,282,289,292,293,297,298,299,300,302,307,309,312,313,319,321,323,324,326
OZ81,228,234,238,239,243,248,260,262,263,273,274,281,289,297,300,307,309,311,313,316,319,323
OZ82,231,234,238,239,241,243,247,248,256,262,263,271,272,273,274,281,282,289,292,297,300,307,309,311,312,313,314,319,323,326
OZ83,234,238,239,241,243,248,262,263,272,273,274,281,289,297,300,307,309,311,313,314,316,319,323
OZ84,239,246,247,253,259,262,273,280,281,282,307,311,313,317
OZ85,203,238,245,246,247,253,256,259,262,270,271,275,280,281,282,289,292,295,302,304,309,311,312,313,314,316,317,326
OZ86,193,204,237,270,275,314
OZ87,238,241,245,246,247,253,259,260,262,272,280,281,282,289,299,302,309,311,313,314,316,317,321,324
OZ88,256,271,292,304,312,326
OZ89,240,246,291,293,313
