X0,0,111,214,287,291,300
X1,1,106,149,152,156,264
X2,2,80,83,202,216,246
X3,3,51,95,100,116,327
X4,4,88,110,128,201,236
X5,5,121,152,200,205,237
X6,6,21,50,97,150,297
X7,7,53,243,251,286,316
X8,8,75,119,193,217,289
X9,9,44,67,195,262,292
X10,10,52,101,127,130,260
X11,11,133,206,218,250,286
X12,12,73,138,153,295,317
X13,13,49,78,191,204,319
X14,14,48,55,70,230,302
X15,15,16,69,93,266,296
X16,16,25,112,217,231,291
X17,17,28,47,113,141,287
X18,18,87,190,267,277,285
X19,19,68,138,185,198,314
X20,20,56,68,206,240,308
X21,21,147,210,237,299,301
X22,22,64,118,167,241,279
X23,2,23,124,134,200,265
X24,20,24,170,209,255,289
X25,23,25,173,211,215,226
X26,26,27,57,63,117,151
X27,27,79,106,131,198,310
X28,17,89,91,139,229,276
X29,29,33,64,126,178,281
X30,30,62,90,164,175,224
X31,31,48,154,195,247,317
X32,32,174,187,191,313,325
X33,29,65,163,185,212,228
X34,34,179,276,290,314,323
X35,35,102,168,184,227,270
X36,36,65,103,119,234,267
X37,37,70,96,181,293,321
X38,38,104,112,123,256,304
X39,39,82,141,159,232,309
X40,6,40,137,236,307,322
X41,41,52,98,146,264,324
X42,42,143,149,213,240,248
X43,43,90,94,187,278,318
X44,44,45,145,148,162,327
X45,45,151,160,189,315,326
X46,46,50,134,144,193,223
X47,30,47,74,95,133,199
X48,31,103,184,192,214,250
X49,13,56,77,167,303,322
X50,46,145,153,180,318,329
X51,51,59,131,221,222,306
X52,10,72,182,261,272,300
X53,5,53,77,107,157,245
X54,54,92,108,158,280,282
X55,55,86,116,251,271,297
X56,4,49,148,155,265,324
X57,57,81,89,243,252,282
X58,58,99,118,135,142,209
X59,59,94,177,183,207,299
X60,60,71,111,122,252,263
X61,61,74,85,125,137,203
X62,62,108,115,238,257,272
X63,36,63,180,249,293,303
X64,9,22,32,34,261,288
X65,8,33,136,207,298,316
X66,66,176,216,253,298,312
X67,15,67,110,171,218,281
X68,3,19,37,66,208,325
X69,69,147,194,204,228,260
X70,12,24,98,129,168,220
X71,41,60,140,160,239,279
X72,71,129,136,224,307,321
X73,73,97,126,244,257,320
X74,61,75,127,245,292,309
X75,28,58,196,208,223,311
X76,76,169,179,205,227,249
X77,7,35,194,226,273,310
X78,38,78,117,186,242,311
X79,18,79,84,114,233,247
X80,80,130,166,177,284,295
X81,81,85,161,234,248,301
X82,82,86,189,211,284,323
X83,83,100,122,219,283,320
X84,84,123,155,170,197,199
X85,39,93,150,190,308,312
X86,87,113,124,132,235,259
X87,88,102,165,182,188,225
X88,43,161,171,235,283,304
X89,91,241,253,256,268,329
X90,92,215,220,258,268,277
X91,0,96,105,166,213,275
X92,40,72,196,212,258,326
X93,99,156,181,225,244,285
X94,101,120,144,164,172,230
X95,42,104,140,154,159,238
X96,105,114,125,296,313,315
X97,1,120,192,219,242,294
X98,107,162,163,229,294,328
X99,54,109,121,135,232,305
X100,11,115,186,210,254,290
X101,76,128,233,271,278,280
X102,132,169,222,255,262,275
X103,139,143,175,202,270,319
X104,142,173,201,221,254,263
X105,146,158,178,203,269,306
X106,157,165,239,246,266,302
X107,172,176,197,273,274,305
X108,174,188,259,269,274,328
OX0,100,111,112,113,114,117,120,129,131,134,136,140,143,148,151,152,154,156,159,169,170,190,192,197,198,199,200,213,222,224,233,235,238,240,242,247,248,252,255,256,259,262,263,264,267,275,277,283,285,294,304,307,310,320,321,324
OX1,111,122,129,136,140,141,143,149,151,159,211,213,224,232,239,240,248,252,263,279,284,307,309,315,321,323,326
OX2,85,89,113,114,117,120,123,124,131,149,151,152,155,156,166,169,170,190,192,197,198,199,213,214,217,219,222,231,233,235,242,243,247,252,255,259,262,264,267,277,282,285,287,294,300,310
OX3,89,93,94,110,113,122,124,130,131,133,134,138,143,147,166,173,175,183,185,189,194,198,200,204,206,207,214,215,216,218,219,221,222,226,228,229,241,246,250,253,256,260,265,266,268,270,276,283,286,287,291,295,296,299,300,306,314,319,320,323,327,329
OX4,94,102,110,113,116,117,120,122,123,124,130,133,134,138,141,143,145,147,148,149,150,151,152,154,155,156,159,160,162,166,168,170,173,175,179,184,185,187,188,189,190,191,192,197,199,200,204,206,207,211,214,216,218,220,221,222,227,228,229,231,232,233,241,242,243,246,250,253,256,258,259,260,261,262,264,265,266,269,271,273,274,277,283,284,287,290,291,292,294,295,296,297,299,300,306,308,309,312,313,315,316,317,319,320,323,325,326,328,329
OX5,110,112,118,121,123,140,143,148,149,152,154,155,159,162,163,167,168,169,179,182,183,184,188,194,200,201,213,225,226,229,231,233,236,237,238,239,240,243,245,246,248,249,251,256,265,266,270,271,273,278,280,286,288,294,302,303,304,310,316,322,324,328
OX6,93,102,112,113,116,117,120,124,131,134,140,141,145,150,151,152,156,160,162,168,170,175,179,183,184,187,188,189,190,191,192,194,197,198,199,200,202,213,214,215,217,220,226,227,229,232,233,238,240,241,242,243,248,253,258,259,261,262,264,269,271,273,274,277,283,286,287,290,292,294,297,300,304,308,309,312,313,314,315,316,317,319,320,323,324,325,326,328,329
OX7,112,117,120,123,131,140,143,152,154,155,156,159,170,192,197,198,199,213,219,238,240,242,248,256,264,294,304,310
OX8,98,120,125,127,130,133,134,141,143,145,147,149,151,153,158,159,160,164,166,176,178,180,182,183,186,187,188,191,193,196,197,203,206,211,212,214,217,218,223,230,232,237,240,248,250,254,258,259,260,264,272,273,275,284,286,287,290,299,301,305,306,309,313,315,318,323,324,325,328,329
OX9,95,102,109,113,114,116,120,122,124,125,127,130,131,133,137,138,141,144,145,147,148,150,152,154,156,158,159,160,161,163,167,171,175,176,181,183,185,186,191,194,196,197,198,199,200,202,203,204,207,208,209,210,213,214,215,216,223,224,226,227,228,229,230,233,236,237,238,239,243,244,245,247,249,251,252,255,257,260,263,267,269,273,276,277,283,287,288,291,292,294,295,296,297,299,302,303,304,306,308,309,311,312,313,315,317,318,322,325,326,327
OX10,114,116,125,130,134,137,140,145,147,148,149,150,151,154,160,162,165,168,173,175,177,182,183,184,187,189,191,200,204,205,216,217,219,220,222,225,228,229,233,235,236,239,240,241,243,246,247,248,249,253,255,256,258,260,261,265,266,267,269,273,274,278,279,280,283,285,286,290,291,292,295,296,297,307,308,310,312,313,314,316,317,319,320,322,325,328,329
OX11,102,118,121,125,133,137,138,148,152,162,163,165,166,167,168,170,183,184,185,194,197,199,200,201,205,206,213,214,217,218,226,227,229,237,239,243,245,246,250,251,265,266,270,273,275,287,288,294,300,302,303,307,314,316,324,328
OX12,117,120,131,134,148,149,152,156,169,170,192,197,198,199,200,214,217,219,222,231,242,255,262,264,275,287,294,300,310,324
OX13,116,118,120,124,126,127,129,130,133,134,137,138,141,143,145,147,149,150,151,158,159,160,164,168,169,170,176,178,180,182,183,193,196,197,203,209,210,211,212,213,214,217,219,220,222,223,230,232,236,237,240,244,248,257,258,260,261,262,264,269,272,273,274,275,283,284,287,288,289,295,297,299,301,305,306,307,309,315,317,318,322,323,324,327,329
OX14,103,118,120,123,124,126,134,136,138,140,141,143,144,147,148,149,151,153,154,155,159,160,161,162,163,164,166,167,169,170,171,176,178,179,180,182,183,186,193,195,199,207,211,212,214,218,219,222,228,230,237,238,240,241,245,254,255,256,261,267,272,273,274,276,279,283,284,288,289,298,299,304,305,309,310,315,316,318,320,326,329
OX15,109,113,120,121,122,125,126,129,134,135,137,143,144,151,152,154,156,161,162,164,165,169,171,175,176,178,180,182,184,185,192,193,197,201,202,205,207,211,212,215,217,218,220,222,224,225,228,232,233,237,238,244,246,247,248,249,250,252,253,255,258,261,262,263,265,266,267,270,272,273,274,275,276,277,284,285,289,291,292,294,298,301,304,305,315,316,319,323,326,328,329
OX16,118,120,122,124,126,129,131,133,136,141,143,144,148,149,152,154,156,159,160,162,165,166,169,175,176,177,180,182,184,185,186,187,189,192,193,198,200,201,205,206,209,210,211,212,219,221,225,228,229,232,233,235,237,240,241,243,244,246,247,249,252,254,256,257,261,262,264,265,266,267,269,273,274,278,280,284,285,286,288,290,292,294,298,299,301,309,310,316,318,320,323,327,328
OX17,120,123,125,126,129,130,131,137,141,144,145,147,148,150,152,155,156,158,159,160,166,168,169,170,173,175,176,178,180,185,186,189,190,191,192,193,198,200,201,202,204,206,210,212,216,220,221,222,229,232,233,235,236,237,241,243,244,247,248,252,254,256,257,258,259,260,262,263,267,268,269,270,276,277,282,283,285,289,294,295,296,297,298,299,301,306,307,308,309,312,313,314,317,318,322,325,327
OX18,123,124,134,141,148,154,155,189,200,211,219,232,238,283,284,309,320,323,324,327
OX19,122,126,129,130,134,136,137,138,140,141,143,144,145,147,149,150,151,159,168,180,193,196,210,211,212,213,214,220,223,232,236,237,239,240,244,248,252,257,258,260,263,279,284,291,295,297,299,300,301,307,309,315,317,318,320,322,323,329
OX20,113,124,127,131,134,140,141,143,144,148,151,152,156,159,164,170,175,176,182,186,189,191,192,198,199,200,203,204,213,216,229,230,232,239,240,241,243,246,248,252,253,256,261,264,268,270,272,273,274,276,279,282,283,287,294,300,305,309,310,311,315,320,324,326,327,329
OX21,124,126,130,131,133,134,136,137,143,144,149,150,151,152,153,154,156,159,160,161,162,163,165,167,168,170,171,175,176,177,178,180,182,185,188,189,191,193,196,197,198,199,201,205,206,207,209,212,213,217,218,219,220,221,222,223,225,229,232,233,235,236,237,239,240,243,245,246,247,248,249,250,255,258,259,260,263,264,265,266,273,278,280,285,286,289,291,294,295,297,299,300,304,307,313,314,315,317,318,322,324,325,327
OX22,126,127,130,134,136,137,140,143,147,149,150,151,153,161,162,164,165,167,168,171,175,177,178,180,183,185,187,189,191,192,193,196,197,200,201,202,203,204,205,207,209,212,214,215,216,219,221,222,223,225,230,232,235,236,238,245,249,252,254,255,260,263,265,266,268,269,272,277,278,279,280,282,283,285,289,290,291,294,295,297,300,301,304,305,307,310,311,314,315,317,318,319,320,322,327
OX23,125,127,129,131,133,134,136,143,144,145,147,148,149,151,153,161,162,163,164,165,166,167,170,171,173,176,177,178,186,188,189,190,192,196,197,198,200,202,203,204,205,207,209,210,211,213,216,217,218,222,223,225,230,232,238,239,240,241,244,245,246,249,250,252,254,256,257,261,264,265,266,267,268,270,272,274,275,276,277,278,280,282,284,286,287,291,296,298,301,304,305,308,310,312,315,320,323,324,327
OX24,129,131,136,143,144,147,148,151,152,156,158,161,162,163,165,167,170,171,173,177,180,182,183,186,187,189,190,191,193,198,200,202,204,205,206,207,209,210,211,212,214,216,219,222,225,232,237,238,239,240,241,244,245,246,249,252,256,257,258,259,260,261,265,266,267,268,270,273,274,276,277,278,280,282,284,290,291,294,296,298,299,304,306,308,310,311,312,313,315,318,320,323,324,325,326,327,328,329
OX25,127,131,134,140,144,148,151,152,154,156,159,163,164,169,170,176,182,186,189,191,192,198,199,200,202,203,204,213,215,216,219,220,222,229,230,233,238,239,240,243,246,247,248,252,255,258,261,262,264,268,272,273,274,275,277,279,282,287,300,305,310,311,315,319,324,326,327,328
OX26,121,131,133,134,141,143,144,152,153,158,160,165,167,170,173,175,176,178,179,180,186,189,190,191,193,197,198,199,200,202,204,205,206,209,212,216,219,221,229,232,233,235,236,238,239,240,241,243,245,246,251,252,256,258,259,260,262,263,265,266,267,268,269,270,271,277,282,283,285,292,296,298,299,301,302,303,306,308,309,310,311,312,313,314,317,318,320,322,323,324,325,327
OX27,133,134,135,141,143,147,148,151,152,159,160,186,187,188,191,206,211,213,218,232,237,240,248,250,254,259,261,269,274,284,286,288,290,299,301,309,313,315,323,325,326,328
OX28,131,134,135,136,138,141,149,151,154,156,160,161,162,163,165,167,168,169,170,171,175,176,177,178,182,185,186,187,197,198,199,201,205,207,209,210,211,217,220,221,225,229,233,235,237,239,243,244,245,246,247,249,254,257,261,262,263,264,265,266,269,273,274,275,278,280,283,284,285,287,288,289,290,291,294,299,300,304,309,314,315,323,324,326,328,329
OX29,134,135,136,138,143,154,156,159,161,162,163,165,167,168,169,171,175,176,177,178,182,185,186,187,201,205,207,209,210,213,217,220,221,225,229,232,233,235,237,239,240,243,244,245,246,247,248,249,254,257,261,262,263,265,266,269,273,274,275,278,280,283,285,287,288,289,290,291,294,299,300,304,310,314,328,329
OX30,136,138,141,148,151,152,154,156,160,161,162,163,165,167,168,171,175,176,177,178,182,183,185,186,187,200,201,205,207,209,210,211,214,220,221,222,225,229,233,235,237,239,243,244,245,246,247,249,254,255,257,261,263,265,266,269,273,274,278,280,283,284,285,289,290,291,294,299,304,309,310,314,315,323,326,328,329
OX31,135,144,147,148,149,152,153,158,159,160,162,165,167,173,175,176,178,179,180,187,188,190,193,200,202,204,205,209,211,212,213,216,218,219,221,229,233,235,236,237,238,239,241,243,246,248,250,251,252,254,256,258,260,261,262,263,264,265,266,267,268,270,271,274,277,282,283,284,285,286,288,290,292,296,298,302,303,306,308,311,312,314,317,318,320,322,328
OX32,130,140,141,143,144,147,150,152,153,154,156,159,164,166,167,175,177,178,180,182,184,188,189,191,193,197,209,210,211,212,214,218,219,221,222,224,228,229,233,235,236,238,240,241,243,244,245,247,250,254,255,256,257,259,263,264,267,269,272,274,275,278,279,280,283,284,287,290,291,292,295,297,298,299,300,301,306,307,309,310,311,313,314,316,317,320,322,323,325,327,329
OX33,143,144,148,149,153,158,160,162,165,167,169,173,175,176,178,179,180,182,190,191,193,202,204,205,209,210,211,212,216,218,219,221,222,229,233,235,236,239,240,241,243,246,250,251,252,254,255,256,257,258,259,260,261,263,264,265,266,267,268,269,270,271,275,277,282,283,284,285,286,287,290,292,296,298,299,300,301,302,303,306,308,311,312,313,314,317,318,320,322,325
OX34,144,148,151,153,154,159,160,162,163,165,167,169,173,175,176,179,180,182,189,190,191,193,202,204,205,209,210,211,212,213,215,216,218,219,220,221,222,235,236,238,239,241,246,247,248,250,251,254,255,256,257,259,260,261,263,265,266,267,270,271,275,283,284,285,286,287,290,292,294,296,298,299,300,301,302,303,308,311,312,313,314,315,317,318,320,322,325,326,327,328
OX35,138,145,147,150,151,152,154,156,158,161,162,164,165,173,176,177,179,182,183,184,185,187,189,190,197,200,205,210,211,212,217,222,224,232,237,238,240,244,245,247,251,252,255,257,258,259,260,261,262,265,266,267,268,269,270,271,272,277,278,280,282,284,285,286,291,296,297,299,302,303,307,308,310,312,313,315,316,317,318,319,325,326,327,328,329
OX36,137,140,148,151,152,156,160,162,163,165,167,168,173,175,178,182,186,189,190,196,197,199,200,205,206,209,210,211,215,219,221,223,224,225,232,235,237,238,240,241,244,245,249,256,257,258,259,261,263,264,265,266,267,269,270,273,274,276,279,283,284,290,294,296,298,300,306,308,311,312,313,315,318,319,320,323,325,327,328
OX37,141,145,147,148,149,152,156,158,160,162,164,178,184,186,188,189,194,199,200,205,206,211,215,218,222,224,226,232,237,238,244,250,252,254,255,258,261,264,268,269,270,272,273,275,276,277,278,280,282,284,285,287,292,299,300,301,303,306,307,309,310,314,316,317,318,327,329
OX38,119,147,148,152,153,156,158,162,165,166,170,173,175,178,179,180,183,186,187,188,190,191,192,197,199,200,202,205,207,211,212,216,218,222,229,230,232,233,235,236,237,238,239,240,243,245,246,250,251,254,255,256,258,260,261,262,265,266,267,268,270,271,273,277,279,282,283,284,285,286,290,291,294,296,302,303,305,308,312,314,316,317,318,319,320,322,324,328
OX39,145,147,148,149,150,151,152,154,156,158,161,163,165,168,169,170,173,177,178,183,186,187,188,189,190,194,197,199,201,205,211,212,217,222,224,225,226,229,233,236,240,243,244,247,249,252,254,255,258,259,260,261,262,264,266,267,268,274,277,282,284,285,290,291,294,296,297,299,306,307,308,310,312,313,314,315,317,318,319,322,324,325,326,327,329
OX40,179,183,187,188,191,214,217,222,255,259,261,262,269,274,275,276,287,290,300,313,314,323,325,328
OX41,147,150,154,161,162,163,165,168,173,177,184,188,190,191,197,199,201,206,210,211,212,214,215,218,222,225,229,233,236,240,243,247,249,250,255,257,260,261,266,267,270,273,276,278,280,284,290,291,292,294,296,297,299,303,308,312,316,319,322,323,328
OX42,140,154,161,164,165,171,173,176,177,178,183,187,188,190,194,199,200,201,205,206,211,212,215,217,218,222,226,232,236,237,238,240,244,245,247,250,251,255,256,259,260,261,264,266,267,271,272,273,284,286,291,292,296,301,302,303,304,306,308,310,312,313,314,319,320,322,325,328
OX43,154,158,160,162,163,170,176,197,199,215,220,229,232,233,238,243,245,247,252,258,268,273,274,277,282,294,324,328
OX44,148,164,170,173,182,199,214,261,265,272,291,324
OX45,149,152,153,156,158,160,162,163,170,178,182,186,206,210,215,218,220,222,225,229,233,236,243,244,249,250,251,252,254,255,257,258,261,264,268,269,271,275,277,282,285,286,287,290,292,294,300,302,303,306,317,318,322,324,328,329
OX46,150,151,159,160,163,169,170,171,173,182,184,186,188,189,200,201,202,206,210,213,214,222,224,225,229,233,237,238,239,243,244,246,248,249,251,253,254,255,256,257,262,270,271,275,276,278,279,280,286,287,291,294,297,298,300,302,303,304,307,308,312,314,315,316,320,323,324,326,327,328
OX47,152,153,156,161,165,166,168,169,171,190,197,199,200,202,204,206,210,211,212,215,222,224,225,237,239,246,249,253,255,256,257,260,262,266,267,273,279,284,285,296,298,299,303,304,307,314,317,318,320,329
OX48,151,153,159,160,162,164,166,168,169,170,173,177,183,187,188,189,195,199,201,204,205,210,213,217,218,220,224,238,240,248,257,259,261,262,269,272,274,291,292,299,301,303,307,313,315,319,324,325,326,327,328
OX49,158,160,162,163,166,169,170,175,176,177,182,191,197,199,200,202,204,210,222,229,232,237,238,241,243,245,252,253,255,256,257,261,262,268,270,273,274,275,276,282,287,290,294,299,300,301,314,323,324,328,329
OX50,168,220,224,233,236,271,278,280,307,318,322,329
OX51,233,236,249,271,278,280,303,322
OX52,161,162,163,165,166,171,173,176,182,183,184,187,190,191,195,197,199,201,202,204,206,210,211,212,215,217,218,220,222,224,229,239,243,244,246,249,251,253,255,256,257,260,261,266,267,270,273,276,279,284,286,290,291,292,294,296,298,299,302,303,304,307,313,316,317,318,320,323,325,328,329
OX53,160,162,163,165,166,169,170,175,178,182,183,184,187,188,191,194,195,197,199,202,205,207,214,215,216,221,224,225,226,229,232,238,239,240,243,245,246,250,252,255,256,258,262,263,266,269,274,275,277,278,279,280,287,291,294,300,303,307,308,310,312,313,317,318,319,324,325,328
OX54,169,183,187,188,191,205,214,217,222,224,255,259,261,262,269,270,274,275,276,287,290,300,303,307,313,314,323,325,328
OX55,165,166,167,173,175,177,182,183,186,187,188,191,194,195,200,201,202,205,209,210,214,215,216,217,221,224,226,237,239,240,241,246,250,251,254,256,257,258,259,263,266,269,273,274,277,278,280,286,298,299,301,302,303,307,308,310,312,313,317,318,319,325,328
OX56,175,176,191,194,220,224,226,249,273,303,307,310,313,318,325,329
OX57,159,162,163,166,167,171,178,184,189,191,195,197,199,200,204,205,206,207,209,210,211,213,214,217,219,222,232,237,240,241,245,248,249,250,257,273,279,284,294,298,304,314,317,318,319,320,327
OX58,166,171,176,177,182,184,188,189,191,194,195,200,202,204,205,210,211,219,220,224,226,229,235,237,239,240,243,244,246,250,253,256,257,267,269,270,273,274,276,277,278,279,280,283,284,285,298,299,301,303,304,307,308,310,312,316,317,318,319,323,327,328,329
OX59,153,162,163,167,171,176,183,184,186,187,190,195,200,202,204,205,209,213,216,217,218,221,222,225,229,237,240,243,244,248,249,251,254,255,256,259,263,269,274,275,279,286,287,291,292,294,296,300,302,304,308,312,316,318,319,320,329
OX60,162,177,178,183,186,187,189,192,194,200,202,204,205,207,212,213,216,218,219,220,222,225,226,230,235,237,240,241,248,249,250,251,254,255,256,258,259,260,267,273,274,277,278,280,283,286,292,294,298,302,305,308,310,312,313,319,320,325,327,328,329
OX61,164,173,176,183,184,187,199,201,204,206,210,214,216,217,218,221,232,238,240,245,250,253,255,257,263,272,290,292,298,308,312,313,319,325
OX62,177,178,182,184,189,190,194,202,207,213,214,215,217,219,224,225,226,229,241,243,244,248,249,251,253,256,259,261,269,270,273,274,275,276,286,287,290,296,299,300,301,302,303,307,310,313,314,316,318,323,325,327
OX63,173,176,183,184,186,187,194,195,197,199,201,204,206,211,214,215,216,217,221,226,232,238,240,245,250,253,254,255,263,284,292,298,308,310,312,313,314,317,319,325
OX64,171,176,182,183,184,187,189,191,192,195,196,204,210,214,216,217,218,223,224,225,229,230,235,239,241,243,246,249,251,253,254,257,258,259,261,267,270,274,276,279,283,286,290,294,300,302,303,304,305,307,311,314,316,317,318,323,327
OX65,163,167,176,182,183,184,186,187,189,192,197,199,200,202,204,205,206,209,211,212,213,217,218,219,221,224,228,229,230,237,239,240,241,243,244,246,248,250,253,254,256,259,261,263,269,270,276,277,278,280,284,285,290,291,303,305,307,308,310,312,313,316,318,319,323,325,327
OX66,167,176,183,187,188,189,190,191,192,196,197,199,200,202,204,205,206,209,210,211,213,214,215,216,217,218,220,223,224,225,229,230,232,235,237,238,239,241,243,244,245,246,248,250,251,254,255,256,257,258,261,267,269,270,273,276,283,284,286,290,292,294,296,298,300,302,303,305,307,311,313,316,320,323,325,327,328,329
OX67,176,184,188,195,200,205,211,214,215,220,221,228,232,237,238,245,249,250,255,259,260,261,263,269,273,274,284,290,291,292,299,301,310,314,317,318,328,329
OX68,182,184,188,192,194,196,200,204,205,210,214,218,219,220,221,223,226,228,230,232,237,238,244,245,249,250,254,255,257,260,263,274,285,291,292,294,299,300,301,305,311,313,318,325,329
OX69,184,188,191,195,200,205,211,214,215,216,220,221,228,232,237,238,240,245,249,250,253,255,259,260,261,263,269,273,274,284,290,291,292,298,299,301,308,310,312,313,314,317,318,319,325,328,329
OX70,178,188,190,192,196,200,205,207,212,214,215,217,218,219,220,223,224,225,230,235,237,250,251,254,258,259,260,261,267,270,274,276,277,278,280,283,285,286,290,294,296,299,300,301,302,303,305,307,311,313,314,318,320,323,325,328,329
OX71,183,186,187,188,194,196,204,214,216,217,220,223,224,226,240,249,253,259,261,269,270,273,274,276,290,298,300,303,307,308,310,311,312,313,314,318,319,323,325,328,329
OX72,192,194,200,205,219,220,226,228,230,237,244,249,259,260,269,285,294,299,301,305,318,328,329
OX73,186,189,190,191,196,200,205,210,212,214,216,219,221,223,229,232,235,237,238,240,243,245,249,253,255,257,258,259,260,263,267,277,278,280,283,285,291,292,296,298,299,300,301,308,311,312,316,319,320,327
OX74,190,194,202,213,220,226,228,241,248,253,256,259,260,269,274,285,296,299,301,313,325,328,329
OX75,189,191,194,197,199,202,206,212,213,216,219,220,224,226,229,235,240,241,243,248,249,256,258,260,267,269,270,274,276,277,278,280,283,298,299,301,303,307,308,310,312,313,314,316,319,320,323,325,327,328,329
OX76,194,200,205,220,226,228,237,249,260,299,301,318,329
OX77,202,213,228,248,253,260,273,298,299,301,310
OX78,195,196,197,199,200,205,206,211,214,215,218,220,221,223,228,232,237,238,245,249,254,255,260,263,284,291,292,299,300,301,310,311,314,317,318,329
OX79,197,199,206,212,215,220,224,228,229,235,241,243,244,249,256,258,259,267,270,276,277,278,280,283,285,298,303,307,310,314,316,320,323,329
OX80,191,196,204,210,214,216,218,221,223,225,229,232,238,240,243,245,250,251,253,254,255,257,259,263,286,291,292,298,300,302,308,311,312,316,319
OX81,200,205,212,214,215,220,221,222,229,235,237,241,243,244,249,256,258,259,260,263,267,275,277,278,280,283,285,287,291,298,299,300,301,316,320,329
OX82,211,215,220,224,249,270,276,284,303,307,318,323,329
OX83,188,196,204,210,212,215,218,220,222,223,224,225,228,232,235,238,241,244,245,249,250,251,254,255,256,257,258,259,261,267,269,270,273,274,275,276,277,278,280,283,285,286,287,290,292,298,302,303,307,310,311,313,314,320,323,325,328,329
OX84,214,221,222,263,275,287,291,300
OX85,196,204,210,212,218,222,223,225,228,229,232,235,238,243,244,245,250,251,254,255,257,267,269,273,274,275,283,285,286,287,292,302,310,311,313,316,320,325,328
OX86,229,235,241,243,244,256,259,267,277,278,280,283,285,298,316,318,320
OX87,212,216,228,239,246,253,256,273,277,278,279,280,298,310,318
OX88,215,216,220,239,241,246,253,258,277,278,279,280,318,329
OX89,216,239,241,246,253,279
Z0,0,113,132,275,287
Z1,1,27,106,117,242
Z2,2,23,80,211,284
Z3,3,19,51,131,198
Z4,4,13,49,236,322
Z5,5,121,232,245,309
Z6,6,40,50,196,223
Z7,7,176,273,298,316
Z8,8,24,129,136,289
Z9,9,34,169,179,262
Z10,10,72,212,228,260
Z11,11,110,201,218,254
Z12,12,52,98,130,295
Z13,4,23,173,201,265
Z14,14,26,63,70,293
Z15,15,88,110,165,266
Z16,16,25,69,194,226
Z17,17,82,141,276,323
Z18,18,92,233,277,280
Z19,3,28,47,95,208
Z20,20,133,170,199,206
Z21,21,50,134,200,237
Z22,22,109,118,135,288
Z23,13,56,143,240,319
Z24,24,98,155,170,324
Z25,15,16,112,171,304
Z26,26,38,112,117,231
Z27,1,156,219,244,320
Z28,28,72,196,287,300
Z29,29,73,126,138,185
Z30,30,164,172,197,199
Z31,31,48,120,192,230
Z32,32,94,183,187,288
Z33,33,59,178,207,306
Z34,34,115,261,272,290
Z35,35,168,215,220,226
Z36,36,46,119,180,193
Z37,37,58,99,181,208
Z38,38,49,78,123,155
Z39,39,42,159,240,308
Z40,6,128,236,271,297
Z41,41,45,148,160,324
Z42,41,42,140,149,264
Z43,43,94,161,299,301
Z44,44,145,153,195,317
Z45,45,86,116,189,327
Z46,36,57,63,81,234
Z47,47,61,74,141,309
Z48,48,55,233,247,271
Z49,14,109,172,230,305
Z50,40,125,137,315,326
Z51,19,66,68,308,312
Z52,52,61,127,146,203
Z53,53,89,107,229,243
Z54,54,158,269,274,305
Z55,31,67,195,218,250
Z56,20,56,118,167,209
Z57,57,60,151,160,252
Z58,37,96,105,313,325
Z59,59,166,177,222,275
Z60,60,83,122,239,246
Z61,12,153,220,268,329
Z62,62,90,108,278,280
Z63,46,134,145,148,265
Z64,9,22,64,67,281
Z65,65,212,258,267,277
Z66,66,174,176,274,325
Z67,33,64,241,253,298
Z68,11,68,206,290,314
Z69,69,191,204,296,313
Z70,70,165,181,225,302
Z71,71,136,243,252,316
Z72,10,62,101,164,272
Z73,73,154,238,257,317
Z74,30,74,137,224,307
Z75,75,101,127,144,193
Z76,76,88,102,128,227
Z77,5,77,205,249,303
Z78,78,147,186,204,210
Z79,27,79,114,151,315
Z80,80,143,166,202,213
Z81,81,85,158,203,282
Z82,39,82,86,150,297
Z83,84,104,123,154,247
Z84,85,105,125,213,248
Z85,87,161,234,235,267
Z86,25,111,173,263,291
Z87,89,91,92,268,282
Z88,90,175,187,191,319
Z89,91,139,202,216,253
Z90,18,93,114,190,296
Z91,93,216,246,266,312
Z92,43,256,304,318,329
Z93,95,116,133,251,286
Z94,58,142,186,254,311
Z95,97,150,190,244,285
Z96,8,183,207,217,231
Z97,99,121,135,152,156
Z98,100,162,219,294,327
Z99,75,255,262,289,292
Z100,102,182,184,214,300
Z101,103,119,214,217,291
Z102,104,140,241,256,279
Z103,0,71,96,111,321
Z104,106,131,146,264,306
Z105,44,107,162,245,292
Z106,54,108,159,232,238
Z107,53,55,157,251,302
Z108,76,180,249,278,318
Z109,2,83,124,235,283
Z110,17,113,229,259,328
Z111,79,84,197,273,310
Z112,21,97,115,210,257
Z113,65,103,163,192,294
Z114,120,144,223,242,311
Z115,77,157,167,239,279
Z116,124,132,169,200,205
Z117,29,163,178,269,328
Z118,129,168,175,224,270
Z119,130,147,177,260,299
Z120,126,171,281,283,320
Z121,139,179,227,270,276
Z122,142,209,221,222,255
Z123,149,152,237,248,301
Z124,51,100,122,221,263
Z125,87,188,225,259,285
Z126,7,35,184,250,286
Z127,32,174,182,188,261
Z128,185,194,198,228,310
Z129,189,211,215,258,326
Z130,293,303,307,321,322
OZ0,112,122,125,127,128,131,132,133,135,136,137,140,144,148,150,156,157,158,160,162,163,165,166,167,171,172,173,175,176,177,180,181,184,186,193,194,196,197,198,199,201,204,205,206,209,211,213,214,215,217,218,219,224,225,226,227,228,229,231,235,237,238,239,240,243,245,251,252,255,256,260,261,264,266,272,276,277,279,280,285,286,288,290,291,294,296,297,299,303,305,306,307,311,312,314,316,319,321,323,324,326,329
OZ1,116,117,123,127,131,136,147,148,150,151,152,153,155,156,158,159,160,163,170,171,175,176,177,178,179,183,184,190,194,197,198,202,207,211,217,219,224,226,227,228,231,233,237,238,240,241,242,244,246,247,248,250,253,256,257,258,260,266,269,277,279,280,281,283,284,286,289,296,297,298,299,301,306,308,309,312,314,315,316,317,326,327,328,329
OZ2,122,127,128,131,133,134,137,140,141,144,152,153,157,160,172,175,176,178,181,183,184,191,192,195,196,197,198,199,201,203,206,208,211,212,215,216,217,218,219,221,224,227,228,229,232,234,235,237,238,240,243,245,246,248,249,254,255,256,258,259,260,261,262,263,264,265,267,272,276,280,281,282,285,286,287,288,289,290,291,299,303,304,305,314,317,319,321,322,323,324,325,326,328,329
OZ3,117,123,127,128,135,136,137,140,145,147,150,151,152,155,162,163,167,170,171,177,179,180,183,186,188,190,191,194,195,197,201,202,203,205,206,207,208,209,214,215,216,218,219,221,222,225,226,228,229,232,233,238,239,241,242,243,244,247,250,251,253,256,257,260,261,262,264,266,269,274,276,277,278,280,282,283,284,286,288,290,296,297,298,299,300,303,307,308,309,311,312,315,316,318,319,323,324,325,328,329
OZ4,127,134,135,141,144,145,148,152,156,157,158,159,164,166,167,175,177,180,181,183,186,187,191,192,196,205,209,212,214,221,228,231,238,239,245,249,254,255,260,265,272,274,275,278,279,280,287,291,294,300,305,306,307,311,319,321,322,328
OZ5,125,128,137,147,150,163,171,177,178,190,194,198,212,236,244,269,271,281,283,284,285,297,299,310,314,315,320,323,326,328
OZ6,83,133,134,137,140,143,152,153,157,158,159,160,164,165,172,177,180,181,183,191,192,193,194,195,197,199,202,203,204,213,214,215,216,219,222,224,225,226,229,231,237,240,243,245,246,248,255,258,262,264,265,266,269,275,276,282,284,286,289,291,296,301,303,306,308,309,312,313,317,321,322,323,324,326,328
OZ7,131,134,136,137,141,144,145,146,147,148,150,153,155,158,159,164,166,167,170,175,178,180,181,184,187,188,192,196,198,201,203,206,207,208,212,215,216,218,222,225,226,228,231,232,236,238,239,246,251,254,255,261,262,265,268,270,272,273,275,278,279,280,281,287,288,290,291,292,294,295,297,298,299,303,305,308,309,314,316,321,324,325,328,329
OZ8,134,144,145,148,165,180,181,192,193,214,217,223,225,230,242,265,291,302,303,307,311,321,322
OZ9,135,136,137,141,144,146,147,152,153,155,156,157,159,164,165,167,170,172,175,176,177,183,184,186,193,196,203,205,207,209,212,215,217,221,222,225,226,228,230,231,238,239,245,249,250,254,262,268,270,272,273,279,286,287,292,295,298,299,300,302,303,305,307,311,316,324,329
OZ10,118,133,136,137,141,144,146,147,150,153,155,159,164,165,172,175,177,184,187,193,196,199,203,206,207,208,209,212,214,215,216,217,225,226,228,230,231,232,234,235,238,239,246,251,255,256,259,261,262,267,268,270,272,273,274,279,285,287,288,292,295,297,298,301,302,304,305,307,308,309,316,318,324,325
OZ11,86,133,140,141,143,145,146,147,152,157,158,162,164,165,166,170,172,177,181,182,183,184,188,193,194,195,196,199,202,204,206,207,208,211,212,213,215,216,221,223,224,225,228,229,232,237,238,239,240,242,245,248,250,251,252,261,263,264,266,268,269,270,272,273,274,276,282,284,286,287,288,289,292,294,295,296,298,299,300,301,305,306,311,313,317,319,321,323,325,328,329
OZ12,123,132,133,137,140,145,148,150,152,153,155,157,158,159,160,164,165,166,167,169,171,172,173,177,178,182,183,191,194,195,197,199,200,201,203,204,205,211,214,215,217,219,222,224,226,229,231,235,236,237,239,240,243,245,248,250,251,255,258,262,264,265,266,275,276,279,281,282,283,289,294,296,297,300,301,304,306,307,308,309,313,317,322,323,324,326
OZ13,143,145,150,153,157,158,160,162,172,177,190,191,194,195,202,204,211,213,221,222,226,230,234,235,239,243,245,246,251,252,256,259,263,267,269,274,275,278,280,284,292,297,299,301,302,304,313,315,317,318,328,329
OZ14,128,136,141,144,145,146,147,155,157,159,162,164,167,170,176,177,180,183,187,188,190,191,193,195,196,207,208,212,215,216,217,224,225,226,227,228,231,232,236,238,239,243,245,246,249,255,262,266,268,269,270,272,273,274,279,280,282,285,287,295,296,298,299,300,305,309,312,313,316,317,318,319,322,324,325,328,329
OZ15,133,136,141,144,145,146,147,155,157,158,159,162,170,175,176,177,183,184,188,190,193,195,196,197,199,207,208,212,215,216,217,224,225,226,228,230,231,232,238,243,245,246,250,255,262,266,268,270,272,273,282,285,287,295,296,298,299,300,302,305,309,312,313,316,317,324,325,328,329
OZ16,132,136,141,145,148,150,152,156,157,163,164,169,170,173,176,178,179,184,186,187,188,191,193,194,195,196,197,200,204,205,206,207,208,210,212,213,216,218,221,222,223,224,225,226,227,230,232,233,235,237,239,241,243,244,245,246,247,248,250,251,252,253,254,256,257,258,263,265,269,272,274,275,277,278,279,281,285,286,287,289,290,292,297,298,299,300,301,302,304,305,308,311,313,315,316,325,326,328,329
OZ17,136,141,145,146,147,150,155,157,158,159,162,165,166,175,184,186,187,188,190,193,195,196,197,206,212,214,215,217,221,223,224,226,228,231,232,234,235,238,239,241,242,243,245,251,253,254,256,259,261,262,266,267,268,269,270,272,273,274,275,279,282,286,287,288,294,295,296,297,301,304,305,306,308,309,312,313,316,317,318,324
OZ18,166,177,183,192,214,222,231,269,275,291,294,306,328
OZ19,137,145,146,147,153,155,157,160,162,165,170,175,176,177,190,193,194,195,202,203,207,208,210,211,213,214,216,217,223,224,225,226,231,240,241,243,245,250,252,253,254,255,261,263,274,275,279,284,285,286,288,292,298,300,307,308,313,315,317,324,325,328
OZ20,150,157,165,172,182,214,216,230,232,245,246,250,251,286,297,300,302,305,309,312
OZ21,141,145,146,147,155,159,162,165,175,177,181,182,184,186,187,190,193,195,196,197,206,212,215,216,217,222,223,224,226,228,231,238,239,241,242,246,250,252,253,254,261,262,263,266,268,270,272,273,278,279,280,282,285,287,288,294,295,296,299,300,306,308,313,317,321,324,329
OZ22,140,144,145,146,147,153,155,157,160,162,163,165,170,172,176,177,179,187,188,190,191,193,195,198,207,208,210,211,213,214,217,226,227,228,229,231,233,238,240,242,243,245,247,250,252,254,255,256,257,261,263,268,269,270,275,276,277,278,283,286,288,292,294,295,298,300,304,308,310,311,313,314,315,319,320,323,324,325
OZ23,144,145,146,147,148,152,153,155,157,158,159,163,164,172,175,177,179,186,187,188,190,193,195,197,198,206,210,213,215,216,219,221,222,225,226,227,228,230,233,234,237,238,239,241,242,243,245,246,247,248,252,253,255,257,258,262,263,264,267,268,270,275,277,279,280,285,286,289,295,299,302,308,309,310,313,314,315,318,320,326,328,329
OZ24,146,155,157,158,160,163,167,170,171,172,175,176,178,180,182,184,188,190,193,198,202,207,208,210,211,212,213,216,217,223,224,226,227,230,231,232,239,240,241,244,245,249,250,251,252,253,254,255,261,263,266,269,271,274,275,278,281,282,283,285,286,288,296,298,299,302,305,307,308,309,310,313,314,318,320,322,323,324,325,326,328
OZ25,145,148,152,157,158,159,160,172,175,176,179,181,182,183,184,186,188,190,192,195,202,208,211,216,219,222,224,226,227,230,231,233,234,237,238,239,240,245,247,248,252,254,257,258,262,263,264,266,267,273,274,277,278,282,285,291,296,299,300,302,306,308,309,311,313,318,320,321,323,324,325,326
OZ26,148,152,153,157,159,162,163,164,167,170,171,175,176,178,179,180,181,182,186,188,190,191,192,193,197,198,206,207,210,212,213,216,217,219,222,223,230,232,233,235,237,238,241,243,244,245,246,247,248,249,250,251,253,255,256,257,258,259,262,264,266,271,273,275,277,278,280,281,282,283,291,292,296,298,299,300,301,302,304,305,306,307,308,310,311,313,314,317,318,319,321,322,324,329
OZ27,147,157,158,163,164,165,167,170,171,172,176,177,178,180,183,184,187,188,190,192,194,197,198,206,207,212,216,217,221,224,227,232,239,243,244,245,246,249,251,252,261,263,269,271,279,280,281,283,284,285,286,288,289,291,294,299,300,305,306,307,308,309,310,313,314,315,316,318,320,322,323,326
OZ28,158,163,164,165,170,175,176,186,192,197,198,204,206,207,208,211,221,222,225,226,228,230,231,234,235,239,241,250,253,254,255,256,259,261,266,267,269,278,279,280,285,288,291,294,296,298,299,300,301,302,304,308,310,311,312,313,314,318,319,323,325,329
OZ29,153,155,156,157,160,165,167,170,171,178,180,181,182,183,190,194,202,207,208,210,211,212,213,215,216,219,227,228,232,234,235,239,240,241,242,245,249,251,252,253,254,255,256,259,261,263,264,266,267,268,269,270,271,273,275,280,281,282,283,284,288,295,296,301,304,305,307,308,309,311,313,316,321,322,324,325,326
OZ30,152,155,156,157,164,165,167,171,172,176,179,180,182,183,184,186,187,190,191,192,193,195,196,197,200,201,204,206,211,212,213,216,218,221,222,223,224,226,227,228,231,232,233,235,236,241,242,243,244,245,246,247,248,252,253,254,255,256,258,259,262,263,265,266,273,274,275,277,278,283,289,291,296,298,299,300,301,303,304,305,307,308,309,315,316,320,323,326,329
OZ31,155,157,159,163,164,167,170,171,172,173,175,178,187,188,191,192,194,200,201,207,210,211,214,217,221,225,228,234,235,236,237,238,239,243,245,252,256,257,259,263,265,267,273,279,281,283,285,289,290,291,294,299,301,304,306,309,316,318,319,320,322,323,329
OZ32,157,159,163,167,170,172,173,175,176,178,179,180,182,183,184,186,188,190,193,194,195,196,197,204,205,206,207,210,212,213,214,216,217,218,222,223,224,226,227,230,231,233,234,237,238,241,242,244,245,246,247,248,249,253,254,255,257,258,262,266,267,274,275,277,278,281,285,290,294,296,298,300,302,306,307,308,309,315,318,319,322,326
OZ33,156,159,160,163,165,170,173,175,180,182,183,184,186,187,190,191,194,197,200,201,202,204,206,211,212,213,214,216,217,219,221,222,224,227,231,232,236,237,238,239,240,242,249,251,252,257,263,264,265,271,273,274,275,280,282,285,286,289,290,299,300,305,307,312,318,320,323,324,326,328
OZ34,164,165,167,170,171,172,176,178,180,184,186,187,190,192,197,206,207,208,216,221,222,224,225,227,231,234,235,241,244,246,249,251,253,254,255,256,259,261,267,269,271,274,278,281,283,286,288,291,294,298,299,300,301,304,307,308,311,320,322,325,328,329
OZ35,163,167,176,178,182,186,187,194,198,201,206,207,208,217,218,221,222,225,228,231,234,235,236,241,253,255,256,259,261,267,269,274,281,285,288,289,290,298,299,301,304,308,310,311,312,314,318,322,325,328,329
OZ36,171,176,178,182,186,187,193,202,204,210,212,213,217,222,223,225,228,231,234,235,239,240,241,246,259,261,267,274,275,279,281,285,288,301,306,308,311,312,313,315,318,319,326,329
OZ37,165,167,170,172,173,176,178,182,186,187,191,192,195,196,197,198,202,204,206,210,212,213,217,218,219,221,222,226,227,228,229,230,232,234,240,241,243,244,246,249,250,251,252,254,258,263,266,267,268,269,270,271,275,276,278,281,284,285,286,289,290,291,292,295,296,298,300,301,302,303,305,309,310,311,314,315,316,317,320,323,326,328
OZ38,159,160,167,177,178,190,191,192,193,194,201,202,206,208,210,211,212,214,216,217,218,221,222,223,226,228,233,236,238,243,247,256,257,262,268,269,277,279,280,281,282,283,290,291,292,294,295,298,299,304,308,309,316,317,319,320,322,323,325,326,328
OZ39,160,167,170,173,177,179,186,190,191,195,197,198,201,204,205,207,210,212,214,216,217,221,226,228,231,232,234,236,237,239,240,241,242,246,248,250,251,252,258,261,263,267,268,269,271,280,282,286,288,289,292,294,295,298,300,305,306,308,309,310,313,314,315,317,322,328
OZ40,167,170,172,173,178,183,188,190,192,195,197,198,201,207,215,216,217,218,219,225,229,230,231,232,233,235,236,239,246,247,250,251,258,259,266,269,271,273,276,279,281,283,285,289,292,296,302,305,309,310,312,314,315,316,322,326,328
OZ41,170,172,173,176,177,178,179,183,187,188,190,193,194,195,197,198,201,202,205,206,207,210,211,212,215,216,217,218,223,225,226,227,228,230,235,236,237,240,242,244,248,249,251,253,255,258,259,261,262,266,268,269,270,271,273,277,278,281,283,288,290,291,294,295,296,299,300,301,302,303,310,311,312,313,314,316,317,320,322,323,328
OZ42,173,176,178,182,183,187,192,193,196,206,211,214,217,218,223,225,234,235,254,256,259,261,267,269,274,281,285,288,290,291,294,299,301,304,308,312,313,315,318,323,326,328,329
OZ43,175,176,177,179,180,182,183,184,188,190,191,193,194,196,201,205,206,207,208,210,211,212,215,216,219,221,222,223,224,227,228,229,231,233,236,237,239,240,241,242,244,246,247,248,249,250,251,253,255,268,271,273,276,279,285,289,290,291,295,299,300,301,307,311,312,316,317,319,320,323,325,328,329
OZ44,176,177,178,179,187,190,191,192,201,205,207,208,213,216,218,219,221,227,229,231,232,233,236,237,242,246,247,248,249,250,256,261,262,266,268,270,275,276,277,278,281,283,288,291,292,294,295,296,298,300,301,303,304,305,306,309,311,312,313,317,319,322,325
OZ45,178,182,183,186,193,195,201,202,207,211,218,219,221,223,225,226,227,229,233,235,236,246,247,249,251,252,253,254,255,258,259,261,262,263,266,270,271,273,274,276,277,278,280,281,282,283,285,286,288,289,294,296,298,303,306,311,315,318,322,323,326,329
OZ46,177,179,182,183,188,190,192,195,202,204,205,206,207,210,211,212,214,216,217,219,221,226,228,233,235,237,240,247,248,251,252,253,255,258,259,261,262,263,269,271,273,274,277,278,280,282,283,284,286,288,289,290,291,298,299,301,306,312,318,319,329
OZ47,191,192,193,194,195,196,201,202,204,208,214,217,222,223,227,229,231,235,236,239,241,242,244,246,249,252,258,259,261,262,263,269,270,273,274,276,277,278,279,280,282,283,284,285,288,295,300,303,306,311,317,318,320,322,323,325,328,329
OZ48,172,179,182,183,186,188,192,193,194,195,196,204,206,215,216,223,226,227,230,231,233,234,242,243,244,246,247,250,251,255,256,258,262,267,270,271,274,278,280,282,283,285,289,290,291,299,300,301,302,304,308,312,318,319,320,329
OZ49,179,183,186,188,190,192,193,194,195,201,202,204,206,207,208,214,221,222,223,225,232,233,235,236,239,241,242,243,244,246,247,249,251,255,258,259,261,271,273,277,278,279,280,282,283,286,288,289,290,292,300,303,305,308,309,313,315,316,318,319,320,322,325,326,329
OZ50,188,192,193,194,195,196,202,205,208,210,212,213,216,223,225,227,228,229,231,232,234,237,242,248,250,251,252,253,254,255,258,261,263,267,268,270,271,273,275,276,280,282,284,285,286,288,289,291,292,295,300,305,309,311,313,315,317,323,325,326,328
OZ51,183,193,194,195,196,202,205,208,210,212,213,214,216,221,223,227,228,229,232,235,237,242,248,250,251,253,254,255,256,258,259,261,268,269,270,271,273,275,276,278,284,286,288,289,292,294,295,299,300,301,304,305,306,309,311,313,315,317,318,323,325,326,329
OZ52,182,190,192,193,194,195,196,198,204,205,206,210,211,213,214,219,222,223,225,226,227,229,231,233,234,235,237,239,241,243,244,247,248,251,253,255,256,259,261,262,266,267,269,270,271,273,274,275,276,278,279,280,282,286,288,289,290,291,296,298,304,306,308,310,314,315,316,318,319,320,323,326,328,329
OZ53,192,193,196,198,202,205,208,210,213,216,221,223,227,229,231,234,235,237,242,248,250,251,253,254,255,256,259,261,267,268,269,270,271,273,274,275,276,277,278,286,288,289,291,300,304,306,310,311,313,314,315,318,325,326,328,329
OZ54,198,202,205,208,210,211,213,214,215,216,217,219,221,227,231,234,237,242,248,250,251,253,254,255,256,258,261,267,268,269,270,271,273,274,275,277,278,283,286,288,289,300,304,306,310,311,313,314,315,318,323,325,326,329
OZ55,193,194,202,205,207,208,212,214,215,216,217,219,221,222,223,226,227,228,231,232,233,234,237,239,240,241,243,244,247,248,250,251,254,258,261,262,266,267,270,271,274,278,279,280,282,284,285,286,288,290,292,294,295,296,299,300,305,308,309,312,313,316,317,318,320,323,325,328,329
OZ56,186,194,196,201,205,207,208,212,214,216,217,221,222,228,233,234,236,237,239,240,241,242,246,247,248,249,250,251,253,255,258,267,271,273,274,277,279,284,286,289,290,291,294,295,298,299,303,308,312,313,315,317,322,323,325,326,328
OZ57,190,196,204,205,206,210,212,213,214,215,217,219,221,222,226,227,228,231,232,233,237,240,242,243,244,247,250,252,255,261,262,263,268,270,273,275,278,284,285,288,289,290,292,295,298,300,305,309,311,312,316,317,318,319,320,323,329
OZ58,201,202,208,215,219,221,222,226,227,231,232,236,242,243,244,246,249,253,261,262,266,270,273,277,278,280,282,285,288,291,292,296,298,300,303,305,309,311,313,316,318,320,322,325,329
OZ59,180,181,187,196,202,204,208,210,212,213,214,215,217,221,226,228,231,239,241,246,248,250,251,254,255,261,269,271,273,274,275,277,278,279,285,286,288,289,300,301,303,306,307,319,321,322,325,329
OZ60,184,194,195,196,204,206,207,210,211,214,215,216,217,219,231,233,234,235,240,242,243,244,246,247,248,255,256,259,261,262,266,267,268,270,273,274,280,282,285,286,288,289,290,296,298,299,300,304,311,315,319,320,323,326
OZ61,196,204,205,206,210,212,213,214,215,216,217,219,221,222,226,227,228,231,232,233,237,239,240,241,242,246,247,250,252,253,255,256,261,262,263,268,270,273,275,279,280,282,283,284,288,289,290,292,295,300,304,305,309,311,317,319,323
OZ62,195,202,204,206,208,212,214,215,217,219,221,226,228,229,234,235,239,240,241,242,246,248,250,252,255,259,262,263,267,269,273,274,276,277,278,279,280,282,283,284,289,291,295,306,311,313,315,317,318,319,323,325,326,328,329
OZ63,187,204,205,208,210,212,213,214,215,217,219,221,226,227,228,231,237,239,240,241,242,250,251,253,254,255,256,261,266,268,269,270,271,273,274,275,278,279,283,286,288,289,296,300,304,306,308,311,312,315,319,325,326
OZ64,202,204,210,212,213,216,219,221,228,231,232,234,235,239,240,241,244,254,256,259,261,262,266,267,269,274,275,279,285,288,291,292,294,296,300,301,304,305,306,308,309,312,315,319,320,326,328
OZ65,194,204,205,206,210,211,216,222,226,227,229,231,232,234,235,237,239,240,241,246,248,251,252,253,254,256,259,261,262,263,267,268,269,270,271,274,276,277,279,280,282,286,288,291,292,300,304,305,306,309,319,323,328
OZ66,207,213,221,222,243,248,252,263,275,299,301,316
OZ67,169,204,208,211,212,214,217,219,226,227,228,229,234,239,240,241,242,244,248,250,251,253,255,258,266,267,268,270,271,273,274,276,278,279,285,286,289,291,296,308,311,312,313,318,319,320,323,325,328,329
OZ68,204,205,206,212,216,217,227,228,229,231,232,233,237,240,244,246,247,248,255,257,261,262,266,268,270,272,274,276,277,278,284,285,286,288,289,292,295,296,298,301,305,309,315,316,317,318,319,323,326,328,329
OZ69,208,210,211,217,221,226,232,234,242,252,255,256,257,258,262,263,267,269,272,273,277,278,280,282,283,289,290,291,292,294,300,301,304,305,306,309,311,313,315,318,320,323,325,326,328,329
OZ70,206,214,216,217,219,221,222,231,233,234,235,239,240,241,246,247,248,250,253,254,255,259,261,267,268,277,278,279,283,284,288,289,290,294,295,300,317,318,323,328,329
OZ71,211,213,214,215,219,222,229,235,239,240,241,244,250,251,253,257,258,259,266,268,269,271,272,275,276,277,278,279,283,285,286,294,296,300,306,308,312,315,318,323,326,329
OZ72,231,261,288,291,300
OZ73,214,219,221,234,240,243,248,250,251,252,257,263,267,268,269,271,272,277,278,286,294,298,300,306,308,312,316,318,320,328,329
OZ74,213,219,222,234,244,248,267,269,275,285,294,306,320,328
OZ75,221,235,252,256,259,263,269,278,280,282,304,306,318,329
OZ76,210,215,219,226,229,235,240,248,251,259,268,271,273,274,276,278,283,290,294,298,301,308,312,316,318,329
OZ77,215,216,217,219,226,229,232,233,234,240,246,247,248,255,257,258,262,266,267,268,272,273,276,277,278,284,289,291,292,294,295,296,300,305,308,309,312,315,317,318,320,323,326,329
OZ78,217,232,235,255,257,259,262,272,274,283,289,291,292,300,305,309,320
OZ79,234,240,248,251,267,268,271,277,278,298,308,312,316,318,329
OZ80,219,222,232,233,235,243,247,251,252,254,259,262,263,269,271,274,283,284,290,292,294,295,305,306,309,317,323,328
OZ81,222,232,233,239,241,243,247,252,253,254,258,262,263,266,268,269,274,278,279,284,290,292,295,296,298,305,306,309,315,316,317,318,323,326,329
OZ82,216,243,244,246,256,258,266,277,278,280,282,283,285,296,298,304,315,316,318,320,326,329
OZ83,229,233,235,243,247,251,256,259,271,276,278,280,282,284,295,304,317,318,323,328,329
OZ84,243,244,251,256,268,271,277,280,282,283,285,304,320
OZ85,233,239,241,244,247,251,252,253,254,256,258,263,266,271,277,278,279,280,282,283,284,285,290,295,296,298,304,315,316,317,318,320,323,326,329
OZ86,244,256,268,277,283,285,304,320
OZ87,251,253,271,278,298,316,318,329
OZ88,239,241,258,266,268,279,296,315,326
OZ89,181,205,237,240,248,249,253,268,277,285,301,303,307,308,312,321,322
