X0,0,81,120,230,240,350
X1,1,88,133,232,243,324
X2,2,87,137,185,248,321
X3,3,94,129,234,252,346
X4,4,72,124,214,244,334
X5,5,76,122,211,257,305
X6,6,68,136,194,245,355
X7,7,64,121,231,253,352
X8,8,91,126,216,256,314
X9,9,82,132,226,247,348
X10,10,85,135,219,258,301
X11,11,92,130,224,255,339
X12,12,84,127,228,241,351
X13,13,80,123,204,249,354
X14,14,90,139,198,251,349
X15,15,86,138,181,254,353
X16,16,89,125,235,242,331
X17,17,83,128,201,246,336
X18,18,95,134,233,259,318
X19,19,93,131,229,250,344
X20,20,65,146,196,279,325
X21,21,110,120,235,263,321
X22,22,96,149,192,286,326
X23,23,81,137,239,256,327
X24,24,108,160,202,273,322
X25,25,103,165,195,290,329
X26,26,61,159,205,265,325
X27,27,71,147,212,260,342
X28,28,99,135,190,254,354
X29,29,115,162,238,275,308
X30,30,74,150,210,281,319
X31,31,96,167,227,274,323
X32,32,104,166,190,271,333
X33,33,68,128,211,273,335
X34,34,114,164,220,272,320
X35,35,102,161,186,291,307
X36,36,72,142,204,253,306
X37,37,64,124,192,276,348
X38,38,76,141,209,240,355
X39,39,70,145,205,267,328
X40,40,69,153,202,270,357
X41,41,78,144,215,280,322
X42,42,66,155,188,283,356
X43,43,75,148,206,285,302
X44,44,73,152,200,286,310
X45,45,67,149,184,282,358
X46,46,79,151,213,287,347
X47,47,77,154,203,284,340
X48,48,105,169,187,294,315
X49,49,117,126,226,251,309
X50,50,80,177,185,289,353
X51,51,108,157,225,299,304
X52,52,104,176,193,261,332
X53,53,116,155,221,281,306
X54,54,100,179,193,298,317
X55,55,60,146,180,284,311
X56,56,101,173,198,245,351
X57,57,106,171,199,274,338
X58,58,98,143,196,292,356
X59,59,107,178,197,295,343
X60,0,60,143,201,257,359
X61,9,61,140,208,249,352
X62,17,62,136,207,278,350
X63,13,63,132,214,277,337
X64,37,97,179,184,293,357
X65,20,84,129,232,260,328
X66,42,77,158,182,271,359
X67,45,71,170,209,298,300
X68,6,100,131,189,241,303
X69,2,69,152,181,258,358
X70,39,88,148,219,255,310
X71,27,65,140,222,266,316
X72,4,111,156,228,262,324
X73,40,73,174,183,276,341
X74,8,74,153,215,248,331
X75,43,92,144,203,242,344
X76,5,102,130,197,243,311
X77,47,93,127,188,279,349
X78,30,78,161,199,264,335
X79,46,66,142,220,269,312
X80,50,115,178,180,263,316
X81,55,118,168,218,289,307
X82,48,82,176,216,293,318
X83,52,62,145,189,285,315
X84,12,94,157,217,244,312
X85,10,87,123,191,288,345
X86,3,86,168,225,296,336
X87,44,70,172,207,296,313
X88,16,91,158,230,261,329
X89,19,90,163,194,264,323
X90,41,75,171,187,277,345
X91,14,95,167,222,247,308
X92,22,106,133,186,252,334
X93,34,97,160,217,294,303
X94,58,116,175,223,288,338
X95,28,112,165,182,269,304
X96,33,109,150,237,270,330
X97,49,101,174,195,299,313
X98,35,113,163,236,268,326
X99,25,99,147,208,267,332
X100,31,110,162,200,278,302
X101,36,107,177,213,291,319
X102,24,112,122,224,272,301
X103,21,119,175,227,266,300
X104,51,117,154,218,280,337
X105,53,119,125,231,250,317
X106,23,118,172,236,265,309
X107,7,114,159,229,268,339
X108,38,113,151,239,282,320
X109,1,85,170,223,297,305
X110,59,111,173,237,275,341
X111,57,98,169,233,246,346
X112,56,103,141,212,295,347
X113,18,79,139,210,283,314
X114,54,109,156,221,297,333
X115,15,67,134,234,287,342
X116,29,63,166,206,262,340
X117,26,105,164,191,292,327
X118,32,83,138,238,259,330
OX0,136,138,176,193,207,238,259,261,278,330,332,350
OX1,142,145,146,147,149,150,151,154,155,156,157,158,163,164,166,167,168,170,179,181,182,184,190,191,196,198,201,203,207,208,209,210,211,212,213,216,217,220,221,225,228,229,232,233,237,238,244,245,246,247,249,250,251,252,254,261,264,266,269,270,273,278,282,284,285,292,293,296,297,300,303,308,314,315,316,317,323,325,327,328,332,335,340,344,346,347,350,351,352,353,355,356,358,359
OX2,138,150,176,179,194,207,237,238,245,259,261,270,278,298,317,332,350,355
OX3,145,146,147,149,150,151,154,155,157,158,163,164,166,167,168,170,178,179,181,182,184,190,191,196,197,198,201,203,204,207,208,209,210,211,212,213,216,217,220,221,225,229,232,233,237,238,244,245,246,247,249,250,251,252,253,254,261,262,264,266,269,270,273,278,282,284,285,292,293,295,296,297,300,303,306,308,314,315,316,317,323,324,325,327,328,332,335,340,343,344,346,347,350,351,352,353,355,356,358,359
OX4,130,141,163,197,209,236,240,243,268,311,326,355
OX5,159,160,173,177,192,213,214,217,229,237,244,268,275,276,291,294,303,319,334,339,341,348
OX6,160,162,169,173,185,187,192,205,213,217,226,229,237,238,244,247,265,268,276,277,289,291,303,308,315,319,325,334,337,339,341,353
OX7,137,143,168,201,218,239,256,257,289,307,327,359
OX8,88,95,115,117,119,139,144,146,147,148,149,151,152,153,155,158,162,166,168,169,170,172,173,174,180,181,182,183,184,185,187,190,192,196,197,200,201,203,204,207,209,210,211,212,218,219,220,221,222,226,232,233,237,238,246,247,250,252,253,254,255,259,262,263,265,266,267,268,269,270,277,280,282,284,285,286,289,291,295,297,298,299,300,304,306,308,313,314,318,319,322,324,334,335,339,340,343,344,346,347,349,351,356,357,358,359
OX9,92,94,105,117,119,134,139,141,150,151,153,154,157,167,173,174,179,180,182,183,184,190,191,194,195,201,203,206,209,211,213,215,216,217,222,224,226,229,230,233,235,236,240,242,243,244,245,246,247,248,249,255,256,259,261,263,264,268,269,272,273,279,284,285,287,290,292,293,295,297,299,303,308,309,311,313,315,316,317,318,319,320,323,324,326,327,329,335,336,339,344,347,352,354,355,356,357,359
OX10,105,111,118,135,139,141,143,144,147,150,151,154,155,156,157,158,161,163,164,165,168,175,177,181,182,186,191,195,198,200,203,204,206,207,208,209,210,213,214,215,216,217,225,226,227,231,232,237,241,243,244,245,246,248,249,250,251,254,255,258,260,261,262,265,266,267,268,269,270,271,272,275,276,280,282,284,285,286,289,290,292,294,295,296,297,300,301,305,306,310,314,315,316,317,320,321,322,326,328,329,332,334,335,336,337,339,340,344,350,351,355,357,358,359
OX11,117,119,135,143,148,149,150,153,155,158,161,163,164,165,169,173,174,175,179,183,184,186,187,196,197,198,203,206,208,210,212,216,220,221,224,226,230,233,235,236,240,243,245,246,248,250,251,252,253,255,256,261,264,267,268,272,274,277,280,285,288,292,293,295,297,298,299,300,302,305,306,309,311,313,314,317,319,320,322,326,332,334,335,339,343,344,345,346,347,351,352,355,356,357
OX12,111,115,129,134,139,143,144,148,150,152,154,155,157,158,161,162,164,165,167,169,171,172,173,175,179,180,185,191,192,196,199,200,203,205,206,208,209,210,212,213,217,218,221,222,223,224,225,229,230,231,233,235,236,237,240,243,244,248,249,250,255,256,263,265,273,275,278,285,286,288,289,291,293,296,298,302,303,304,306,309,310,311,314,315,316,323,325,326,327,332,334,335,338,341,344,345,347,349,350,351,352,353,356,357
OX13,113,118,129,139,144,148,150,151,152,153,154,155,156,157,158,161,163,164,166,168,169,171,172,173,174,176,180,181,183,184,185,190,194,195,196,198,199,202,206,207,211,213,216,217,220,223,224,225,226,227,232,237,238,239,240,241,242,244,246,248,250,251,253,255,257,258,259,260,263,264,265,266,268,270,271,272,278,283,284,288,290,291,292,293,297,298,300,302,304,306,307,311,313,320,321,326,327,328,329,332,334,336,338,339,343,345,351,352,353,355,356,357,358,359
OX14,114,115,118,135,139,144,148,149,153,154,155,156,157,158,161,164,165,167,168,170,171,173,174,175,177,179,180,183,187,190,194,199,201,202,203,204,206,208,210,213,214,216,217,220,221,223,224,225,226,228,230,233,234,235,236,239,240,243,244,245,247,248,250,255,257,258,259,260,261,262,263,266,267,268,272,273,277,279,282,285,287,288,289,291,292,293,294,298,300,302,303,304,307,308,309,311,313,314,317,318,320,323,324,325,326,327,332,334,335,337,338,339,344,345,347,349,351,352,353,354,355,356,357,359
OX15,129,135,139,141,144,146,147,149,151,152,155,156,157,158,161,164,165,166,167,170,172,173,174,176,178,179,182,183,184,186,187,188,189,190,191,192,193,194,195,196,197,198,200,201,203,204,205,207,213,216,218,219,220,222,223,225,227,232,233,237,241,246,248,249,252,253,255,259,262,264,266,269,270,276,277,279,281,282,284,285,287,290,292,293,296,297,298,299,304,305,306,312,313,314,315,316,317,319,322,323,324,325,326,327,329,330,331,332,333,334,335,336,337,338,340,341,342,343,345,352,355,356,358,359
OX16,141,143,147,148,149,150,151,153,157,158,162,163,164,165,173,175,179,183,184,185,190,192,196,197,202,203,205,206,210,211,213,216,217,218,220,221,225,226,229,231,233,235,236,237,238,239,240,243,244,246,247,248,252,253,254,255,256,257,264,265,269,271,273,274,276,282,285,288,289,290,292,293,297,298,299,300,301,302,303,306,307,308,311,314,315,325,326,335,341,343,344,345,346,352,353,354,355,356,357,359
OX17,94,95,119,135,139,143,146,147,148,151,153,154,156,157,161,163,165,168,169,170,173,174,175,178,181,182,183,186,187,188,191,194,198,204,206,207,209,213,218,221,222,224,225,226,230,232,235,236,237,238,240,241,243,246,248,249,250,251,254,255,256,262,264,266,267,268,269,270,271,272,274,277,278,279,282,284,285,288,296,297,298,299,302,305,309,311,312,313,316,319,320,322,324,325,326,327,328,334,335,336,337,339,340,344,345,350,353,357,358,359
OX18,115,118,134,135,144,150,154,161,163,165,166,167,173,174,176,177,178,182,184,186,187,188,189,190,191,192,193,194,195,196,197,198,200,202,205,207,210,212,213,214,216,219,220,221,224,225,228,229,230,231,232,233,237,239,241,243,246,248,249,250,253,254,256,257,258,259,260,264,265,266,268,270,272,273,276,277,279,285,287,288,289,291,294,295,297,303,305,306,307,309,312,313,315,316,317,320,321,323,329,330,332,333,335,337,339,340,341,342,343,345,346,347,349,350,353,356,357,358
OX19,118,134,139,146,148,149,151,154,161,162,163,164,165,166,170,171,172,174,175,176,178,179,182,187,190,192,193,195,196,198,199,202,204,205,208,211,212,213,216,217,223,224,225,229,231,235,236,237,238,239,240,244,245,246,248,252,254,255,257,258,259,260,261,262,264,269,270,272,273,275,277,279,282,284,285,286,288,289,292,293,297,298,300,302,303,307,310,311,313,315,319,320,322,326,327,329,330,337,338,340,342,344,345,346,348,349,350,352,353,355
OX20,144,148,150,153,156,157,158,161,164,167,169,170,173,179,184,185,187,189,190,191,197,199,200,201,203,204,206,208,209,210,211,213,216,217,218,220,221,226,227,229,231,235,237,238,241,243,244,246,247,248,249,253,255,256,258,260,264,265,268,271,272,273,274,276,277,278,281,285,286,288,289,291,293,295,297,298,300,301,302,303,308,310,311,314,316,320,321,322,323,325,326,331,332,334,336,339,341,343,345,351,352,353,354,357
OX21,134,135,139,147,151,156,157,158,162,166,168,170,171,172,173,174,175,176,179,180,181,184,188,195,196,197,198,199,203,204,206,210,211,212,215,217,219,220,221,222,223,225,227,233,236,238,240,241,244,245,247,250,251,253,254,256,258,259,260,261,263,270,272,274,275,280,283,284,287,288,291,292,295,296,299,300,301,305,307,308,312,313,317,320,324,327,328,329,332,333,334,335,336,338,343,345,346,348,349,350,353,354
OX22,135,143,148,149,151,157,158,161,165,166,168,169,172,173,174,176,179,180,181,183,184,186,188,189,191,192,195,200,201,202,205,208,211,212,217,219,220,221,223,233,238,239,240,242,243,244,245,249,250,252,253,256,257,261,263,268,269,270,274,275,278,281,282,284,285,286,287,288,290,291,296,300,301,302,305,306,307,310,311,312,313,314,315,316,317,318,321,323,324,327,328,329,331,333,338,339,343,348,350,351,353,354,356,359
OX23,139,146,147,148,149,150,152,153,158,161,162,165,166,167,169,170,175,177,178,180,182,183,185,188,190,191,192,193,194,195,199,200,202,203,205,206,207,208,210,213,214,216,219,221,223,224,228,233,236,237,238,239,240,241,243,245,247,249,250,251,252,254,255,256,257,259,260,261,262,263,266,267,270,275,276,279,283,284,287,288,289,291,293,294,296,298,299,300,301,304,306,307,308,312,315,316,318,322,323,324,325,326,328,329,330,332,333,334,335,337,338,341,347,348,349,350,351,352,353,355,357,358
OX24,156,157,158,161,162,163,165,166,167,168,170,171,172,173,174,175,176,179,180,181,182,184,186,188,190,196,197,199,203,204,206,208,209,212,215,217,219,220,221,223,225,227,236,238,241,244,245,250,253,256,257,258,260,261,263,267,269,270,272,274,275,280,284,287,288,290,292,295,296,299,300,301,304,312,313,314,317,318,320,324,327,328,333,334,335,336,338,343,345,346,348,350,353,355
OX25,104,148,150,152,153,158,165,168,173,175,176,178,179,181,182,184,186,187,188,191,192,193,196,197,200,201,203,204,205,208,209,210,211,212,215,217,218,219,220,223,224,225,226,229,230,231,232,238,240,243,244,245,246,248,249,250,251,253,257,260,261,262,264,267,268,269,270,271,272,273,275,277,278,279,280,281,283,284,285,287,288,293,295,297,298,303,304,309,312,313,315,316,319,320,322,323,331,333,334,335,337,338,339,340,343,344,346,348,349,352,353,356
OX26,146,147,148,149,150,151,152,153,154,155,157,162,163,164,167,168,171,172,173,174,176,179,181,182,183,186,187,188,191,193,194,195,196,200,202,207,209,212,215,216,217,224,225,226,227,237,238,239,240,243,244,249,251,252,254,265,266,271,272,274,275,276,277,280,282,286,287,290,291,292,293,298,301,307,310,312,313,316,317,318,320,322,323,324,327,329,330,332,336,341,345,346,348,351,352,353,357,359
OX27,147,149,150,152,154,155,164,166,171,172,174,176,180,183,184,187,189,195,197,200,201,202,203,204,212,216,221,223,224,229,231,232,233,234,235,237,238,239,240,242,243,245,250,254,256,257,259,260,261,263,273,274,276,277,278,279,281,282,284,285,286,287,290,293,295,296,300,301,303,304,306,310,313,317,322,323,328,329,331,332,336,338,341,349,350,352,353,354,356,359
OX28,161,162,163,165,168,172,173,175,181,182,185,186,188,190,195,196,198,199,200,203,204,208,213,215,216,217,219,220,221,223,225,228,230,235,236,237,241,242,244,247,250,251,253,255,256,257,265,267,268,270,275,276,278,279,280,283,284,286,287,289,290,291,296,298,304,306,308,309,310,312,314,319,321,323,325,326,328,329,332,333,335,336,337,338,339,340,341,343,345,346,347,348,349,350,354,355,356,357
OX29,151,152,154,155,163,164,166,167,168,173,175,178,180,181,183,184,186,187,190,194,196,197,200,202,203,208,209,210,213,215,216,217,218,221,223,224,225,226,227,232,236,237,238,239,242,244,247,248,250,257,259,260,262,263,264,265,270,271,274,276,277,278,279,280,281,282,285,286,288,290,292,295,298,299,300,301,302,304,306,308,310,311,318,319,322,324,325,327,331,332,333,334,336,337,338,340,341,344,346,349,351,353,357,359
OX30,148,149,150,155,162,164,166,170,171,174,177,179,182,184,185,189,190,191,193,194,201,202,203,206,207,208,209,210,212,214,215,217,218,219,220,224,225,227,228,230,233,234,235,239,240,241,242,244,247,248,249,250,251,253,256,258,259,260,264,265,267,270,274,275,278,279,280,282,284,287,289,290,292,294,304,308,309,313,316,317,318,319,322,325,327,330,332,333,336,340,343,344,348,349,350,355,356,359
OX31,158,164,166,169,171,173,174,176,177,178,180,182,183,188,191,193,195,196,198,201,202,206,208,209,211,214,215,216,217,219,220,222,223,224,226,229,231,233,234,235,236,237,238,239,240,242,244,246,247,249,250,252,253,254,257,258,259,262,263,266,267,269,270,271,273,274,275,276,278,279,280,281,286,290,292,294,297,298,303,304,307,308,309,310,312,314,316,317,319,322,323,327,329,330,331,333,335,336,338,340,341,342,343,345,346,347,348,353,354,356,357,358
OX32,109,149,152,153,155,162,166,168,169,170,176,179,180,182,183,184,185,186,187,189,193,197,203,204,206,210,211,212,215,217,219,222,224,226,229,230,231,235,236,237,240,242,244,245,246,247,250,251,252,254,255,258,259,260,261,263,264,265,267,268,271,272,273,275,277,278,280,284,288,289,290,293,295,296,300,301,303,304,307,308,313,319,320,321,322,323,324,325,326,328,332,334,335,336,337,339,342,344,345,348,349,352,354,359
OX33,180,182,183,184,185,186,190,191,194,196,197,203,204,206,207,209,210,213,217,221,222,223,227,231,234,235,236,237,242,244,245,247,249,251,252,254,256,257,259,261,263,264,266,272,275,276,281,283,284,285,286,287,289,291,292,295,300,304,306,308,310,314,316,317,318,319,320,323,324,327,331,333,337,338,341,342,344,346,348,349,350,354,355,356
OX34,181,184,186,187,191,195,196,203,206,208,209,210,212,215,216,217,218,220,224,227,228,230,231,232,234,235,237,238,241,242,243,244,245,248,249,252,253,256,258,259,260,261,264,266,270,277,278,280,282,283,284,285,287,290,296,298,300,301,313,314,316,317,318,319,322,323,324,328,329,332,334,337,340,343,344,346,353,356,357,358
OX35,157,162,167,169,171,174,183,188,193,194,195,196,198,201,204,207,208,209,211,213,218,219,221,222,223,225,234,236,237,238,240,245,246,247,248,250,251,252,254,255,257,261,266,267,268,269,274,276,281,291,297,299,306,307,308,312,319,323,326,329,331,332,333,334,335,336,337,338,339,341,342,345,346,347,349,350,352,353,355,359
OX36,183,185,188,192,193,194,198,201,204,205,207,211,213,214,217,218,219,221,222,223,224,225,227,230,231,234,236,238,240,244,246,248,250,252,254,257,265,267,268,269,275,276,278,279,281,286,289,290,291,294,297,298,300,306,307,309,310,312,313,315,317,322,325,331,333,334,335,336,338,339,341,342,345,347,348,350,352,353,355,359
OX37,182,185,186,189,190,192,194,196,198,201,202,203,205,206,207,209,211,213,217,225,227,228,231,232,233,234,237,239,241,242,244,245,246,247,251,252,258,259,260,261,262,265,266,268,269,270,274,279,283,285,287,289,291,293,297,299,300,302,304,308,309,311,314,315,317,318,319,323,325,330,335,336,337,339,346,347,349,350,351,354,355,357,358,359
OX38,185,187,189,194,195,199,200,201,202,203,206,207,208,211,213,215,218,221,223,224,226,228,229,230,232,233,238,239,241,242,248,255,258,259,260,262,265,268,270,271,273,274,276,277,278,280,283,285,286,288,289,290,291,293,298,299,302,303,305,306,310,311,313,314,318,321,322,325,326,329,330,332,334,335,336,338,339,341,350,351,353,355,357,358
OX39,95,154,155,163,165,167,170,171,175,176,188,190,191,194,198,200,201,204,207,209,212,213,215,216,219,220,221,222,225,226,230,234,235,238,240,247,249,252,253,256,258,259,260,266,267,270,271,276,278,280,283,290,291,298,301,302,304,306,307,308,309,312,313,314,316,321,330,332,333,334,336,341,343,345,347,349,350,352,353,354,356,357
OX40,143,150,152,153,154,155,164,165,171,172,173,175,177,178,179,186,187,188,189,190,191,193,197,198,199,200,203,204,206,208,211,212,214,215,216,217,219,222,226,231,232,233,235,236,242,243,244,245,247,249,254,258,260,261,262,266,267,270,272,274,275,277,280,281,282,284,285,287,288,290,294,295,296,301,304,305,307,308,309,312,313,316,319,320,327,328,330,331,332,333,334,335,340,342,345,347,348,349,350,354,356,358
OX41,149,150,152,162,163,166,167,168,169,170,171,175,176,178,184,189,190,192,196,197,199,200,202,203,205,208,209,211,213,215,216,219,220,221,222,223,225,227,230,231,233,234,237,239,240,242,243,245,247,251,253,254,256,259,260,261,267,268,272,275,276,278,280,285,287,288,291,293,295,296,299,301,302,305,306,307,308,311,313,315,317,320,323,328,333,334,335,336,338,339,341,342,343,345,346,348,349,351,352,355,356,358
OX42,150,152,153,155,165,166,168,169,171,172,174,175,176,177,179,187,188,190,192,198,199,201,203,205,206,207,209,211,215,217,218,219,222,224,225,226,227,228,229,231,232,234,236,238,241,242,244,247,251,252,254,255,256,257,258,260,262,265,266,267,270,272,273,277,278,280,281,282,283,286,292,293,296,298,299,300,301,302,303,305,308,310,311,312,313,314,315,318,319,320,321,322,323,325,326,327,328,330,331,332,333,335,337,342,345,347,349,351,353,356,358,359
OX43,152,154,164,165,167,168,169,173,174,175,177,179,184,187,190,192,193,194,196,198,199,202,203,204,205,208,209,211,214,217,220,221,223,225,226,227,228,233,234,235,237,239,241,242,244,251,252,253,255,256,259,270,277,282,284,286,287,290,292,294,296,300,301,304,305,306,309,310,315,317,318,319,321,323,326,327,328,330,332,333,335,336,338,340,343,346,347,354,355,356
OX44,153,154,155,162,163,164,172,174,178,187,188,189,191,192,195,197,198,199,202,204,205,206,207,209,212,213,216,217,218,221,225,228,229,232,233,234,235,236,238,239,240,241,243,244,246,247,249,252,257,258,259,260,262,268,269,270,271,273,274,276,277,279,281,283,285,291,292,293,294,295,297,302,303,304,305,306,307,308,312,313,314,315,316,318,327,329,330,331,333,334,337,339,341,347,349,353,355,357,358,359
OX45,162,163,168,171,174,184,186,187,190,191,192,193,195,196,197,198,200,201,203,205,206,207,210,211,214,217,219,221,222,224,225,226,227,229,232,237,240,242,244,245,246,247,248,249,254,255,256,258,260,261,264,266,267,269,270,271,273,277,278,279,282,283,285,286,288,290,292,293,295,297,298,299,300,301,302,303,306,308,309,310,311,314,315,316,319,321,322,323,324,326,327,329,330,334,335,342,344,345,346,347,350,351,352,354,355,356,357,358
OX46,154,155,164,166,168,169,170,173,174,187,189,190,192,193,194,195,196,200,201,203,205,207,213,215,219,220,221,224,225,227,228,229,235,238,240,241,242,243,245,250,253,260,261,262,266,267,268,271,272,273,275,277,278,279,280,282,285,288,290,291,298,299,300,303,304,306,307,311,315,320,321,322,324,329,333,334,339,343,345,346,348,349,350,351,352,353,355,358
OX47,155,164,165,166,170,172,174,175,177,193,194,196,197,203,206,212,215,217,218,220,221,222,225,226,227,229,230,231,232,235,236,238,240,242,244,248,250,253,254,255,258,259,268,269,270,273,278,279,280,286,288,290,293,295,298,299,300,301,303,306,309,310,311,317,318,324,326,330,337,339,342,343,346,350,351,352,353,354,355,357
OX48,163,165,170,172,175,176,177,179,191,192,195,198,202,205,206,207,208,209,210,211,212,213,214,215,216,218,220,221,231,232,233,235,236,239,240,246,248,249,253,255,262,264,266,270,274,275,276,280,283,284,285,286,288,290,291,292,293,297,299,301,302,306,310,311,313,314,315,316,318,326,327,329,330,333,334,335,337,340,341,343,344,347,348,351,355,358
OX49,168,172,177,178,184,188,189,191,193,196,197,199,200,201,202,207,209,210,211,212,221,222,223,224,225,226,228,229,230,233,234,235,236,237,238,239,240,241,243,245,249,250,251,252,254,255,256,258,259,261,264,265,266,268,271,272,273,274,276,278,284,286,288,290,292,294,295,298,299,302,303,305,306,310,311,312,316,318,319,320,321,322,323,325,326,327,335,338,339,340,341,342,344,346,349,351,352,353,356,358
OX50,167,169,170,171,172,174,179,186,189,191,198,199,200,201,202,203,204,210,212,213,214,217,219,222,223,225,228,233,234,236,237,239,241,242,244,245,246,247,248,249,252,254,255,256,258,260,261,264,265,267,268,269,270,271,272,276,279,282,284,286,287,288,291,292,297,302,305,308,309,310,313,316,317,319,320,321,325,326,327,330,333,336,338,339,340,341,342,344,345,347,350,356
OX51,164,166,169,170,171,172,174,177,178,179,186,190,193,195,199,202,208,210,212,217,218,220,222,223,225,226,227,229,231,233,236,237,238,239,240,244,245,246,247,251,253,254,258,260,261,264,265,270,272,273,274,275,276,278,282,283,285,297,300,303,305,307,308,313,314,319,320,323,325,329,330,332,334,337,338,341,342,343,344,348,349,350,352,353
OX52,165,166,170,172,174,176,179,184,186,188,190,196,197,199,203,204,206,207,208,211,212,213,215,216,217,218,220,221,222,223,225,226,229,231,232,234,235,236,237,238,242,244,245,248,250,252,253,254,255,258,266,268,269,272,273,278,279,280,286,290,291,292,295,299,301,303,305,306,309,310,311,312,318,319,320,323,324,326,327,333,335,337,338,339,342,343,346,351,353,357
OX53,171,174,175,176,179,184,187,189,191,192,198,200,202,203,204,205,206,208,211,212,213,214,216,217,220,221,227,228,230,232,233,235,238,239,240,241,242,243,244,246,249,251,253,255,256,260,261,265,266,269,274,275,277,278,279,282,284,285,286,291,294,297,300,301,306,309,310,315,316,317,318,321,323,324,325,326,333,334,335,340,343,347,348,349,352,353,356,357
OX54,166,170,172,173,175,176,187,188,189,190,191,193,196,198,199,200,203,204,208,209,211,212,214,215,216,218,219,220,221,222,223,225,226,228,229,230,231,235,236,238,240,241,242,243,245,247,249,250,253,254,255,260,262,267,268,269,272,273,275,277,278,279,280,282,285,286,287,292,293,294,298,303,305,306,308,309,310,311,312,313,316,317,318,320,321,323,324,326,327,333,335,337,338,339,342,343,345,346,347,348,350,352,353,358
OX55,176,178,179,186,188,189,192,193,194,195,198,199,200,201,202,203,204,205,209,210,212,214,215,216,218,220,223,226,228,229,233,234,237,239,240,241,242,245,246,248,250,252,253,255,259,264,265,269,271,272,273,274,275,280,282,283,284,286,288,292,297,299,301,302,303,305,310,312,313,314,315,317,319,320,321,323,325,326,327,329,332,333,334,336,337,338,340,343,344,347,348,351,355,357
OX56,170,172,173,177,190,191,192,193,196,197,199,200,202,203,204,205,207,209,213,214,215,217,222,223,225,226,227,229,231,233,234,236,238,239,242,243,244,245,246,247,248,249,252,254,255,256,257,259,260,266,270,271,273,274,276,278,279,280,286,287,288,291,292,293,295,298,299,300,301,302,303,307,308,309,310,311,315,316,317,318,321,323,326,327,330,333,334,338,341,342,346,351,353,354,356,357,358,359
OX57,169,173,177,178,186,187,198,199,200,201,202,204,207,212,213,214,215,217,219,223,224,226,229,231,233,235,237,239,243,244,246,255,256,259,261,262,265,267,268,269,270,271,272,273,274,276,277,280,282,284,286,288,290,291,292,293,297,299,301,302,303,305,307,310,311,313,317,318,319,320,321,322,324,325,326,327,330,333,336,338,339,340,341,345,347,350,351,352,356,357
OX58,172,174,179,184,186,187,191,192,194,195,198,204,205,209,211,212,215,217,218,219,221,222,225,226,229,234,236,238,240,243,244,246,249,252,254,255,261,262,267,269,272,273,275,276,277,278,279,280,284,286,287,293,294,297,299,303,306,309,310,311,315,316,317,320,324,326,329,333,334,335,337,340,341,342,345,347,348,350,351,353,355,357
OX59,173,174,177,179,184,187,188,190,191,193,194,195,196,197,198,199,200,202,203,207,208,209,211,213,219,221,223,227,230,233,238,239,242,245,248,249,250,259,262,266,267,269,270,274,276,277,278,282,283,284,287,288,291,294,295,300,301,302,305,306,312,314,316,317,318,321,324,329,330,332,333,334,335,338,340,341,345,346,347,350,352,353,354,355
OX60,186,187,189,190,193,194,197,199,204,206,211,212,221,223,224,228,231,232,234,238,241,251,252,255,256,257,259,260,265,268,270,271,277,278,279,283,284,285,286,287,290,292,293,295,297,298,306,309,310,311,314,317,318,322,324,325,326,327,330,334,335,338,339,340,349,352,353,354,355,356,357,359
OX61,174,175,179,189,194,195,196,197,199,201,207,209,210,211,212,213,214,218,221,223,224,226,227,228,229,230,231,234,241,243,247,251,252,255,256,257,264,268,270,273,275,276,279,283,284,286,287,288,290,291,292,294,295,297,299,300,303,306,307,308,309,310,311,313,314,322,323,326,327,329,330,333,334,335,336,337,338,339,340,341,344,346,348,349,350,351,352,355,356,359
OX62,247,251,256,259,265,270,275,276,279,283,292,293,308,309,314,318,325,327,330,341,348,349,356,357
OX63,184,189,190,191,192,194,195,198,199,202,203,205,207,209,210,212,223,227,228,230,233,239,241,242,246,249,256,258,264,268,269,270,272,274,275,276,284,292,293,297,299,300,302,305,313,315,316,320,323,327,329,330,338,339,340,341,344,347,348,350,351,354,355,356,357,358
OX64,177,178,187,188,192,198,199,200,201,202,204,205,208,209,212,214,215,217,219,223,226,229,230,231,233,234,235,237,238,239,240,243,244,245,246,250,252,256,257,259,261,262,265,267,268,269,270,272,273,274,275,277,278,280,282,284,288,292,293,294,298,299,301,302,303,307,311,312,313,315,317,318,319,320,321,323,324,325,327,330,332,336,338,339,340,345,347,348,351,352,353,356,357,359
OX65,187,188,193,194,195,197,202,203,207,212,213,224,230,231,233,239,242,250,255,258,262,268,274,277,283,284,286,287,290,291,295,298,299,302,310,312,313,314,317,322,323,324,326,329,334,339,340,350,351,352,355,358
OX66,189,190,194,195,196,197,200,201,204,206,207,209,212,217,218,219,226,228,229,231,232,234,237,238,240,241,244,245,248,252,258,260,261,265,266,267,271,272,273,276,278,282,284,285,287,288,295,301,303,307,311,317,319,320,321,324,325,329,333,336,337,340,341,345,346,350,353,354,355,358
OX67,251,255,256,258,265,268,272,279,282,283,286,292,301,309,310,314,320,325,326,327,339,349,356,358
OX68,190,199,204,208,209,211,213,214,217,221,223,224,227,238,243,244,257,258,259,262,270,271,272,278,282,284,290,291,293,294,297,298,300,301,306,311,318,320,322,323,324,330,332,334,335,338,340,353,354,357,358,359
OX69,194,195,196,199,200,201,207,208,211,213,214,218,219,221,223,224,226,227,229,231,234,237,240,245,248,252,257,259,261,265,266,267,270,273,276,287,288,290,291,293,294,297,298,300,303,306,307,317,318,319,321,322,323,325,329,330,332,333,334,335,336,337,338,341,345,346,350,355,357,359
OX70,188,193,195,196,197,202,203,207,208,212,217,218,227,233,234,239,240,242,243,244,250,252,255,256,257,261,266,268,271,272,274,282,286,292,295,297,299,300,301,302,305,307,310,311,312,313,320,326,327,329,332,333,337,339,346,350,351,352,356,359
OX71,193,195,197,202,203,207,209,212,213,214,218,233,234,239,240,242,252,255,256,261,262,268,272,274,282,284,286,287,291,292,295,298,299,301,302,307,310,313,320,324,326,327,329,334,337,339,340,350,351,356
OX72,208,209,213,214,217,224,227,238,243,244,257,258,259,262,270,271,272,278,282,284,290,291,293,294,297,298,300,301,305,311,318,320,322,323,324,330,332,333,334,340,353,357,358,359
OX73,256,283,292,314,327,356
OX74,192,198,204,205,211,217,218,221,224,227,230,231,234,238,240,243,244,246,252,255,257,261,262,269,271,275,276,278,284,286,287,290,294,300,305,306,307,310,311,315,317,322,323,324,326,335,337,340,341,347,348,352,353,359
OX75,196,197,199,200,201,202,203,211,212,217,218,219,221,223,226,227,229,230,231,233,234,237,238,239,240,242,243,244,245,248,252,255,257,258,261,265,266,267,268,273,274,276,278,283,286,287,288,295,297,299,300,302,303,306,307,310,311,313,314,317,319,321,323,325,326,333,335,336,337,338,339,341,345,346,351,353,358,359
OX76,195,197,199,200,201,202,203,211,212,213,214,215,218,221,223,226,227,229,233,237,238,239,240,242,245,248,255,257,258,262,265,268,273,274,276,278,280,283,284,286,288,291,295,297,299,300,302,303,306,310,313,314,319,321,323,324,325,326,329,333,334,335,336,337,338,339,340,341,351,353,358,359
OX77,258,272,282,301,320,358
OX78,257,271,297,305,333,359
OX79,255,268,286,310,326,339
OX80,199,200,201,211,213,214,218,219,221,223,226,229,234,237,245,248,252,259,265,267,270,271,273,276,287,288,291,293,303,305,306,307,313,318,319,321,325,330,334,335,336,337,338,341,345,357
OX81,243,262,284,311,324,340
OX82,197,202,203,212,213,214,217,219,224,227,230,231,233,237,238,239,240,242,244,245,248,261,262,267,272,274,278,282,283,284,290,291,294,295,299,300,301,302,313,314,317,319,320,322,323,324,334,340,345,351,352,353
OX83,259,270,293,318,330,357
OX84,178,202,207,212,215,217,218,224,231,233,235,237,239,244,245,248,261,272,274,280,282,283,290,294,299,301,302,314,317,319,320,322,337,350,351,352
OX85,119,207,213,214,215,218,219,231,238,261,267,278,280,291,313,317,323,334,337,345,350,353
OX86,202,203,213,214,217,219,224,227,230,231,232,233,237,238,239,240,242,244,245,248,260,261,267,272,274,278,282,283,290,291,294,299,300,301,302,311,313,314,317,319,320,322,323,334,345,351,352,353
OX87,217,218,219,224,227,230,231,234,237,238,240,244,245,248,252,261,267,278,287,290,294,300,307,313,317,319,322,323,337,345,352,353
OX88,198,200,204,213,214,218,234,252,269,275,287,288,291,307,321,334,337,347
OX89,213,214,218,219,234,237,245,248,252,267,287,291,307,313,319,334,337,345
OX90,219,222,225,229,237,245,248,254,267,273,279,303,313,319,342,345
OX91,200,205,211,221,226,236,246,268,276,288,297,306,309,315,321,326,333,335,339,341
OX92,220,222,225,229,233,235,253,254,273,274,279,302,303,342,343,356
OX93,201,205,211,229,236,246,265,268,271,273,297,303,309,315,325,326,333,335,336,339
OX94,191,203,212,222,225,229,232,233,239,242,249,254,260,272,273,274,279,282,283,302,303,311,314,316,320,342
OX95,203,206,210,216,233,242,262,264,270,274,284,285,292,302,327,330,340,344,356,357
OX96,207,215,227,230,234,237,238,240,245,248,252,278,280,287,300,307,319,323,350,353
OX97,222,225,229,254,273,279,303,342
Z0,0,60,120,180,263
Z1,1,106,133,223,338
Z2,2,110,152,200,321
Z3,3,168,186,252,307
Z4,4,111,124,276,341
Z5,5,102,161,211,335
Z6,6,68,160,273,303
Z7,7,64,192,268,326
Z8,8,153,216,293,357
Z9,9,82,176,208,332
Z10,10,164,191,272,301
Z11,11,112,165,224,290
Z12,12,66,127,188,312
Z13,13,63,166,190,354
Z14,14,65,222,279,349
Z15,15,99,147,254,342
Z16,16,125,193,261,317
Z17,17,62,169,246,315
Z18,18,98,233,283,356
Z19,19,119,227,250,323
Z20,20,146,232,243,311
Z21,21,87,175,288,321
Z22,22,88,133,286,310
Z23,23,118,137,185,289
Z24,24,69,202,258,301
Z25,25,70,195,267,313
Z26,26,105,145,205,315
Z27,27,178,212,295,316
Z28,28,142,204,269,354
Z29,29,115,180,284,340
Z30,30,90,139,210,264
Z31,31,136,194,278,323
Z32,32,104,176,259,318
Z33,33,68,173,237,245
Z34,34,114,131,229,303
Z35,35,102,130,268,339
Z36,36,72,186,291,334
Z37,37,97,124,217,244
Z38,38,113,163,194,355
Z39,39,99,135,219,267
Z40,40,108,174,202,299
Z41,41,160,187,294,322
Z42,42,91,158,283,314
Z43,43,131,189,285,344
Z44,44,172,236,286,326
Z45,45,96,149,227,300
Z46,46,103,165,269,347
Z47,47,127,228,262,340
Z48,48,105,216,256,327
Z49,49,91,126,195,329
Z50,50,80,140,249,316
Z51,51,77,154,182,304
Z52,52,62,230,261,350
Z53,53,93,155,188,250
Z54,54,100,156,228,241
Z55,55,118,146,265,325
Z56,56,84,212,260,351
Z57,57,95,167,233,274
Z58,58,65,175,196,266
Z59,59,111,197,243,324
Z60,0,81,143,292,327
Z61,26,61,123,191,249
Z62,52,104,166,206,285
Z63,13,80,218,289,337
Z64,37,64,179,231,317
Z65,14,173,198,275,308
Z66,12,101,157,299,351
Z67,22,67,149,234,252
Z68,6,100,209,298,355
Z69,69,138,181,270,330
Z70,25,121,208,290,352
Z71,71,147,193,298,332
Z72,36,107,121,253,343
Z73,73,162,200,275,341
Z74,74,177,185,248,319
Z75,31,75,171,274,302
Z76,5,76,141,197,295
Z77,16,77,158,203,242
Z78,78,161,218,280,307
Z79,56,79,139,198,347
Z80,50,115,138,238,353
Z81,55,60,168,201,336
Z82,48,82,132,187,277
Z83,32,83,201,271,359
Z84,84,145,189,241,328
Z85,85,135,190,297,333
Z86,28,86,225,254,304
Z87,41,87,215,248,345
Z88,67,134,184,293,318
Z89,89,178,235,263,343
Z90,90,163,236,251,309
Z91,42,155,221,271,333
Z92,92,130,203,284,311
Z93,93,159,229,279,325
Z94,94,169,217,294,346
Z95,57,128,199,246,335
Z96,96,167,192,247,348
Z97,34,97,184,282,320
Z98,20,98,129,196,346
Z99,15,177,213,287,353
Z100,54,109,179,270,357
Z101,66,164,220,292,356
Z102,35,113,151,213,291
Z103,103,141,230,240,329
Z104,106,171,214,277,334
Z105,59,107,150,237,319
Z106,40,89,153,183,331
Z107,2,137,239,282,358
Z108,112,122,182,257,359
Z109,30,116,199,281,338
Z110,47,117,154,251,349
Z111,19,78,144,264,344
Z112,21,120,209,240,300
Z113,4,72,156,221,306
Z114,11,73,183,255,310
Z115,116,123,204,288,306
Z116,7,114,142,220,253
Z117,53,74,125,281,331
Z118,49,174,226,276,348
Z119,101,136,207,245,313
Z120,108,128,225,273,336
Z121,18,150,210,259,330
Z122,38,76,122,272,320
Z123,3,70,129,296,328
Z124,9,61,226,265,309
Z125,1,71,170,232,260
Z126,88,148,206,262,324
Z127,45,85,170,258,358
Z128,10,75,148,219,345
Z129,23,81,172,207,350
Z130,24,92,144,224,322
Z131,29,63,132,247,308
Z132,79,151,239,256,314
Z133,46,94,234,287,312
Z134,44,86,152,181,296
Z135,58,143,223,257,305
Z136,27,95,134,222,342
Z137,8,117,126,215,280
Z138,51,157,214,244,337
Z139,33,109,211,297,305
Z140,119,140,231,266,352
Z141,43,110,235,242,302
Z142,39,159,205,255,339
OZ0,144,150,151,159,161,163,164,169,170,171,173,174,178,181,184,185,186,187,189,190,192,200,202,204,206,207,208,209,214,216,225,226,230,231,232,234,240,241,243,250,251,255,257,258,260,261,263,270,271,272,273,274,278,279,280,281,282,283,284,285,292,293,295,296,299,301,305,306,310,311,314,321,323,325,326,332,334,335,337,339,340,341,342,344,346,347,348,349,351,352,353,354,356,359
OZ1,145,146,152,158,164,168,169,171,172,173,174,177,178,181,184,185,187,188,192,196,198,204,207,208,209,212,213,214,215,218,221,224,225,226,229,230,231,232,233,234,235,239,240,242,248,252,254,256,257,259,260,262,263,264,267,270,272,273,274,278,282,283,284,285,286,287,292,295,297,298,299,302,305,306,309,314,317,322,323,324,330,334,335,337,339,340,341,344,348,349,352,354,357,359
OZ2,157,158,167,170,171,174,184,185,186,187,188,189,191,194,196,204,206,208,209,215,217,218,219,221,222,223,224,225,226,227,229,230,231,232,233,235,236,239,240,241,242,243,245,247,248,252,254,256,257,259,263,264,267,270,273,275,277,279,282,283,284,285,286,292,294,296,297,298,300,301,305,306,307,308,309,310,311,313,314,316,317,322,326,328,330,335,337,338,339,340,341,344,345,346,351,352,353,354,357,359
OZ3,181,184,185,188,196,198,200,202,203,205,206,210,212,213,215,216,219,224,228,229,232,233,234,235,301,302,310,314,318,319,321,322,324,325,328,331,339,340,342,344,346,347,349,351,353,356,357,358
OZ4,166,169,201,206,246,271,285,315,359
OZ5,146,151,152,158,163,164,168,169,171,172,173,174,176,177,178,187,189,191,192,198,199,200,202,203,205,206,207,209,212,214,218,219,221,225,226,228,230,231,236,240,241,242,248,249,251,252,254,256,257,259,262,263,267,270,272,273,274,278,281,282,283,284,285,286,287,288,292,295,297,298,299,301,305,310,314,317,318,319,321,323,325,327,330,331,332,334,335,337,338,341,342,346,348,352,353,354,356,358,359
OZ6,173,179,209,237,245,270,298,355,357
OZ7,150,151,152,158,160,163,164,169,171,172,174,176,177,178,179,186,187,189,191,192,195,196,197,198,199,200,202,203,205,206,207,208,210,211,212,214,218,219,225,226,230,231,232,233,236,237,240,242,245,248,249,251,253,254,256,257,262,263,272,274,278,281,282,284,285,286,287,288,290,292,295,296,299,301,303,306,307,310,311,313,314,317,318,319,321,323,324,325,327,328,331,332,334,335,337,338,341,342,343,348,353,354,355,357,358,359
OZ8,151,161,165,176,184,185,190,191,192,194,195,199,200,202,203,205,206,207,211,212,215,216,220,221,222,223,224,225,226,227,228,229,230,232,233,234,235,238,242,244,245,246,247,248,250,251,252,254,257,258,259,260,263,267,271,273,275,276,277,279,280,281,283,286,287,290,291,292,295,297,298,300,301,302,304,312,313,314,316,317,319,320,323,324,325,329,332,334,336,337,338,339,340,341,343,345,349,350,351,353,356,357,358,359
OZ9,152,172,179,185,188,196,198,200,202,203,204,205,206,210,212,213,215,216,219,220,224,225,228,229,231,232,233,234,235,236,253,254,269,282,286,296,301,302,304,310,314,317,318,319,320,321,322,324,325,326,328,331,339,340,342,344,346,347,349,351,353,354,356,357,358
OZ10,158,159,160,169,170,176,177,179,185,187,188,189,191,192,198,199,202,204,207,208,210,213,217,221,222,223,224,227,231,233,236,239,240,243,244,245,246,252,254,255,256,257,258,259,260,261,262,263,264,265,267,268,270,275,276,282,284,286,287,289,291,292,293,294,296,297,300,301,303,305,306,307,308,310,311,314,315,316,317,319,321,323,324,328,330,334,336,338,340,341,342,345,346,349,350,352,353,354,355,356,358,359
OZ11,149,153,155,160,164,169,171,174,176,177,178,179,183,186,193,195,197,198,199,203,206,207,209,210,211,212,215,219,220,221,224,227,232,233,234,236,239,240,241,242,244,246,248,255,256,257,258,261,262,263,264,265,267,271,272,273,277,279,280,284,285,289,292,295,296,300,303,307,311,312,314,315,318,319,320,321,323,324,325,326,328,329,331,332,333,334,336,337,342,343,346,349,350,351,356,357,358,359
OZ12,159,161,163,164,165,168,170,171,172,174,175,176,178,179,184,185,188,189,190,191,194,197,198,199,200,201,202,204,207,209,213,214,215,216,218,219,220,222,223,228,233,234,237,238,242,243,244,247,249,250,253,254,255,261,263,264,265,266,271,272,273,274,275,276,277,278,280,282,283,286,287,288,291,293,294,299,301,303,304,312,314,315,317,318,320,321,323,324,326,329,330,331,335,336,338,339,344,346,348,349,351,352,353,355,357,359
OZ13,242,244,246,248,250,252,260,261,263,264,266,267,269,273,274,277,280,287,288,290,295,296,298,299,300,304,312,313,316,317,321,322,323,328,329,331,332,334,335,336,337,338,342,343,344,345,346,347
OZ14,153,161,163,164,165,167,168,171,176,179,183,184,185,191,192,193,194,196,197,200,202,203,204,206,207,209,212,214,217,218,219,220,224,225,232,235,236,238,239,243,246,247,249,250,252,253,257,258,259,261,264,265,267,268,271,272,275,277,278,280,285,287,288,289,292,294,296,297,298,304,305,307,310,312,315,317,318,320,321,322,323,325,326,327,328,329,331,332,333,334,336,338,339,340,341,342,343,344,346,347,348,352,355,358,359
OZ15,113,164,167,168,172,174,175,177,178,179,185,186,189,192,193,194,195,197,198,199,201,202,204,205,206,211,212,215,216,217,218,219,221,222,223,224,226,228,230,231,232,234,235,237,240,252,253,254,256,259,260,267,268,269,271,277,279,281,284,285,286,287,288,289,298,299,300,301,303,304,305,307,309,310,311,312,313,316,317,318,319,320,321,322,323,324,325,327,329,330,331,332,333,335,336,337,338,339,340,341,345,347,348,349,351,353,354,355,357,359
OZ16,161,165,170,171,172,174,175,176,177,179,185,186,187,188,191,192,194,195,196,199,200,201,203,204,205,208,211,213,214,215,218,221,222,224,227,228,229,231,233,238,239,240,241,243,246,247,248,251,254,255,257,259,261,264,266,267,268,272,274,275,277,278,280,284,289,290,293,294,295,297,299,300,303,304,306,309,310,311,313,317,320,324,325,326,327,329,334,335,338,341,343,344,345,347,348,349,350,352,353,354,355,356
OZ17,163,165,168,170,172,174,176,177,178,179,186,187,190,191,194,196,199,201,203,205,206,207,209,212,215,216,217,218,219,220,223,224,225,226,227,228,229,230,232,233,239,241,248,251,252,254,255,257,258,261,263,264,265,268,272,276,279,280,282,283,285,287,290,291,293,296,297,298,300,303,304,305,312,313,314,315,318,321,323,324,327,328,333,336,338,340,342,343,344,345,346,347,348,349,350,353,355,356,358
OZ18,104,109,165,170,172,174,176,177,178,189,190,193,195,197,198,202,205,208,209,213,214,215,217,218,221,222,223,225,226,227,228,231,237,240,246,247,248,249,252,253,259,261,262,263,266,267,269,270,274,278,279,284,285,289,290,295,299,302,303,306,309,311,312,313,317,318,321,322,325,329,330,334,336,337,338,340,341,343,346,347,349,350,351,354
OZ19,118,164,165,167,168,171,172,174,176,177,179,184,185,188,189,190,191,193,194,195,197,198,199,203,204,206,207,208,210,211,216,217,218,219,220,221,222,223,224,226,229,230,232,235,236,239,245,247,248,249,254,257,258,259,262,263,267,270,271,272,275,277,284,285,286,288,289,290,292,293,296,297,299,303,304,306,308,309,310,311,312,313,314,316,318,319,320,323,324,326,327,328,329,330,331,335,337,339,341,343,344,349,350,353,356,357,358,359
OZ20,109,160,164,167,168,169,171,172,174,175,177,179,186,187,192,194,195,196,197,198,199,201,203,208,209,212,216,220,221,222,223,224,225,229,233,234,235,236,237,238,239,241,243,244,246,248,253,255,257,258,259,260,262,266,267,268,273,275,276,279,282,283,286,287,289,290,291,293,298,299,301,303,305,306,310,312,313,314,321,323,324,327,328,331,334,335,340,343,344,346,347,349,351,352,355,356,358
OZ21,164,170,176,177,178,179,184,187,189,191,192,193,195,197,198,199,202,203,207,209,210,211,221,223,224,225,227,229,233,234,236,237,239,240,241,255,256,257,258,259,260,261,265,266,267,268,271,274,276,277,279,280,281,284,286,288,289,291,293,296,299,301,307,310,311,314,315,316,320,322,325,328,329,330,332,333,335,337,341,342,344,346,349,350,351,357,358,359
OZ22,155,167,169,170,171,172,176,177,183,184,185,186,187,188,190,191,192,193,194,197,198,200,201,202,203,205,208,210,211,213,216,217,220,221,223,224,227,229,233,234,238,239,240,241,243,247,251,252,253,254,255,257,259,260,261,262,263,266,268,272,273,274,275,278,279,281,282,288,289,290,295,296,298,303,306,307,309,310,312,314,316,321,323,324,325,326,327,328,329,332,333,336,340,341,342,344,347,348,350,351,352,353,355,357
OZ23,105,111,114,115,160,168,169,172,175,176,179,183,186,187,188,189,190,192,194,195,197,200,201,206,207,212,215,219,222,226,227,229,231,232,234,236,237,238,241,245,246,247,248,249,250,251,252,259,260,261,263,266,270,271,272,276,278,284,285,287,288,292,294,296,298,300,301,307,310,311,313,318,321,322,323,324,326,329,340,343,345,347,349,351,352,354,356,357,359
OZ24,183,184,186,189,190,192,194,195,196,198,200,201,202,203,204,207,208,209,215,220,224,227,228,229,231,234,235,237,238,239,243,251,252,256,260,263,264,265,266,267,269,271,272,273,274,275,276,277,278,280,281,282,283,284,286,288,290,291,294,296,298,299,303,304,306,309,311,314,315,316,317,319,324,325,328,330,331,335,336,337,338,339,342,344,345,351,352,354,355,356,357,359
OZ25,160,165,167,168,169,170,172,174,175,177,185,186,189,190,191,192,193,194,195,196,200,201,203,204,206,211,213,215,216,221,222,223,224,225,228,229,232,233,234,237,238,239,240,241,243,244,246,248,249,251,253,254,256,257,258,260,261,262,264,266,269,274,275,276,278,279,281,282,284,285,286,288,289,290,291,292,294,295,298,299,301,309,311,312,313,318,319,322,329,330,333,334,335,338,339,342,343,344,346,347,349,350,352,353,355,358
OZ26,111,114,168,169,170,171,172,175,176,178,186,187,197,199,202,203,204,206,208,210,214,219,222,223,224,227,228,232,234,235,236,239,241,243,244,246,247,248,249,250,252,255,256,258,261,264,267,268,269,272,276,280,281,282,285,287,290,293,294,295,298,299,303,304,306,307,312,313,314,315,316,317,321,322,323,328,329,331,336,337,340,341,343,344,347,348,357,358
OZ27,167,171,172,174,175,178,186,188,189,190,191,192,196,198,199,203,204,206,208,213,218,223,224,225,226,227,228,229,230,231,232,234,236,239,243,244,246,256,257,258,259,262,265,266,267,269,270,271,273,275,278,280,281,282,283,284,287,290,292,293,294,298,300,301,302,303,304,305,306,307,308,309,311,312,313,314,315,316,317,318,319,322,325,326,328,329,330,334,335,336,339,341,343,344,345,346,348,349,350,351,352,354,357,358,359
OZ28,168,171,175,178,185,186,188,190,192,198,202,203,205,207,209,210,213,215,216,222,223,224,228,229,234,235,236,239,240,247,252,254,258,260,262,265,282,288,292,293,295,296,297,300,301,307,314,316,319,321,322,326,327,328,331,333,338,339,340,342,344,345,347,348,349,350,351,353,356,357,358
OZ29,171,172,175,178,185,190,194,195,198,199,200,202,204,205,209,210,212,217,218,219,220,223,224,225,226,227,229,230,238,239,240,243,244,245,246,249,250,251,252,253,254,257,259,260,262,263,265,269,271,273,275,276,277,283,284,285,291,292,293,294,295,298,301,302,304,305,307,310,311,313,315,317,318,319,320,321,323,324,327,328,329,334,335,336,337,339,340,341,346,348,352,353,356,357,359
OZ30,184,185,188,189,192,194,195,196,199,200,201,203,204,206,209,210,212,213,214,215,216,218,220,223,225,226,227,228,229,230,232,236,237,238,240,243,244,245,248,249,251,253,261,262,264,265,267,268,271,274,275,277,280,282,284,286,287,288,289,290,293,294,295,297,299,300,302,303,311,312,314,315,319,320,325,328,330,332,333,336,342,343,344,345,348,349,351,352,356,359
OZ31,185,187,191,193,195,197,199,201,203,205,206,207,208,209,212,214,216,217,218,219,220,222,223,225,226,227,229,230,231,232,233,234,235,237,238,241,245,246,248,249,252,253,254,256,257,258,259,260,261,262,263,265,267,268,270,273,274,276,277,280,281,282,284,285,286,287,288,290,291,293,296,299,300,303,305,306,307,308,309,310,311,312,315,316,317,319,320,322,324,326,327,331,334,335,341,343,344,347,348,350,351,353,354,355,357,358
OZ32,170,172,174,175,176,177,178,179,186,188,189,191,193,197,198,199,201,204,205,208,209,212,213,215,222,227,228,230,231,235,237,238,240,243,246,247,251,252,254,258,260,261,263,264,266,271,272,275,276,277,279,280,281,282,291,292,293,294,297,298,300,301,303,306,309,313,315,317,319,320,323,324,325,328,330,331,332,333,337,338,345,346,347,348,351,352,353,354,356,358,359
OZ33,186,188,192,193,194,195,197,201,202,203,205,206,208,209,212,213,214,215,216,222,223,227,229,230,231,232,235,247,249,253,254,255,257,260,261,262,263,267,277,278,279,281,283,284,286,288,289,290,293,296,300,302,305,306,307,310,311,313,314,316,317,319,322,323,324,325,331,334,336,339,343,344,345,347,348,350,353,354,355,357
OZ34,187,188,191,192,193,197,198,199,202,203,209,210,211,212,213,215,217,218,219,220,221,224,225,226,233,234,235,236,237,238,239,240,241,244,246,247,250,251,252,255,256,257,259,261,263,265,266,269,270,271,276,277,278,279,281,284,285,288,290,291,292,300,301,302,303,304,307,308,311,314,315,316,317,320,322,325,326,329,331,333,334,335,336,337,338,341,342,343,344,347,350,351,356,359
OZ35,189,190,192,194,195,196,198,201,202,204,205,207,210,211,213,214,219,220,221,225,226,230,233,235,237,238,243,244,245,246,248,249,251,253,254,255,256,257,261,262,267,268,272,273,274,275,277,281,284,288,289,290,291,292,293,294,295,296,299,301,303,307,311,312,314,315,318,321,323,324,325,326,327,330,331,332,333,338,339,340,343,345,347,348,350,352,353,357
OZ36,190,191,192,200,201,202,206,208,210,212,213,214,215,216,218,219,220,222,224,225,227,231,232,234,235,239,244,246,247,249,253,255,257,258,260,261,262,263,272,274,281,282,286,287,288,290,291,293,295,296,297,298,299,300,302,305,306,307,312,313,314,316,317,322,324,327,329,331,332,333,337,338,343,346,348,354,357,358
OZ37,165,169,174,176,178,191,192,200,201,202,203,207,210,213,214,216,222,223,224,225,228,229,238,239,241,243,249,252,253,254,255,257,260,267,268,270,272,276,278,280,281,284,287,288,289,290,291,294,303,304,305,306,307,308,310,311,313,314,316,320,322,324,326,327,328,330,332,334,336,337,342,343,344,346,352,353,354
OZ38,176,177,178,179,192,193,196,197,199,201,202,203,204,206,207,211,212,213,217,218,221,223,224,225,229,230,231,232,234,235,236,237,239,240,241,243,244,245,248,249,251,252,256,259,260,266,271,272,276,278,279,280,283,287,289,290,295,298,299,300,302,303,305,306,309,313,314,316,317,318,320,321,322,326,329,330,331,333,334,335,336,338,339,340,341,343,344,349,351,352,355,356,357,359
OZ39,172,174,175,178,191,192,193,195,197,198,208,213,215,216,227,228,229,233,237,238,240,241,245,246,248,249,250,254,256,257,262,263,265,268,271,274,275,276,277,278,279,280,284,285,289,290,291,294,295,296,297,302,303,305,307,311,315,317,318,321,325,326,327,330,332,333,336,337,338,340,343,345,347,349,350,353,354,355,359
OZ40,114,115,177,191,192,195,196,197,202,204,205,208,211,213,214,216,217,220,221,224,225,226,228,231,233,234,236,237,239,240,243,245,246,251,252,254,255,256,258,265,266,267,268,270,273,275,277,278,279,282,285,286,287,290,292,294,297,298,299,300,301,302,305,306,310,312,315,316,317,318,324,334,336,343,345,348,349,350,351,352,353,354,355,358
OZ41,115,169,174,178,188,192,193,195,196,197,198,202,205,206,207,208,209,210,211,215,216,218,219,220,221,222,225,228,232,234,235,241,243,244,245,246,247,249,252,254,258,259,260,261,262,263,267,270,273,275,278,280,281,282,286,289,294,297,298,299,302,303,305,310,312,313,314,316,318,320,325,329,330,331,334,336,341,342,348,349,353,354,355,356,358
OZ42,169,175,177,179,188,191,195,196,199,203,205,206,208,209,215,222,224,225,227,228,231,232,235,236,237,239,240,241,243,244,247,250,251,252,255,259,261,262,263,269,272,273,274,276,278,284,286,288,289,291,293,294,296,298,302,303,304,307,309,310,311,312,313,316,318,320,322,325,326,327,328,329,330,331,332,334,335,341,344,346,348,349,350,352,356
OZ43,188,192,193,195,196,198,199,200,203,206,207,211,212,213,215,216,218,219,220,221,222,224,226,227,228,230,231,232,234,238,239,246,248,250,251,253,256,258,259,260,261,263,268,269,272,274,279,280,282,287,290,291,295,296,297,298,299,300,302,304,305,306,307,308,310,316,318,321,324,326,335,336,339,340,343,344,346,348,350,351,356,358
OZ44,191,192,194,196,197,199,200,201,202,204,206,207,210,212,213,214,216,217,218,219,220,222,223,228,231,232,234,236,243,245,249,252,255,257,261,262,264,265,266,267,268,272,275,276,277,278,280,281,285,286,290,291,292,293,294,296,298,300,301,305,306,307,308,312,314,315,317,322,325,328,329,332,334,336,338,339,341,342,343,345,347,351,352,357
OZ45,194,195,197,199,200,204,206,207,208,209,210,211,213,214,217,219,220,221,222,224,225,227,228,229,230,232,233,237,239,241,243,247,250,251,252,253,254,256,257,259,260,261,262,264,265,266,271,273,274,276,279,280,281,287,289,290,291,296,298,299,301,302,303,307,309,310,312,314,317,320,322,325,330,332,333,334,337,339,341,342,343,346,348,349,350,352,353,354,355,359
OZ46,195,196,197,198,199,200,201,204,206,207,208,209,213,218,223,224,228,231,232,234,235,239,240,244,247,248,249,252,253,258,260,261,264,268,269,271,274,275,276,277,279,282,284,286,288,291,292,295,296,297,298,299,301,302,304,307,308,311,312,317,321,323,324,326,327,329,331,332,333,334,336,337,339,340,341,342,345,347,348,349,350,351,358,359
OZ47,197,198,199,201,202,203,204,205,207,208,209,210,211,212,219,220,221,222,223,224,226,227,229,230,231,233,236,237,238,239,245,246,247,249,253,257,258,259,260,261,264,266,269,270,272,273,275,279,281,282,283,284,286,292,295,297,298,299,304,309,310,311,313,317,323,325,326,327,328,332,338,339,344,349,350,355,356,358
OZ48,193,196,200,202,203,205,206,210,211,212,213,214,215,217,221,226,228,231,232,235,236,238,241,243,244,249,250,254,255,260,262,263,264,266,267,268,270,274,275,276,277,281,283,284,288,289,291,297,298,300,302,303,305,307,309,310,311,316,322,323,325,330,331,332,335,338,339,341,344,345,347,348,352,353,354,356
OZ49,192,199,203,204,209,211,214,218,221,227,228,229,233,235,237,240,241,244,246,248,254,256,258,259,262,264,268,269,272,273,276,277,278,280,282,283,285,288,289,292,294,296,297,299,300,301,302,303,304,305,306,312,313,314,315,320,321,322,323,326,327,330,331,336,338,340,341,344,345,350,353,354,356,358
OZ50,200,206,207,208,209,210,211,212,214,215,218,221,224,225,232,235,239,241,244,245,247,249,251,254,255,259,260,261,262,263,264,265,266,269,270,272,274,275,276,277,278,279,280,281,283,285,288,289,290,292,293,294,295,296,297,300,303,304,305,308,309,310,312,315,316,318,320,323,324,325,327,329,330,331,332,335,338,341,343,345,348,349,351,353,354,355,356,357
OZ51,199,203,204,207,211,213,217,218,221,228,230,231,240,243,245,247,249,250,251,256,257,258,264,265,269,271,272,273,274,275,276,278,279,280,282,283,284,285,290,291,292,294,295,299,301,302,304,306,307,308,309,311,312,313,314,315,320,322,323,324,325,327,329,333,341,343,344,347,348,349,351,352,355,356,358,359
OZ52,196,198,203,207,210,212,214,222,227,228,230,231,233,234,235,237,244,247,248,250,251,253,257,258,260,261,262,264,265,266,267,269,270,271,272,273,276,280,281,282,283,287,293,297,299,301,304,305,306,309,312,313,318,320,321,322,323,325,328,331,332,333,335,337,340,341,344,346,347,348,350,351,356,357,358,359
OZ53,201,202,203,205,208,209,211,214,218,221,223,226,227,228,231,235,238,240,241,244,248,249,250,253,254,255,256,258,262,264,265,267,268,269,270,271,272,275,276,277,278,280,282,283,285,286,288,289,292,294,296,299,300,301,302,303,304,305,306,309,310,312,313,314,315,320,321,322,323,326,327,330,331,333,335,336,339,340,341,344,345,348,350,353,354,356,358,359
OZ54,202,205,207,209,212,213,214,215,217,226,227,230,231,234,238,241,243,245,248,249,252,254,255,257,261,262,263,264,265,266,267,268,269,270,271,273,275,276,280,284,286,289,291,297,298,299,303,304,305,307,309,310,311,312,313,316,317,321,323,324,326,330,332,333,334,335,337,339,340,341,342,347,348,350,351,352,353,354,355,359
OZ55,204,206,211,212,217,221,225,227,231,232,234,235,243,244,247,248,249,251,252,256,257,258,261,265,267,271,272,273,274,275,276,277,279,280,282,283,284,285,288,290,292,294,295,296,298,299,300,301,306,308,309,311,313,314,315,317,320,321,322,325,327,328,329,331,332,333,334,337,338,340,341,342,343,345,348,349,352,356,358,359
OZ56,198,208,210,213,214,215,217,219,220,222,224,229,231,233,236,237,239,241,243,247,248,249,250,252,253,254,255,260,262,263,265,267,268,270,276,279,280,281,283,284,287,289,291,292,293,301,303,306,307,311,312,316,318,320,321,324,325,327,328,334,337,340,341,342,346,348,349,351,353,354,356,357
OZ57,207,208,213,215,217,227,243,248,253,257,260,262,263,264,266,267,269,271,273,278,281,284,285,287,294,297,299,302,304,305,306,311,312,313,315,316,319,321,322,323,324,328,333,335,340,342,352,359
OZ58,240,241,245,249,253,254,260,261,264,267,273,274,277,278,280,281,285,287,288,289,290,291,294,295,302,303,306,307,315,319,322,323,328,329,332,335,337,338,342,343,345,347,350,351,352,353,354,355
OZ59,174,205,206,213,215,217,218,219,220,225,226,229,232,234,235,243,244,247,250,252,255,260,261,263,264,265,266,267,269,272,273,274,275,277,284,285,288,290,291,294,295,296,298,300,301,304,307,308,309,311,313,315,316,317,322,323,329,331,332,334,335,337,338,339,340,341,342,343,345,347
OZ60,175,203,208,209,211,212,213,215,217,218,221,228,230,234,235,243,244,245,250,252,253,256,258,261,263,266,272,273,277,278,282,283,284,285,288,291,292,294,297,298,301,302,305,306,307,311,314,315,316,317,320,322,324,327,331,332,334,337,342,344,345,347,350,351,352,355,356,358
OZ61,178,179,206,208,211,212,215,217,218,219,220,221,227,229,231,232,233,234,235,243,244,246,247,250,252,256,257,258,259,260,261,263,268,269,270,271,273,274,275,276,277,281,282,283,284,285,286,287,288,290,291,292,294,296,298,299,300,304,307,308,310,311,313,314,315,319,320,322,326,327,329,330,331,332,333,334,336,337,338,340,341,343,345,347,348,352,356,357,358,359
OZ62,177,208,209,211,214,221,222,230,233,235,237,241,244,245,246,247,248,251,253,259,260,264,265,266,267,269,274,276,277,278,279,285,287,288,289,290,291,294,295,296,297,299,300,302,303,304,305,306,307,309,312,313,315,321,323,325,328,329,330,331,335,336,338,341,342,343,345,347,348,349,350,351,352,355
OZ63,206,208,209,212,214,215,218,219,220,225,227,229,232,241,245,246,247,248,249,250,252,254,256,257,258,259,262,263,264,266,267,268,269,270,271,273,275,276,282,283,285,286,287,289,292,293,294,297,298,303,304,305,308,310,314,315,316,317,318,320,321,322,323,324,326,327,328,330,333,334,335,336,337,341,342,346,347,348,351,353,354,355,356,357,358,359
OZ64,179,203,208,209,211,212,213,218,219,220,221,225,228,229,233,235,245,246,247,248,251,253,255,258,259,260,262,265,267,269,270,273,275,276,279,280,282,291,297,298,304,305,306,307,308,309,320,321,322,325,328,330,331,336,339,340,341,344,347,348,349,351,352,355,357,358
OZ65,203,209,213,214,217,227,228,230,231,235,243,245,246,248,249,250,251,252,254,255,257,258,265,268,269,271,272,274,277,278,279,282,284,285,286,288,289,290,291,294,295,296,297,299,300,301,302,304,305,307,309,310,311,312,313,315,320,321,324,325,326,329,331,333,334,336,338,339,343,344,345,346,347,349,350,351,352,353,354,355,358,359
OZ66,208,211,212,215,219,220,221,229,234,246,247,248,250,253,261,263,264,266,268,269,272,274,275,276,277,280,286,288,290,295,296,297,298,299,300,301,304,305,306,308,310,313,316,317,321,323,326,329,332,335,336,337,338,341,342,343,345,346,348,352
OZ67,213,214,218,234,252,287,291,307,334,337
OZ68,209,211,215,218,219,220,221,227,229,230,234,235,241,243,244,245,250,251,252,256,257,258,259,260,261,262,263,264,265,266,267,268,270,271,278,279,280,281,282,283,284,285,286,291,292,293,294,298,302,303,307,309,310,311,312,314,315,316,317,318,319,320,323,324,325,326,327,328,330,331,332,333,334,335,340,342,349,350,351,355,356,357,358,359
OZ69,211,212,214,215,217,219,220,221,227,229,230,231,234,235,247,250,251,252,253,255,257,258,259,260,261,263,264,265,266,267,270,271,275,276,278,279,280,282,285,287,293,294,302,306,308,309,312,315,316,318,320,323,325,328,330,331,332,333,334,335,337,339,341,347,348,349,350,357,358,359
OZ70,258,272,282,301,320,358
OZ71,217,218,219,220,222,227,229,230,231,233,234,237,243,247,250,253,255,257,259,260,261,262,264,266,267,271,272,273,276,278,280,281,284,285,291,294,297,301,302,305,306,307,311,312,315,319,322,323,324,328,330,332,333,335,339,340,341,342,346,348,350,359
OZ72,214,215,218,219,220,225,227,229,231,244,248,249,250,251,254,255,257,259,260,261,263,264,265,266,267,270,271,272,273,279,287,289,290,293,295,296,297,299,301,305,309,312,313,316,318,321,322,323,325,328,329,330,332,333,335,337,339,342,343,347,349,352,353,354,357,359
OZ73,212,219,220,222,229,233,237,243,246,250,255,256,259,260,261,262,266,267,269,272,275,283,284,290,292,295,296,298,299,300,301,304,308,311,313,314,317,324,327,328,329,330,332,336,339,340,343,356
OZ74,219,220,222,225,229,233,235,237,244,248,250,251,252,256,265,266,268,270,272,275,279,283,286,292,293,296,298,299,300,301,308,309,310,312,313,314,317,318,321,325,326,327,331,334,346,349,356,357
OZ75,218,225,227,231,247,249,254,255,256,257,260,261,264,267,268,271,273,275,276,280,283,286,287,289,290,292,295,296,297,298,299,300,305,308,310,313,314,317,322,323,326,327,328,329,332,333,335,339,341,342,343,347,348,352,353,354,356,359
OZ76,235,243,244,246,248,252,256,262,269,283,284,292,296,299,304,311,312,313,314,321,324,327,331,334,336,340,346,356
OZ77,247,275,276,308,341,348
OZ78,225,244,246,251,252,257,260,261,264,265,267,269,271,273,274,277,279,280,287,288,290,295,297,304,305,309,312,322,323,325,328,329,332,333,334,335,336,337,338,342,343,345,346,347,349,359
OZ79,255,257,268,271,286,297,305,310,326,333,339,359
OZ80,257,271,297,305,333,359
OZ81,243,259,262,270,284,293,311,318,324,330,340,357
OZ82,259,270,293,318,330,357
OZ83,260,261,264,267,273,274,277,280,287,288,290,295,322,323,328,329,332,335,337,338,342,343,345,347
OZ84,215,227,248,249,253,254,256,263,264,266,273,281,283,289,291,292,306,307,314,316,319,321,322,323,327,335,352,353,354,356
OZ85,249,253,254,264,273,274,277,280,281,288,289,291,306,307,319,322,323,335,337,338,345,352,353,354
OZ86,244,246,251,252,256,264,265,269,273,274,277,279,280,283,288,292,296,299,304,309,312,313,314,322,323,325,327,334,335,336,337,338,345,346,349,356
OZ87,251,256,264,265,273,274,277,279,280,283,288,292,309,314,322,323,325,327,335,337,338,345,349,356
OZ88,256,283,292,314,327,356
OZ89,264,273,274,277,280,288,322,323,335,337,338,345
OZ90,228,230,232,241,261,267,278,285,294,302,303,315,324,328,332,350
OZ91,205,226,233,234,237,261,265,267,270,276,287,290,293,295,309,318,329,332,341,343,346,347,348,357
OZ92,210,222,224,226,231,236,239,253,266,268,272,275,276,281,283,292,298,300,306,308,309,317,320,327,339,341,348,356
OZ93,222,226,229,236,250,266,268,275,276,298,300,308,309,317,341,348
OZ94,216,224,226,236,238,239,268,270,272,275,276,283,292,293,309,314,320,327,330,339,341,348,356,357
OZ95,221,223,227,231,253,274,297,298,300,306,317,338
OZ96,220,224,226,233,236,237,246,268,269,270,272,276,293,296,299,304,309,313,318,336,339,341,348,357
OZ97,237,238,275,330
