X0,0,42,75,330,369,390
X1,1,43,76,336,357,396
X2,2,44,77,342,363,384
X3,3,36,78,332,371,392
X4,4,37,79,338,359,398
X5,5,38,80,344,365,386
X6,6,39,72,331,370,391
X7,7,40,73,337,358,397
X8,8,41,74,343,364,385
X9,9,51,57,324,372,393
X10,10,52,58,339,351,399
X11,11,53,59,345,366,378
X12,12,45,60,326,374,395
X13,13,46,61,341,353,401
X14,14,47,62,347,368,380
X15,15,48,54,325,373,394
X16,16,49,55,340,352,400
X17,17,50,56,346,367,379
X18,18,33,66,327,375,387
X19,19,34,67,333,354,402
X20,20,35,68,348,360,381
X21,21,27,69,329,377,389
X22,22,28,70,335,356,404
X23,23,29,71,350,362,383
X24,24,30,63,328,376,388
X25,25,31,64,334,355,403
X26,26,32,65,349,361,382
X27,15,27,75,91,133,139
X28,16,28,76,97,130,136
X29,17,29,77,94,127,142
X30,9,30,78,100,115,148
X31,10,31,79,106,112,145
X32,11,32,80,103,109,151
X33,12,33,72,82,124,157
X34,13,34,73,88,121,154
X35,14,35,74,85,118,160
X36,3,51,63,99,114,147
X37,4,52,64,105,111,144
X38,5,53,65,102,108,150
X39,6,45,66,81,123,156
X40,7,46,67,87,120,153
X41,8,47,68,84,117,159
X42,0,48,69,90,132,138
X43,1,49,70,96,129,135
X44,2,50,71,93,126,141
X45,18,39,60,83,125,158
X46,82,130,151,177,210,216
X47,83,131,152,174,207,222
X48,20,41,62,86,119,161
X49,85,133,145,186,192,225
X50,86,134,146,183,189,231
X51,19,40,61,89,122,155
X52,88,127,148,168,201,234
X53,89,128,149,165,198,240
X54,21,42,54,92,134,140
X55,91,112,160,187,193,226
X56,92,113,161,184,190,232
X57,23,44,56,95,128,143
X58,94,115,154,169,202,235
X59,95,116,155,166,199,241
X60,22,43,55,98,131,137
X61,97,109,157,178,211,217
X62,98,110,158,175,208,223
X63,24,36,57,101,116,149
X64,100,121,142,170,203,236
X65,101,122,143,167,200,242
X66,26,38,59,104,110,152
X67,103,124,136,179,212,218
X68,104,125,137,176,209,224
X69,25,37,58,107,113,146
X70,106,118,139,188,194,227
X71,107,119,140,185,191,233
X72,96,108,156,172,214,220
X73,90,111,159,181,196,229
X74,93,114,153,163,205,238
X75,84,132,144,180,195,228
X76,87,126,147,162,204,237
X77,81,129,150,171,213,219
X78,99,120,141,164,206,239
X79,163,211,232,258,291,297
X80,164,212,233,255,288,303
X81,165,213,225,261,276,309
X82,166,214,226,267,273,306
X83,167,215,227,264,270,312
X84,168,207,228,243,285,318
X85,169,208,229,249,282,315
X86,170,209,230,246,279,321
X87,102,123,135,173,215,221
X88,172,193,241,268,274,307
X89,173,194,242,265,271,313
X90,171,192,240,262,277,310
X91,175,196,235,250,283,316
X92,176,197,236,247,280,322
X93,174,195,234,244,286,319
X94,178,190,238,259,292,298
X95,179,191,239,256,289,304
X96,105,117,138,182,197,230
X97,181,202,223,251,284,317
X98,182,203,224,248,281,323
X99,180,201,222,245,287,320
X100,184,205,217,260,293,299
X101,185,206,218,257,290,305
X102,186,198,219,263,278,311
X103,187,199,220,269,275,308
X104,188,200,221,266,272,314
X105,177,189,237,253,295,301
X106,183,204,216,254,296,302
X107,162,210,231,252,294,300
X108,243,291,312,333,375,381
X109,245,293,314,336,369,384
X110,244,292,313,339,372,378
X111,246,294,306,342,357,390
X112,248,296,308,345,351,393
X113,249,288,309,324,366,399
X114,250,289,310,330,363,396
X115,251,290,311,327,360,402
X116,252,273,321,343,358,391
X117,253,274,322,349,355,388
X118,254,275,323,346,352,394
X119,255,276,315,325,367,400
X120,256,277,316,331,364,397
X121,257,278,317,328,361,403
X122,258,270,318,334,376,382
X123,259,271,319,340,373,379
X124,260,272,320,337,370,385
X125,261,282,303,326,368,401
X126,262,283,304,332,365,398
X127,263,284,305,329,362,404
X128,264,285,297,335,377,383
X129,265,286,298,341,374,380
X130,266,287,299,338,371,386
X131,267,279,300,344,359,392
X132,268,280,301,350,356,389
X133,269,281,302,347,353,395
OX0,50,51,67,71,115,116,121,122,141,142,143,147,148,149,200,203,204,206,209,211,215,227,230,232,236,237,239,242,279,285,291,294,306,312,318,321,324,328,332,334,335,342,357,371,372,377,382,383,388,390,392,393
OX1,46,51,56,57,63,67,73,78,115,127,142,143,149,154,199,201,203,207,209,213,215,225,227,228,230,234,236,241,270,276,279,282,291,294,297,303,306,309,318,321,324,326,328,335,341,342,353,354,357,368,372,375,376,377,381,383,388,390,393,402
OX2,57,61,63,71,73,77,115,116,122,127,141,147,148,154,199,200,204,206,207,208,209,211,213,225,228,229,230,232,237,239,241,242,270,276,279,285,288,294,297,303,306,312,315,321,324,326,332,334,342,346,354,357,366,367,368,371,375,376,379,381,382,390,392,399,401,402
OX3,49,53,66,70,109,110,124,125,135,136,137,150,151,152,191,193,197,209,212,213,215,218,219,221,224,236,239,241,274,277,289,295,301,304,316,322,331,344,345,348,349,350,354,356,361,364,365,366,378,382,386,387,389,397
OX4,45,53,55,59,65,66,72,80,109,130,136,137,152,157,190,192,193,194,196,207,209,211,213,214,215,217,219,220,221,222,224,235,238,240,241,242,274,277,280,286,289,292,301,304,307,313,316,319,330,331,332,335,336,341,344,350,352,357,363,370,373,374,379,380,386,389,391,398,400,404
OX5,59,60,65,70,72,76,109,110,125,130,135,150,151,157,192,194,196,197,207,210,211,212,214,216,217,218,220,222,235,236,240,242,271,277,280,286,289,295,298,304,307,313,316,322,326,330,331,332,335,336,341,345,348,349,354,356,357,361,363,365,366,370,378,380,382,387,391,395,398,404
OX6,48,52,68,69,112,113,118,119,138,139,140,144,145,146,191,194,195,197,200,202,206,218,221,223,227,228,230,233,272,278,284,287,299,305,311,314,327,328,334,339,351,355,359,360,361,371,386,398,399,402
OX7,47,52,54,58,64,68,74,79,112,133,139,140,146,160,190,192,194,199,201,202,203,205,207,208,209,210,211,212,213,214,215,216,218,219,221,226,228,229,230,231,233,234,235,236,237,238,239,240,241,242,272,275,284,287,290,296,299,302,311,314,317,323,325,326,329,332,335,337,338,339,341,343,344,347,348,350,351,352,353,354,355,357,359,360,361,363,366,372,375,377,379,380,382,384,386,388,390,391,393,394,397,400,402,404
OX8,58,62,64,69,74,75,112,113,119,133,138,144,145,160,190,191,195,197,201,203,205,206,207,208,209,210,211,212,213,214,215,216,219,220,221,223,225,226,227,229,231,234,235,236,237,238,239,240,241,242,272,278,281,287,290,296,299,305,308,314,317,323,326,327,328,329,332,334,335,337,341,343,344,347,348,350,352,354,357,363,366,368,372,373,375,377,379,382,384,386,388,390,391,393,395,397,398,399,400,404
OX9,62,68,69,74,79,139,145,146,161,190,191,192,194,195,196,197,199,201,202,203,205,217,220,222,223,224,225,227,228,229,230,231,232,233,272,275,284,287,290,296,299,302,311,314,317,323,325,327,330,334,336,337,338,339,343,345,353,355,359,360,364,368,370,373,380,384,390,393,394,395,398,399,402,403
OX10,52,69,74,75,79,113,118,119,133,138,139,144,146,160,161,190,191,194,195,197,200,201,203,204,205,206,207,208,209,210,211,212,213,214,215,219,220,223,225,226,229,231,232,234,235,236,237,238,239,240,241,242,275,278,281,290,302,305,308,317,326,327,328,329,332,335,337,338,339,341,343,344,346,347,348,350,351,354,355,357,363,366,368,371,372,373,375,377,379,382,384,388,390,391,393,394,395,397,398,400,403,404
OX11,54,64,69,74,75,112,113,119,133,138,144,145,160,191,195,197,201,203,204,205,206,207,208,209,210,211,212,213,214,215,219,220,221,223,225,226,227,229,231,233,234,235,236,237,238,239,240,241,242,272,275,278,281,287,290,299,302,305,308,314,317,326,327,328,329,332,334,335,337,341,343,344,346,347,348,350,354,357,363,366,368,372,373,375,377,379,382,384,386,388,390,391,393,394,395,397,398,399,400,404
OX12,64,68,69,112,113,119,133,138,140,144,161,190,191,192,195,197,199,202,206,218,220,223,228,230,232,275,278,281,284,302,305,308,311,325,327,328,338,347,353,359,360,361,373,394,395,398,402,403
OX13,74,75,79,192,200,221,226,272,287,299,314,338,371,386
OX14,112,113,119,133,138,140,144,161,194,196,200,201,203,204,205,206,216,217,218,221,222,224,225,226,229,231,232,233,275,278,281,290,302,305,308,317,328,330,336,337,338,339,343,345,346,347,352,361,364,368,370,371,380,384,386,390,393,394,399,403
OX15,113,118,133,134,138,146,159,161,191,192,193,197,199,200,205,207,208,209,210,211,212,213,214,215,216,218,219,222,223,224,229,232,233,234,235,236,237,238,239,240,241,242,275,281,287,293,302,308,314,320,325,326,327,332,335,336,337,338,341,344,345,347,348,350,351,352,353,354,355,357,361,363,364,366,369,371,372,375,379,380,382,385,388,389,390,391,394,397,398,399,400,404
OX16,190,194,195,199,203,204,216,220,224,225,229,233,325,339,345,346,352,353,368,373,380,393,395,399
OX17,191,192,196,200,201,205,217,221,222,226,230,231,330,336,337,343,359,364,370,371,384,386,390,398
OX18,61,67,71,73,78,142,148,149,155,199,200,201,203,204,205,206,208,210,211,212,214,226,229,231,232,233,234,236,237,238,239,240,241,242,270,276,279,282,291,294,297,303,306,309,318,321,325,328,332,334,337,341,342,343,344,346,353,359,363,366,371,372,379,382,384,388,391,393,397,399,400,401
OX19,51,71,73,77,78,116,121,122,127,141,142,147,149,154,155,199,200,203,204,206,207,208,211,228,229,232,236,237,239,242,270,282,285,288,297,309,312,315,328,332,334,346,354,366,367,371,372,375,379,381,382,388,392,393,399,402
OX20,56,63,71,73,77,115,116,122,127,141,147,148,154,200,204,206,207,208,209,211,228,229,230,232,237,239,241,270,279,282,285,288,294,297,306,309,312,315,321,324,332,334,342,346,354,357,366,367,371,375,376,379,381,382,390,392,399,402
OX21,63,67,71,115,116,122,127,141,143,147,155,199,200,201,204,206,208,211,215,227,229,232,237,239,241,282,285,288,291,309,312,315,318,324,332,334,335,346,366,367,371,376,377,379,382,383,392,399
OX22,73,77,78,201,209,230,235,279,294,306,321,342,357,390
OX23,115,116,122,127,141,143,147,155,203,205,209,210,212,213,214,215,225,226,227,230,231,233,234,235,238,240,241,242,270,282,285,288,297,309,312,315,324,325,326,335,337,341,343,344,353,357,359,363,367,368,372,377,383,384,390,391,392,393,397,400
OX24,116,121,127,128,141,149,153,155,200,201,202,206,207,210,211,212,213,215,225,227,228,231,232,233,234,235,236,237,239,240,273,282,288,294,300,309,315,321,325,326,328,332,334,335,337,341,343,350,353,354,362,367,368,371,375,377,381,382,388,391,392,397,400,402
OX25,199,203,204,208,212,213,225,229,233,234,238,242,325,326,341,346,353,366,368,372,379,393,399,400
OX26,200,201,205,209,210,214,226,230,231,235,239,240,332,337,343,344,357,359,363,371,384,390,391,397
OX27,60,66,70,72,80,136,151,152,158,192,193,195,196,209,210,214,215,218,219,221,222,223,234,235,240,241,274,277,280,286,289,292,301,304,307,313,316,319,330,331,332,336,339,344,349,350,356,357,361,363,370,372,378,382,386,389,391,398
OX28,53,70,72,76,80,110,124,125,130,135,136,150,152,157,158,194,195,197,207,209,211,216,220,221,223,234,236,242,271,280,292,295,298,307,319,322,326,335,339,341,344,348,354,356,365,372,378,380,386,387,395,404
OX29,55,65,70,72,76,109,110,125,130,135,150,151,157,192,194,195,196,197,207,208,210,211,212,214,216,217,218,220,222,224,234,235,236,240,242,271,277,280,289,292,295,298,304,307,316,319,322,326,330,331,332,335,336,339,341,345,348,349,354,356,357,361,363,365,366,370,372,380,382,387,391,395,398,404
OX30,65,66,70,109,110,125,130,135,137,150,158,193,194,195,197,209,210,212,215,216,219,220,221,223,224,234,236,241,242,271,274,292,295,298,301,319,322,326,339,341,344,345,348,350,354,356,365,366,372,380,386,387,389,395
OX31,72,76,80,192,196,209,214,221,222,235,240,277,289,304,316,330,331,332,336,344,357,363,370,386,391,398
OX32,109,110,125,130,135,137,150,158,194,195,197,209,210,212,216,220,221,223,224,234,236,242,271,280,292,295,298,307,319,322,326,339,341,344,345,348,354,365,366,372,380,386,387,395
OX33,110,124,130,131,135,152,156,158,192,194,195,207,209,210,216,217,221,222,223,234,240,242,271,277,283,292,298,304,310,319,326,331,332,339,341,344,370,372,378,380,386,391,395,398
OX34,131,132,148,152,195,201,285,292,293,313,314,318,336,339,369,372,378,384
OX35,68,77,118,119,132,133,134,138,144,145,146,148,159,160,161,192,193,195,197,202,203,204,206,207,216,218,222,223,224,225,227,228,231,232,275,278,281,284,285,287,293,294,302,305,306,308,311,314,318,320,327,328,329,334,336,342,343,345,346,347,351,352,355,357,360,361,364,368,369,377,380,384,385,389,390,393,394,402
OX36,70,76,77,80,118,119,133,134,136,138,144,145,146,148,152,157,159,160,161,192,193,202,203,204,206,210,211,216,217,218,222,223,224,225,227,231,232,236,275,278,280,281,284,285,287,292,293,294,302,305,306,308,311,313,314,318,320,322,327,328,329,334,335,336,339,342,343,345,346,347,351,352,355,356,357,360,361,364,368,369,372,377,378,380,384,385,389,390,393,394,402,404
OX37,118,119,121,132,133,134,137,138,144,145,146,159,160,161,192,193,195,201,202,204,206,209,216,218,222,223,225,227,230,231,232,236,275,278,279,280,281,284,287,293,296,302,305,311,314,320,321,322,327,328,329,334,336,343,346,347,352,355,360,361,364,368,369,377,380,384,385,389,394,402
OX38,69,78,119,121,122,128,132,134,139,143,144,147,148,149,153,159,160,193,195,202,203,205,209,211,214,218,221,222,226,228,229,230,231,232,236,237,238,239,241,242,270,272,273,278,288,290,293,294,297,299,300,305,309,312,317,318,320,321,329,332,334,336,338,343,344,350,354,357,359,361,362,363,364,366,369,372,375,377,381,382,383,385,386,388,389,390,393,399,402,403
OX39,66,77,78,80,122,124,128,130,132,135,137,143,147,148,149,151,153,156,157,158,159,192,193,194,202,206,207,215,216,218,219,221,222,223,224,228,229,230,231,232,234,236,237,238,270,271,273,274,277,279,280,288,293,296,297,298,300,301,304,306,307,308,309,310,312,313,314,316,318,319,326,328,331,332,334,335,336,337,341,342,343,344,345,349,351,354,357,361,362,366,369,370,372,375,380,381,383,384,386,388,389,390,395,397,398,399,402,404
OX40,121,122,124,128,130,132,135,143,147,148,149,153,154,156,158,159,192,194,201,202,203,206,209,211,216,217,221,222,228,229,231,232,234,235,236,237,238,241,270,271,273,277,288,290,293,294,297,298,300,304,309,310,311,312,313,314,316,318,319,321,326,327,328,331,332,334,336,337,341,343,344,350,354,360,362,366,369,370,372,375,380,381,382,383,384,386,388,393,395,397,398,399
OX41,130,134,147,151,193,197,204,207,211,215,218,219,223,236,237,241,274,275,294,300,322,323,327,335,346,348,349,350,352,354,361,375,382,389,394,404
OX42,67,75,78,79,119,127,132,140,143,144,147,154,155,159,192,195,201,203,205,206,209,212,213,214,215,218,221,222,225,227,228,229,230,233,234,238,239,240,242,270,272,276,278,282,285,290,291,293,294,297,299,300,305,317,320,326,328,332,335,336,337,338,341,344,353,354,357,359,361,363,364,366,368,369,372,375,377,381,383,385,386,390,391,393,397,399,402,403
OX43,75,76,78,79,124,135,144,147,154,156,158,192,194,195,196,201,204,205,209,216,221,222,230,234,239,240,242,271,272,275,277,289,290,294,298,299,300,310,311,313,314,316,319,320,323,326,327,330,331,332,336,337,338,341,344,346,352,359,360,380,384,385,386,390,391,394,395,402
OX44,119,124,126,127,132,134,135,136,140,143,147,151,155,156,158,159,193,194,196,197,203,207,211,212,213,214,216,218,219,223,225,227,228,229,233,236,238,241,270,271,274,275,276,277,282,285,289,291,293,294,297,298,300,305,310,311,313,314,316,319,322,323,330,331,346,348,349,350,352,353,357,360,361,363,364,366,368,369,372,377,380,381,382,383,384,389,393,394,395,397,399,404
OX45,71,76,77,79,122,127,128,134,136,137,140,145,149,151,153,154,155,160,193,203,207,209,210,212,213,215,218,223,224,225,226,230,231,233,234,240,241,273,274,276,278,279,280,282,284,288,290,294,296,297,306,308,309,311,312,326,327,329,335,337,341,342,343,345,349,350,351,353,357,360,361,362,368,382,389,390,391,393,397,402
OX46,76,77,79,80,122,124,125,126,127,128,132,136,140,145,147,148,149,150,153,154,155,156,160,161,192,195,201,203,204,207,209,213,217,219,220,222,225,226,230,231,233,234,237,238,273,276,277,278,279,282,283,284,285,288,290,291,293,295,296,298,300,304,306,307,308,309,310,311,312,313,314,318,326,329,331,332,336,337,339,341,342,343,351,353,357,360,362,365,366,368,369,370,372,375,384,387,390,393,397,398,402,404
OX47,122,124,125,126,128,132,137,142,147,148,150,154,156,161,192,195,197,201,202,204,207,209,210,211,212,215,220,222,224,227,230,231,236,238,270,272,273,277,279,280,283,291,293,295,298,300,304,306,307,310,312,313,314,318,320,322,331,332,335,336,339,342,343,345,348,350,354,357,362,365,366,369,372,377,384,385,387,390,397,398
OX48,129,133,149,150,192,202,206,207,211,215,227,228,232,236,237,241,276,283,284,304,305,309,328,329,332,334,335,350,354,365,375,377,381,382,388,398,402,404
OX49,125,126,127,132,133,134,135,136,139,140,144,145,148,150,151,153,155,158,160,161,193,194,196,197,201,202,203,205,206,207,209,215,216,218,220,221,223,225,226,228,230,232,233,235,237,238,239,242,270,271,274,275,278,282,283,284,285,288,289,291,293,295,296,299,304,307,308,316,318,319,322,323,328,329,330,334,338,339,344,346,348,349,351,352,353,359,361,365,366,368,369,372,375,377,380,381,386,387,388,389,390,393,394,395,398,402
OX50,124,127,135,136,137,138,139,140,142,143,144,145,146,147,149,150,151,155,156,160,194,196,197,202,204,205,209,210,211,215,216,219,220,221,222,226,227,229,230,233,234,235,236,237,239,240,270,271,272,274,275,277,278,280,281,282,283,284,289,290,297,298,299,300,302,304,306,308,309,310,311,314,316,320,326,329,330,331,336,337,338,339,341,342,344,346,347,348,349,350,351,352,353,354,355,357,359,360,365,375,380,383,384,385,386,388,391,394,398,399,402,404
OX51,126,127,128,132,133,134,135,136,137,138,139,140,144,145,146,147,148,149,153,154,155,159,160,161,193,194,195,196,211,212,213,214,216,217,218,221,223,227,230,233,234,235,241,242,270,271,272,273,275,276,278,279,280,281,282,284,285,287,288,289,290,291,293,294,296,300,302,304,309,311,313,318,320,322,326,327,329,330,332,335,337,341,344,346,347,350,352,353,355,357,360,361,362,363,369,370,380,382,384,385,386,388,389,394,398,402
OX52,135,137,140,141,145,147,148,150,154,158,160,161,194,195,197,202,204,211,212,215,216,218,219,220,221,224,226,227,232,234,235,237,238,239,241,242,271,275,276,279,280,283,284,285,287,299,300,304,315,317,318,319,322,323,325,326,327,329,334,335,338,339,341,344,345,346,348,350,352,354,359,361,365,366,367,372,375,377,380,382,386,388,394,395,398,400,403,404
OX53,136,137,139,143,144,147,149,152,153,157,159,160,192,193,196,202,205,206,210,215,217,224,226,227,228,229,230,232,236,237,238,239,241,242,280,284,285,288,289,292,293,294,296,297,299,300,301,304,305,308,309,313,328,329,330,334,335,338,339,345,351,354,359,366,369,375,378,381,382,383,388,389,390,398,399,402
OX54,138,139,140,141,142,143,144,145,146,150,151,152,153,154,155,156,157,158,192,193,195,197,201,203,205,206,211,212,213,214,217,219,220,221,224,225,228,229,230,232,234,235,241,242,270,274,278,279,283,287,288,292,296,297,301,305,306,310,314,315,319,323,325,326,327,328,334,341,342,344,345,348,349,350,353,355,363,365,367,368,372,377,378,381,382,383,384,386,389,393,399,400,402,404
OX55,127,132,137,139,141,144,148,149,151,153,154,156,157,192,193,195,202,203,205,206,207,212,213,214,215,217,218,221,223,224,225,228,230,232,233,234,235,236,237,270,274,279,280,281,282,284,285,287,288,290,294,296,301,302,304,305,307,308,309,310,311,314,315,318,325,326,327,328,329,332,334,341,344,345,347,349,351,354,357,360,361,363,367,368,375,377,381,384,386,388,389,390,393,395,398,400
OX56,128,133,134,137,139,142,143,144,147,148,149,150,151,152,154,155,156,157,158,160,161,194,195,197,204,210,212,213,215,216,217,219,220,221,223,224,230,232,234,235,237,238,242,270,273,274,275,276,278,279,280,281,283,284,285,287,290,292,297,300,301,302,305,306,309,310,311,313,314,317,318,319,322,323,326,329,334,335,341,342,344,345,346,347,348,349,352,353,354,357,360,362,365,366,375,377,378,380,383,386,388,390,394,402,403,404
OX57,137,139,140,141,143,145,147,148,150,154,158,160,161,194,195,197,202,204,211,212,215,216,218,219,220,221,224,226,227,232,234,235,237,238,239,241,242,275,276,279,280,283,284,287,297,299,300,304,314,315,317,318,319,322,323,325,326,327,329,334,338,339,341,344,345,346,348,350,352,354,359,361,365,366,367,372,375,380,382,383,386,388,394,395,398,400,403,404
OX58,132,134,144,148,151,192,193,195,197,201,205,210,211,214,215,217,218,219,223,226,230,236,237,239,241,272,273,274,285,299,304,310,318,320,322,327,335,337,338,348,349,350,354,357,359,361,363,370,375,382,384,385,389,390,398,404
OX59,155,156,160,273,281,302,307,347,353,395
OX60,134,140,143,144,145,146,148,149,150,151,153,156,157,158,160,161,192,194,195,201,204,205,206,207,210,212,214,215,216,217,218,226,227,228,230,233,234,237,239,242,270,274,275,283,288,290,296,297,299,301,305,307,309,310,311,313,317,318,319,322,323,326,327,328,332,335,338,341,346,349,352,354,355,357,359,360,361,363,365,375,377,380,381,383,384,388,390,394,395,403
OX61,133,150,192,213,276,283,304,332,365,398
OX62,141,142,143,146,148,149,150,152,153,156,158,161,192,194,195,201,204,205,212,214,216,223,227,232,233,234,236,242,275,276,278,283,285,288,292,296,297,304,306,309,310,315,317,318,319,322,323,325,326,332,334,335,339,341,342,346,352,355,363,365,367,372,377,378,380,383,384,394,395,398,400,403
OX63,145,149,150,278,283,304,309,332,365,398
OX64,139,140,142,143,146,149,150,151,152,156,157,159,160,193,197,206,211,217,219,220,221,228,229,230,232,233,235,241,242,270,273,274,279,283,290,292,294,297,301,305,306,307,308,309,311,314,316,328,334,342,344,348,349,350,351,355,357,360,365,372,377,378,381,382,383,386,389,390,399,404
OX65,144,148,152,153,154,157,158,159,161,193,194,195,202,204,206,212,215,216,218,220,227,228,229,234,237,270,272,275,278,284,287,288,290,292,296,301,305,307,308,311,313,316,317,318,319,320,323,326,327,328,329,337,341,346,351,352,354,360,361,370,372,375,377,378,380,381,385,389,394,395,399,403
OX66,146,147,151,154,158,159,192,195,201,203,205,212,213,214,217,220,225,226,230,234,238,239,272,273,274,276,281,287,290,294,299,300,302,304,308,310,311,313,316,319,320,322,326,327,337,338,339,341,347,349,351,355,357,359,360,363,366,368,370,372,384,385,388,390,393,395,398,402
OX67,140,143,147,151,152,154,156,159,160,192,195,197,201,202,203,205,211,212,213,214,215,217,218,219,223,225,226,229,230,233,234,236,237,238,239,241,242,272,274,276,281,282,284,287,292,294,297,299,300,302,304,310,313,316,319,320,322,326,327,329,337,338,339,341,347,348,349,350,354,357,359,361,363,366,368,370,375,378,382,383,384,385,390,393,395,398,399,404
OX68,154,158,159,282,290,311,316,327,360,402
OX69,153,157,161,193,194,195,202,204,206,212,215,216,218,220,227,228,229,234,237,270,272,275,278,282,284,288,296,301,305,307,308,317,319,320,323,326,328,329,337,339,341,346,351,352,354,361,370,375,377,380,381,385,389,394,395,399,402,403
OX70,194,203,204,213,216,225,229,238,275,276,281,288,298,302,313,323,346,347,352,366,368,372,380,393,394,399
OX71,192,196,205,210,217,221,230,235,272,279,293,294,304,314,316,320,330,332,337,344,369,370,385,386,390,398
OX72,197,202,211,215,219,227,236,237,270,284,285,290,305,307,311,322,329,335,348,350,354,360,375,377,402,404
OX73,193,202,206,215,218,227,228,237,270,278,284,291,301,305,307,317,328,329,354,361,375,377,381,389,402,403
OX74,195,203,212,213,220,225,234,238,276,281,282,296,302,308,313,319,326,339,341,347,351,366,368,372,393,395
OX75,196,201,210,214,221,226,235,239,273,279,287,293,299,310,314,316,330,332,338,344,357,359,363,369,384,386
OX76,212,213,229,233,276,282,325,326,366,399
OX77,149,158,202,206,207,211,215,219,227,228,229,232,236,237,241,282,284,288,305,309,327,328,329,334,335,350,354,366,375,377,381,382,388,399,402,404
OX78,143,147,151,152,156,160,202,206,207,211,213,215,219,220,223,228,232,233,236,237,242,270,273,274,276,278,284,285,288,292,296,297,300,305,307,308,317,325,327,328,329,334,349,350,351,354,366,372,375,378,381,383,388,402,403,404
OX79,206,207,211,215,218,219,227,228,232,236,237,241,278,290,311,317,328,334,335,350,354,360,361,375,377,381,382,388,403,404
OX80,150,159,205,210,217,221,229,230,235,272,279,283,288,293,294,314,316,320,337,344,365,366,369,370,385,386,390,399
OX81,142,148,157,160,201,209,222,230,232,236,241,270,273,279,291,293,294,306,307,314,318,334,336,342,357,369,370,382,384,388,390,391
OX82,201,205,209,210,221,222,226,230,272,273,287,294,299,320,336,337,338,344,359,384,385,386,390,391
OX83,77,80,151,160,202,207,209,215,217,218,222,223,228,230,241,273,274,279,284,285,290,291,293,294,305,306,307,311,314,327,329,336,342,349,357,360,361,369,370,375,381,382,384,390,391,402
OX84,78,79,80,148,151,157,160,202,205,210,218,221,223,226,230,232,241,270,272,274,279,284,290,291,293,294,304,305,307,311,314,318,320,327,329,332,334,337,344,349,360,361,369,370,382,385,386,390,398,402
OX85,211,215,228,232,270,285,334,335,375,381
OX86,151,160,202,205,207,209,210,215,218,222,223,228,230,241,272,273,274,279,284,285,290,291,293,294,305,307,311,314,320,327,329,336,337,349,360,361,369,375,381,382,385,390,391,402
OX87,148,157,205,207,209,210,214,215,221,226,228,230,231,232,235,239,240,270,272,285,287,293,299,314,318,320,332,334,337,338,343,344,357,359,363,369,370,375,381,385,386,390,391,397
OX88,205,209,210,214,217,221,226,230,231,235,239,240,272,293,314,320,332,337,343,344,357,359,363,369,370,385,386,390,391,397
OX89,147,156,213,214,217,220,221,222,226,231,233,235,239,240,276,279,288,294,296,300,308,325,332,336,343,344,351,357,359,363,366,370,386,397
OX90,152,161,204,207,208,213,215,224,228,229,232,238,270,275,282,285,288,291,292,296,298,308,323,334,345,346,351,366,375,378,381,394,399,400
OX91,203,204,208,213,220,224,225,233,275,281,282,288,302,323,325,345,346,347,366,368,393,394,395,400
OX92,209,230,231,235,239,240,273,279,332,343,363,390,391,397
OX93,210,214,217,221,222,226,235,239,240,273,279,332,336,344,357,359,363,370,386,397
OX94,217,221,222,226,230,231,235,239,240,332,336,343,359,363,370,386,390,397
OX95,204,208,224,229,233,275,276,282,296,308,323,325,345,346,351,394,399,400
OX96,208,229,233,234,238,242,276,282,325,341,372,379,399,400
OX97,216,220,224,225,229,233,234,238,242,325,341,345,352,368,372,379,395,399
OX98,202,207,215,219,227,232,236,237,241,284,285,290,291,305,311,329,334,350,354,360,375,377,382,388,402,404
OX99,218,219,223,227,228,232,236,237,241,327,334,350,354,361,377,381,388,404
OX100,207,228,232,236,237,241,270,285,334,350,354,381,382,388
OX101,213,233,276,288,325,366
OX102,234,238,242,341,372,379
OX103,225,229,233,325,368,399
OX104,215,232,270,291,334,375
OX105,236,237,241,350,354,388
OX106,227,228,232,334,377,381
OX107,214,231,273,294,343,357
OX108,235,239,240,332,363,397
OX109,226,230,231,343,359,390
Z0,0,138,230,246,390
Z1,1,135,221,314,336
Z2,2,141,239,289,363
Z3,3,147,162,300,392
Z4,4,144,180,287,338
Z5,5,150,171,262,365
Z6,6,156,214,273,391
Z7,7,153,205,260,337
Z8,8,159,196,316,364
Z9,9,100,203,248,393
Z10,10,106,194,313,339
Z11,11,103,212,288,366
Z12,12,82,216,302,395
Z13,13,88,234,286,341
Z14,14,85,225,261,368
Z15,15,91,187,275,394
Z16,16,97,178,259,340
Z17,17,94,169,315,367
Z18,18,125,176,247,387
Z19,19,122,167,312,333
Z20,20,119,185,290,360
Z21,21,134,189,301,389
Z22,22,131,207,285,335
Z23,23,128,198,263,362
Z24,24,116,241,274,388
Z25,25,113,232,258,334
Z26,26,110,223,317,361
Z27,27,139,227,264,377
Z28,28,136,218,305,404
Z29,29,142,236,280,350
Z30,30,148,168,318,376
Z31,31,145,186,278,403
Z32,32,151,177,253,349
Z33,33,157,211,291,375
Z34,34,154,202,251,402
Z35,35,160,193,307,348
Z36,36,101,200,266,371
Z37,37,107,191,304,398
Z38,38,104,209,279,344
Z39,39,83,222,320,370
Z40,40,89,240,277,397
Z41,41,86,231,252,343
Z42,42,92,184,293,369
Z43,43,98,175,250,396
Z44,44,95,166,306,342
Z45,45,123,173,265,374
Z46,46,120,164,303,401
Z47,47,117,182,281,347
Z48,48,132,195,319,373
Z49,49,129,213,276,400
Z50,50,126,204,254,346
Z51,51,114,238,292,372
Z52,52,111,229,249,399
Z53,53,108,220,308,345
Z54,54,140,233,255,325
Z55,55,137,224,323,352
Z56,56,143,242,271,379
Z57,57,149,165,309,324
Z58,58,146,183,296,351
Z59,59,152,174,244,378
Z60,60,158,208,282,326
Z61,61,155,199,269,353
Z62,62,161,190,298,380
Z63,63,99,206,257,328
Z64,64,105,197,322,355
Z65,65,102,215,270,382
Z66,66,81,219,311,327
Z67,67,87,237,295,354
Z68,68,84,228,243,381
Z69,69,90,181,284,329
Z70,70,96,172,268,356
Z71,71,93,163,297,383
Z72,72,124,179,256,331
Z73,73,121,170,321,358
Z74,74,118,188,272,385
Z75,75,133,192,310,330
Z76,76,130,210,294,357
Z77,77,127,201,245,384
Z78,78,115,235,283,332
Z79,79,112,226,267,359
Z80,80,109,217,299,386
Z81,6,81,171,277,331
Z82,33,82,177,295,387
Z83,60,83,174,286,374
Z84,8,84,180,320,385
Z85,35,85,186,311,360
Z86,62,86,183,302,347
Z87,7,87,162,252,358
Z88,34,88,168,243,333
Z89,61,89,165,261,401
Z90,0,90,196,250,330
Z91,27,91,193,268,389
Z92,54,92,190,259,373
Z93,2,93,205,293,384
Z94,29,94,202,284,362
Z95,56,95,199,275,346
Z96,1,96,214,306,357
Z97,28,97,211,297,335
Z98,55,98,208,315,400
Z99,63,114,163,258,376
Z100,9,115,169,249,324
Z101,36,116,166,267,392
Z102,65,108,172,274,349
Z103,11,109,178,292,378
Z104,38,110,175,283,365
Z105,64,111,181,317,403
Z106,10,112,187,308,351
Z107,37,113,184,299,338
Z108,53,150,213,309,366
Z109,80,151,210,300,344
Z110,26,152,207,318,382
Z111,52,144,195,244,339
Z112,79,145,192,262,398
Z113,25,146,189,253,355
Z114,51,147,204,296,393
Z115,78,148,201,287,371
Z116,24,149,198,278,328
Z117,68,117,197,247,348
Z118,14,118,194,265,380
Z119,41,119,191,256,364
Z120,67,120,206,290,402
Z121,13,121,203,281,353
Z122,40,122,200,272,337
Z123,66,123,215,312,375
Z124,12,124,212,303,326
Z125,39,125,209,321,391
Z126,50,141,164,255,367
Z127,77,142,170,246,342
Z128,23,143,167,264,383
Z129,49,135,173,271,340
Z130,76,136,179,289,396
Z131,22,137,176,280,356
Z132,48,138,182,323,394
Z133,75,139,188,314,369
Z134,21,140,185,305,329
Z135,3,99,239,304,332
Z136,71,126,237,301,350
Z137,57,101,242,313,372
Z138,44,128,240,310,363
Z139,30,100,236,322,388
Z140,17,127,234,319,379
Z141,5,102,221,266,386
Z142,70,129,219,263,404
Z143,59,104,224,248,345
Z144,43,131,222,245,336
Z145,32,103,218,257,361
Z146,16,130,216,254,352
Z147,4,105,230,279,359
Z148,69,132,228,285,377
Z149,58,107,233,288,399
Z150,42,134,231,294,390
Z151,31,106,227,270,334
Z152,15,133,225,276,325
Z153,47,159,229,282,368
Z154,73,154,235,316,397
Z155,46,153,238,298,341
Z156,72,157,217,260,370
Z157,74,160,226,273,343
Z158,45,156,220,269,395
Z159,18,158,223,251,327
Z160,20,161,232,291,381
OZ0,176,179,209,211,212,214,217,220,247,256,260,269,273,291,303,321,326,331,370,375,387,395
OZ1,167,170,200,202,203,205,235,238,251,260,272,281,298,312,316,321,333,341,353,358,397,402
OZ2,185,188,191,193,194,196,226,229,256,265,272,273,282,290,307,316,343,348,360,368,380,385
OZ3,182,188,189,192,225,227,230,231,246,264,276,294,301,310,314,323,326,328,329,330,331,332,334,335,337,338,340,341,343,344,346,347,349,350,351,352,354,355,357,358,360,361,363,364,366,367,370,372,373,375,376,377,378,380,381,383,384,386,387,390,392,393,394,395,396,398,399,401,402,404
OZ4,173,179,207,210,216,218,221,222,245,254,271,285,289,294,305,314,335,340,352,357,396,404
OZ5,164,170,198,201,234,236,239,240,245,246,255,263,280,289,310,319,342,350,362,367,379,384
OZ6,199,200,201,202,204,206,234,235,237,239,241,242,245,246,248,251,254,257,258,260,264,267,271,272,274,275,280,281,292,293,297,298,301,304,306,312,316,319,321,322,328,332,333,341,353,358,372,376,392,393,397,402
OZ7,190,191,192,193,195,197,225,226,228,230,232,233,249,250,255,256,258,259,264,265,270,272,273,276,279,282,284,285,290,293,299,305,307,310,313,314,316,317,319,322,338,339,343,348,355,359,360,368,380,385,399,403
OZ8,208,209,210,211,213,215,216,217,219,221,223,224,247,250,254,256,257,260,263,266,268,269,270,273,274,276,280,283,288,289,291,294,303,305,306,308,315,317,321,323,326,331,345,349,365,366,370,375,382,386,387,395
OZ9,191,192,193,194,196,225,226,227,229,233,255,256,264,265,272,273,276,282,290,305,307,310,314,316,329,330,343,348,360,368,369,377,380,385
OZ10,209,210,211,212,214,216,217,218,220,224,247,254,256,260,269,273,280,289,291,294,303,305,321,323,326,331,356,357,370,375,387,395,396,404
OZ11,200,201,202,203,205,234,235,236,238,242,245,246,251,260,264,271,272,280,281,298,312,316,319,321,333,341,342,350,353,358,383,384,397,402
OZ12,170,198,202,203,204,206,235,237,239,240,251,254,257,258,260,263,264,266,271,272,281,292,293,297,298,301,304,310,312,313,316,321,328,332,333,341,346,350,353,358,362,363,371,376,379,384,397,402
OZ13,188,189,193,194,195,197,226,228,230,231,249,250,255,256,265,272,273,279,282,284,285,288,290,294,301,304,305,307,316,317,319,322,326,328,329,330,331,332,334,335,337,338,340,341,344,346,347,348,349,350,351,352,354,357,358,359,361,363,364,366,367,368,369,370,372,375,376,377,378,381,383,384,385,386,387,392,393,395,396,399,401,402,403,404
OZ14,179,207,211,212,213,215,217,219,221,222,245,247,248,256,260,263,266,268,269,270,273,274,276,279,280,285,291,303,306,308,321,323,326,331,335,336,344,349,352,357,370,375,382,386,387,395,400,404
OZ15,207,212,214,218,220,222,245,247,248,250,251,257,269,273,279,280,282,283,285,288,315,317,321,323,326,327,335,336,344,345,352,356,365,366,387,395,396,400
OZ16,198,203,205,236,238,240,248,260,263,264,266,267,269,271,272,274,275,298,306,307,310,312,313,322,333,341,342,346,353,354,362,363,371,372,379,383,392,393
OZ17,189,194,196,227,229,231,255,256,258,259,270,282,288,290,291,293,294,298,299,301,304,305,313,316,326,328,331,332,334,335,337,339,340,341,343,344,346,347,349,350,351,352,354,355,357,358,361,363,364,366,367,368,370,372,375,376,378,383,384,386,387,392,393,395,396,401,402,404
OZ18,201,202,205,206,234,235,238,239,245,246,248,251,257,260,264,266,271,272,280,281,298,304,312,313,316,319,321,322,328,332,333,341,342,350,353,358,371,372,383,384,388,393,397,402
OZ19,192,193,196,197,225,226,229,230,255,256,264,265,270,272,273,276,279,282,288,290,304,305,307,310,313,314,316,322,329,330,334,339,343,348,355,359,360,368,369,377,380,385,398,399
OZ20,210,211,214,215,216,217,220,221,247,248,254,256,257,260,266,269,270,273,279,280,288,289,291,294,303,305,321,323,326,331,344,345,356,357,361,366,370,375,382,386,387,395,396,404
OZ21,250,251,265,266,270,271,282,283,312,314,315,317,326,327,336,340,361,365,374,375,382,386,396,400
OZ22,255,257,267,269,274,275,289,290,303,304,306,307,328,332,342,346,353,354,363,367,388,392,401,402
OZ23,246,247,258,259,279,281,291,293,298,299,322,323,334,338,347,348,355,359,369,373,380,381,390,394
OZ24,249,251,256,257,258,259,265,266,267,269,270,271,274,275,283,284,288,289,291,293,298,299,303,305,306,307,312,314,315,316,327,329,330,331,335,336,337,341,342,343,344,347,349,350,351,352,353,355,357,358,364,365,366,368,370,372,374,376,378,382,383,384,387,388,389,390,393,395,399,400,403,404
OZ25,247,248,265,266,268,269,270,271,273,274,279,280,306,308,312,314,321,323,336,340,344,349,352,357,374,375,382,386,387,395
OZ26,258,260,264,266,267,269,271,272,274,275,292,293,297,298,306,307,312,313,333,341,342,346,353,354,371,376,379,384,388,392
OZ27,211,212,213,215,217,218,219,221,257,260,263,265,268,269,271,273,274,276,288,291,306,308,312,314,336,340,345,349,356,357,361,366,370,374,391,395,400,404
OZ28,202,203,204,206,235,236,237,239,248,251,254,257,264,266,271,272,301,304,312,313,316,322,328,332,333,337,346,350,371,372,379,383,388,393,397,402
OZ29,193,194,195,197,226,227,228,230,256,257,267,269,270,273,274,275,279,285,288,289,303,305,306,313,319,322,326,331,335,337,338,339,340,341,342,344,347,348,349,350,351,352,353,357,358,359,361,366,369,370,372,375,376,377,378,380,381,383,384,386,387,388,389,390,393,395,396,404
OZ30,256,257,259,260,265,266,270,271,288,289,291,292,297,299,303,305,312,314,326,331,333,334,335,337,339,340,343,344,346,347,349,350,351,352,354,355,357,358,361,366,369,370,371,372,375,377,378,379,380,383,385,386,387,389,390,392,393,395,396,404
OZ31,259,260,265,266,268,269,270,271,273,274,291,292,297,299,306,308,312,314,333,334,335,337,339,340,343,344,345,346,347,350,351,352,354,355,356,358,369,370,371,372,375,377,378,379,380,383,385,386,387,389,390,391,392,393
OZ32,333,335,336,338,339,341,342,343,345,346,348,349,351,353,354,356,357,359,370,371,373,374,376,377,378,379,381,382,384,385,388,389,391,392,394,395
OZ33,334,335,337,338,340,341,342,344,345,347,348,350,352,353,355,356,358,359,369,370,372,373,375,376,378,380,381,383,384,386,387,388,390,391,393,394
OZ34,212,213,218,219,257,260,263,265,266,269,270,271,273,276,288,291,297,299,306,308,312,314,335,336,340,345,357,361,366,370,374,382,391,395,400,404
OZ35,213,214,215,219,220,221,251,260,263,266,269,270,273,276,282,291,297,299,315,317,326,327,335,361,370,375,382,391,395,404
OZ36,194,195,227,228,270,275,284,285,308,313,317,319,329,335,337,338,339,340,341,342,344,345,347,348,350,351,352,353,355,356,358,359,369,370,372,375,376,377,378,380,381,383,384,386,387,388,390,391,393,403
OZ37,195,196,197,228,229,230,264,265,270,272,275,279,282,285,293,299,308,313,314,316,319,322,335,337,339,340,341,342,344,345,347,348,350,351,352,353,356,358,364,368,369,370,372,375,376,378,381,383,384,385,386,387,388,390,391,393
OZ38,203,204,236,237,248,251,254,260,267,269,274,275,283,284,292,293,298,301,306,307,316,322,332,337,341,342,350,353,354,362,372,384,392,393,397,402
OZ39,204,205,206,237,238,239,251,254,257,260,269,274,275,283,284,298,301,304,307,316,328,337,341,350,353,354,362,388,397,402
OZ40,248,264,265,266,267,269,271,272,274,279,280,293,299,306,307,308,312,321,322,323,335,336,337,341,342,343,345,347,348,349,350,353,356,357,358,369,370,372,373,374,376,377,378,380,381,382,383,384,385,388,389,390,391,393,394,395
OZ41,257,264,268,269,270,272,273,274,284,288,289,293,299,303,304,305,306,308,314,317,326,329,331,335,337,340,341,342,344,347,348,349,350,352,353,355,357,358,359,361,364,366,369,370,372,373,375,376,377,378,380,381,383,384,385,386,387,388,390,393,394,395,396,398,403,404
OZ42,251,264,265,267,268,269,270,272,273,274,275,279,280,281,283,288,289,290,303,304,305,313,314,316,317,321,322,323,326,328,329,331,332,335,337,338,339,340,341,342,344,348,349,351,352,353,355,357,361,362,364,366,370,372,373,375,376,377,378,381,383,384,385,386,387,392,393,394,395,396,397,398,403,404
OZ43,260,264,265,269,271,274,279,280,281,292,298,299,307,308,312,321,322,323,335,336,337,343,345,347,348,349,350,356,357,358,369,370,371,373,374,376,377,378,380,381,382,383,385,388,389,390,391,392,394,395
OZ44,265,266,267,269,270,272,274,275,282,283,289,290,291,292,297,298,304,305,306,307,312,313,315,316,326,327,328,329,331,332,335,338,339,341,342,343,344,347,349,350,351,352,353,355,357,358,362,364,369,370,371,372,380,382,384,386,387,388,389,390,393,395,396,397,398,400,403,404
OZ45,264,266,267,268,271,272,274,275,280,281,282,283,289,290,304,305,306,308,312,313,315,316,322,323,326,327,328,329,331,332,335,336,337,338,339,341,342,345,348,349,351,352,353,355,362,364,370,372,373,374,376,377,378,381,382,383,384,385,387,392,393,394,396,397,398,400,403,404
OZ46,266,267,271,273,274,275,279,284,288,289,290,291,292,295,297,298,301,303,304,305,307,308,313,314,317,321,326,328,329,331,335,336,337,338,339,340,341,342,343,345,347,349,351,352,353,354,355,358,361,364,366,369,370,372,374,375,380,384,387,388,389,390,393,396,398,402,403,404
OZ47,270,275,279,280,281,282,283,286,289,290,291,292,293,295,297,298,299,301,304,305,308,312,315,316,319,321,322,323,326,327,328,329,331,332,335,337,342,343,344,346,349,350,352,355,357,359,362,364,370,372,379,382,384,386,387,388,389,392,393,395,396,397,398,400,403,404
OZ48,271,272,273,274,275,277,279,284,288,289,290,291,292,295,297,298,301,303,304,305,306,307,308,310,313,314,317,321,326,328,329,331,335,336,338,339,340,341,343,345,347,349,351,352,353,354,355,358,361,363,364,366,369,370,371,372,374,375,380,384,387,388,389,390,392,393,396,397,398,402,403,404
OZ49,263,268,274,275,279,280,281,282,283,286,289,290,291,292,293,295,297,298,299,301,304,305,308,311,315,316,319,321,322,323,326,328,329,331,332,335,337,342,343,344,346,350,352,355,356,357,359,362,364,370,372,375,379,384,386,387,388,389,392,393,395,396,397,398,400,403
OZ50,254,267,275,277,279,280,281,284,286,289,290,291,292,293,297,298,299,302,304,305,306,308,310,317,319,321,322,323,328,329,331,335,337,343,344,346,349,354,355,357,359,361,363,364,370,372,375,379,384,386,387,388,389,393,396,397,398,402,403,404
OZ51,245,269,273,288,303,306,308,320,326,336,345,357,366,370,391,395
OZ52,273,274,285,287,289,290,304,305,306,307,318,320,328,331,335,338,339,341,345,346,351,353,354,357,361,364,373,374,378,379,382,385,388,391,394,395,396,398,402,404
OZ53,276,278,280,281,291,292,297,298,309,311,322,323,330,331,335,337,338,341,345,348,352,353,355,356,360,363,365,366,369,370,372,375,384,386,387,393,397,398,400,403
OZ54,275,277,279,282,283,284,285,287,288,291,292,294,295,296,297,298,300,301,302,303,308,310,315,316,317,318,320,321,327,332,337,339,343,344,346,350,351,352,354,358,361,362,363,366,369,370,372,373,374,375,378,379,382,384,385,386,390,391,392,393,394,395,400,402
OZ55,267,269,272,274,277,279,285,287,288,289,290,303,304,305,306,307,308,310,314,318,320,321,326,328,331,335,336,337,338,339,341,342,344,346,351,353,354,361,363,364,366,371,373,374,378,379,382,385,386,388,391,392,394,396,397,398,402,404
OZ56,268,269,277,279,282,283,284,285,286,287,288,290,291,292,294,295,296,297,298,300,301,302,303,305,307,308,310,315,316,317,318,319,320,321,327,328,332,337,339,341,343,344,349,350,351,352,353,356,358,362,363,366,369,370,372,373,374,375,378,382,384,385,386,388,390,391,392,393,394,395,400,404
OZ57,272,279,281,286,288,289,293,294,296,299,300,302,303,304,314,319,321,323,326,331,336,337,338,341,343,344,345,346,353,358,364,366,369,371,379,386,390,391,392,395,396,398
OZ58,269,274,280,282,283,284,285,286,287,288,291,292,293,294,296,297,298,299,300,302,303,307,308,315,316,317,318,319,320,322,327,332,337,338,339,341,342,343,344,350,351,352,353,354,359,361,362,366,370,372,373,374,375,378,382,384,385,386,391,392,393,394,395,397,400,402
OZ59,279,280,281,282,283,284,288,289,290,291,292,293,297,298,299,303,304,305,315,316,317,321,322,323,327,328,331,332,335,336,341,342,345,350,352,353,358,359,362,364,366,369,370,371,372,375,384,385,388,390,393,396,397,398,400,404
OZ60,282,283,284,285,286,287,291,292,293,294,295,296,297,298,299,300,301,302,315,316,317,318,319,320,326,327,328,329,332,336,338,339,341,342,345,348,349,350,351,352,353,356,357,358,359,360,362,369,370,371,372,373,374,375,378,382,384,388,389,390,391,393,394,397,400,404
OZ61,277,280,281,285,286,287,288,289,290,293,294,295,296,299,300,301,302,303,304,305,310,318,319,320,322,323,326,329,332,335,336,337,339,344,348,349,351,356,357,360,366,371,373,374,378,382,386,389,394,397
OZ62,331,332,336,337,342,344,358,359,363,364,369,371,385,386,390,391,396,398
OZ63,328,329,336,337,339,340,343,344,346,347,348,349,351,352,354,356,357,358,360,361,369,371,372,374,379,380,385,386,388,389,390,392,393,395,402,404
OZ64,280,285,290,295,301,305,318,322,329,335,336,337,339,341,343,344,345,346,348,349,351,353,356,357,358,360,369,371,373,374,378,379,382,385,386,389,390,392,394,395
OZ65,278,284,290,305,311,317
OZ66,281,286,288,296,302,303,319,323,326,339,340,341,345,347,351,352,353,366,372,374,380,393
OZ67,339,340,346,347,351,352,372,374,379,380,393,395
OZ68,337,338,342,344,358,359,369,370,384,386,390,391
OZ69,327,329,336,338,342,343,349,350,354,355,357,359,361,362,370,371,384,385,387,389,391,392,402,403
OZ70,330,332,336,338,342,344,358,359,364,365,370,371,384,385,390,391,396,397
OZ71,336,338,342,343,357,359,370,371,384,385,391,392
OZ72,340,341,345,347,352,353,372,373,378,380,393,394
OZ73,284,285,291,295,297,301,317,318,329,349,355,375,382,387,389,403
OZ74,283,287,293,294,299,300,316,320,332,343,358,369,385,390,392,397
OZ75,274,285,290,305,307,318,329,335,348,349,356,360,382,389
OZ76,196,197,214,215,220,221,229,230,285,286,289,291,294,296,297,300,302,304,306,308,312,314,315,316,318,319,321,322,326,332,338,345,346,349,352,359,363,364,368,370,371,372,378,379,380,382,384,385,391,393,395,400
OZ77,197,215,221,230,285,287,291,294,297,300,312,314,318,320,321,322,332,349,357,359,363,370,371,382,384,391,396,398
OZ78,289,294,300,304,344,357,365,396
OZ79,291,295,297,301,335,356,375,387
OZ80,288,292,298,303,326,366,374,378
OZ81,292,296,298,302,341,345,346,347,353,373,374,378,379,380,394,395
OZ82,293,294,299,300,332,338,343,358,364,369,390,392,397,398
OZ83,290,295,301,305,329,348,360,389
OZ84,205,206,214,215,220,221,238,239,295,296,298,299,301,302,304,305,306,308,312,314,332,341,342,344,347,349,353,355,356,357,358,359,361,363,364,365,369,370,371,374,375,380,385,387,390,391,395,396,397,398,403,404
OZ85,206,215,221,239,294,295,300,301,304,305,312,314,343,349,355,356,358,361,364,365,369,371,375,386,387,390,392,397,403,404
OZ86,332,342,344,358,359,364,369,370,371,384,385,386,390,391,397,398
OZ87,348,349,350,354,355,356,360,361,362,402,403,404
OZ88,341,346,347,353,373,379,380,394
OZ89,345,346,347,372,373,374,378,379,380,393,394,395
OZ90,338,343,344,357,358,363,364,365,369,371,384,390,392,396,397,398
OZ91,329,349,355,356,361,389,403,404
OZ92,350,355,356,361,362,376,382,388,403,404
OZ93,346,347,352,367,374,380,395,400
OZ94,342,344,359,365,369,384,390,398
OZ95,343,357,358,363,364,369,384,390,396,397
OZ96,335,349,355,361,362,383,403,404
OZ97,326,347,353,374,380,401
OZ98,351,352,353,366,367,368,372,373,374,378,379,380,393,394,395,399,400,401
OZ99,357,358,359,363,364,365,369,370,371,384,385,386,390,391,392,396,397,398
OZ100,354,355,356,360,361,362,375,376,377,381,382,383,387,388,389,402,403,404
OZ101,347,374,380,395
OZ102,344,371,386,392
OZ103,349,355,361,403
OZ104,353,368,374,380,395,401
OZ105,359,365,371,386,392,398
OZ106,356,362,377,383,389,404
OZ107,352,367,373,379,394,400
OZ108,358,364,370,385,391,397
OZ109,355,361,376,382,388,403
