X0,0,45,75,81,92,118
X1,1,15,46,63,83,95
X2,2,6,54,76,100,104
X3,3,50,51,90,105,106
X4,4,30,32,78,97,107
X5,5,51,88,99,100,117
X6,2,11,31,59,90,108
X7,7,13,20,46,73,119
X8,8,36,55,58,78,85
X9,9,37,45,53,84,86
X10,10,12,42,43,48,104
X11,9,11,19,30,69,117
X12,12,25,32,49,67,102
X13,13,28,29,41,48,103
X14,14,23,40,42,72,97
X15,0,15,27,54,113,116
X16,16,26,63,74,76,118
X17,17,66,110,111,114,119
X18,18,21,37,61,62,79
X19,19,58,60,72,87,102
X20,20,26,56,71,93,113
X21,21,33,36,38,94,110
X22,7,22,38,47,64,80
X23,6,23,28,67,70,112
X24,10,24,52,70,73,101
X25,25,40,44,66,80,81
X26,16,34,44,82,84,116
X27,5,27,43,74,108,112
X28,14,17,47,49,75,82
X29,29,57,68,85,101,106
X30,4,35,68,87,94,98
X31,31,39,57,89,96,99
X32,24,41,64,71,83,111
X33,33,65,77,86,91,115
X34,18,34,69,92,109,115
X35,1,39,65,79,93,105
X36,50,56,61,77,89,95
X37,3,52,55,96,98,103
X38,53,59,60,88,107,109
OX0,35,37,41,43,46,47,54,56,57,59,61,62,63,69,70,71,72,73,74,75,78,79,80,81,84,85,87,90,92,93,94,98,100,101,102,103,106,107,108,109,110,111,112,113,114,115,116,118
OX1,36,37,41,44,45,52,56,57,58,59,61,62,64,65,70,72,74,76,82,86,87,88,89,92,95,96,99,101,102,105,107,111,113,115,116,117,118,119
OX2,37,44,47,52,56,58,61,64,68,69,71,73,74,76,78,79,80,82,83,84,85,87,91,92,93,94,95,96,103,109,113,114,115,116,118,119
OX3,43,45,46,47,48,49,52,56,57,58,60,61,62,63,66,67,68,69,70,71,72,73,74,75,77,80,81,88,90,91,92,94,96,98,100,101,103,105,106,108,110,112,118,119
OX4,42,44,45,46,52,54,55,56,59,60,61,63,64,68,69,70,71,72,73,74,75,76,77,80,87,88,92,96,97,102,103,105,107,110,112,114,118,119
OX5,46,48,63,83,95,103
OX6,40,41,44,45,48,55,56,57,60,61,65,69,72,74,75,80,85,86,87,88,90,91,92,94,95,96,97,100,102,104,105,106,107,108,111,112,114,115,118,119
OX7,41,47,52,56,59,60,61,62,65,66,68,70,71,73,74,75,77,79,80,81,83,84,86,87,89,90,91,92,93,94,95,98,99,100,101,106,107,108,109,110,112,117,118,119
OX8,38,44,45,49,54,56,57,58,59,60,64,66,67,69,70,74,76,84,85,86,88,89,92,93,95,97,98,99,101,102,104,110,114,115,116,118
OX9,48,55,56,57,58,59,60,62,63,65,66,74,75,79,81,82,83,85,90,91,92,94,96,97,100,104,105,106,108,109,111,112,114,115,116,117,118,119
OX10,56,57,59,60,63,64,66,68,74,75,77,79,80,81,83,84,86,87,90,91,92,94,96,98,100,105,106,107,108,109,110,111,112,117,118,119
OX11,44,47,52,54,55,57,58,59,62,66,70,71,73,76,81,83,87,90,91,94,97,98,100,103,104,106,107,108,111,114
OX12,49,52,54,59,61,62,63,69,72,75,77,81,82,83,85,87,88,91,92,93,94,95,96,97,98,102,104,105,109,110,113,115,117,118
OX13,45,47,52,57,58,59,60,62,65,67,68,69,70,71,72,73,74,77,80,83,86,88,89,94,96,98,100,101,105,106,111,112,114,115
OX14,47,52,54,55,58,59,61,63,64,65,66,67,68,69,71,73,81,82,84,86,88,91,92,93,94,95,96,97,101,102,103,104,105,107,109,110,112,113,116,117,118,119
OX15,55,57,62,66,74,75,77,79,81,82,85,87,88,92,93,96,99,100,101,103,105,106,108,111,112,115,116,117,118,119
OX16,54,57,59,60,61,63,65,69,72,77,79,83,84,94,95,96,97,101,102,104,105,107,108,114,115,117
OX17,52,60,74,77,79,84,91,93,96,98,99,100,106,107,109,112,115,117
OX18,58,60,66,67,70,72,74,75,80,83,85,86,93,94,99,100,105,106,109,114,117,119
OX19,57,60,61,63,64,65,67,71,74,75,77,79,81,84,88,89,92,95,96,98,100,102,106,107,108,110,111,114,115,117,118,119
OX20,60,61,63,66,67,68,71,72,74,75,77,80,85,87,89,93,94,95,100,101,106,109,110,113,115,117
OX21,62,65,67,68,69,71,75,79,80,81,82,83,85,86,88,89,91,93,94,99,101,102,105,111,112,114,115,116,118,119
OX22,61,63,64,67,69,74,75,79,81,84,86,88,91,93,95,96,98,102,107,108,111,112,113,114,115,118
OX23,59,64,66,68,74,75,77,80,81,86,87,88,92,93,94,98,99,100,106,110,111,112,115,117,118,119
OX24,64,66,67,69,72,74,75,77,79,83,84,85,86,89,92,96,98,100,101,105,106,107,108,112,117,119
OX25,63,66,67,69,70,74,75,76,77,80,81,89,93,94,101,102,109,113,114,115
OX26,69,70,71,75,76,77,79,80,81,83,84,86,89,90,93,94,96,101,105,107,108,109,113,115
OX27,67,75,81,92,102,110,111,114,118,119
OX28,68,71,74,80,83,87,88,94,102,105,109,114
OX29,65,66,70,71,74,75,77,80,81,83,86,87,88,91,92,94,105,109,110,111,112,115,118,119
OX30,66,72,74,75,77,81,86,87,88,93,99,100,106,109,110,111,112,117,118,119
OX31,71,72,74,75,77,81,86,87,88,99,100,102,106,109,113,114,117,118
OX32,70,72,75,76,79,80,81,83,84,85,88,90,91,93,94,96,100,105,106,107,108,109,110,112,113,117
OX33,72,75,76,79,80,81,83,84,85,87,88,90,93,94,96,100,102,105,106,107,108,109,110,113,114,117
OX34,74,75,76,79,80,83,84,85,86,90,92,93,94,96,100,102,105,106,107,108,110,112,113,114,117,118
OX35,81,86,88,91,102,114,115,118
OX36,75,76,77,79,80,83,84,85,86,90,92,94,96,99,105,107,108,109,110,113,115,118
OX37,77,80,83,85,88,91,94,99,102,105,113,114,115,119
OX38,76,79,80,83,84,86,90,94,96,99,100,105,106,107,108,109,110,113,115,117,118,119
OX39,80,83,88,93,94,99,100,102,105,106,114,117
OX40,85,86,88,93,99,102,110,114
OX41,86,88,93,102,110,113,114,119
Z0,0,9,45,54,100,117
Z1,1,15,37,79,84,116
Z2,2,11,30,42,97,104
Z3,3,4,59,90,98,107
Z4,4,38,40,80,94,97
Z5,5,27,39,93,99,113
Z6,6,23,40,76,81,118
Z7,7,10,14,42,47,73
Z8,8,39,55,62,79,96
Z9,0,17,20,75,113,119
Z10,7,21,38,46,61,95
Z11,11,18,31,61,69,89
Z12,12,32,48,55,78,103
Z13,13,15,46,48,54,104
Z14,14,19,69,72,75,92
Z15,13,29,36,85,110,119
Z16,16,44,63,64,80,83
Z17,8,17,49,58,102,114
Z18,18,22,34,47,62,82
Z19,19,57,58,85,99,117
Z20,20,56,57,73,89,101
Z21,9,21,30,36,37,78
Z22,22,24,35,52,64,98
Z23,23,68,70,72,87,101
Z24,24,26,70,71,74,112
Z25,25,28,41,66,67,111
Z26,26,56,77,92,115,118
Z27,5,60,67,88,102,112
Z28,6,28,29,51,100,106
Z29,25,32,44,53,84,107
Z30,10,31,43,52,96,108
Z31,12,27,43,49,82,116
Z32,33,45,66,81,86,110
Z33,16,34,59,74,108,109
Z34,35,60,87,91,109,115
Z35,1,3,41,83,103,105
Z36,33,50,68,77,94,106
Z37,51,53,65,86,88,105
Z38,65,71,91,93,111,114
OZ0,31,37,39,40,44,46,47,49,53,54,55,56,57,58,59,60,64,66,68,69,71,73,74,75,76,77,78,79,81,82,83,85,87,88,90,93,96,97,101,102,105,108,111,113,115,117
OZ1,37,43,47,49,54,57,59,60,61,63,64,66,68,70,71,72,73,76,77,78,81,85,86,87,89,90,91,92,94,95,96,97,98,99,100,102,104,106,110,112,113,114,115,119
OZ2,38,39,40,55,60,62,78,79,80,87,91,94,96,97,109,115
OZ3,44,46,47,52,56,57,60,61,62,63,70,71,73,74,80,82,83,87,89,91,95,98,101,109,112,115
OZ4,42,46,47,52,53,56,57,60,61,62,63,70,71,73,74,76,80,81,82,83,84,87,89,91,95,97,98,101,104,107,109,112,115,118
OZ5,43,47,49,53,55,56,57,58,62,66,68,69,73,74,75,77,79,80,82,86,94,96,100,101,102,104,105,106,109,110,113,114,116,117,118,119
OZ6,40,48,55,76,78,81,97,103,104,118
OZ7,39,46,50,53,54,59,62,63,64,67,71,78,79,80,81,83,85,86,87,94,95,99,100,102,106,107,108,109,110,111,112,113,114,115,118,119
OZ8,48,52,53,55,56,57,63,70,73,74,83,85,86,88,89,91,93,94,98,100,101,103,104,105,106,110,111,112,114,119
OZ9,50,54,55,56,57,58,59,60,61,67,70,72,73,75,76,77,79,82,83,84,86,89,90,91,94,95,97,98,102,105,106,107,109,110,111,113,114,115,118,119
OZ10,41,49,54,55,66,67,68,70,72,76,78,81,82,87,97,101,103,111,116,118
OZ11,52,53,60,62,63,69,71,73,74,78,79,85,86,87,88,89,90,93,94,95,96,106,107,108,110,111,114,115,117,119
OZ12,46,47,49,54,61,63,64,66,67,68,69,70,71,72,74,76,78,79,81,84,85,86,87,88,89,90,91,93,94,96,97,98,101,106,108,109,110,114,116,117,118,119
OZ13,49,56,58,63,64,66,67,68,69,71,74,75,80,83,85,87,89,92,99,111,112,117
OZ14,55,56,57,58,59,60,62,64,69,70,71,72,73,74,75,76,77,79,80,81,82,87,90,91,93,94,96,97,100,106,107,109,110,112,113,116,117,119
OZ15,54,56,58,60,62,70,71,72,75,79,82,83,85,87,90,91,92,95,96,97,98,99,100,101,105,107,108,112,115,116
OZ16,53,57,58,59,60,62,69,71,72,75,79,82,85,86,87,88,90,92,96,97,98,105,107,109,111,113,114,115,116,117
OZ17,47,59,60,61,67,71,77,79,80,81,82,84,86,91,92,93,102,108,111,112,114,115
OZ18,57,58,59,60,67,72,73,74,75,76,78,82,88,90,92,93,94,96,97,98,100,101,102,105,109,110,112,113,116,119
OZ19,56,60,62,69,70,71,78,79,83,85,87,90,91,95,96,98,99,101,105,107,108,112,115,117
OZ20,61,63,69,71,74,76,77,79,84,86,88,89,90,91,92,95,99,100,105,108,109,111,113,114,115,116,117,118
OZ21,58,62,64,69,73,74,76,77,79,80,81,83,85,87,90,91,92,94,95,100,101,105,108,110,117,119
OZ22,60,64,69,72,73,75,76,80,81,82,83,89,92,93,94,95,96,97,98,100,101,105,106,107,110,113,116,117,118,119
OZ23,59,62,64,69,71,72,73,75,76,79,80,81,82,83,84,86,87,88,89,90,92,93,94,95,97,99,100,101,106,107,109,110,111,114,115,117,118,119
OZ24,63,77,92,95,115,118
OZ25,62,64,72,74,75,78,79,80,81,82,83,85,87,89,90,91,92,93,95,96,97,98,106,108,113,115,116,118
OZ26,68,73,77,78,84,85,86,88,89,93,94,99,101,105,106,107,110,113,116,119
OZ27,69,70,73,75,76,78,82,83,84,85,86,89,90,91,94,95,96,98,100,106,107,108,109,110,111,112,114,117,118,119
OZ28,66,67,70,71,72,81,92,93,97,101,102,105,106,107,109,111
OZ29,67,70,71,72,76,77,78,83,84,85,86,88,92,95,97,100,101,102,109,113,116,118
OZ30,64,71,73,77,78,80,81,83,84,85,86,88,91,92,94,95,96,98,99,101,107,110,111,113,114,115,116,119
OZ31,71,72,76,78,85,87,91,92,93,96,97,98,99,100,105,106,111,114,115,118
OZ32,70,72,74,76,78,85,87,96,97,98,99,100,101,112
OZ33,72,74,76,77,83,84,86,87,90,91,93,95,96,97,98,99,100,105,107,108,109,111,113,114,115,116
OZ34,73,74,75,76,77,82,83,84,86,90,91,92,94,95,96,98,99,100,101,106,108,110,111,114,115,119
OZ35,75,76,77,82,84,86,88,89,91,94,96,98,100,109,110,114,115,118
OZ36,77,89,91,94,96,98,110,114
OZ37,76,83,88,89,92,94,95,96,98,100,109,110,111,118
OZ38,78,83,84,85,86,89,93,94,95,96,98,105,106,107,109,110,111,113,115,116
OZ39,74,84,86,88,90,91,92,93,94,96,98,99,105,108,109,110,113,114,116,118
OZ40,83,88,89,91,95,99,109,111,114,115
OZ41,88,91,94,96,98,99,109,110,114,115
