X0,0,1,3,48,54,66
X1,0,19,25,86,92,123
X2,2,4,5,60,72,78
X3,1,7,32,88,100,106
X4,2,8,39,84,103,109
X5,4,16,22,85,91,116
X6,6,8,9,42,61,67
X7,7,10,11,55,73,79
X8,6,12,24,102,114,120
X9,9,21,34,95,101,107
X10,3,15,40,89,113,119
X11,10,28,41,104,110,122
X12,12,13,16,43,49,74
X13,13,31,37,98,111,117
X14,14,15,17,62,68,80
X15,14,27,33,97,115,121
X16,18,19,23,44,50,81
X17,18,30,36,90,96,108
X18,20,21,22,56,69,75
X19,20,26,38,94,112,125
X20,24,26,29,45,57,82
X21,25,27,28,51,63,76
X22,30,32,33,46,58,64
X23,31,34,35,52,70,83
X24,36,40,41,47,71,77
X25,37,38,39,53,59,65
X26,5,29,35,87,99,124
X27,11,17,23,93,105,118
X28,44,46,47,84,85,87
X29,42,43,45,86,88,89
X30,48,50,51,102,103,107
X31,49,52,53,104,105,106
X32,60,61,65,90,92,93
X33,62,63,64,91,94,95
X34,54,55,58,114,116,117
X35,56,57,59,115,118,119
X36,72,74,75,96,97,100
X37,73,76,77,98,99,101
X38,78,82,83,108,110,113
X39,79,80,81,109,111,112
X40,66,68,71,120,124,125
OX0,16,17,22,23,26,27,32,39,45,47,51,52,59,64,68,69,70,71,75,76,77,80,82,83,87,89,91,94,99,101,104,107,110,113,115,118,122,124
OX1,26,27,28,29,33,34,35,38,40,41,43,45,46,47,50,51,52,53,55,57,61,63,65,75,77,80,83,85,87,88,89,92,93,94,95,99,103,104,105,107,110,115,117,119,121,125
OX2,27,28,39,50,53,59,61,65,69,70,81,90,94,96,102,104,108,110,112,114,120,121,123,125
OX3,17,23,29,35,38,39,40,41,43,45,46,47,50,51,53,55,59,63,69,70,74,75,77,80,82,83,85,87,88,89,90,92,93,95,96,99,103,104,106,107,108,112,115,117,119,123
OX4,22,28,29,35,38,39,40,43,45,46,47,50,51,52,55,57,58,63,64,70,77,80,82,83,85,87,88,89,92,93,99,101,102,103,104,105,110,112,114,117,118,120,122,123
OX5,23,28,29,33,38,40,41,43,45,46,47,51,52,55,57,61,63,65,70,71,74,75,80,81,85,87,88,89,90,92,93,94,95,96,98,99,103,106,107,108,110,111,115,119,121,125
OX6,29,40,45,46,50,51,52,53,55,57,58,59,61,64,65,69,76,77,80,81,82,83,86,89,91,92,95,97,98,104,110,111,112,113,114,115,116,119,120,124
OX7,32,33,34,35,38,39,40,41,45,47,51,52,57,59,63,64,68,69,70,71,74,75,77,80,81,83,85,86,88,89,90,93,95,96,97,98,102,103,105,107,108,111,112,116,117,119,121,125
OX8,28,33,38,40,43,45,46,51,52,53,57,59,64,65,68,70,71,76,77,80,81,82,83,87,89,90,91,94,95,96,99,102,108,113,114,119,120,124
OX9,35,41,43,46,47,50,52,53,74,81,85,86,87,89,100,102,104,105,107,109
OX10,34,40,43,45,46,47,50,51,52,53,57,58,63,65,68,69,75,80,86,87,89,90,91,92,94,96,98,99,101,102,104,107,108,110,111,113,114,115,117,118,120,122,123,124
OX11,33,38,43,45,46,50,51,53,55,58,61,68,69,70,71,74,81,86,87,90,92,94,96,97,98,99,102,104,108,110,111,112,115,116
OX12,39,40,41,43,45,47,53,55,61,63,64,65,70,71,75,76,77,82,86,87,88,89,91,92,93,100,103,109,110,113,114,115,117,121
OX13,50,51,52,53,61,69,70,76,77,80,81,88,95,98,99,100,102,104,106,107,109,110,111,112,114,120,121,123
OX14,38,40,45,47,51,55,61,64,65,68,69,71,74,81,82,83,85,89,92,95,97,99,100,101,102,103,104,105,107,109,116,117,118,119,122,125
OX15,43,55,58,61,63,64,68,74,75,80,81,82,83,85,86,87,90,91,94,95,96,97,98,100,103,105,108,109,110,111,113,114,115,116,119,123
OX16,45,58,61,63,64,71,75,80,81,82,83,85,90,91,92,94,95,96,99,100,103,105,108,109,110,113,119,120,121,125
OX17,52,53,65,76,77,80,88,90,94,95,96,98,99,100,106,107,108,109,111,125
OX18,46,47,58,75,82,83,85,86,87,88,90,91,92,93,94,95,97,99,101,102,104,105,106,107,112,113,114,116,118,120,122,123,124,125
OX19,51,55,63,64,71,75,80,81,82,83,86,88,90,92,93,94,96,99,100,101,102,108,109,110,114,117,118,120,121,125
OX20,55,57,59,61,63,64,65,74,75,76,77,80,81,82,83,86,87,88,89,99,102,103,104,107,110,114,116,117,120,121,123,125
OX21,57,58,59,63,64,65,70,71,74,76,77,81,82,83,85,86,90,92,93,94,95,96,98,102,105,108,111,114,115,116,117,119,120,123
OX22,58,59,61,75,80,81,82,83,86,87,90,91,93,96,100,103,108,109,110,113,115,116,121,123
OX23,61,64,65,70,71,74,76,77,85,87,89,90,92,95,96,100,101,102,103,105,107,108,109,110,114,115,118,119,120,121
OX24,63,68,71,75,77,80,82,83,89,91,94,97,101,102,107,113,114,118,120,121
OX25,68,69,70,71,75,76,80,82,86,89,90,91,92,96,97,98,101,102,107,108,111,112,113,114,117,118,120,121,123,125
OX26,47,59,65,71,80,81,83,89,94,98,104,108,111,112,117,119,122,125
OX27,53,59,71,77,81,82,83,85,86,87,88,89,91,92,93,94,95,97,99,100,101,102,105,106,107,109,111,113,114,115,116,118,119,120,121,123,124,125
OX28,40,64,65,69,74,75,76,77,81,82,83,88,89,93,94,98,99,100,101,102,103,104,108,109,110,112,116,117,118,119,120,125
OX29,41,59,71,76,77,81,83,85,88,89,90,95,96,99,100,105,107,109,112,117,119,122
OX30,64,65,69,70,71,75,77,82,83,85,86,87,90,91,93,95,96,98,103,105,107,110,111,112,113,115,116,119,120,125
OX31,59,69,71,75,82,83,85,86,87,88,91,92,94,95,96,99,104,105,107,111,112,113,114,115,119,121,123,125
OX32,65,77,81,83,85,86,88,89,90,91,92,95,99,100,103,105,107,109,110,111,113,114,119,121
OX33,69,70,74,75,76,77,80,82,83,86,91,92,98,100,101,102,108,109,111,112,113,114,118,121,123,125
OX34,70,71,74,76,81,82,86,89,90,91,92,93,98,100,101,102,107,108,109,113,114,116,117,118,120,121,123,125
OX35,71,77,80,81,82,86,89,90,91,94,96,104,113,114,117,121
OX36,74,75,76,77,82,85,88,95,96,98,99,101,102,103,105,107,108,110,118,119
OX37,75,76,77,80,81,86,87,89,90,91,92,93,94,104,107,108,111,113,115,116,117,120,123,125
OX38,76,81,83,85,86,88,89,91,95,98,99,100,103,105,107,109,110,111,113,114,119,121
OX39,85,87,88,89,92,93,94,95,96,98,99,100,103,104,105,107,108,109,110,111,114,115,116,119,120,121,123,125
OX40,80,81,83,86,87,89,91,93,94,98,104,108,111,113,115,116,120,123
OX41,81,82,83,86,91,108,111,113,114,121
OX42,77,83,87,90,93,94,98,104,108,115,116,117,120,123
OX43,87,89,93,94,98,100,104,107,108,109,115,116,120,123
Z0,0,38,65,66,92,125
Z1,1,21,48,75,100,107
Z2,2,7,72,79,100,109
Z3,3,39,48,59,103,119
Z4,4,11,55,60,93,116
Z5,5,25,60,76,92,99
Z6,6,17,61,68,93,120
Z7,2,28,51,78,103,110
Z8,8,15,42,80,89,109
Z9,9,32,42,64,88,95
Z10,10,20,69,79,112,122
Z11,4,15,62,78,91,113
Z12,12,27,51,74,97,102
Z13,13,18,74,81,96,111
Z14,5,14,68,72,97,124
Z15,8,41,47,67,84,122
Z16,16,23,44,49,85,105
Z17,6,33,58,67,114,121
Z18,18,34,50,83,107,108
Z19,19,26,45,81,86,112
Z20,20,36,71,75,96,125
Z21,11,21,56,73,101,118
Z22,0,22,54,69,116,123
Z23,23,24,50,57,102,118
Z24,16,25,43,63,86,91
Z25,14,31,70,80,111,121
Z26,19,35,44,70,87,123
Z27,27,37,59,76,98,115
Z28,28,38,53,63,94,104
Z29,29,33,46,57,87,115
Z30,30,37,58,65,90,117
Z31,3,31,54,83,113,117
Z32,32,39,46,53,84,106
Z33,17,34,52,62,95,105
Z34,7,29,45,73,88,99
Z35,26,30,64,82,94,108
Z36,9,36,61,77,90,101
Z37,12,41,49,71,104,120
Z38,22,40,47,56,85,119
Z39,1,35,52,66,106,124
Z40,13,40,43,77,89,98
OZ0,39,41,44,45,50,53,55,58,61,62,64,67,69,72,73,75,77,78,80,82,84,85,87,89,90,91,95,96,99,100,101,102,104,105,106,110,112,113,115,118,120,121,122,125
OZ1,45,46,48,49,50,51,52,53,57,58,60,65,66,68,69,70,71,72,74,75,76,77,80,81,84,85,86,87,88,89,94,95,96,97,98,100,101,103,105,108,110,114,115,116,117,118,119,120,122,123,124,125
OZ2,46,48,49,50,52,53,54,55,59,61,63,64,67,70,71,72,73,74,76,77,78,81,85,86,88,92,96,97,98,99,101,103,104,105,106,107,108,109,116,117,118,121,122,124
OZ3,47,48,49,50,55,63,66,68,69,72,73,74,75,76,77,78,80,81,86,87,89,92,93,95,96,97,98,99,100,101,106,108,117,118,119,121
OZ4,40,41,44,49,50,53,54,55,57,58,59,60,61,63,64,66,67,69,71,73,74,75,76,77,78,82,84,92,93,96,97,98,103,104,105,108,110,115,117,119,122,123
OZ5,44,48,50,52,57,58,59,60,64,65,66,70,71,72,77,82,87,92,93,94,96,97,98,99,100,101,102,106,107,108,115,117,118,120,123,125
OZ6,50,51,53,55,61,62,65,67,68,69,70,73,75,76,81,83,84,86,87,89,90,91,93,94,95,98,99,100,102,106,107,108,109,111,112,116,118,119,120,123
OZ7,48,49,51,52,53,55,57,60,61,62,65,66,67,68,69,71,74,75,76,77,78,79,82,83,84,85,88,89,91,93,94,95,96,98,100,101,102,103,105,108,111,114,119,125
OZ8,49,53,55,57,58,59,63,64,68,69,70,71,74,75,76,77,79,80,82,83,85,87,88,89,91,92,93,94,96,97,98,101,103,104,106,107,108,109,112,113,114,115,117,118,120,122,123,124
OZ9,53,54,55,59,61,62,63,66,67,69,71,72,75,76,77,78,79,80,88,89,91,92,95,96,98,100,101,104,108,110,113,115,116,117,121,123
OZ10,52,54,55,57,61,62,63,66,67,68,69,72,73,75,76,78,82,83,84,86,87,88,90,92,93,94,95,96,97,98,99,102,104,105,106,107,109,111,113,119,120,121,122,125
OZ11,51,54,55,56,59,61,62,65,66,67,68,70,71,72,73,75,76,77,78,83,88,89,94,96,97,98,103,105,106,108,109,111,113,115,118,125
OZ12,56,57,62,63,68,69,70,71,76,77,82,83,84,86,87,89,90,91,93,95,97,98,99,100,102,104,106,107,108,109,110,112,116,117,118,119,120,121,123,125
OZ13,54,57,61,63,66,67,72,73,76,78,79,82,84,86,87,88,90,94,96,102,103,104,106,111,115,117,120,121,122,123,124,125
OZ14,84,86,87,89,90,91,93,94,97,98,100,101,102,104,106,107,108,109,112,113,115,116,117,118,120,122,123,124
OZ15,85,87,88,89,92,93,94,95,96,98,99,100,103,104,105,107,108,109,110,111,114,115,116,119,120,121,123,125
OZ16,57,58,60,64,68,70,72,73,79,80,82,83,86,89,91,92,96,97,98,99,100,101,103,105,106,107,108,109,112,113,114,116,117,118,120,121,124,125
OZ17,58,60,61,63,64,67,68,70,76,78,80,83,88,89,90,91,92,95,96,98,99,100,101,102,103,109,110,113,114,116,117,122,123,124
OZ18,60,72,88,89,93,94,95,100,102,107,110,111,112,113,114,115,117,118,121,122
OZ19,72,78,86,89,92,93,94,95,97,98,101,104,105,113,114,117,120,121,122,125
OZ20,55,59,63,65,69,71,75,76,77,79,92,94,96,97,99,100,101,103,104,106,107,108,109,113,114,119,120,121,122,123,124,125
OZ21,61,67,90,91,92,93,95,97,100,103,105,106,107,108,109,110,112,114,116,120,121,122,123,125
OZ22,59,63,65,69,71,73,75,76,77,79,86,88,91,93,94,95,96,98,99,101,102,103,105,106,108,109,110,111,112,114,115,116,121,122,123,124
OZ23,73,79,88,89,90,93,94,95,96,98,99,100,101,102,103,104,105,109,110,111,112,113,120,124
OZ24,62,63,68,69,70,71,75,76,77,83,86,89,96,99,101,103,107,108,109,110,111,113,114,117,120,122,123,124
OZ25,63,69,70,71,75,76,77,83,88,89,91,100,113,114,116,120
OZ26,68,80,91,94,97,99,100,101,103,105,106,107,109,111,112,115,116,117,118,124
OZ27,88,89,91,92,93,95,98,101,102,103,105,106,109,110,111,113,114,116,122,123
OZ28,69,70,71,75,77,83,86,89,90,93,97,101,103,107,108,109,112,118,119,121,123,125
OZ29,70,71,77,83,86,89,94,95,96,97,98,102,107,108,111,112,115,119,120,123
OZ30,86,89,91,92,93,95,96,97,98,99,102,107,108,110,111,112,114,116,118,119,121,122,124,125
OZ31,90,91,93,95,97,100,102,105,106,107,108,110,111,112,116,117,120,121,122,125
OZ32,71,77,91,95,96,98,100,102,104,106,107,108,113,115,116,117,119,120,121,122
OZ33,91,92,93,94,96,97,98,99,108,110,111,112,114,115,116,118,120,122,123,124
OZ34,92,93,94,95,98,99,103,107,109,110,111,113,118,119,122,123,124,125
OZ35,94,95,96,100,102,105,106,107,108,110,115,118,120,121,122,125
OZ36,96,99,100,101,103,105,106,107,108,109,110,111,114,115,117,118,120,121,122,124
OZ37,97,99,100,101,102,105,106,107,115,118,120,124
OZ38,98,99,104,105,110,111,112,113,118,119,124,125
OZ39,110,111,112,113,114,115,117,119,120,121,122,125
OZ40,102,103,109,112,120,125
OZ41,104,105,115,118,121,122
OZ42,99,101,103,107,109,112,124,125
OZ43,111,112,114,117,120,125
