X0,0,9,45,49,66,124
X1,1,2,21,117,126,131
X2,1,31,47,58,115,140
X3,3,28,39,104,111,138
X4,4,23,27,93,103,139
X5,5,16,31,70,108,141
X6,6,51,54,71,81,130
X7,7,18,42,45,135,141
X8,8,12,41,108,121,129
X9,0,14,71,84,123,143
X10,10,14,60,92,99,129
X11,11,24,37,109,132,134
X12,12,18,56,58,85,87
X13,13,103,110,114,117,130
X14,10,16,38,48,85,119
X15,15,62,76,79,80,91
X16,17,67,75,83,106,137
X17,7,43,52,127,128,133
X18,19,27,37,102,120,125
X19,20,43,65,89,113,137
X20,21,34,52,90,98,134
X21,22,26,46,67,69,81
X22,4,49,78,82,94,107
X23,11,17,60,86,101,112
X24,25,39,47,53,69,76
X25,22,55,64,86,89,136
X26,23,29,54,68,96,131
X27,20,28,36,63,80,82
X28,29,34,73,105,110,140
X29,30,65,91,94,95,138
X30,5,9,50,87,116,127
X31,32,50,57,98,113,135
X32,33,41,72,84,101,119
X33,13,19,61,68,78,88
X34,35,55,72,83,99,132
X35,30,36,57,75,133,136
X36,24,74,88,93,100,118
X37,38,62,100,111,121,125
X38,6,25,64,97,106,142
X39,26,40,79,104,115,142
X40,33,51,59,66,77,92
X41,3,8,15,48,102,118
X42,35,44,74,90,112,120
X43,2,32,44,105,109,128
X44,46,59,96,97,114,123
X45,40,53,56,70,73,126
X46,61,63,95,122,124,139
OX0,43,47,48,49,51,54,55,56,57,59,60,62,63,67,70,73,75,76,78,79,80,84,85,86,91,92,95,96,99,100,106,107,113,114,115,119,121,125,126,129,130,133,137,143
OX1,47,48,52,54,58,60,62,68,70,71,73,84,85,90,92,96,98,99,100,105,108,110,111,115,117,119,121,123,125,126,129,134,141,143
OX2,51,54,56,58,64,69,71,73,76,79,81,97,106,108,111,126,130,138,140,141
OX3,48,49,60,62,70,71,76,78,79,80,82,84,86,91,94,101,102,107,108,112,118,123,141,143
OX4,49,55,60,63,68,71,72,82,83,84,86,90,94,95,99,100,101,102,105,107,110,114,117,118,122,123,124,125,128,130,134,143
OX5,54,55,56,57,58,59,60,63,65,67,68,69,71,72,73,75,76,79,81,82,86,87,90,91,92,98,99,100,101,102,105,106,108,110,111,113,114,117,118,125,126,127,128,134,137,140,142,143
OX6,55,57,59,65,67,68,69,72,75,78,80,81,82,84,86,88,90,93,95,96,98,101,102,106,110,113,119,120,122,123,124,125,126,127,128,130,131,134,137,142
OX7,52,56,57,58,60,63,64,65,67,68,72,75,76,78,79,80,83,84,86,90,94,97,98,105,108,110,111,113,114,116,117,122,124,129,130,132,133,134,135,137,138,142
OX8,57,59,64,65,67,72,75,83,84,86,87,88,91,92,93,94,95,96,99,100,105,113,114,116,117,118,119,120,123,126,129,131,132,133,135,137,138,142
OX9,60,62,63,67,75,81,82,83,84,85,86,92,94,95,97,98,101,102,105,106,109,110,111,116,118,119,121,126,127,133,134,135,137,141
OX10,63,65,69,78,80,81,84,87,92,94,97,98,107,112,116,119,127,129,132,133,135,142
OX11,62,64,72,75,78,80,81,82,85,92,95,101,102,105,106,107,109,110,111,112,113,116,118,121,126,127,134,136,141,142
OX12,59,64,65,67,69,72,81,83,86,87,88,93,96,97,98,99,100,105,112,113,114,116,117,118,120,123,126,127,128,131,136,137
OX13,58,64,68,72,79,81,85,86,88,89,90,91,93,94,95,99,100,104,106,107,110,113,114,115,118,119,120,121,122,124,126,130,131,132,133,134,135,137,138,140
OX14,64,65,72,81,86,88,91,93,94,95,96,98,99,100,105,106,107,114,116,117,118,119,120,122,124,126,127,129,130,131,132,133,135,138,141,142
OX15,83,84,86,92,112,119,129,132
OX16,68,75,76,81,84,87,89,90,92,96,97,98,104,108,109,111,112,115,117,121,126,136,137,138,140,142
OX17,66,87,98,113,116,124,127,141
OX18,74,76,78,79,80,91,96,100,103,108,120,121,125,129,131,139
OX19,69,75,78,81,84,88,91,92,93,94,96,97,109,110,112,113,114,117,118,119,120,122,124,125,127,128,129,130,131,133,134,136,138,142
OX20,75,78,87,88,93,95,96,97,106,109,110,114,116,117,118,120,122,124,125,128,130,131,132,134,136,142
OX21,65,76,80,81,82,84,86,87,88,91,93,94,95,97,99,100,101,102,105,108,112,115,117,120,121,126,128,129,131,133,135,138,140,142
OX22,67,81,86,92,97,112,119,123,124,127,128,129,130,132,136,137,142,143
OX23,76,80,81,82,87,88,91,92,93,94,95,99,100,101,102,105,108,115,117,119,120,121,126,127,131,132,133,135,136,137,138,140
OX24,78,79,80,82,84,85,95,97,99,100,101,102,107,111,118,121,125,127,128,132,136,137,138,142
OX25,80,82,86,87,88,92,96,99,100,101,102,103,105,107,112,114,115,116,120,121,122,124,127,129,130,139,140,142
OX26,81,86,87,91,94,95,97,106,113,116,124,128,130,133,136,137,138,142
OX27,88,91,94,95,96,98,99,100,103,105,106,107,113,114,115,118,120,121,122,124,130,132,133,135,136,137,138,139,140,142
OX28,79,84,85,86,87,92,97,111,112,119,121,124,126,127,128,130,132,136,137,138,140,141
OX29,89,90,93,103,104,110,111,112,113,115,116,117,119,120,121,124,126,127,128,129,130,131,132,134,137,138,139,141
OX30,84,86,91,92,94,95,106,112,119,127,128,129,132,133,137,138
OX31,82,85,86,87,91,92,93,95,96,101,102,103,106,111,113,114,117,118,119,122,127,128,130,131,135,137,138,140,141,143
OX32,85,93,103,107,111,112,113,114,115,118,120,121,122,124,125,126,127,128,131,132,135,143
OX33,91,94,95,96,97,106,115,117,118,119,120,121,125,126,127,129,130,133,136,139,140,141,142,143
OX34,87,94,95,96,97,99,100,115,117,118,120,121,124,128,132,133,137,138,139,143
OX35,92,93,97,103,112,113,115,116,117,119,121,124,126,127,130,131,132,136,139,140,141,142
OX36,93,96,103,110,113,116,118,120,124,125,127,131,132,134,137,138,140,143
OX37,94,95,97,99,100,113,116,119,124,125,126,128,129,130,132,133,140,141
OX38,103,112,113,116,118,119,120,124,125,126,127,129,130,136,137,138,139,140,141,142
OX39,95,96,97,98,99,100,107,113,115,116,117,119,120,121,124,125,126,128,129,130,132,135,136,137,138,140,141,142
OX40,96,98,107,110,112,113,115,116,117,119,120,121,124,126,127,128,129,130,132,134,135,141
OX41,98,107,118,119,125,126,128,129,130,135,136,137,138,139,140,141,142,143
OX42,107,114,115,116,118,121,122,125,126,128,130,132,135,136,137,138,139,140,142,143
OX43,110,112,114,116,117,119,120,122,128,132,134,140
OX44,113,115,116,117,119,120,121,124,127,130,132,140
OX45,112,126,129,136,141,142
OX46,114,115,116,119,121,122,125,132,137,138
OX47,115,117,118,120,121,124,125,126,127,128,129,132,136,137,138,139,141,142
OX48,118,124,125,126,127,128,129,132,136,137,138,139,141,142
OX49,124,127,130,140
Z0,0,5,9,10,14,16
Z1,1,26,46,114,115,117
Z2,2,23,44,74,93,131
Z3,3,4,27,28,82,102
Z4,0,4,23,49,54,71
Z5,3,16,39,48,53,70
Z6,6,25,29,53,54,73
Z7,7,30,45,49,94,133
Z8,8,15,31,47,76,108
Z9,9,43,65,95,124,127
Z10,10,35,38,74,99,100
Z11,11,17,32,57,75,109
Z12,12,58,62,79,115,121
Z13,13,19,34,37,110,134
Z14,14,17,46,60,67,123
Z15,15,63,80,93,118,139
Z16,8,11,37,41,101,102
Z17,7,18,34,52,56,73
Z18,19,78,94,111,125,138
Z19,20,50,63,113,116,122
Z20,21,70,98,126,135,141
Z21,22,71,81,84,86,101
Z22,24,48,72,118,119,132
Z23,25,30,75,76,91,106
Z24,20,22,26,28,89,104
Z25,21,27,90,103,117,120
Z26,24,29,68,88,105,109
Z27,6,33,51,55,64,72
Z28,13,59,61,77,114,122
Z29,35,43,52,55,89,90
Z30,36,64,79,80,136,142
Z31,1,2,5,31,32,50
Z32,38,40,56,85,104,111
Z33,39,65,67,69,137,138
Z34,40,96,97,126,131,142
Z35,36,42,57,82,107,135
Z36,44,86,112,128,133,136
Z37,45,66,92,108,129,141
Z38,47,69,81,110,130,140
Z39,51,66,103,124,130,139
Z40,58,87,105,127,128,140
Z41,59,83,92,97,99,106
Z42,60,112,120,121,125,129
Z43,61,62,88,91,95,100
Z44,68,78,96,107,123,143
Z45,83,98,113,132,134,137
Z46,84,85,87,116,119,143
OZ0,16,28,31,41,43,49,50,54,55,57,65,67,70,73,75,77,78,79,81,82,88,91,92,93,94,96,103,105,106,109,110,113,116,119,122,123,124,129,132,133,135,136,137,138,140,141,142,143
OZ1,23,32,33,46,48,49,50,53,54,55,64,66,67,71,73,74,75,76,78,85,87,88,89,91,93,94,95,96,101,103,104,105,106,107,109,110,112,114,115,116,117,118,123,127,128,131,132,136,137,138,139,140
OZ2,31,53,69,70,81,110,130,140
OZ3,32,48,49,52,53,56,62,65,70,72,73,74,76,78,79,80,82,86,87,88,90,95,96,102,103,107,108,109,112,113,115,116,117,119,120,121,122,123,124,131,132,133,136,139,140,143
OZ4,28,33,43,49,50,55,57,63,65,66,67,69,72,75,76,77,79,80,82,91,92,94,106,107,108,113,116,122,129,133,135,136,137,138,141,142
OZ5,43,46,52,65,67,70,71,85,86,87,89,98,101,104,110,114,115,116,117,119,126,130,135,137,138,140,141,143
OZ6,33,41,48,54,56,62,66,72,73,78,79,87,88,96,103,107,109,115,118,119,121,123,124,127,128,130,132,139,140,143
OZ7,41,46,48,50,52,53,55,64,69,71,73,74,75,78,80,82,85,86,87,88,89,91,94,97,98,101,102,103,105,106,107,108,109,110,113,114,115,120,122,123,130,132,133,135,139,140,141,142
OZ8,46,48,49,50,52,56,57,62,63,64,65,69,71,72,73,74,76,78,82,85,86,88,89,95,97,98,101,102,103,107,108,109,110,114,116,120,121,123,124,128,130,132,135,136,139,141
OZ9,53,56,69,81,87,105,110,127,128,130
OZ10,52,56,63,65,66,70,77,82,87,95,96,99,105,106,107,108,114,115,116,117,122,124,128,129,131,132,134,137,140,142
OZ11,48,50,56,62,63,64,65,66,72,74,75,77,79,80,85,89,90,91,93,94,95,97,100,101,104,107,111,112,113,114,117,118,120,124,125,126,127,132,133,134,137,139
OZ12,50,64,65,66,72,74,75,77,79,89,90,91,94,95,96,100,101,107,112,113,114,117,120,124,125,127,131,132,133,134,137,142
OZ13,49,54,56,57,62,63,64,69,70,72,73,76,77,80,81,85,91,92,94,95,97,100,102,103,104,105,109,110,115,118,119,121,123,124,125,126,129,131,132,135,136,138,139,140,141,143
OZ14,54,56,62,63,66,70,72,80,87,90,92,96,100,101,102,105,106,112,113,114,115,118,121,124,125,127,128,129,130,132,134,135,137,140,141,142
OZ15,65,69,72,73,74,75,76,79,81,85,87,89,94,95,97,100,103,104,106,107,109,110,117,119,120,123,125,126,127,128,130,132,136,138,139,143
OZ16,57,64,77,79,80,82,92,107,108,129,135,136,141,142
OZ17,66,71,92,97,98,99,103,106,113,123,124,130,132,134,137,139
OZ18,56,67,69,72,73,75,76,79,85,89,93,95,100,105,106,109,111,119,132,136,137,138,139,142
OZ19,63,64,69,72,74,76,77,80,81,85,86,87,89,90,92,94,95,96,97,98,99,100,103,107,112,113,114,117,119,120,122,123,125,127,130,131,133,136,139,143
OZ20,62,77,90,91,92,93,94,95,96,97,98,99,100,103,105,106,107,109,110,111,113,114,117,120,122,123,125,131,132,137,138,143
OZ21,64,67,72,73,75,79,81,85,87,91,93,95,96,97,100,104,109,110,111,119,126,127,128,130,131,132,136,139
OZ22,67,69,70,72,73,75,76,77,85,87,89,90,91,92,94,96,97,98,99,103,105,107,108,110,113,114,115,117,119,120,121,122,123,125,127,128,131,136,139,140,142,143
OZ23,69,70,73,74,76,79,80,81,82,86,91,93,94,95,100,102,105,108,110,111,112,115,118,121,125,128,130,133,136,138,139,140
OZ24,73,74,77,79,80,82,86,90,92,98,99,102,103,106,107,109,110,112,113,114,117,118,120,122,123,126,128,132,133,136,137,139,142,143
OZ25,70,72,74,79,80,82,85,86,87,94,96,97,102,104,105,108,109,112,115,118,119,121,125,126,127,131,132,133,136,138,140,142
OZ26,71,74,78,80,82,85,86,87,88,90,91,94,95,97,98,99,101,103,104,105,107,108,109,110,114,119,127,129,130,132,133,135,136,138,139,141,142,143
OZ27,77,78,88,90,92,96,97,98,99,102,103,105,106,107,109,110,113,114,117,118,120,122,123,131,132,137,139,143
OZ28,55,72,75,79,85,86,87,89,90,91,93,94,97,99,100,103,104,106,107,108,111,112,113,114,116,119,129,132,134,135,136,141
OZ29,75,79,85,87,89,90,91,93,94,97,99,100,101,103,104,106,107,108,111,112,113,114,116,119,129,132,134,135,136,141
OZ30,78,79,88,91,93,94,95,100,102,104,118,125,138,139
OZ31,80,82,89,91,94,95,103,104,105,106,110,128,133,136,137,138,139,142
OZ32,72,89,93,99,101,102,103,104,105,106,110,111,112,118,120,121,128,129,133,136,137,142
OZ33,74,93,94,96,103,107,111,117,120,123,125,131,138,143
OZ34,79,86,91,93,98,99,102,103,105,106,110,111,112,113,118,120,121,128,129,132,133,134,136,137,138,142
OZ35,85,87,97,98,99,101,106,112,113,116,119,120,121,123,125,129,132,134,137,143
OZ36,86,90,94,100,102,105,106,107,108,109,111,112,113,115,116,118,121,125,127,133,134,135,136,137,138,140,141,142
OZ37,89,95,103,104,105,106,110,128,133,136,137,138,139,142
OZ38,93,95,102,111,118,125,138,139
OZ39,94,97,99,107,109,110,111,114,115,116,121,127,128,129,132,138,140,142
OZ40,95,105,106,108,111,113,115,116,121,122,127,128,135,137,138,140,141,142
OZ41,90,96,97,99,105,114,115,116,117,120,121,123,125,127,128,129,131,132,134,140,142,143
OZ42,96,98,99,104,106,111,113,114,117,121,129,131,132,134,137,142
OZ43,97,99,100,102,105,106,108,109,110,113,114,118,125,129,132,135,137,141
OZ44,99,100,102,104,109,110,111,114,115,116,118,121,123,125,127,128,129,132,140,143
OZ45,98,103,104,108,109,110,111,115,116,121,122,127,128,134,135,139,140,141
OZ46,100,102,118,125
OZ47,103,104,106,108,111,113,114,121,122,123,135,137,139,141,142,143
OZ48,104,106,108,111,113,121,135,137,141,142
OZ49,105,110,114,116,123,127,128,143
