X0,0,34,55,63,99,121
X1,1,48,83,101,106,137
X2,2,19,52,64,90,116
X3,3,14,16,21,134,139
X4,4,15,82,87,137,138
X5,5,7,25,28,44,70
X6,6,15,43,79,102,142
X7,7,13,57,86,128,140
X8,8,17,50,68,83,136
X9,9,42,49,69,115,119
X10,10,47,104,117,132,141
X11,11,44,46,108,116,133
X12,12,43,56,105,122,127
X13,5,6,24,26,29,30
X14,14,41,51,56,84,113
X15,13,37,60,97,112,132
X16,16,30,47,71,78,98
X17,8,54,72,107,121,138
X18,0,18,22,58,59,67
X19,2,18,32,62,100,120
X20,20,33,49,65,89,122
X21,21,53,86,87,125,131
X22,22,31,33,76,101,124
X23,23,34,35,50,91,117
X24,12,24,27,32,69,75
X25,1,25,59,66,96,111
X26,10,26,31,68,74,110
X27,27,38,53,90,94,142
X28,28,39,54,98,102,126
X29,11,29,45,55,123,129
X30,3,4,17,57,114,115
X31,19,20,23,51,60,61
X32,36,93,99,118,134,143
X33,37,70,77,91,123,131
X34,38,61,82,85,111,133
X35,39,73,88,109,120,139
X36,40,67,73,78,95,112
X37,41,71,81,89,110,125
X38,42,104,105,108,135,136
X39,45,74,75,92,93,106
X40,46,95,96,103,127,141
X41,48,84,85,97,130,143
X42,9,66,80,124,126,140
X43,52,88,114,118,129,135
X44,36,58,72,79,103,113
X45,62,63,76,77,81,94
X46,40,92,100,119,128,130
OX0,32,44,54,59,63,66,70,73,76,77,81,83,84,85,88,94,96,97,98,100,101,102,106,109,111,126,130,137,139,143
OX1,43,44,50,51,54,55,60,61,63,65,66,70,72,78,80,82,83,84,85,87,90,91,92,93,95,96,97,98,100,101,103,106,107,111,112,113,114,116,117,119,120,121,126,128,129,134,135,138,139,142
OX2,30,44,47,55,57,65,66,68,69,75,76,80,89,92,93,95,96,101,103,105,106,110,114,116,117,119,122,123,126,127,129,132,133,135,136,140
OX3,54,55,57,61,63,65,66,68,70,71,73,77,78,80,81,82,83,84,86,87,88,89,90,92,93,95,96,97,100,102,103,105,109,110,111,114,116,117,119,122,123,125,127,129,130,131,132,134,135,136,137,140,142,143
OX4,47,50,51,53,55,56,63,64,65,78,80,81,84,86,87,89,91,98,99,107,109,110,113,117,121,131,134,139
OX5,50,51,53,55,56,57,63,65,68,74,78,80,81,84,87,88,89,90,91,98,99,104,107,109,113,114,116,118,121,128,129,131,132,134,135,139,140,141
OX6,53,57,60,61,63,66,68,72,73,74,76,77,82,84,89,92,93,94,95,96,98,99,102,103,104,105,111,112,117,118,119,120,122,127,130,131,132,137,138,139,140,141,142,143
OX7,65,66,69,80,82,87,89,104,105,108,115,119,122,124,126,135,136,137,138,140
OX8,55,57,63,64,68,71,74,78,86,88,90,98,99,104,110,114,116,117,118,121,128,129,132,135,140,141
OX9,56,60,63,64,73,81,83,84,85,90,91,94,100,105,106,109,112,114,116,118,122,123,124,127,129,130,131,132,135,137,139,143
OX10,44,57,60,68,72,73,77,83,86,88,91,97,98,102,107,109,112,120,121,123,126,128,131,132,136,138,139,140
OX11,33,34,57,64,66,68,72,73,74,81,84,86,88,89,90,92,93,95,96,98,99,100,102,103,104,105,111,112,114,116,117,119,122,125,127,129,130,132,134,135,140,141,142,143
OX12,57,60,64,68,70,74,77,86,90,91,93,97,99,110,112,116,118,123,128,131,132,134,140,143
OX13,60,61,63,64,69,70,74,76,80,81,83,84,89,90,93,101,107,109,111,112,114,115,117,119,120,122,125,129,132,133,134,138,139,140,142,143
OX14,61,63,69,74,76,77,80,81,83,84,86,88,89,91,93,97,101,107,109,111,115,116,117,118,119,120,122,123,125,128,131,133,134,135,138,139,142,143
OX15,63,70,71,73,74,80,81,85,88,90,91,92,95,96,97,98,99,100,101,105,106,108,117,119,120,125,126,128,133,136,137,138,139,141,142,143
OX16,34,64,69,82,83,84,85,87,89,91,96,97,101,104,105,106,107,108,109,111,115,117,119,122,124,126,130,135,136,138,140,143
OX17,66,69,70,72,73,76,77,81,82,83,85,86,87,90,92,95,98,100,102,103,106,107,108,109,110,115,116,123,125,126,127,131,135,136,138,141,142,143
OX18,70,72,74,76,77,80,81,85,89,90,91,92,94,95,96,97,99,100,101,102,105,106,107,108,109,110,117,119,121,128,133,136,137,141,142,143
OX19,72,73,80,83,84,87,89,91,92,94,95,96,98,100,106,107,110,119,121,123,125,126,128,131,132,133,140,143
OX20,64,83,84,86,87,89,91,92,93,94,95,97,99,100,101,103,104,106,107,109,116,118,119,122,124,126,127,132,133,134,138,142
OX21,71,74,81,83,84,85,86,89,90,91,96,99,102,103,105,107,108,117,122,127,131,136,137,142
OX22,74,77,81,84,85,86,88,89,90,92,93,94,95,96,97,99,100,103,104,105,107,109,118,119,120,121,122,123,126,127,128,130,133,134,137,139,141,143
OX23,75,76,77,81,83,85,89,91,92,93,95,103,104,107,108,109,118,119,120,121,122,124,125,126,127,130,131,132,136,137,138,139,142,143
OX24,76,77,80,86,88,89,90,92,93,95,97,99,100,101,102,104,107,116,118,119,120,122,123,124,126,130,131,134,139,140,141,143
OX25,77,83,88,91,93,94,96,97,102,103,104,107,108,109,117,118,120,123,126,127,131,133,134,136,138,139,142,143
OX26,80,81,84,85,87,96,98,99,103,104,106,107,108,117,132,136,140,141
OX27,73,81,84,85,86,87,89,90,92,94,95,96,97,100,101,102,103,104,105,109,116,119,121,123,126,127,130,131,133,137,141,142
OX28,81,85,87,89,92,93,95,96,97,98,99,100,101,107,109,116,118,119,122,125,126,127,131,134,141,142
OX29,83,84,86,87,89,91,92,93,94,95,97,98,99,100,101,103,104,106,109,116,118,119,121,122,127,132,133,134,140,142
OX30,90,93,94,98,102,104,105,106,108,117,118,121,122,127,132,133,134,136,137,140,141,143
OX31,89,92,93,94,95,96,100,103,104,109,116,117,118,119,122,124,125,126,127,130,131,132,134,137,142,143
OX32,84,85,86,87,93,94,97,101,102,104,105,106,107,116,117,118,122,126,127,128,130,132,134,140,141,142
OX33,93,98,99,103,107,118,121,126,134,138,142,143
OX34,85,99,102,103,106,107,117,122,124,127,132,133,135,137,138,141
OX35,86,94,99,103,104,109,116,117,122,126,128,131,132,137,140,141
OX36,87,88,92,95,97,100,101,102,104,106,107,109,116,118,122,123,124,125,126,127,130,131,132,133,138,142
OX37,88,96,98,103,109,116,121,123,124,125,126,127,128,131,132,135,138,141
OX38,94,96,97,98,99,101,102,104,105,106,108,117,121,133,136,137
OX39,96,97,98,101,103,107,121,122,124,126,127,132,138,141
OX40,92,95,97,100,101,102,104,105,108,118,122,124,126,128,130,132,136,142
OX41,100,104,106,107,109,116,118,126,127,130,131,133,138,142
OX42,107,109,116,122,125,128,131,137
OX43,98,105,106,108,109,121,124,126,127,131,132,133,135,136
OX44,104,106,122,124,126,127,132,137
OX45,109,122,131,137
OX46,99,103,105,108,116,117,118,124,125,128,132,133,135,136,138,141,142,143
OX47,102,124,132,135
OX48,106,122,127,137
OX49,118,124,132,142
Z0,0,23,34,59,61,111
Z1,1,25,50,70,83,91
Z2,2,18,19,51,58,113
Z3,3,14,17,23,50,51
Z4,4,6,15,29,114,129
Z5,5,18,24,25,32,59
Z6,4,20,49,61,82,115
Z7,2,7,44,100,116,128
Z8,8,41,68,72,110,113
Z9,9,27,38,66,69,111
Z10,10,36,74,93,103,141
Z11,11,55,82,121,133,138
Z12,1,12,75,96,106,127
Z13,13,19,52,57,60,114
Z14,12,14,32,56,120,139
Z15,15,33,43,101,122,137
Z16,16,34,47,99,117,134
Z17,3,16,24,30,69,115
Z18,5,7,17,26,57,68
Z19,20,22,33,60,67,112
Z20,21,35,91,109,131,139
Z21,0,29,30,55,67,78
Z22,6,22,26,31,58,79
Z23,21,27,53,75,93,134
Z24,28,39,62,70,77,120
Z25,35,66,80,96,117,141
Z26,36,52,79,90,118,142
Z27,37,48,76,77,97,101
Z28,38,63,85,94,99,143
Z29,39,43,88,102,105,135
Z30,11,40,45,46,92,95
Z31,41,62,81,84,100,130
Z32,42,85,108,119,130,133
Z33,8,28,44,54,108,136
Z34,40,49,71,78,89,119
Z35,46,64,72,103,107,116
Z36,9,42,47,98,104,126
Z37,37,73,88,112,123,129
Z38,45,87,106,123,131,137
Z39,53,64,80,86,90,140
Z40,54,63,71,81,98,121
Z41,48,56,83,84,105,136
Z42,65,87,89,107,125,138
Z43,65,73,95,109,122,127
Z44,74,86,92,110,125,128
Z45,76,94,102,124,126,142
Z46,97,104,118,132,135,143
OZ0,24,29,69,114,115,129
OZ1,18,22,32,44,55,58,60,61,63,64,67,68,69,70,77,78,79,84,87,88,89,92,95,98,100,101,102,103,105,106,107,108,110,112,113,116,119,120,122,123,130,131,133,135,136,138
OZ2,51,58,60,67,112,113
OZ3,59,60,61,67,111,112
OZ4,22,25,50,55,60,61,64,67,69,70,71,72,75,78,83,87,89,91,92,95,96,101,103,107,112,116,119,121,122,123,127,131,133,138
OZ5,50,55,58,60,61,63,67,68,69,71,72,75,77,79,82,83,84,88,91,96,98,100,102,105,106,108,110,111,112,113,114,115,120,127,129,130,133,135,136,138
OZ6,29,30,31,44,52,55,58,60,61,67,68,69,70,75,77,78,84,87,88,89,91,94,95,96,99,100,101,102,104,105,106,107,109,111,112,113,114,115,116,117,118,120,122,123,125,126,128,129,134,135,136,138,139,140,142,143
OZ7,31,32,34,52,55,58,60,61,64,67,69,71,72,77,78,79,83,84,86,88,90,93,94,99,102,104,105,106,109,110,113,116,117,119,120,121,124,126,127,128,129,131,132,133,134,135,136,139,141,143
OZ8,32,44,63,68,70,71,72,75,79,83,87,89,93,94,95,98,100,101,104,107,108,109,110,112,118,121,122,123,124,125,126,127,129,130,132,134,138,139,142,143
OZ9,25,44,58,64,67,68,69,71,72,75,77,78,79,82,83,84,86,88,90,94,100,102,104,105,106,108,109,110,111,113,119,120,126,127,131,134,135,138,139,140,141,143
OZ10,34,55,58,60,61,63,67,68,69,71,72,75,77,79,83,84,88,91,96,98,100,102,105,106,110,111,112,113,114,115,120,121,127,129,130,135
OZ11,44,63,68,70,71,72,79,83,87,89,94,95,98,100,101,104,107,108,109,110,112,118,120,121,122,123,124,125,126,127,129,130,132,138,142,143
OZ12,52,58,60,61,63,67,71,72,77,82,83,84,86,88,90,91,92,96,98,99,100,102,103,105,106,108,111,112,113,117,118,120,125,127,128,130,133,135,136,138,141,142
OZ13,55,57,58,60,61,63,67,69,71,72,75,77,83,84,86,88,90,91,92,93,96,98,99,102,103,105,106,108,111,112,113,115,116,117,118,121,125,127,129,130,134,135,136,139,141,142
OZ14,57,60,61,66,68,69,75,78,79,85,86,90,92,98,100,103,104,110,111,112,114,116,118,119,120,125,126,130,133,134,136,139,141,142
OZ15,58,62,66,67,68,69,71,72,75,77,78,79,83,84,85,88,91,96,99,100,102,104,105,106,108,110,113,117,119,121,126,127,133,134,135,139
OZ16,64,66,68,69,75,79,80,82,86,90,92,96,99,103,108,110,114,115,118,121,125,128,133,136,138,142
OZ17,33,62,69,75,78,82,86,87,89,90,91,93,94,96,98,99,100,104,107,108,109,111,112,116,117,119,121,124,125,126,128,130,131,132,134,139,141,143
OZ18,60,61,66,68,71,72,79,85,86,90,93,95,98,104,106,110,111,112,116,118,123,126,128,129,130,131,133,136,137,138,141,142
OZ19,62,63,66,68,69,75,79,80,83,86,88,90,91,92,93,95,100,101,103,106,109,110,111,112,114,115,116,117,118,121,123,124,125,129,132,133,137,138,140,142
OZ20,66,68,69,72,75,77,79,81,83,85,88,91,96,99,102,104,105,106,108,110,117,119,121,126,127,130,133,134,135,139
OZ21,63,72,78,79,83,88,94,98,100,101,104,112,118,120,121,124,126,130,132,136,142,143
OZ22,78,79,80,81,83,85,86,90,92,93,94,95,96,98,99,102,103,105,108,109,111,114,115,116,119,121,125,127,134,135,136,137,138,139,140,143
OZ23,68,69,72,75,77,80,81,82,85,87,90,95,96,99,100,101,102,103,104,105,106,109,110,111,112,116,118,119,120,121,124,126,127,128,130,131,132,133,135,136,140,142
OZ24,69,75,87,106,114,115,123,129,131,137
OZ25,71,72,82,83,86,87,88,90,92,98,101,102,103,104,106,116,123,124,125,129,130,131,133,134,136,137,138,139,140,141,142,143
OZ26,72,79,80,81,82,85,86,88,89,92,94,96,99,101,104,105,106,107,108,111,114,115,119,121,122,123,124,128,129,130,131,133,134,135,138,139,141,142
OZ27,77,79,81,86,87,90,91,92,93,101,103,104,105,108,116,117,123,124,125,127,129,130,131,135,137,140,142,143
OZ28,79,87,88,90,91,101,103,104,105,108,116,117,124,127,128,130,131,134,135,137,139,140,142,143
OZ29,80,81,85,90,91,92,94,96,101,104,105,106,108,109,111,116,117,118,124,125,127,130,131,134,135,139
OZ30,83,88,91,93,105,106,117,123,127,129,134,136,139,141
OZ31,85,88,91,96,100,111,117,120,123,129,130,141
OZ32,86,88,95,96,99,101,105,108,111,112,121,123,124,127,129,131,132,133,134,137,138,139,140,141
OZ33,87,91,93,95,100,104,106,112,117,118,120,130,131,132,134,135,137,139,141,143
OZ34,88,91,95,100,104,112,117,118,120,123,129,130,132,135,141,143
OZ35,82,92,93,99,100,101,104,105,107,108,109,118,120,121,124,127,128,130,133,135,137,140,141,143
OZ36,81,90,91,92,94,96,99,106,111,116,117,121,125,130,131,133,137,138,141,143
OZ37,91,92,93,95,100,104,112,114,115,117,118,119,120,123,129,130,132,134,135,139,141,143
OZ38,84,89,90,93,95,101,102,103,104,105,106,108,112,113,114,115,116,118,119,122,123,124,125,126,129,130,131,132,135,142
OZ39,89,90,93,100,101,102,105,106,108,114,115,116,119,120,122,123,124,125,126,129,131,134,139,142
OZ40,90,92,93,95,101,102,104,105,107,108,109,112,116,118,124,126,127,130,132,134,135,137,138,139,142,143
OZ41,95,96,100,101,105,107,108,109,111,112,120,124,127,128,132,133,137,138,140,141
OZ42,100,120,130,134,139,143
OZ43,92,93,130,143
OZ44,101,104,105,107,109,114,115,118,119,124,127,128,134,137,138,139,140,141
OZ45,96,104,108,111,133,141
OZ46,104,105,127,141
OZ47,93,106,107,109,134,137,138,139
OZ48,99,107,109,121,134,139
OZ49,114,115,118,119,130,143
