X0,0,18,22,49,51,87
X1,1,27,37,41,129,131
X2,2,23,46,109,115,156
X3,3,41,114,126,137,148
X4,4,16,25,37,40,140
X5,5,11,12,73,80,120
X6,6,26,31,81,125,128
X7,7,28,48,86,137,150
X8,8,17,22,57,66,155
X9,9,18,46,54,124,159
X10,10,29,48,50,89,109
X11,11,32,71,135,138,159
X12,12,24,57,67,85,118
X13,13,42,44,73,96,105
X14,14,21,28,51,60,160
X15,6,15,55,75,132,145
X16,16,59,76,89,99,111
X17,8,9,64,74,83,108
X18,0,62,65,84,108,117
X19,19,29,61,110,151,155
X20,20,24,59,86,138,161
X21,5,21,63,103,114,154
X22,19,23,39,43,75,127
X23,20,53,56,65,91,120
X24,25,31,43,47,100,104
X25,26,36,54,78,142,144
X26,1,68,72,92,105,132
X27,7,45,83,103,119,157
X28,10,35,79,84,102,127
X29,30,45,88,90,130,158
X30,15,64,96,106,153,158
X31,32,36,113,131,136,156
X32,33,58,62,112,128,143
X33,34,66,98,123,125,146
X34,33,35,53,101,121,129
X35,14,39,70,81,119,126
X36,27,61,67,94,141,146
X37,38,42,63,123,142,143
X38,2,30,71,78,133,139
X39,17,40,68,117,124,148
X40,38,69,80,93,95,140
X41,13,77,87,107,145,149
X42,47,55,70,91,118,135
X43,49,52,93,99,100,147
X44,50,82,92,106,107,161
X45,52,97,134,139,149,160
X46,56,58,79,116,130,134
X47,60,77,113,121,141,147
X48,44,69,102,110,115,154
X49,34,85,90,97,122,151
X50,74,88,95,104,111,152
X51,76,82,98,112,144,150
X52,94,101,136,152,153,157
OX0,22,41,51,61,62,65,67,69,77,78,80,83,84,88,90,93,96,97,99,100,101,102,105,107,108,110,113,114,115,117,119,120,123,130,131,133,134,135,138,140,141,142,143,145,146,147,152,153,156,158,159,160
OX1,48,54,57,59,62,64,65,70,72,75,78,81,82,83,84,85,86,89,92,96,100,102,103,104,107,109,110,112,114,119,120,121,122,125,126,127,129,130,132,133,134,135,136,137,138,141,142,143,144,145,146,148,151,152,155,158
OX2,41,43,45,67,68,72,82,89,101,105,106,107,109,110,129,131,132,136,141,146,151,152,153,155,157,161
OX3,43,46,51,54,57,59,61,64,68,69,71,78,80,82,83,85,93,97,99,104,108,110,112,115,117,122,123,125,130,133,139,140,144,146,148,150,152,156,158,159
OX4,51,53,55,58,59,61,65,67,70,72,77,78,79,83,86,87,88,90,93,95,96,97,101,102,105,107,110,113,115,118,119,122,123,126,131,137,140,141,142,143,145,146,148,152,153,156,158,159,160,161
OX5,45,53,54,55,57,58,61,62,64,67,70,71,78,79,82,83,84,85,86,87,89,92,93,95,97,100,101,104,105,109,112,114,115,118,120,123,124,125,126,129,131,132,134,135,136,137,138,139,140,141,144,147,150,151,153,155,156,157,158,161
OX6,46,53,64,67,70,71,72,77,81,82,83,87,89,91,92,93,95,100,101,102,104,105,113,116,118,119,120,122,123,124,125,126,128,129,133,137,138,140,141,142,143,145,146,148,149,151,152,155,158,161
OX7,54,57,58,59,61,62,67,68,69,70,79,80,81,82,83,84,86,87,88,93,96,97,101,104,105,107,111,114,117,118,120,122,125,126,128,130,132,133,135,136,137,138,139,141,146,148,149,157,158,160
OX8,53,55,59,64,70,71,72,75,82,85,88,89,91,92,93,95,97,99,101,103,106,107,108,110,111,114,115,116,119,122,126,129,131,132,134,135,136,137,141,142,144,145,146,147,148,149,151,153,155,156,160,161
OX9,55,59,61,67,70,71,72,75,77,83,87,88,90,91,93,95,96,97,101,102,105,107,110,113,115,116,118,119,120,122,123,124,126,127,130,131,133,134,137,138,139,140,141,142,143,145,146,148,152,153,156,158
OX10,61,70,72,75,78,81,82,85,88,91,92,93,95,96,99,100,101,103,104,107,108,110,111,114,116,119,122,125,126,128,132,133,135,136,137,141,142,144,145,146,147,148,151,155,158,161
OX11,59,62,70,77,81,82,83,87,88,89,90,91,98,99,101,102,103,108,110,111,113,116,117,120,126,127,128,129,134,137,138,141,143,144,147,151,155,157,158,161
OX12,57,62,64,67,69,73,77,79,84,86,88,92,93,97,98,99,100,102,106,107,108,110,112,114,115,119,120,124,132,133,134,135,137,138,142,145,146,147,149,151,153,154,155,161
OX13,64,65,68,69,82,84,87,92,102,106,107,108,110,115,124,148,154,161
OX14,62,65,69,70,71,72,77,78,79,81,83,84,85,88,89,91,92,96,99,101,107,110,111,112,113,115,116,118,119,123,126,127,128,129,130,134,135,138,140,141,144,146,147,148,149,151,153,155,157,160
OX15,65,68,84,87,108,124,148,155
OX16,67,70,72,75,78,79,82,88,89,90,91,93,95,96,97,98,99,101,105,107,108,111,112,114,115,116,117,118,120,122,123,124,126,129,130,131,134,136,140,141,142,143,144,145,147,148,151,154,155,156,158,161
OX17,68,71,75,78,88,90,110,127,130,133,139,151,158,160
OX18,72,75,77,79,81,83,85,87,88,89,92,93,95,96,97,98,100,101,102,103,104,107,112,113,116,117,118,122,125,126,127,128,129,132,134,138,141,142,145,148,149,152,153,154,158,160
OX19,58,70,71,73,75,78,79,80,81,83,91,95,96,97,99,100,102,105,110,112,113,115,117,120,122,128,130,131,132,135,136,137,138,143,145,147,149,156,157,160
OX20,70,73,75,77,80,87,88,90,91,95,96,98,104,105,107,108,110,111,114,119,120,122,125,132,133,134,135,143,144,146,152,154,157,160
OX21,69,73,75,78,81,85,88,90,91,95,96,99,100,105,108,110,112,113,116,117,120,122,128,130,131,132,136,137,138,139,143,145,147,151,154,156,157,158
OX22,71,78,87,88,90,110,127,130,133,139,151,155,158,160
OX23,73,75,77,82,85,87,88,90,93,96,97,102,103,104,105,107,110,111,112,114,115,117,120,122,124,125,127,142,143,144,145,146,148,149,150,151,152,160
OX24,75,77,78,81,87,89,90,91,92,93,96,100,101,102,103,110,111,112,113,114,117,118,119,120,126,128,129,130,132,138,141,142,143,144,146,148,153,155,157,158
OX25,77,81,89,90,91,92,93,96,100,101,102,103,107,110,111,112,113,114,117,118,119,120,126,128,129,130,138,141,142,143,144,146,148,149,153,155,157,158
OX26,80,83,84,85,88,90,91,92,96,98,99,100,102,103,104,108,111,112,114,115,117,119,120,121,124,125,126,127,128,130,131,132,133,135,136,139,141,144,146,148,149,150,152,154,156,157,160,161
OX27,82,83,84,88,91,93,95,97,99,100,103,104,108,111,116,118,120,121,125,126,127,128,130,131,136,137,139,141,142,144,148,150,152,153,156,157,158,160
OX28,78,81,87,93,97,99,100,107,112,114,116,117,122,123,124,126,127,128,132,134,137,140,142,147
OX29,79,81,83,84,88,90,91,92,95,96,98,103,104,107,110,111,116,119,121,125,127,131,134,136,141,143,144,147,152,154,155,156,160,161
OX30,83,84,87,89,90,91,98,100,101,103,104,107,108,112,114,115,116,117,118,120,121,122,123,124,125,128,129,130,132,133,135,137,140,143,147,150,151,152,153,154,157,161
OX31,81,84,88,92,96,97,98,99,100,102,104,108,111,112,115,117,118,119,120,124,125,126,127,128,132,133,134,135,144,147,148,150,151,152,153,154,158,161
OX32,84,88,89,93,100,101,102,111,112,114,116,117,118,119,121,124,128,129,130,132,133,134,135,137,139,142,143,144,145,146,147,150,151,153,160,161
OX33,90,91,92,93,95,96,97,98,99,100,104,108,111,112,117,118,119,120,121,122,123,124,125,126,128,131,132,133,135,136,138,139,140,141,142,143,144,146,148,150,152,153,154,156,157,161
OX34,87,88,89,91,92,95,96,97,98,99,101,102,104,110,114,116,122,123,125,126,129,131,134,136,137,138,140,141,145,147,148,152,154,155,156,157,158,160
OX35,101,102,103,108,115,118,119,136,141,147,150,151,153,154
OX36,89,93,98,100,107,110,111,114,115,118,119,121,122,123,127,128,129,134,136,138,139,140,141,142,144,145,151,153,155,161
OX37,85,88,91,93,96,97,102,104,107,110,111,112,115,116,117,122,124,125,127,130,132,133,134,135,137,139,142,143,144,145,152,155,157,158
OX38,95,102,108,120
OX39,91,93,97,98,99,103,111,112,115,116,117,118,119,120,122,123,124,127,130,132,133,134,135,137,138,139,140,141,142,143,144,145,146,150,151,153
OX40,88,102,103,104,108,111,112,114,116,117,122,123,124,125,130,132,133,135,137,140,144,152,157,158
OX41,92,93,98,100,111,116,118,119,121,122,123,126,127,128,131,134,136,137,138,140,142,144,145,146,148,149,151,153,156,161
OX42,96,97,98,99,103,107,108,110,111,118,119,122,123,124,132,133,135,138,139,140,141,143,144,146,149,150,151,153,154,155
OX43,98,102,103,104,108,112,114,116,117,125,137,139,143,146,149,152,154,158
OX44,97,99,103,112,114,115,116,117,120,122,123,130,137,139,140,143,147,149
OX45,93,102,104,108,111,120,122,123,124,125,130,132,133,135,136,138,139,140,141,142,144,146,147,152,154,158
OX46,115,118,119,136,141,147,150,151,153,154
OX47,103,112,116,117,118,119,120,122,123,124,130,132,133,135,136,137,140,143,146,150,151,153
OX48,107,110,114,118,119,124,132,133,135,136,139,146,149,150,151,153,154,155
OX49,102,104,108,111,112,114,116,117,120,122,123,124,125,130,132,133,135,136,137,138,140,144,152,158
OX50,111,114,118,119,138,144,146,150,151,153
OX51,100,118,119,121,122,123,124,127,128,132,133,134,135,136,140,145,146,150,151,153
OX52,114,118,119,136,146,150,151,153
OX53,124,132,133,135
OX54,112,116,117,137
OX55,118,119,122,123,136,140,146,150,151,153
Z0,0,75,84,87,127,145
Z1,1,12,27,67,73,105
Z2,2,7,30,45,48,109
Z3,3,10,48,79,116,137
Z4,4,12,80,85,122,140
Z5,5,11,18,21,51,159
Z6,6,26,72,78,132,133
Z7,7,36,136,144,150,157
Z8,8,57,70,83,118,119
Z9,9,46,50,64,106,109
Z10,10,16,35,37,89,129
Z11,11,13,32,73,77,113
Z12,4,25,47,71,133,135
Z13,5,65,83,103,108,120
Z14,14,33,60,81,121,128
Z15,15,55,67,94,118,153
Z16,16,40,62,76,112,117
Z17,17,38,40,66,123,140
Z18,18,38,49,54,93,142
Z19,19,43,61,94,104,152
Z20,20,65,86,117,137,148
Z21,13,42,78,139,142,149
Z22,22,29,50,87,107,155
Z23,23,46,68,75,124,132
Z24,24,52,59,85,97,99
Z25,1,20,53,92,129,161
Z26,26,36,41,81,126,131
Z27,27,41,63,114,123,146
Z28,28,60,98,141,146,150
Z29,29,61,89,99,141,147
Z30,30,59,71,88,111,138
Z31,0,31,49,62,100,128
Z32,32,106,136,138,153,161
Z33,33,63,101,103,143,157
Z34,34,82,97,98,107,149
Z35,35,69,95,101,102,152
Z36,2,21,115,139,154,160
Z37,3,110,114,122,151,154
Z38,17,44,68,105,110,155
Z39,19,39,45,90,119,151
Z40,6,15,34,90,125,158
Z41,42,58,96,130,143,158
Z42,14,39,79,127,134,160
Z43,44,64,84,96,102,108
Z44,9,54,74,76,111,144
Z45,47,52,56,91,100,134
Z46,8,31,66,74,104,125
Z47,22,24,28,51,57,86
Z48,53,55,77,91,121,145
Z49,56,80,88,95,120,130
Z50,58,72,82,92,112,116
Z51,69,93,113,115,147,156
Z52,70,124,126,135,148,159
OZ0,41,45,48,52,54,55,60,65,67,71,73,74,76,77,81,85,86,88,90,92,94,96,99,103,106,107,108,109,112,113,115,116,119,120,124,125,130,131,132,133,135,141,142,143,146,148,154,157,160,161
OZ1,48,51,52,55,57,59,60,63,64,65,67,68,73,75,77,79,80,87,89,91,92,95,96,97,98,99,100,101,104,108,110,111,112,113,114,115,116,121,122,125,127,128,141,142,144,147,148,150,152,155,156,161
OZ2,51,52,61,64,66,68,71,74,75,79,80,81,87,88,89,91,95,99,100,104,107,109,110,114,120,122,124,125,126,127,130,132,133,135,136,138,141,147,151,153,154,155,156,159,160,161
OZ3,54,55,60,61,63,65,67,73,74,76,77,80,85,86,91,92,95,96,98,99,100,101,104,106,107,108,110,112,113,114,115,116,121,122,124,125,128,132,134,142,148,150,152,156,160,161
OZ4,55,57,61,62,63,64,65,67,73,75,76,77,80,83,84,85,86,89,91,92,93,99,100,104,105,106,107,109,110,111,117,118,119,121,124,125,126,127,128,129,131,135,137,141,142,144,146,147,151,154,155,156,159,161
OZ5,45,59,60,61,62,63,64,66,71,74,75,76,80,83,84,85,86,88,90,91,93,96,97,100,103,104,105,106,108,110,112,113,115,116,117,118,120,121,125,127,128,129,130,131,132,133,136,137,138,141,143,148,151,152,153,155,156,157,160,161
OZ6,52,57,59,62,64,68,76,79,84,85,86,89,93,95,96,97,99,101,105,108,109,112,113,114,115,116,117,122,129,131,137,147,151,152,154,155
OZ7,59,60,63,67,68,71,72,75,77,78,80,82,85,88,89,91,93,94,96,97,98,100,101,102,104,105,106,109,112,114,115,120,123,124,127,129,131,132,133,135,136,137,138,139,142,143,149,150,153,158,159,160
OZ8,57,61,62,64,65,67,73,74,75,79,80,81,84,85,89,90,91,92,94,95,96,97,98,99,100,101,102,104,106,109,112,115,117,118,121,122,123,126,127,128,130,132,133,139,141,143,148,152,153,155
OZ9,60,62,63,64,66,71,72,74,75,76,77,78,79,83,84,86,90,97,99,102,106,107,108,113,116,117,119,122,123,126,127,130,132,133,134,136,138,139,142,143,147,148,150,151,152,154,155,160
OZ10,63,65,74,76,81,83,86,90,91,94,96,97,98,105,107,111,112,113,114,116,117,119,121,123,124,125,129,130,131,132,133,135,137,139,142,143,144,145,146,153,159,161
OZ11,72,74,76,79,80,81,82,83,86,88,90,91,92,93,94,96,97,98,102,103,105,107,110,111,115,116,119,120,121,122,123,124,125,129,131,132,133,135,137,139,142,144,145,146,147,148,151,152,153,154,156,157,159,161
OZ12,62,64,66,67,68,74,76,80,82,83,84,85,88,90,91,94,95,96,98,99,100,102,104,105,107,108,110,112,117,119,120,124,126,130,134,135,148,149,153,155,158,159
OZ13,61,67,68,71,73,75,79,83,86,88,89,91,92,94,96,97,101,106,107,108,109,111,112,113,114,115,116,117,118,119,120,123,124,125,126,127,128,129,130,131,133,134,137,141,142,144,145,148,151,154,159,161
OZ14,65,67,73,76,77,78,79,80,81,82,90,91,95,96,98,101,102,107,111,115,116,117,118,122,123,126,128,129,130,131,134,139,141,143,144,148,153,156
OZ15,64,73,76,79,83,86,88,91,92,97,102,103,105,111,113,114,115,116,119,120,122,124,125,126,128,130,134,135,137,141,142,143,144,146,148,153,156,157,159,161
OZ16,66,68,77,78,79,83,84,85,90,92,93,95,96,98,99,100,101,104,105,107,108,111,113,114,115,118,119,121,122,124,126,132,133,134,135,144,145,147,149,151,152,154,155,156,158,159
OZ17,67,71,74,76,77,78,80,82,83,88,91,92,95,101,103,110,111,112,116,118,119,120,121,122,123,124,126,130,132,143,144,145,146,148,151,154,157,159
OZ18,68,74,77,78,82,83,85,86,89,94,97,100,104,109,111,116,118,119,121,124,126,129,131,132,133,134,135,137,141,144,145,147,152,156,159,161
OZ19,74,76,77,78,79,80,81,84,85,86,88,89,91,92,93,94,96,97,99,103,105,108,109,110,111,113,116,118,120,122,123,126,128,130,134,137,139,143,144,146,149,151,152,153,154,156,157,161
OZ20,73,76,79,80,82,83,84,92,94,95,96,97,98,100,101,104,108,111,112,113,119,122,123,125,126,128,129,131,132,133,134,137,139,142,144,145,146,147,149,150,152,153
OZ21,75,77,78,79,81,82,83,85,88,89,90,93,94,95,96,97,98,100,101,104,105,107,108,109,111,112,113,114,115,117,118,122,124,126,127,128,129,131,132,133,134,135,144,146,153,154,157,159
OZ22,71,77,78,79,80,85,88,90,91,92,93,96,100,102,103,104,105,107,110,112,115,118,120,121,122,123,124,125,128,129,131,133,134,137,139,142,148,150,151,153,154,156,157,159
OZ23,76,82,84,88,92,93,94,95,97,98,100,101,102,104,110,111,112,114,115,116,117,119,123,125,126,128,129,131,132,133,134,137,139,142,144,145,146,148,149,150,151,153,154,156,157,158
OZ24,77,79,80,81,83,85,86,89,90,91,94,95,96,97,98,100,101,102,103,104,105,106,107,108,109,110,111,113,115,117,118,120,121,124,126,128,130,132,136,137,138,142,143,144,145,146,147,149,151,152,154,159
OZ25,78,79,84,85,88,89,90,92,94,96,97,101,103,105,106,107,109,111,113,114,117,118,119,122,126,129,130,131,133,135,136,137,138,141,144,148,149,150,153,156,158,161
OZ26,81,82,84,88,89,92,93,94,95,97,100,101,102,104,109,110,111,114,115,116,117,119,121,123,125,132,133,134,139,141,142,144,145,148,149,151,153,154,157,158
OZ27,82,86,89,99,101,103,109,112,114,123,129,131,137,141,143,146,147,156,157,161
OZ28,79,80,83,89,91,94,95,96,98,99,100,102,104,105,108,109,110,114,115,117,120,122,124,130,132,133,135,137,139,145,146,149,150,151,154,157,158,159
OZ29,84,86,88,89,92,93,94,95,97,100,101,102,104,109,110,111,112,113,114,115,116,117,119,123,125,126,128,129,131,132,133,134,137,139,141,142,144,145,148,149,151,153,154,157,158,161
OZ30,80,85,86,88,89,91,95,97,98,99,100,104,106,109,113,118,120,130,134,141,146,150,152,153,156,161
OZ31,83,86,88,89,93,95,99,100,103,104,106,108,109,110,113,116,117,119,121,122,123,126,129,130,131,136,141,142,144,146,147,148,150,151,152,153,154,156,157,161
OZ32,85,86,88,92,96,99,101,103,105,111,112,113,114,116,118,121,122,124,125,128,130,135,136,141,146,147,148,150,153,157,159,161
OZ33,92,96,97,98,105,107,112,116,122,123,130,143,149,158
OZ34,88,89,96,97,98,99,105,107,109,110,112,115,124,130,132,134,137,138,141,142,143,144,145,146,147,148,150,151,152,153,159,161
OZ35,96,97,98,101,103,105,107,110,114,115,123,124,129,130,131,132,134,138,142,144,145,148,151,156,157,158,159,161
OZ36,90,94,97,101,103,106,107,114,119,121,123,125,126,128,141,143,149,158
OZ37,86,94,98,101,103,106,112,113,114,123,129,131,137,141,143,153,157,161
OZ38,94,97,98,107,110,113,115,116,121,124,129,131,133,134,136,137,138,139,146,148,149,150,151,156,159,161
OZ39,97,99,100,101,103,104,106,111,115,119,122,123,124,125,126,128,129,131,133,138,139,143,148,153,154,156,159,161
OZ40,101,103,106,112,113,115,116,119,121,124,126,133,134,138,139,142,143,144,148,153,154,156,159,161
OZ41,93,95,99,100,104,106,111,114,115,116,119,123,124,126,133,134,136,137,138,139,141,142,144,146,147,148,150,152,153,154,156,157,159,161
OZ42,98,99,100,104,106,107,111,113,121,125,128,129,130,131,134,142,143,144,149,158
OZ43,100,104,106,110,112,115,122,123,124,130,133,134,136,137,138,139,141,143,146,147,148,150,151,152,156,158,159,161
OZ44,99,106,110,111,113,115,119,122,123,124,125,126,128,130,133,134,138,139,143,147,148,151,152,156,157,158,159,161
OZ45,113,121,129,131
OZ46,89,103,106,109,111,115,116,121,124,125,128,129,131,133,134,136,137,138,139,141,142,143,144,146,148,150,152,153,154,157,159,161
OZ47,110,114,116,121,122,125,128,129,130,131,136,137,141,142,143,144,146,150,151,153,154,158
OZ48,106,107,130,134,149,158
OZ49,107,112,116,119,124,126,130,133,138,139,142,143,144,148,149,153,157,158,159,161
OZ50,112,119,121,125,126,128,129,131,136,137,141,146,150,157
OZ51,119,121,125,126,128,129,131,136,137,141,142,143,144,146,150,157
OZ52,114,115,121,125,128,129,131,137,141,142,143,144,146,150,154,156
OZ53,103,115,123,125,128,136,143,154,156,157
OZ54,123,125,128,143
OZ55,116,133,134,139
