X0,0,1,2,3,4,5
X1,0,72,107,120,121,122
X2,1,74,82,119,144,145
X3,3,54,97,116,133,158
X4,4,60,127,141,151,167
X5,5,66,88,89,90,91
X6,6,7,8,9,10,11
X7,7,73,74,75,76,77
X8,6,56,102,109,135,166
X9,9,53,87,124,146,147
X10,10,98,112,113,114,115
X11,8,59,106,145,150,165
X12,12,13,14,15,16,17
X13,12,62,100,101,102,103
X14,14,48,49,50,51,52
X15,15,65,83,118,160,162
X16,13,47,84,120,148,167
X17,17,105,128,135,136,137
X18,18,19,20,21,22,23
X19,18,64,100,129,130,131
X20,20,42,89,113,144,154
X21,21,53,54,55,56,57
X22,22,71,96,97,98,99
X23,23,63,110,136,161,164
X24,24,25,26,27,28,29
X25,24,70,129,138,139,140
X26,25,68,93,134,153,164
X27,27,43,104,105,106,107
X28,28,58,59,60,61,62
X29,29,77,78,126,127,128
X30,30,31,32,33,34,35
X31,31,52,90,108,148,149
X32,32,73,92,93,94,95
X33,33,81,123,140,159,165
X34,34,44,116,117,118,119
X35,35,63,64,65,66,67
X36,36,37,38,39,40,41
X37,37,68,69,70,71,72
X38,36,51,79,115,156,166
X39,39,48,95,123,124,125
X40,40,83,84,85,86,87
X41,41,45,96,141,142,143
X42,42,43,44,45,46,47
X43,26,92,131,143,155,163
X44,30,76,86,138,156,157
X45,38,57,122,132,154,155
X46,11,46,88,126,158,159
X47,16,58,80,112,146,161
X48,19,103,117,149,152,153
X49,50,99,121,147,157,163
X50,55,78,79,80,81,82
X51,61,85,108,109,110,111
X52,67,101,114,132,133,134
X53,69,94,130,137,150,151
X54,75,91,125,139,152,162
OX0,48,51,52,53,56,57,58,60,64,65,66,72,74,78,79,81,83,88,90,91,97,100,103,104,105,107,111,112,113,116,117,118,119,120,121,122,127,128,129,130,131,133,135,136,137,141,142,145,146,149,151,152,153,154,158,161,162,167
OX1,51,52,53,60,66,72,74,82,88,89,90,91,97,103,107,116,117,119,120,121,122,127,133,141,144,145,149,151,152,153,158,167
OX2,53,54,56,57,58,59,60,62,63,70,71,85,92,96,97,98,99,103,104,105,106,107,108,109,111,117,129,131,136,138,139,140,143,149,152,153,155,161,163,164
OX3,54,56,57,58,60,92,97,116,131,133,143,155,158,163
OX4,58,59,60,62,63,64,65,66,68,76,77,78,81,86,92,93,101,114,116,117,118,119,123,126,127,128,131,132,133,138,140,143,153,155,156,157,159,163,164,165
OX5,63,64,65,66,68,73,74,79,82,83,84,86,87,88,89,91,92,93,95,97,98,99,104,105,106,109,111,115,119,120,121,122,129,130,136,137,138,139,140,141,142,143,144,145,148,149,150,151,156,161,164,166
OX6,59,60,62,64,65,68,73,74,79,81,82,83,84,86,87,88,89,91,92,93,95,97,98,99,104,105,106,109,111,115,119,120,121,122,123,127,129,130,136,137,138,139,142,143,144,145,148,149,150,156,159,161,164,165,166,167
OX7,70,71,72,73,74,79,81,82,84,85,87,88,89,91,92,93,95,98,100,101,102,104,105,109,111,115,116,117,119,122,123,124,129,130,133,136,137,138,139,141,142,143,144,146,151,152,153,156,157,158,159,161,163,164,166,167
OX8,64,65,66,68,72,83,84,85,86,87,88,89,90,91
OX9,79,81,82,84,85,87,88,89,91,92,93,95,100,101,102,104,105,107,109,111,112,113,114,116,117,119,120,121,123,124,129,130,133,136,137,138,139,141,142,143,144,146,151,152,153,156,157,158,159,161,163,164,166,167
OX10,68,76,77,78,86,88,91,93,95,101,102,104,105,109,111,114,116,117,118,119,122,123,124,127,133,136,137,138,139,142,152,153,154,155,156,157,158,159,160,162,164,166
OX11,52,74,76,77,83,85,90,92,94,95,96,97,98,99,100,102,106,107,108,112,113,115,118,119,122,124,126,127,128,132,138,141,142,143,145,146,150,152,156,158,163,164,165,167
OX12,74,76,77,81,83,88,89,91,92,95,100,102,104,105,109,111,112,113,118,119,122,123,124,126,127,128,129,130,132,136,137,139,141,142,143,145,146,151,152,158,159,161,163,166,167
OX13,65,73,80,84,87,88,89,91,92,95,97,98,99,101,104,105,106,109,111,114,115,116,117,119,120,121,122,126,127,128,129,130,132,133,136,137,139,140,141,142,143,148,149,150,151,153,157,160,161,162,166
OX14,73,80,81,84,87,97,98,99,100,101,102,106,112,113,114,115,116,117,119,120,121,123,124,133,140,144,146,148,149,150,152,153,157,158,159,163,167
OX15,60,66,72,76,77,78,84,85,87,89,90,93,95,97,101,102,104,105,109,111,114,117,118,119,122,123,124,136,137,138,139,141,142,151,152,153,154,155,156,157,159,160,162,164,166,167
OX16,62,77,80,81,83,84,85,87,90,92,95,96,98,99,100,102,103,107,108,112,113,116,117,118,122,123,126,127,128,130,132,133,137,138,140,141,142,143,144,145,147,149,150,151,153,159,163,164,165,166,167
OX17,78,80,83,86,89,92,93,100,101,107,108,109,110,111,112,113,114,116,117,119,120,121,122,123,126,128,129,130,132,133,138,140,141,143,144,146,151,153,154,155,156,157,159,160,161,162,163,164,165,167
OX18,77,80,83,85,86,88,89,91,92,95,100,102,104,105,108,110,112,113,118,122,124,126,127,128,129,130,132,136,137,139,140,141,142,143,144,146,151,152,158,161,163,165,166,167
OX19,56,72,76,80,83,85,86,88,90,91,92,95,100,104,105,107,108,109,110,112,113,118,120,121,124,125,126,127,128,129,130,132,135,136,137,140,141,142,143,144,146,151,158,161,162,163,165,167
OX20,57,83,85,86,89,94,97,99,100,101,102,106,108,109,110,111,115,116,117,120,121,122,124,130,132,133,137,145,146,148,149,151,152,153,154,155,156,157,158,163,165,166,167
OX21,72,76,84,85,86,87,89,91,94,97,99,100,101,102,106,107,108,109,110,111,115,116,117,122,124,130,133,137,145,146,148,149,151,152,153,156,157,158,163,165,166,167
OX22,81,84,85,87,88,89,91,93,95,96,100,101,102,104,105,107,109,111,112,113,114,116,117,120,121,123,124,129,130,133,136,137,138,139,145,146,151,152,153,156,157,158,159,161,163,164,166,167
OX23,80,83,84,87,88,89,91,92,93,97,98,99,101,104,106,109,111,114,115,116,117,118,120,121,122,126,127,129,130,132,133,135,139,140,141,142,143,144,145,148,149,150,151,153,157,161,166
OX24,66,71,84,87,88,93,94,95,100,101,102,106,108,112,113,114,115,116,117,120,121,124,127,133,141,145,146,150,151,152,153,157,158,163,165
OX25,71,76,83,85,99,100,102,106,108,109,110,111,114,116,117,120,121,124,132,134,138,145,146,148,149,150,152,153,156,158,163,165,167
OX26,76,83,84,85,87,90,93,95,98,99,101,109,110,111,112,113,130,132,133,134,137,138,148,149,150,151,157,166
OX27,84,87,97,101,116,120,133,148,158,167
OX28,90,91,105,106,108,115,117,124,125,128,130,135,136,139,145,146,147,148,151,153,156,162,165,166
OX29,85,88,91,94,95,97,99,104,109,110,111,123,124,125,126,129,138,139,140,148,149,158,159
OX30,93,94,95,98,102,104,107,108,109,111,112,113,114,115,117,124,135,142,145,146,147,148,150,152,153,160,165,166
OX31,88,89,95,99,100,102,103,108,115,121,123,124,125,126,130,137,145,147,148,149,151,156,157,158,159,163,165,166
OX32,91,94,99,100,102,105,121,125,128,135,136,137,139,147,148,149,152,157,162,163
OX33,99,100,103,107,117,121,124,135,146,149,152,153,157,163,166
OX34,96,98,102,103,106,107,108,109,111,135,145,150,165,166
OX35,83,86,89,92,94,95,100,101,103,104,106,107,108,109,110,111,115,116,120,121,122,123,124,126,128,129,130,131,132,133,138,140,143,145,146,147,148,151,152,154,156,157,159,162,164,165,167
OX36,94,98,112,113,115,130,137,150,151,156,166
OX37,92,95,101,102,105,107,108,109,110,111,114,117,122,123,125,126,130,131,133,134,135,136,137,143,145,147,148,151,152,153,154,156,158,159,163,164,165
OX38,86,89,101,105,106,108,109,111,115,117,120,124,125,128,129,130,133,135,136,138,140,142,145,146,147,151,153,156,158,160,162,165,166,167
OX39,100,102,103,116,118,119,121,147,157,163
OX40,89,98,102,104,105,106,108,109,111,115,116,117,118,119,121,123,124,127,128,129,131,135,136,140,141,142,144,146,148,150,152,153,154,156,157,159,162,163,165,166,167
OX41,101,102,107,108,109,111,112,113,115,122,123,125,127,130,131,133,141,142,144,147,151,152,154,156,158,159,163,165,167
OX42,97,103,107,108,109,111,112,113,115,116,118,119,123,125,127,130,131,135,141,142,144,147,151,152,154,156,159,163,165,166,167
OX43,95,98,105,106,107,116,118,119,121,123,124,125,127,128,129,130,131,136,137,140,141,144,145,147,150,151,154,157,159,160,162,163,166,167
OX44,103,105,106,107,112,113,115,116,117,118,119,121,123,125,127,128,129,131,136,140,141,144,145,147,148,152,153,154,156,157,159,160,162,163,167
OX45,98,107,108,109,110,111,112,113,114,115,117,120,122,123,134,145,146,147,150,153,158,159,164,165
OX46,108,109,110,111,112,113,114,115,116,117,118,119,120,121,122,123,124,125,126,127,128,129,130,131,134,135,140,141,144,147,151,153,154,157,159,160,162,163,164,165,166,167
OX47,104,106,107,110,112,113,114,115,116,117,118,119,120,121,122,124,125,126,127,128,130,131,134,141,142,144,147,151,153,154,157,162,163,164,167
OX48,102,105,112,113,115,117,125,126,127,129,135,136,140,141,144,145,148,152,153,154,156,158,166,167
OX49,105,110,116,118,119,120,121,122,128,130,136,142,145,146,147,148,151,157,160,162,164
OX50,106,112,113,114,115,123,124,125,127,130,134,141,144,146,147,151,154,158,159,167
OX51,107,112,113,115,124,125,127,130,135,141,144,146,147,151,154,156,166,167
OX52,110,114,116,118,119,120,121,122,126,128,130,134,135,142,145,146,147,148,151,156,157,160,162,164,166
OX53,112,113,114,115,124,125,126,127,128,130,131,134,141,144,146,151,154,160,162,163,167
OX54,114,129,134,140,156,158
OX55,120,122,124,125,126,128,129,130,131,135,140,144,146,148,151,154,158,160,162,163,166
OX56,117,130,145,148,151,153
OX57,116,118,119,121,124,125,144,145,146,147,154,157
Z0,0,5,70,72,91,139
Z1,1,2,49,51,79,82
Z2,2,3,54,56,109,111
Z3,3,4,60,62,101,133
Z4,0,1,74,76,121,157
Z5,6,11,88,90,108,109
Z6,7,10,73,93,114,134
Z7,8,10,69,71,98,150
Z8,9,11,46,47,84,87
Z9,8,9,106,107,121,147
Z10,12,14,50,100,131,163
Z11,12,13,101,120,122,132
Z12,14,17,48,94,95,137
Z13,15,17,75,77,128,162
Z14,15,16,80,82,118,119
Z15,18,20,130,144,145,150
Z16,19,21,53,124,125,152
Z17,20,23,42,43,105,136
Z18,19,22,50,52,99,149
Z19,18,21,55,81,129,140
Z20,24,28,61,85,86,138
Z21,25,27,43,44,117,153
Z22,26,28,58,146,147,163
Z23,24,27,104,139,160,162
Z24,25,29,126,133,134,158
Z25,30,35,67,114,115,156
Z26,31,33,59,61,108,165
Z27,32,34,44,45,92,143
Z28,33,35,63,80,81,161
Z29,31,32,94,148,151,167
Z30,36,41,78,79,127,141
Z31,36,37,69,135,137,166
Z32,38,40,65,67,83,132
Z33,39,41,45,46,123,159
Z34,38,39,89,91,125,154
Z35,22,23,96,110,111,142
Z36,13,16,42,47,112,113
Z37,30,34,97,99,116,157
Z38,26,29,55,57,78,155
Z39,6,7,75,102,103,152
Z40,48,49,104,106,123,165
Z41,4,5,64,66,130,151
Z42,51,52,89,90,113,115
Z43,53,54,83,87,116,118
Z44,56,57,105,107,122,135
Z45,58,60,96,98,112,141
Z46,59,62,103,117,119,145
Z47,63,66,88,126,128,136
Z48,64,65,131,142,143,160
Z49,68,72,120,148,149,153
Z50,70,71,97,140,158,159
Z51,73,74,92,144,154,155
Z52,76,77,84,86,127,167
Z53,93,95,124,146,161,164
Z54,100,102,129,138,156,166
OZ0,50,52,54,57,60,62,65,66,69,72,75,77,79,82,86,87,88,89,91,92,95,97,98,103,104,105,108,111,113,114,115,120,124,127,129,130,132,133,134,135,138,139,140,142,143,144,146,147,150,151,152,154,155,156,157,158,160,161,163,164,165,166,167
OZ1,54,57,60,62,66,67,69,71,74,77,79,82,83,84,85,86,89,97,101,104,105,106,107,109,110,111,120,121,122,123,125,127,130,131,132,133,137,139,140,142,143,148,149,151,153,154,157,158,159,160,164,165,166,167
OZ2,78,79,89,90,92,94,113,115,127,141,143,148,151,167
OZ3,55,57,60,62,66,67,79,80,81,84,85,86,87,88,89,90,92,94,97,98,101,102,103,104,105,108,110,111,112,113,114,116,119,120,122,124,125,127,128,129,131,132,133,134,139,142,143,145,146,147,148,149,151,152,153,155,157,158,160,161,162,165,166,167
OZ4,60,62,66,67,75,77,79,82,84,85,86,87,88,89,90,92,95,97,98,101,102,103,106,107,108,109,110,114,116,118,120,123,124,125,127,130,131,132,133,134,135,137,139,140,142,143,144,146,147,148,149,150,151,152,153,155,157,158,160,161,166,167
OZ5,88,90,104,106,108,111,159,165
OZ6,89,91,104,105,106,107,109,111,122,123,125,135,154,165
OZ7,61,62,65,66,69,72,79,80,83,85,90,92,94,97,99,103,104,106,110,111,112,113,114,115,116,119,120,127,128,129,130,132,133,134,135,136,137,140,141,143,144,146,147,149,150,151,155,156,157,158,159,161,163,164,166,167
OZ8,66,67,69,71,74,75,79,80,84,85,86,87,91,94,95,96,97,98,101,103,104,105,109,110,111,112,116,117,120,122,123,127,128,130,131,132,133,139,140,141,142,143,145,147,148,149,151,153,157,158,159,160,162,164,165,166,167
OZ9,83,87,101,103,106,107,116,117,118,119,121,133,145,147
OZ10,84,87,101,103,106,107,117,119,120,121,122,132,145,147
OZ11,65,67,71,72,74,75,80,81,86,87,90,91,92,95,98,101,102,105,107,108,109,110,111,113,114,115,116,117,118,119,120,121,123,124,125,132,133,134,135,136,137,138,139,144,145,146,147,148,149,150,152,153,155,160,162,166
OZ12,71,72,74,77,79,82,86,87,97,98,99,101,102,105,107,108,109,110,111,115,120,121,123,124,126,127,128,129,131,132,135,136,138,139,140,141,142,144,145,149,150,151,152,154,156,157,158,163,166,167
OZ13,80,82,112,113,118,119,130,131,142,143,144,145,150,160
OZ14,96,98,113,141,144,145,150,151
OZ15,75,77,85,87,94,95,97,99,101,103,104,105,109,110,111,114,115,118,119,121,122,123,128,132,133,135,137,145,147,153,156,157,162,164,165
OZ16,69,72,74,77,79,82,86,87,90,91,101,103,105,107,108,111,117,119,120,122,126,127,128,132,135,137,145,147,157,159,160,162,165,166,167
OZ17,97,98,104,105,110,111,113,136,139,140,141,142,144,145,150,151,158,159,160,162
OZ18,90,91,105,106,108,111,126,128,159,160,162,165
OZ19,81,82,85,86,94,95,98,99,102,103,105,106,109,112,114,115,117,118,121,122,123,126,128,129,130,134,136,137,139,142,143,144,146,147,148,149,151,152,154,156,159,160,163,164,165,167
OZ20,79,82,92,94,104,107,108,109,113,115,122,123,125,126,128,135,144,148,151,155,159,160,162,167
OZ21,98,99,104,105,110,111,113,116,117,120,121,136,139,140,141,142,144,145,148,149,150,151,158,159,160,162
OZ22,86,87,101,103,106,107,117,119,122,126,127,132,133,134,145,147,148,149,153,157,158,167
OZ23,85,87,101,103,106,107,110,112,113,114,115,116,117,118,119,120,130,131,132,133,142,143,144,146,148,149,150,153,155,156,157,160,163,164
OZ24,74,77,127,141,143,144,154,155
OZ25,94,95,102,103,104,106,109,111,118,119,123,127,128,137,141,143,144,152,154,155,162,165
OZ26,92,95,105,107,109,111,112,113,116,119,120,123,124,125,127,128,129,130,136,137,138,139,140,141,142,144,147,150,151,156,158,159,161,163,165,166,167
OZ27,112,113,114,115,118,119,120,121,126,127,130,131,132,133,134,141,142,145,146,147,148,149,150,153,154,156,157,158,160,163
OZ28,101,102,106,107,108,110,116,117,118,119,120,121,122,124,125,132,141,142,144,147,149,152,153,154,155,156,157,158,159,160,163,164,165,166,167
OZ29,104,105,114,115,116,119,120,122,133,136,138,139,141,143,144,146,147,154,156,160,161,162,163,167
OZ30,116,119,120,122,132,133,141,143,144,154,155,167
OZ31,106,107,109,111,114,115,122,126,128,132,135,138,139,156,159,160,162,165
OZ32,118,119,120,121,123,125,127,128,130,131,133,134,136,138,139,141,142,145,146,147,148,149,150,153,157,158,159,160,161,163
OZ33,102,103,105,107,108,111,122,124,125,126,128,129,131,132,133,138,139,140,141,143,144,145,147,148,152,154,155,156,158,160,162,163,165,166,167
OZ34,108,111,114,115,124,125,126,128,129,131,133,135,140,141,143,144,145,147,148,154,155,158,160,162,163,165,166,167
OZ35,114,115,120,121,126,127,132,133,134,141,143,148,149,153,155,156,157,158
OZ36,105,107,109,111,120,121,122,126,127,129,130,132,133,137,140,142,143,146,147,148,149,150,151,153,156,157,158,161,163,164,165,166
OZ37,113,115,120,121,123,124,126,127,130,131,135,136,138,139,141,142,144,145,147,148,149,150,153,157,159,160,162,163,164,166
OZ38,123,124,127,128,133,134,136,141,143,147,158,159,163,164
OZ39,110,111,142,143,146,147,161,163
OZ40,121,122,126,127,132,134,138,140,148,149,153,157,159,167
OZ41,126,128,130,131,132,133,135,138,139,141,142,151,155,156,158,160,162,166
OZ42,109,111,120,122,124,125,127,128,133,134,135,138,139,141,143,147,150,151,152,153,155,157,158,159,160,162,165,167
OZ43,117,119,124,125,130,131,138,139,145,146,150,153,157,161,163,164
OZ44,120,122,141,143,155,167
OZ45,130,131,133,134,135,137,139,140,141,143,144,145,150,151,152,153,154,155,156,157,158,159,163,166
OZ46,124,125,133,134,135,137,138,140,141,143,144,145,146,148,149,150,152,154,155,156,158,159,161,164,166,167
OZ47,129,131,132,133,138,142,143,144,145,146,147,152,153,154,157,158,159,160,161,162,164,165
OZ48,132,133,136,137,139,140,146,147,148,149,151,152,155,158,159,161,163,167
OZ49,133,134,136,137,138,139,142,143,144,145,146,147,148,149,151,153,154,155,157,158,159,160,161,162,165,167
OZ50,135,136,138,140,141,142,150,151,152,153,156,160,162,164,165,166
OZ51,127,128,137,138,139,141,143,144,145,146,147,150,152,153,154,155,157,161,164
OZ52,136,137,142,143,146,147,148,149,151,152,160,161,162,163,167
OZ53,138,139,141,142,144,145,150,151,154,155,157,160,162,163
OZ54,139,140,141,143,146,147,150,151,152,153,161,163,164,165
OZ55,144,145,146,147,148,149,150,151,153,154,155,161,163,164,167
OZ56,142,143,146,147,152,153,160,161,162,163,164
OZ57,141,143,146,147,148,149,153,161,163,164,167
