X0,0,18,114,117,158,170
X1,1,19,115,118,156,168
X2,2,20,116,119,157,169
X3,3,21,136,139,160,178
X4,4,22,137,140,161,179
X5,5,23,135,138,159,177
X6,6,27,88,106,108,111
X7,7,28,89,107,109,112
X8,8,29,87,105,110,113
X9,9,30,84,96,127,130
X10,10,31,85,97,128,131
X11,11,32,86,98,126,129
X12,12,24,73,76,145,163
X13,13,25,74,77,146,164
X14,14,26,72,75,144,162
X15,15,33,90,93,149,167
X16,16,34,91,94,147,165
X17,17,35,92,95,148,166
X18,0,3,36,54,78,99
X19,1,4,37,55,79,100
X20,2,5,38,56,80,101
X21,24,33,62,71,133,142
X22,25,34,60,69,134,143
X23,26,35,61,70,132,141
X24,27,30,47,68,152,155
X25,28,31,45,66,150,153
X26,29,32,46,67,151,154
X27,36,39,108,126,144,147
X28,37,40,109,127,145,148
X29,38,41,110,128,146,149
X30,18,21,41,59,82,103
X31,20,23,40,58,81,102
X32,6,9,42,63,172,175
X33,7,10,43,64,173,176
X34,8,11,44,65,171,174
X35,43,46,75,93,115,136
X36,44,47,76,94,116,137
X37,12,15,48,51,120,123
X38,13,16,49,52,121,124
X39,14,17,50,53,122,125
X40,51,69,84,87,156,159
X41,52,70,85,88,157,160
X42,53,71,86,89,158,161
X43,54,57,113,131,163,166
X44,55,58,111,129,164,167
X45,56,59,112,130,162,165
X46,49,61,96,105,170,179
X47,50,62,97,106,168,177
X48,63,66,72,90,119,140
X49,64,67,73,91,117,138
X50,65,68,74,92,118,139
X51,42,45,77,95,114,135
X52,78,81,121,133,150,171
X53,79,82,122,134,151,172
X54,80,83,120,132,152,173
X55,99,102,125,143,155,176
X56,100,103,123,141,153,174
X57,101,104,124,142,154,175
X58,48,60,98,107,169,178
OX0,47,62,68,71,84,90,93,96,127,130,133,142,149,152,155,167
OX1,74,75,86,89,92,93,96,105,109,110,112,113,115,116,117,118,120,123,126,127,129,130,134,136,137,138,139,143,145,147,151,152,154,155,156,159,163,165,169,171,173,174,176,178
OX2,73,77,85,88,91,95,98,107,110,113,116,118,120,121,123,124,127,130,132,134,137,139,141,143,145,146,147,148,152,155,156,157,159,160,163,164,165,166,169,170,171,174,178,179
OX3,41,59,62,71,82,84,88,90,93,96,103,106,109,110,112,113,115,116,118,119,120,121,122,123,124,125,126,128,129,131,132,134,135,136,137,138,139,140,141,143,144,145,146,147,148,150,151,152,153,154,155,156,157,159,160,161,162,163,164,165,166,168,169,171,172,173,174,175,176,177,178,179
OX4,76,77,81,83,87,89,94,95,96,97,102,104,106,107,109,110,111,112,115,116,124,125,126,128,132,133,136,137,141,143,144,146,147,148,150,152,156,157,163,164,168,170,174,176,178,179
OX5,75,77,81,82,87,88,93,95,97,98,102,103,105,107,109,111,115,117,118,119,120,121,122,124,128,129,130,131,132,136,138,139,140,143,146,147,152,153,154,155,156,159,160,161,163,165,166,167,170,171,172,173,176,178
OX6,81,83,84,85,87,89,90,91,93,94,97,98,102,104,110,111,116,119,122,124,127,129,130,131,132,135,136,137,138,139,140,141,142,143,145,146,147,148,151,152,153,154,156,157,160,161,162,164,172,173,174,175,177,179
OX7,82,83,84,86,88,89,90,92,93,95,96,97,103,104,109,113,115,118,121,123,126,129,130,131,134,135,136,137,138,139,140,141,142,143,146,148,152,154,157,161,162,165,166,167,168,169,170,173,175,177
OX8,144,145,146,147,148,149,150,151,152,153,154,155,156,157,158,159,160,161,162,163,164,165,166,167,168,169,170,171,172,173,174,175,176,177,178,179
OX9,21,22,23,33,34,35,57,58,59,69,70,71,83,84,89,90,93,96,98,104,109,110,111,113,115,116,118,119,120,125,126,127,132,134,145,148,149,151,153,157,158,159,161,164,168,169,170,172,174,179
OX10,30,31,32,33,34,35,66,67,68,69,70,71,84,85,86,87,88,89,90,91,92,93,94,95,147,148,149,150,151,152,153,154,155,156,157,158,159,160,161,165,166,167
OX11,77,83,84,85,89,90,91,93,94,95,96,97,104,107,111,112,119,120,121,124,125,128,129,130,131,134,135,136,138,139,140,141,148,149,153,154,157,158,160,161,163,164,169,170,172,173,174,176,178,179
OX12,83,85,89,91,94,97,98,104,111,112,117,119,121,123,124,125,127,128,129,131,134,138,140,141,148,153,154,157,161,163,164,167,173,174,175,176,178,179
OX13,84,86,90,92,93,95,96,98,110,113,116,118,121,124,126,129,134,135,136,137,138,143,145,146,147,149,151,152,154,155,156,158,159,160,163,164,165,167,171,172,174,175,178,179
OX14,85,86,91,92,94,95,97,98,109,112,115,117,120,123,128,131,133,135,136,137,140,142,146,147,152,155,156,160,164,165,168,169,170,172,175,179
OX15,109,115,118,120,121,122,124,126,127,128,129,131,132,134,135,137,138,140,146,149,152,153,154,155,158,162,163,165,166,168,169,170,174,175,177,178
OX16,110,116,119,120,121,122,125,126,127,128,129,130,132,133,135,136,138,139,145,146,148,149,151,152,157,158,159,160,161,162,165,171,172,173,174,177
OX17,111,112,113,129,130,131,132,133,134,135,136,137,138,139,140,141,142,143,159,160,161,162,163,164,165,166,167,171,172,173,174,175,176,177,178,179
OX18,112,117,119,120,122,123,125,126,128,129,130,131,133,136,138,139,140,142,146,147,148,149,152,155,156,157,158,159,160,165,166,170,171,172,174,175
OX19,113,117,118,120,121,123,124,126,127,129,130,131,134,137,138,139,140,143,145,146,151,152,154,155,159,162,163,164,165,169,170,171,174,177,178,179
OX20,23,31,33,34,57,66,69,70,86,87,88,89,92,93,94,95,96,97,118,119,124,125,127,128,130,131,134,135,137,138,139,142,146,147,149,150,152,156,157,159,160,164,165,167,170,171,173,179
OX21,22,31,32,34,59,66,67,70,93,95,118,119,121,122,124,125,127,128,130,131,132,136,137,141,146,148,150,151,152,153,154,155,156,159,160,161,163,167,170,171,172,174,175,178
OX22,33,35,59,62,89,93,97,98,102,106,117,118,119,122,123,124,126,129,132,134,137,138,139,142,146,148,149,152,154,155,159,164,166,167,168,170,171,173,174,175,176,179
OX23,34,35,57,59,69,71,88,89,93,94,97,98,102,103,118,119,120,122,123,124,132,133,139,140,141,143,145,147,151,153,156,157,158,160,162,163,164,167,169,173,174,175,176,177,178,179
OX24,57,58,59,62,69,70,87,93,94,95,96,97,102,103,104,106,118,120,121,122,123,125,126,129,132,133,137,139,140,141,149,155,156,157,158,159,161,162,163,165,166,167,168,173,177,178
OX25,32,35,58,59,62,71,86,89,92,95,97,102,104,106,117,119,120,123,124,126,128,129,131,133,136,138,139,140,146,147,149,152,154,155,156,157,159,160,161,162,168,170,171,172,174,177
OX26,31,35,58,59,66,67,68,70,86,87,88,89,92,93,94,95,96,97,102,104,120,122,124,125,126,127,129,130,132,134,135,136,138,139,142,143,146,150,151,159,161,162,165,167,170,172,174,177
OX27,62,66,67,68,69,70,88,89,98,106,117,119,120,121,122,123,125,127,128,130,131,134,137,138,142,143,147,148,150,151,152,153,154,160,162,163,168,173,177,178
OX28,59,68,69,70,88,89,94,95,96,97,98,102,117,119,120,122,123,127,130,133,135,136,137,139,142,143,145,146,147,151,157,160,161,162,163,167,168,169,170,175,177,178
OX29,58,67,69,71,89,95,96,97,98,104,117,121,122,123,124,126,129,132,138,143,146,147,148,151,152,157,158,159,160,163,165,167,168,169,170,171,172,173,174,178
OX30,87,88,89,93,94,95,117,118,119,123,124,125,135,136,137,141,142,143,153,154,155,159,160,161,168,169,170,174,175,176
OX31,86,92,95,98,120,122,128,131,132,134,137,140,147,148,153,154,156,157,159,160,161,162,164,166,167,168,171,172,173,176,177,179
OX32,117,119,123,125,132,134,135,137,145,146,148,149,151,152,153,155,157,158,159,161,163,164,166,167,168,170,171,173,175,176,178,179
OX33,118,119,124,125,133,134,136,137,146,149,152,153,158,159,164,167,168,171,176,179
OX34,119,125,134,137,146,149,152,158,164,167,176,179
OX35,146,149,152,154,158,160,164,167,169,172,176,179
OX36,145,148,151,153,157,159,163,166,168,171,175,178
OX37,120,121,122,126,127,128,129,130,131,132,133,134,135,136,137,138,139,140,148,155,157,159,160,162,164,165,166,167,170,171,172,174,175,176,177,179
OX38,148,149,153,155,157,158,159,161,163,164,168,170,171,173,178,179
OX39,147,149,153,154,156,158,159,160,162,164,168,169,171,172,177,179
OX40,154,155,160,161,169,170,172,173
OX41,153,155,159,161,168,170,171,173
OX42,69,71,102,103,121,123,125,127,129,132,135,138,142,143,149,155,156,162,164,165,170,176,177,179
OX43,70,71,102,104,121,122,124,125,127,128,129,130,132,133,135,136,138,139,141,142,157,158,159,161,162,163,165,166,171,173,174,176,177,178
OX44,66,67,88,98,103,104,123,124,126,130,131,133,136,138,139,141,149,150,151,158,159,162,163,164,165,166,169,171,172,177,178,179
OX45,67,68,89,96,102,104,124,125,127,129,131,134,137,139,140,142,149,151,152,158,160,163,166,167,170,172,173,178
OX46,93,94,95,96,97,98,126,127,128,135,136,137,149,158,159,160,161,164,168,169,170,171,172,173,174,175,176,179
OX47,68,71,88,96,97,102,103,104,122,123,124,125,127,131,139,140,141,142,152,155,158,159,160,163,164,166,167,168,171,174,178,179
OX48,88,94,95,96,97,102,125,127,128,134,135,141,159,161,168,170,171,172,173,174,175,176
OX49,89,94,96,103,123,127,132,135,137,142,149,158,161,164,170,179
OX50,96,97,98,102,103,104,123,124,125,126,127,128,149,158,159,160,161,164,168,169,170,171,172,173,174,175,176,179
OX51,149,158,164,179
OX52,155,161,170,173
OX53,35,71,98,102,103,122,123,125,126,128,129,130,132,133,136,138,139,142,157,158,159,160,161,162,163,166,169,171,172,173,174,175,176,177,178
OX54,95,97,98,104,121,122,124,126,127,135,159,160,165,166,168,169,171,172,174,175
OX55,94,98,102,104,122,124,125,126,128,129,130,131,132,133,134,135,136,138,139,140,159,161,162,163,164,166,169,171,173,174,176,177,178,179
OX56,98,104,121,124,126,127,160,165,169,172,174,175
OX57,97,103,121,122,123,127,159,165,166,168,171,175
OX58,129,130,131,132,133,134,135,136,137,138,139,140,159,160,161,162,163,164,171,172,173,177,178,179
OX59,103,104,121,123,124,127,133,136,159,165,171,175
OX60,102,104,122,124,125,128,134,137,160,166,172,176
OX61,132,133,134,135,136,137,159,160,161,171,172,173
Z0,0,6,36,42,108,114
Z1,1,7,37,43,109,115
Z2,2,8,38,44,110,116
Z3,3,12,48,54,163,178
Z4,4,13,49,55,164,179
Z5,5,14,50,56,162,177
Z6,6,21,82,88,160,172
Z7,7,22,83,89,161,173
Z8,8,23,81,87,159,171
Z9,9,15,51,63,84,90
Z10,10,16,52,64,85,91
Z11,11,17,53,65,86,92
Z12,12,18,73,103,117,123
Z13,13,19,74,104,118,124
Z14,14,20,72,102,119,125
Z15,9,24,127,142,145,175
Z16,10,25,128,143,146,176
Z17,11,26,126,141,144,174
Z18,18,33,41,71,149,158
Z19,19,34,39,69,147,156
Z20,20,35,40,70,148,157
Z21,21,30,59,68,130,139
Z22,22,31,57,66,131,140
Z23,23,32,58,67,129,138
Z24,24,27,47,62,76,106
Z25,25,28,45,60,77,107
Z26,26,29,46,61,75,105
Z27,36,66,72,78,144,150
Z28,37,67,73,79,145,151
Z29,38,68,74,80,146,152
Z30,39,48,83,98,120,126
Z31,40,49,81,96,121,127
Z32,41,50,82,97,122,128
Z33,42,57,95,104,166,175
Z34,43,58,93,102,167,176
Z35,44,59,94,103,165,174
Z36,45,51,123,135,153,159
Z37,46,52,124,136,154,160
Z38,47,53,125,137,155,161
Z39,4,34,79,94,134,137
Z40,5,35,80,95,132,135
Z41,15,27,111,120,152,167
Z42,17,29,113,122,151,166
Z43,54,69,87,99,113,143
Z44,55,70,88,100,111,141
Z45,56,71,89,101,112,142
Z46,1,31,97,100,153,168
Z47,2,32,98,101,154,169
Z48,60,63,119,134,169,172
Z49,61,64,117,132,170,173
Z50,62,65,118,133,168,171
Z51,0,30,96,99,155,170
Z52,75,84,115,130,156,162
Z53,76,85,116,131,157,163
Z54,77,86,114,129,158,164
Z55,90,105,110,140,149,179
Z56,91,106,108,138,147,177
Z57,92,107,109,139,148,178
Z58,3,33,78,93,133,136
OZ0,50,59,68,71,78,82,93,96,97,99,122,128,130,133,136,139,149,155,158,170
OZ1,74,80,81,89,93,96,101,102,109,110,113,115,116,117,120,123,126,129,130,134,137,138,139,143,145,146,147,151,152,154,155,156,159,161,163,165,167,169,170,171,173,174,176,178
OZ2,73,79,83,88,95,98,100,104,110,111,113,116,117,118,120,121,123,124,126,127,130,132,134,135,137,139,141,143,146,147,148,152,155,156,157,159,163,164,165,170,171,174,178,179
OZ3,53,59,65,68,82,85,88,106,116,118,125,127,130,131,133,137,139,142,145,155,157,160,161,163,168,171,172,175
OZ4,82,83,84,86,87,89,94,95,96,97,103,104,105,107,114,116,118,119,120,121,123,124,127,128,129,130,132,134,139,140,141,143,148,149,157,158,160,161,165,167,168,169,171,173,174,176
OZ5,81,83,84,85,87,88,93,95,97,98,102,104,105,106,114,115,117,119,121,122,124,125,126,128,130,131,132,133,138,140,141,142,147,149,156,158,159,161,165,166,169,170,171,172,174,175
OZ6,78,79,84,86,87,89,93,94,97,98,99,100,105,107,110,113,114,119,120,123,126,127,128,129,133,135,136,137,140,142,145,146,147,149,156,158,159,161,163,164,168,169,172,173,175,176,178,179
OZ7,79,80,84,85,87,88,94,95,96,98,100,101,105,106,109,110,112,113,114,116,118,119,120,122,123,125,129,131,132,133,139,140,141,142,145,149,150,151,152,153,154,155,158,161,163,165,166,167,168,172,175,178
OZ8,144,145,146,147,148,149,150,151,152,153,154,155,156,157,158,159,160,161,162,163,164,165,166,167,168,169,170,171,172,173,174,175,176,177,178,179
OZ9,30,31,32,33,34,35,66,67,68,69,70,71,83,85,86,87,95,96,98,104,106,107,111,112,113,115,116,119,121,124,128,129,131,132,135,136,137,138,139,141,149,158,161,165,168,170,171,174
OZ10,27,28,29,33,34,35,59,63,64,65,68,69,70,71,83,84,87,88,89,94,95,96,97,103,104,105,109,110,112,114,115,116,120,123,131,132,133,136,138,140,141,142,145,146,150,154,156,157,158,160,161,163,164,167,173,174,175,177
OZ11,80,83,85,86,88,89,97,98,101,104,106,107,110,113,115,117,119,120,121,123,124,126,127,129,130,134,136,138,140,143,145,146,147,150,151,153,154,156,159,163,164,165,169,170,173,176,178,179
OZ12,85,86,88,89,97,98,106,107,115,116,118,119,136,137,139,140,150,152,153,155,171,173,174,176
OZ13,84,86,87,89,96,98,105,107,114,116,117,119,135,137,138,140,150,151,153,154,171,172,174,175
OZ14,83,86,89,95,104,107,116,118,119,120,122,123,125,126,127,130,133,134,135,137,139,140,142,143,147,148,150,151,153,154,158,161,165,168,170,172,175,177,178,179
OZ15,114,116,118,120,122,123,125,126,127,128,129,130,131,133,135,137,139,142,146,147,148,150,151,153,154,164,165,166,168,169,170,173,176,177,178,179
OZ16,115,116,118,119,121,122,124,125,133,134,136,137,139,140,142,143,145,148,151,154,156,157,158,159,160,161,163,166,168,169,170,172,175,177,178,179
OZ17,117,118,119,126,127,128,129,130,131,132,133,134,138,139,140,141,142,143,147,148,149,150,151,152,153,154,155,156,157,158,159,160,161,165,166,167
OZ18,109,112,116,119,120,123,127,130,132,137,140,141,145,146,148,149,150,152,153,155,156,157,159,160,163,164,166,167,168,169,171,173,174,176,177,178
OZ19,110,113,116,119,120,121,122,123,124,125,128,131,132,133,134,137,140,141,142,143,145,146,148,149,157,158,160,161,163,164,166,167,169,170,178,179
OZ20,29,31,33,34,59,63,66,68,69,70,86,93,103,107,112,113,116,118,126,131,134,136,137,141,142,143,147,151,155,157,158,159,168,170,175,177,178,179
OZ21,28,31,32,34,59,65,66,67,68,70,93,94,95,103,112,120,123,129,131,133,134,135,136,137,138,140,141,142,145,146,148,149,150,151,152,154,157,158,161,163,164,169,170,174,178,179
OZ22,32,34,59,65,68,70,88,94,95,97,103,105,111,113,121,124,126,128,132,133,134,135,137,142,145,147,148,149,150,152,153,154,156,157,158,159,160,161,163,165,167,168,169,170,171,172,175,178
OZ23,31,33,63,65,66,67,68,69,86,88,89,93,95,97,98,105,106,107,113,116,118,122,125,126,127,128,129,130,131,132,135,136,137,138,139,141,142,143,146,147,148,152,154,158,159,160,161,164,165,168,169,170,172,174,177,178
OZ24,59,63,64,65,66,67,86,88,93,95,97,103,105,106,113,116,118,119,120,121,123,124,126,128,133,135,136,137,140,142,146,147,150,151,152,155,157,158,164,165,166,167,168,169,170,171,172,176,177,178
OZ25,33,34,64,66,67,70,86,88,89,93,94,96,97,98,111,112,116,118,122,125,128,130,134,136,139,140,141,142,145,146,148,153,154,156,158,159,161,163,164,166,169,170,176,177
OZ26,34,35,65,67,68,71,86,94,95,97,105,107,112,113,116,118,119,120,123,127,128,129,130,133,134,135,138,139,140,141,145,149,150,151,153,155,156,157,159,160,163,167,169,173,174,176,177,179
OZ27,63,64,65,69,70,71,86,87,88,98,105,106,116,119,120,121,122,123,124,125,126,127,128,129,130,131,132,133,134,137,138,139,147,148,149,151,152,154,155,165,166,167,172,173,174,177,178,179
OZ28,64,66,68,70,86,87,88,89,95,98,111,112,113,118,119,120,122,123,125,126,129,133,135,138,141,142,146,147,149,150,151,154,155,157,158,159,160,161,164,165,166,167,168,170,173,177,178,179
OZ29,65,66,67,71,86,88,93,98,105,107,111,112,113,118,121,122,124,125,126,128,129,131,133,134,136,138,140,143,145,147,148,149,150,154,157,163,165,166,168,169,171,177,178,179
OZ30,87,88,89,93,94,95,111,112,113,116,119,122,125,132,133,135,136,140,141,142,145,146,148,149,150,153,156,157,158,163,164,165,168,169,170,172,173,175,176,177,178,179
OZ31,86,89,98,107,116,119,122,125,134,137,140,143,146,149,150,152,153,155,156,157,159,160,164,167,168,169,171,173,174,176,177,178
OZ32,120,122,123,125,132,134,141,143,145,148,151,154,157,160,163,166,169,172,175,178
OZ33,121,122,124,125,133,134,142,143,145,146,148,149,151,152,154,155,157,158,160,161,163,164,166,167,169,170,172,173,175,176,178,179
OZ34,116,119,137,140,146,149,152,155,164,167,173,176
OZ35,146,149,152,155,157,160,164,167,169,173,176,178
OZ36,145,148,151,154,156,159,163,166,168,172,175,177
OZ37,122,125,134,143,151,154,156,158,159,161,168,170,172,175,177,179
OZ38,151,152,154,155,156,158,159,161,168,170,172,173,175,176,177,179
OZ39,150,152,153,155,156,157,159,160,168,169,171,173,174,176,177,178
OZ40,157,158,160,161,169,170,178,179
OZ41,156,158,159,161,168,170,177,179
OZ42,66,68,69,71,96,97,105,106,111,113,118,126,129,130,131,133,140,143,147,152,153,158,159,165,168,170,171,173,174,176,177,179
OZ43,67,68,70,71,96,98,105,107,112,113,118,119,126,127,133,134,138,140,141,143,147,148,154,155,160,161,165,166,168,169,171,172,174,175,177,178
OZ44,68,69,70,71,88,93,96,97,111,126,128,129,130,133,136,139,141,143,147,149,155,158,159,165,170,171,174,177
OZ45,69,71,88,89,93,94,97,98,105,106,112,113,118,126,127,128,130,134,136,137,139,142,147,148,149,152,155,158,159,160,161,166,168,170,172,173,175,176,177,178
OZ46,70,71,89,94,96,97,105,107,113,118,119,130,131,133,137,139,140,141,160,165,168,169,171,174
OZ47,88,94,95,96,97,105,111,113,119,126,127,129,131,135,137,140,147,148,158,160,161,169,170,177,178,179
OZ48,89,93,95,97,98,106,111,112,118,119,126,131,132,133,134,135,136,139,140,141,142,143,147,152,155,161,165,166,167,168,169,171,172,174,175,177
OZ49,93,94,95,105,106,107,111,112,113,126,127,128,129,130,131,135,136,137,147,148,149,152,155,173,176,177,178,179
OZ50,96,97,98,105,106,107,111,112,113,129,130,131,152,155,158,161,170,173,176,179
OZ51,152,155,158,161,170,173,176,179
OZ52,158,161,170,179
OZ53,35,71,94,97,105,106,107,111,112,113,119,128,132,134,137,140,142,143,149,161,165,166,167,169,172,173,175,176,179
OZ54,95,97,98,107,112,126,131,135,147,165,166,177
OZ55,94,98,105,107,112,113,128,129,131,137,149,165,167,179
OZ56,98,107,112,126,147,165
OZ57,97,106,111,126,127,129,130,131,147,148,165,166
OZ58,126,127,128,129,130,131,147,148,149,165,166,167
OZ59,106,107,111,112,118,127,128,130,131,139,148,149,166,167,168,178
OZ60,105,107,112,113,119,127,130,140,148,166,169,179
OZ61,132,133,134,141,142,143,171,172,173,174,175,176
