X0,0,5,25,28,34,46
X1,1,3,4,18,19,24
X2,2,17,23,33,45,53
X3,3,12,49,67,76,86
X4,0,4,6,9,14,17
X5,5,7,22,57,89,112
X6,1,20,21,63,75,87
X7,7,15,18,44,54,68
X8,8,58,60,88,107,135
X9,9,30,50,61,129,130
X10,10,25,58,72,114,133
X11,11,59,73,95,105,120
X12,12,27,60,62,136,156
X13,13,28,48,55,110,126
X14,14,29,49,108,127,145
X15,6,26,36,47,59,132
X16,8,16,19,55,56,69
X17,2,21,70,74,88,111
X18,15,16,41,42,142,143
X19,22,29,64,73,131,172
X20,23,71,92,101,113,170
X21,10,24,65,84,109,124
X22,27,37,38,54,125,144
X23,13,61,75,115,121,148
X24,20,26,57,62,71,134
X25,31,34,79,118,140,171
X26,32,43,98,132,139,156
X27,32,33,52,56,117,147
X28,31,44,51,128,130,146
X29,35,68,83,139,165,172
X30,36,69,80,119,140,154
X31,37,81,120,124,141,161
X32,38,51,101,104,149,169
X33,39,65,82,89,106,170
X34,40,94,96,100,126,163
X35,41,66,79,134,148,159
X36,40,42,98,133,150,161
X37,43,74,97,127,163,174
X38,45,46,77,78,166,173
X39,47,50,91,103,143,178
X40,48,52,102,105,157,160
X41,11,53,66,85,93,125
X42,63,77,109,137,149,160
X43,64,78,138,150,159,177
X44,39,76,100,116,128,162
X45,35,67,114,118,164,168
X46,80,87,146,153,158,174
X47,81,86,113,117,158,176
X48,82,85,108,122,171,175
X49,83,84,123,129,147,175
X50,90,107,115,123,144,173
X51,91,110,112,141,152,153
X52,92,135,145,154,167,177
X53,93,99,103,111,151,165
X54,94,95,106,119,155,166
X55,96,99,104,121,167,168
X56,97,122,157,169,178,179
X57,90,142,155,164,176,179
X58,136,137,138,151,152,162
OX0,44,51,74,95,99,100,101,106,119,121,122,126,127,149,155,157,166,167,168,174,178,179
OX1,18,46,51,52,54,61,68,75,79,86,95,99,100,102,104,105,106,113,115,117,118,119,120,124,126,128,130,140,141,146,148,155,157,158,160,161,163,166,167,168,171,176
OX2,29,50,51,55,56,59,66,68,71,72,75,77,79,85,86,88,98,100,101,103,104,106,108,110,115,116,118,119,122,124,128,129,132,135,138,139,140,141,144,146,147,148,150,151,154,155,156,158,159,160,161,165,168,169,170,171,172,173,174,176,178,179
OX3,49,52,56,59,66,68,70,71,74,77,85,86,88,95,98,99,103,104,105,124,131,132,135,138,139,141,144,145,147,149,150,151,154,156,158,159,161,165,166,167,169,170,172,173,176
OX4,21,51,52,54,56,59,66,70,71,73,77,78,85,88,95,98,99,101,103,105,113,117,120,122,125,127,132,135,139,145,147,151,154,156,157,163,165,166,167,169,170,173,174,177,178,179
OX5,19,26,46,51,52,54,56,57,59,60,61,66,68,69,71,74,76,77,78,79,84,85,87,100,102,103,104,106,109,111,113,114,115,117,119,122,123,124,125,126,127,128,129,130,131,134,139,140,141,146,147,148,149,150,152,155,156,158,159,161,162,164,166,167,169,171,174,175,176,177,178,179
OX6,26,46,50,57,58,59,61,68,70,71,72,75,76,77,78,79,84,85,86,87,88,89,95,98,99,101,102,103,104,105,108,109,110,111,112,114,115,116,118,120,126,127,130,133,135,139,143,145,147,148,152,155,156,160,161,162,168,169,173,175,176,177,179
OX7,25,50,62,69,71,87,103,110,112,119,132,134,140,141,143,146,152,154,158,174,178
OX8,46,50,51,52,54,55,56,57,58,61,66,68,71,72,74,77,78,79,89,102,104,108,110,111,112,113,115,116,117,123,125,126,127,129,130,131,132,133,134,139,143,147,148,149,150,154,155,156,159,161,164,166,167,169,170,176,177,179
OX9,50,51,52,61,74,75,79,86,95,98,99,100,101,102,105,106,113,115,117,118,119,120,122,124,126,127,128,129,133,140,141,146,148,149,150,155,158,160,166,167,168,171,174,176,178,179
OX10,51,52,54,56,57,59,60,66,68,70,71,73,74,77,78,85,88,95,98,99,101,103,105,113,117,120,125,132,135,137,138,139,145,147,152,154,162,165,166,167,170,173,177
OX11,54,55,56,61,66,69,70,72,76,79,85,88,100,102,106,110,112,115,122,123,125,126,127,128,131,134,135,143,145,148,155,159,162,164,170,171,173,175,176,179
OX12,52,55,56,57,58,59,66,68,71,72,73,74,75,77,78,79,85,86,89,95,98,99,102,103,104,105,108,110,112,116,121,123,124,126,127,131,132,134,139,141,143,147,149,151,154,155,156,158,159,161,164,165,166,167,169,170,177,179
OX13,55,57,60,73,76,78,86,131,138,150,159,172,177
OX14,56,57,58,59,61,66,68,70,72,76,77,85,86,89,98,100,101,103,106,108,110,112,115,116,117,118,119,120,121,122,123,128,130,132,134,135,137,139,140,143,145,146,147,148,149,150,152,160,162,164,165,167,168,171,172,174,176,177,178
OX15,57,59,61,62,68,69,70,72,77,79,86,98,101,103,110,112,115,117,118,119,120,121,123,130,132,134,135,137,139,140,143,145,146,147,149,150,152,159,160,164,165,167,168,170,172,174,175,176,177,178
OX16,61,68,69,70,75,78,79,84,86,87,98,101,103,110,112,115,117,119,120,121,123,124,130,131,133,134,135,138,139,140,143,145,146,147,152,165,167,170,174,175,176,178
OX17,58,59,62,69,72,73,75,76,77,84,85,86,87,89,100,106,108,116,117,118,122,124,128,132,133,137,147,149,160,162,164,168,170,171,175
OX18,59,60,62,69,71,72,84,87,98,101,103,104,110,112,114,119,124,129,130,132,134,138,140,141,143,146,150,151,154,156,158,160,161,162,169,174,178
OX19,60,62,71,72,73,78,86,95,99,100,101,104,105,106,113,116,118,119,121,126,128,130,132,133,135,137,138,139,140,145,146,148,150,151,152,154,155,157,159,160,161,162,163,166,168,170,171,172,177
OX20,68,74,75,77,79,84,87,95,99,100,101,106,114,118,119,121,122,123,126,127,128,129,130,139,146,147,149,155,157,164,165,166,167,172,174,175,178,179
OX21,70,71,73,74,79,86,98,101,102,105,113,118,122,123,127,130,131,132,135,138,139,140,145,147,148,150,154,156,160,163,167,169,170,171,172,174,175,178,179
OX22,71,72,76,77,78,79,88,98,101,102,103,104,106,114,116,117,118,119,121,122,123,126,127,129,130,133,135,137,140,141,144,145,146,147,149,151,154,155,156,158,161,162,168,169,170,171,172,173,174,175,176,177,178,179
OX23,72,73,77,78,84,85,86,87,89,95,99,101,102,106,108,110,111,112,114,115,118,119,123,127,129,130,134,137,139,142,143,145,146,147,149,150,151,152,155,156,163,164,165,166,167,169,175,177
OX24,73,74,75,77,79,86,88,95,99,100,103,110,112,113,114,115,117,118,121,122,123,126,127,128,129,140,141,144,145,147,149,152,157,158,166,173,176,177
OX25,76,84,88,98,102,105,110,111,112,114,115,121,122,123,126,127,129,132,137,140,142,145,147,148,150,151,152,155,157,159,160,162,165,168,172,176,177,179
OX26,74,75,77,84,87,89,98,101,104,110,111,112,114,118,122,123,127,130,133,134,139,141,142,143,147,149,150,152,153,157,161,163,164,165,168,172,174,175,178,179
OX27,69,84,85,88,89,98,100,102,105,106,108,110,111,112,113,114,115,116,121,123,126,127,128,129,132,135,137,140,142,148,150,151,152,154,155,157,158,159,160,165,167,168,170,171,172,175,179
OX28,77,79,86,88,89,95,98,99,100,101,106,110,112,113,117,119,120,121,122,123,124,126,127,128,129,130,133,134,142,143,144,146,147,149,150,152,153,155,157,158,167,168,173,174,175,176,178,179
OX29,78,79,85,95,98,99,102,103,105,106,108,110,111,112,113,115,117,118,119,127,129,132,139,140,141,142,144,145,147,148,151,152,153,154,156,158,159,160,163,164,165,166,167,169,173,174,177,178
OX30,75,86,89,98,101,103,113,114,117,118,120,123,124,130,133,134,140,141,143,144,146,150,153,154,155,158,164,168,173,174,175,178
OX31,79,84,85,86,88,89,95,98,99,100,101,106,108,110,112,113,117,119,120,122,124,126,128,130,133,134,139,140,142,143,144,147,150,151,152,154,155,158,163,164,166,171,172,173,174,175,176,178,179
OX32,84,87,101,103,110,111,112,123,127,130,139,140,141,142,146,152,154,155,163,165,166,172,175,176,178
OX33,87,89,95,98,99,100,101,102,103,104,105,113,115,117,118,121,122,123,126,128,130,133,134,139,142,143,144,145,147,148,150,153,156,158,159,160,161,163,164,166,168,169,171,173,174,176,177
OX34,86,89,95,98,99,100,102,103,104,105,106,111,114,115,116,117,119,120,122,123,124,126,128,129,132,135,137,139,144,146,148,150,157,158,159,160,161,163,164,165,166,170,173
OX35,85,88,89,95,99,100,101,103,106,108,110,112,115,116,117,119,122,123,126,128,129,130,135,141,144,152,153,158,162,163,164,166,170,171,173,175,178,179
OX36,98,101,103,104,110,112,121,129,130,133,141,143,150,152,153,161,167,168,178
OX37,88,89,95,99,101,103,115,116,117,130,135,144,147,155,158,164,170,172,173,175,178,179
OX38,89,100,103,104,106,114,115,118,119,126,128,129,132,133,134,137,141,143,145,146,151,153,156,157,161,162,163,166,167,169,171,174,175,176,177,178
OX39,100,101,103,105,106,110,112,114,115,116,117,118,119,121,122,126,128,129,130,132,133,134,135,139,140,141,142,143,144,146,147,148,152,153,156,158,159,160,163,164,166,167,168,169,170,171,172,173,175
OX40,95,99,103,104,105,106,109,114,116,117,118,119,121,122,127,129,132,133,134,135,141,143,144,145,147,148,151,153,155,156,158,159,160,161,162,163,164,166,168,169,170,171,172,173,176,177,178
OX41,101,103,104,106,109,110,111,112,113,115,116,117,119,127,130,135,139,140,142,146,152,154,158,161,163,165,166,170,175,178
OX42,104,105,113,116,117,121,129,135,137,139,140,141,144,147,148,151,153,154,157,158,159,160,161,162,164,167,168,170,171,172,173,174,175,176
OX43,102,103,105,110,112,113,114,115,117,121,122,123,129,132,133,137,139,141,142,143,144,145,146,148,151,152,153,154,155,157,158,159,160,162,164,168,173,177
OX44,103,105,106,109,110,113,114,115,118,119,127,132,133,134,137,138,142,143,145,148,152,153,157,159,160,163,166,167,171,175,176,177
OX45,105,106,109,114,115,116,117,118,119,122,127,134,135,140,142,144,146,147,148,151,156,158,159,160,162,163,164,166,169,170,171,172,173,174,175,178
OX46,110,115,122,137,138,142,151,152,155,156,157,162,164,169,176,178
OX47,113,116,117,135,145,154,158,167,170,176,177
OX48,106,109,111,112,116,117,118,119,121,123,127,129,132,133,134,135,137,138,139,140,141,143,144,146,151,154,155,156,157,158,162,163,164,165,166,167,168,169,170,171,173,176,178
OX49,111,114,115,118,121,122,123,132,133,134,137,143,144,146,147,153,154,156,157,165,167,168,169,173,174,175,176,178
OX50,109,115,116,117,121,129,135,138,139,140,141,145,147,151,153,158,162,168,170,174
OX51,116,117,118,134,135,140,158,170,175,176
OX52,112,115,129,137,138,141,142,147,151,153,155,156,157,162,164,169,171,176,178
OX53,114,121,123,145,164,168,172
OX54,115,122,129,137,138,141,142,146,151,153,155,156,157,162,164,169,174,176,178
OX55,118,134,140,147,158,176
OX56,139,140,146,147
OX57,145,146,147,153,154,167,174,175
OX58,122,137,138,142,146,151,153,155,156,157,158,162,164,169,174,176,178
OX59,123,129,141,144,147,173,175
OX60,129,141,142,144,155,158,172,173,176
OX61,142,147,155,157,158,164,171,176
Z0,0,6,25,98,132,133
Z1,1,3,67,75,121,168
Z2,2,23,39,70,116,170
Z3,3,19,55,76,100,126
Z4,4,6,24,59,120,124
Z5,5,25,57,58,60,62
Z6,0,14,28,126,127,163
Z7,5,7,46,54,144,173
Z8,8,16,88,103,111,143
Z9,9,14,61,121,145,167
Z10,10,104,109,114,149,168
Z11,11,93,94,95,96,99
Z12,12,62,67,79,118,134
Z13,13,37,110,115,141,144
Z14,9,17,23,51,101,130
Z15,15,40,42,44,100,128
Z16,8,55,60,110,136,152
Z17,4,17,18,53,54,125
Z18,19,24,65,69,106,119
Z19,20,26,59,63,105,160
Z20,1,18,21,68,111,165
Z21,22,29,112,127,153,174
Z22,2,45,74,94,163,166
Z23,7,15,89,106,142,155
Z24,26,47,71,101,169,178
Z25,27,38,43,97,156,169
Z26,28,34,48,122,157,171
Z27,29,49,73,81,86,120
Z28,30,42,50,72,133,143
Z29,31,34,46,51,77,149
Z30,32,33,45,78,98,150
Z31,32,52,136,137,156,160
Z32,31,79,128,138,159,162
Z33,35,36,118,132,139,140
Z34,35,73,95,155,164,172
Z35,37,38,40,96,104,161
Z36,12,27,49,85,108,125
Z37,20,21,22,57,70,131
Z38,11,13,48,66,105,148
Z39,41,71,113,134,142,176
Z40,30,61,64,131,148,159
Z41,43,44,68,139,146,174
Z42,16,33,41,53,56,66
Z43,36,47,99,103,154,167
Z44,50,84,91,124,129,141
Z45,52,76,86,102,116,117
Z46,56,69,140,147,171,175
Z47,10,58,65,92,135,170
Z48,63,77,80,87,119,166
Z49,64,78,83,123,172,173
Z50,72,102,114,157,164,179
Z51,74,88,90,97,107,179
Z52,75,87,90,115,158,176
Z53,80,138,152,153,154,177
Z54,81,92,113,150,161,177
Z55,82,89,91,112,122,178
Z56,83,84,109,137,151,165
Z57,107,108,123,135,145,175
Z58,117,129,130,146,147,158
OZ0,48,55,60,61,66,69,70,71,76,77,78,79,85,86,89,90,91,93,94,97,98,101,102,103,108,110,111,112,113,121,123,125,126,127,128,129,134,135,137,138,140,142,143,144,146,149,150,151,152,156,157,158,159,160,166,167,170,173,176,178,179
OZ1,55,57,59,62,69,88,89,92,98,103,104,109,110,111,114,119,120,124,132,133,135,136,142,143,149,152,155,168,170
OZ2,54,57,59,60,62,66,68,71,76,78,86,88,89,90,92,94,97,102,104,108,109,111,113,114,116,119,120,123,124,125,129,130,132,133,134,136,137,140,145,146,149,150,155,156,158,160,163,165,166,168,170,171,176,179
OZ3,59,98,104,109,114,120,124,132,133,149,168
OZ4,57,62,65,67,76,77,88,89,90,92,100,103,105,106,110,111,115,119,120,121,124,126,135,136,138,142,143,153,154,155,158,160,166,168,170,176,177
OZ5,49,51,60,61,62,65,71,85,86,89,91,93,95,98,99,103,104,109,112,113,114,116,118,120,121,122,130,131,133,135,139,140,145,149,150,151,154,155,161,162,164,168,169,172,177
OZ6,44,51,60,65,66,67,68,71,78,86,94,97,98,100,102,103,105,106,108,110,113,115,116,120,121,123,124,125,126,129,130,134,135,137,138,140,142,143,144,145,146,149,150,153,154,156,163,165,168,171,173,177,179
OZ7,60,65,66,67,71,77,78,86,88,90,98,100,102,103,105,106,110,111,113,115,116,120,121,124,125,126,129,130,134,137,138,140,142,143,144,146,150,153,154,156,166,168,171,173,175,177
OZ8,51,61,62,65,71,76,85,86,88,91,93,95,98,99,100,104,106,109,110,111,113,114,116,118,120,121,122,126,127,130,131,133,135,136,139,140,142,143,145,149,150,151,152,153,154,161,162,164,168,169,172,174,177
OZ9,61,65,66,71,73,76,78,84,86,89,91,95,99,102,103,104,109,112,113,114,116,118,119,121,124,125,127,130,133,134,136,137,139,141,144,145,146,149,150,153,154,156,158,160,164,168,171,172,173,174,175,176
OZ10,62,70,73,77,79,84,85,89,90,93,95,97,98,99,101,103,104,105,109,111,112,114,115,116,119,120,121,122,129,130,133,134,138,140,141,146,149,151,152,153,155,156,158,160,162,164,165,166,167,169,170,172,174,176,177,178
OZ11,66,70,88,90,95,97,98,99,100,101,102,104,105,106,109,110,114,115,116,121,122,124,125,126,128,129,130,131,133,135,136,142,143,144,150,153,155,156,157,159,160,161,162,164,165,166,167,170,172,173,174,175,178
OZ12,65,71,73,76,77,79,84,86,93,94,100,103,105,106,110,113,115,116,118,119,121,122,123,125,126,127,129,130,131,134,136,138,139,141,142,143,144,145,146,150,151,154,155,156,158,160,161,162,163,165,168,173,175,176,179
OZ13,67,70,73,76,78,79,84,88,89,93,94,95,97,99,100,101,103,104,105,109,112,114,115,116,118,119,120,121,123,125,127,128,129,130,133,135,136,137,139,140,141,144,145,150,151,152,153,155,156,157,158,159,164,167,170,171,172,173,175,176,177,178,179
OZ14,70,71,85,88,89,90,95,97,98,99,100,101,102,104,105,108,109,110,112,113,114,115,116,121,122,124,125,126,127,128,129,130,131,133,134,135,136,142,143,144,150,156,157,159,160,161,162,164,165,166,167,170,172,173,175,176,178
OZ15,71,73,76,86,89,92,94,95,98,99,101,102,104,105,108,109,110,112,114,115,116,120,121,122,123,124,126,128,129,130,133,134,136,142,143,145,156,157,159,160,162,164,165,167,170,172,176,177,178,179
OZ16,76,78,85,86,88,89,92,98,102,103,108,111,112,116,119,125,127,129,130,135,136,137,140,142,143,144,146,150,153,155,156,158,160,170,171,173,174,175
OZ17,77,79,84,85,88,94,96,98,100,101,102,104,109,111,113,114,118,119,125,128,131,133,135,138,139,141,142,143,144,146,150,151,153,154,157,158,159,161,163,164,167,168,172,173,174,175,177,178
OZ18,78,84,90,96,100,101,102,104,109,110,113,114,118,119,122,123,126,127,131,133,137,141,142,143,145,149,151,152,153,154,158,160,161,162,163,164,165,166,167,168,169,171,172,177,178,179
OZ19,73,85,88,89,93,96,98,101,103,104,106,109,110,111,112,113,114,115,119,120,122,123,124,126,128,133,135,136,140,146,148,156,157,158,159,160,162,164,165,171,172,175,177,178,179
OZ20,79,84,88,89,94,96,97,99,100,102,103,105,106,108,110,111,112,118,119,120,121,122,124,126,131,135,136,139,140,141,142,143,145,148,150,151,152,155,156,158,161,162,164,167,171,172,174,175,176,177
OZ21,92,94,99,101,106,108,110,113,115,118,122,123,126,127,128,136,139,142,143,146,148,149,153,156,157,158,159,160,162,165,168,170,171,174,175,177,178,179
OZ22,84,93,96,100,101,102,104,106,108,110,114,115,116,121,122,124,125,126,128,129,130,133,142,143,144,145,151,153,155,157,161,162,163,164,167,170,174,178,179
OZ23,85,88,90,91,93,94,96,100,101,102,104,106,108,111,114,115,116,121,122,123,127,128,133,135,136,139,141,142,143,146,151,152,153,155,156,157,161,162,163,164,165,166,167,170,173,175
OZ24,88,91,95,96,99,102,104,106,109,110,111,113,115,116,118,119,120,123,124,126,128,135,136,139,146,148,151,154,155,156,158,159,160,164,165,167,169,170,171,175,177,178
OZ25,89,90,91,94,98,100,103,104,108,110,112,113,116,119,121,126,127,131,139,140,141,142,143,148,149,151,152,153,155,157,158,159,160,161,163,164,166,167,168,170,171,172,173,177,178
OZ26,91,93,98,99,100,101,105,110,113,114,115,118,120,121,122,123,125,126,127,129,130,133,137,138,139,142,143,144,145,146,149,150,151,155,157,161,162,164,165,166,167,168,171,173,174,176
OZ27,95,96,97,98,99,105,106,108,109,110,113,116,118,123,124,126,128,129,130,131,136,137,138,141,145,150,152,153,155,156,157,165,166,167,168,170,171,172,173,174,176
OZ28,90,96,99,102,103,104,106,110,113,114,116,118,121,122,126,133,141,142,143,148,149,152,153,158,159,160,161,162,164,166,167,168,170,171,173,177,179
OZ29,93,94,96,97,98,100,101,105,106,108,114,115,116,120,122,123,125,127,128,129,130,131,133,136,137,142,143,144,148,150,152,153,155,156,159,160,161,162,163,165,166,168,169,170,172,173,174,178
OZ30,94,96,97,98,100,101,105,109,113,114,115,118,120,121,122,124,133,136,138,141,142,143,149,150,152,156,157,161,162,163,166,171,173,176,178
OZ31,96,99,102,104,105,106,108,113,116,118,120,123,127,129,130,136,139,141,146,153,156,162,163,165,166,168,169,170,171,173,176,179
OZ32,97,98,99,100,101,102,103,104,106,110,116,119,126,128,138,139,146,150,151,152,154,157,162,164,165,167,168,170,174,178,179
OZ33,100,103,105,106,109,110,113,114,115,116,118,119,120,121,122,124,126,127,128,131,133,136,137,139,141,142,143,145,146,151,154,155,156,157,161,162,164,166,168,170,171,172,173,174,176
OZ34,99,101,102,103,104,108,110,113,115,118,119,123,126,128,129,130,131,137,138,145,148,151,153,154,155,159,160,162,163,164,165,171,172,174,176,178,179
OZ35,98,103,104,105,108,110,115,118,120,122,123,126,127,129,130,136,137,138,140,142,143,146,148,151,153,154,156,159,160,161,163,164,167,169
OZ36,102,105,109,110,115,118,120,124,126,128,131,140,141,146,148,150,151,154,155,157,159,160,161,162,163,165,166,167,168,172,173,174,179
OZ37,103,109,110,115,121,124,126,127,137,141,142,143,145,151,155,163,166,167,173
OZ38,105,106,108,109,113,114,116,118,119,120,121,123,124,127,128,129,130,131,133,138,141,148,149,151,153,154,155,157,159,161,165,166,167,169,170,171,172,173,174,176
OZ39,101,109,110,113,115,119,121,122,124,126,127,136,139,140,141,142,143,145,151,156,157,160,163,165,166,167,169,171,173,176,178
OZ40,104,106,110,113,115,116,121,122,126,128,131,138,140,141,146,149,150,151,154,157,160,161,163,164,165,166,167,168,170,171,172,173,174,176
OZ41,106,108,110,113,115,116,119,121,123,126,128,129,130,131,136,137,139,140,142,143,145,153,156,157,160,163,167,170,171,172,174,176,178
OZ42,109,110,114,115,118,119,124,126,127,133,136,139,140,141,145,148,150,151,156,157,159,160,163,164,165,166,167,168,173,179
OZ43,110,115,118,126,127,136,139,140,141,142,143,145,148,149,150,151,154,155,156,157,159,160,161,163,164,165,166,169,173,178,179
OZ44,108,118,119,121,122,123,129,130,140,141,142,143,145,146,148,150,153,159,161,164,166,167,173,178
OZ45,114,118,121,133,136,139,140,148,150,151,154,156,159,165,167
OZ46,118,127,128,137,140,145,146,154,157,160,162,164,174,179
OZ47,121,127,128,136,138,139,145,146,148,151,156,159,162,165,167,174
OZ48,115,123,127,129,130,136,137,138,139,142,143,145,146,148,149,151,156,159,164,165,167,168,169,174,178
OZ49,119,142,143,149,154,155,157,160,164,167,168,169,178,179
OZ50,123,127,128,129,130,138,141,145,150,153,155,161,162,164,166,167,168,173,174
OZ51,116,122,127,128,129,130,131,137,145,151,157,158,160,164,165,167,168,172,174,175,176
OZ52,127,128,136,137,139,145,146,151,156,157,160,162,164,165,167,168,174,179
OZ53,128,136,138,139,146,149,151,156,157,158,160,162,164,165,167,168,169,176,177
OZ54,122,129,130,136,139,142,143,146,149,151,156,157,158,160,165,169,175,176,178
OZ55,129,130,140,142,143,146,149,154,157,158,160,164,167,168,169,171,175,176,178,179
OZ56,138,149,152,153,157,158,160,164,167,168,169,176,177
OZ57,141,142,143,150,153,158,161,164,167,168,176,177,178,179
OZ58,142,143,149,157,160,169,178,179
OZ59,136,139,151,156,165
OZ60,149,157,160,169
OZ61,137,152,153,157,158,160,176,179
