X0,0,36,38,79,135,136
X1,1,14,20,83,89,168
X2,2,9,22,73,118,176
X3,3,78,91,116,155,167
X4,4,19,59,99,117,169
X5,5,46,119,124,133,183
X6,6,11,42,52,125,141
X7,7,57,64,94,158,161
X8,8,35,75,94,134,154
X9,9,30,45,48,91,143
X10,10,26,41,99,145,190
X11,11,39,59,80,164,166
X12,12,40,51,81,156,157
X13,13,58,93,97,142,170
X14,14,29,47,53,108,187
X15,15,20,71,88,97,164
X16,16,32,67,146,157,189
X17,17,31,105,148,173,190
X18,18,21,35,69,77,115
X19,19,68,112,118,171,181
X20,15,47,85,114,126,180
X21,21,32,37,132,136,182
X22,2,27,90,98,117,150
X23,23,27,34,61,158,180
X24,24,28,31,96,134,182
X25,25,29,61,73,76,139
X26,0,26,30,56,70,171
X27,22,43,124,147,177,187
X28,13,28,41,82,135,172
X29,25,63,66,79,143,152
X30,23,49,66,82,129,160
X31,17,81,84,106,125,186
X32,16,86,95,159,163,178
X33,33,44,148,153,155,184
X34,34,71,127,154,169,172
X35,18,36,68,76,127,168
X36,4,8,42,105,123,188
X37,37,55,116,149,152,178
X38,38,67,83,137,138,170
X39,39,98,114,140,144,177
X40,40,46,78,104,121,159
X41,10,58,74,80,106,131
X42,5,6,92,100,111,156
X43,43,50,89,100,112,166
X44,44,87,90,101,123,161
X45,45,49,145,150,151,184
X46,12,50,56,131,137,179
X47,48,65,104,128,147,179
X48,51,70,110,132,167,173
X49,52,54,87,133,140,165
X50,53,95,107,120,122,183
X51,54,121,153,162,175,186
X52,7,55,72,77,120,139
X53,33,57,96,130,149,160
X54,60,109,130,163,175,185
X55,1,92,115,122,146,191
X56,62,126,129,142,174,185
X57,63,86,108,128,138,174
X58,60,64,85,102,107,165
X59,62,65,74,144,151,162
X60,69,103,110,111,181,188
X61,3,72,101,103,119,176
X62,75,88,102,113,141,191
OX0,47,71,80,85,87,94,97,98,99,102,105,113,117,121,123,125,126,133,134,144,153,154,162,165,166,169,175,177,180,186,188,191
OX1,50,56,70,76,78,80,81,87,88,94,98,99,100,102,104,105,110,111,112,113,114,115,117,118,119,122,123,124,125,127,131,132,134,137,144,146,153,154,157,159,162,164,165,166,167,168,169,171,173,175,177,179,181,183,186,188
OX2,59,76,80,81,84,87,88,90,92,94,98,101,102,106,112,113,114,115,118,122,125,127,134,140,141,144,146,148,154,161,164,166,168,171,173,177,181,186,188,190
OX3,74,76,77,78,80,82,84,85,87,92,93,94,96,97,99,100,101,102,103,104,105,107,109,111,112,116,118,120,124,127,131,132,135,136,139,140,141,142,145,152,155,157,158,159,160,161,162,163,168,170,171,172,173,176,178,181,182,183,184,185
OX4,49,66,71,73,76,83,84,85,87,88,89,90,91,93,94,97,98,100,101,102,108,111,112,113,115,117,119,121,122,125,128,131,132,133,134,135,136,140,141,145,146,148,149,151,152,155,157,159,160,161,162,164,166,167,170,171,173,174,176,178,179,180,181,182,183,185,186,188
OX5,56,58,66,71,73,77,78,82,83,88,89,90,91,92,96,98,103,104,105,106,107,108,109,113,115,116,117,118,119,120,121,122,124,125,127,128,131,133,134,139,142,146,148,149,150,158,163,164,166,167,168,172,174,179,180,186,188,190
OX6,58,66,71,73,76,77,78,79,80,82,85,86,93,95,96,103,105,108,109,113,114,116,117,119,121,122,125,128,133,134,135,138,142,144,148,149,150,152,154,160,162,163,166,167,170,172,174,176,177,180,183,184,185,186,188,191
OX7,80,83,85,87,88,89,92,94,95,98,99,102,105,107,108,113,115,117,120,121,123,125,126,133,134,144,146,153,154,158,162,164,165,166,168,169,175,177,183,186,187,188
OX8,67,71,73,76,79,81,83,84,86,88,92,95,97,98,99,101,105,106,107,108,115,120,121,123,128,133,135,136,137,139,140,141,146,148,150,153,158,161,162,164,165,169,170,173,174,175,180,183,190,191
OX9,66,71,73,76,79,81,84,86,87,90,96,97,98,99,102,105,106,108,113,121,128,130,133,134,138,139,140,143,149,150,152,154,155,160,161,162,164,165,169,173,174,175,180,184,190,191
OX10,73,82,83,84,85,89,91,92,93,94,96,97,98,100,108,111,112,117,119,121,123,125,128,129,130,131,132,133,135,136,140,145,151,152,153,157,159,160,161,162,164,166,167,168,169,170,171,172,173,174,176,178,179,181,182,183,184,185,186,188
OX11,71,76,77,79,81,82,85,88,89,91,92,93,94,96,99,100,101,105,106,107,111,112,115,117,119,120,122,125,129,130,131,132,137,139,141,145,146,148,150,151,152,158,160,163,165,166,167,168,171,172,175,176,179,180,181,182,184,185,186,188,189,190
OX12,70,77,78,83,84,87,89,91,93,94,95,101,102,108,110,111,113,114,119,121,122,125,126,132,133,134,136,139,140,141,148,152,160,161,162,163,167,168,176,178,181,183,184,185,186,187,188,189
OX13,83,85,87,89,90,92,95,96,97,101,102,107,108,113,114,115,120,123,126,130,134,141,146,148,149,153,154,155,158,160,164,168,180,183,184,187
OX14,78,81,84,87,88,90,91,94,96,97,98,99,101,103,105,106,116,119,121,130,133,140,141,149,150,160,161,162,164,165,167,169,173,175,176,180,184,190
OX15,79,81,82,86,87,89,90,91,92,93,94,99,100,105,106,108,109,111,112,113,115,117,119,122,123,125,128,129,130,131,132,134,137,138,139,145,146,149,150,151,152,153,154,155,166,167,168,171,172,174,176,179,180,181,182,186,188,189,190,191
OX16,88,89,93,95,98,99,102,106,107,109,115,117,120,126,128,129,130,131,136,137,140,142,143,144,145,146,150,151,152,154,157,158,159,160,165,166,174,175,177,178,184,185,187,189
OX17,77,85,95,102,109,122,130,163,165,175,183,185
OX18,85,87,89,90,93,95,96,98,99,101,102,106,113,117,120,123,126,128,129,130,131,134,136,137,140,141,142,143,144,145,146,148,149,150,151,152,153,155,157,159,163,166,174,177,178,187,189,191
OX19,81,84,86,89,91,92,95,98,99,101,102,105,106,107,108,109,114,120,121,122,123,126,130,133,135,136,137,138,139,140,141,143,148,150,153,157,158,159,161,162,168,169,170,173,178,185,187,189,190,191
OX20,76,82,86,87,90,93,95,96,98,99,100,101,102,104,106,111,112,113,114,115,117,118,119,120,121,122,123,124,127,130,132,133,134,135,136,137,140,141,142,143,144,148,152,153,154,160,163,166,167,168,169,170,171,172,177,179,180,181,182,183,184,189
OX21,82,84,87,89,90,93,95,96,97,101,108,114,115,120,122,123,126,134,137,138,141,146,148,149,153,154,155,157,160,163,164,165,168,170,175,183,184,185,187,191
OX22,86,92,93,97,98,99,106,107,108,114,115,117,129,131,136,137,138,140,142,143,144,145,150,151,152,154,157,158,159,160,163,164,166,168,177,178,180,183,184,187,189,191
OX23,87,90,96,97,101,106,108,113,123,129,131,134,137,138,142,143,145,146,148,149,150,151,152,153,155,157,163,168,169,172,175,180,185,187
OX24,84,96,98,100,101,102,103,106,107,109,111,112,114,115,116,117,123,126,129,130,131,133,134,136,139,140,141,143,145,146,147,149,151,153,154,156,158,159,160,161,162,163,166,167,169,170,172,173,174,178,181,184,185,187,188,189
OX25,89,90,96,98,99,101,104,108,115,117,119,122,123,125,126,128,132,133,134,135,136,138,140,141,142,143,144,148,152,153,154,159,160,165,166,167,168,169,172,175,182,184,185,186,189,191
OX26,90,91,97,107,114,117,122,128,135,136,137,139,140,143,144,146,150,157,158,159,163,166,170,174,177,178,180,183,187,189
OX27,91,96,97,98,99,101,104,106,109,119,123,125,129,131,132,133,134,139,143,145,148,151,153,163,164,167,170,174,175,177,178,180,182,183,185,186
OX28,93,96,97,98,100,101,102,103,106,108,111,112,113,115,116,122,123,126,128,130,131,133,134,135,138,139,141,144,145,146,147,149,150,151,152,153,154,156,161,162,167,168,169,170,172,173,177,180,181,183,184,185,187,188
OX29,92,95,97,99,100,101,102,103,106,107,111,112,114,116,117,120,122,123,126,128,130,131,132,133,136,137,139,140,141,143,145,146,147,150,151,152,153,156,157,158,160,162,163,164,166,167,173,175,180,181,182,184,188,191
OX30,97,99,100,101,102,103,107,111,112,114,115,116,117,123,126,129,130,132,133,136,139,140,141,142,146,147,153,154,156,158,159,162,166,167,169,172,173,174,175,178,180,181,182,187,188,189
OX31,95,98,99,102,104,106,108,109,114,117,119,120,121,128,129,131,134,136,138,143,144,145,148,149,150,151,159,160,162,163,164,165,166,167,168,170,175,183,189,191
OX32,96,106,107,108,113,114,115,117,129,132,134,136,138,140,142,144,149,150,152,154,157,158,161,163,166,168,175,177,179,182,183,185,187,191
OX33,99,100,101,103,104,107,109,111,112,114,116,117,119,121,122,123,126,128,131,133,135,136,139,141,145,146,147,148,150,151,153,156,157,158,161,163,165,166,170,173,174,177,178,179,181,183,188,189
OX34,100,101,103,108,109,111,112,114,116,117,123,130,133,134,136,137,138,139,141,142,144,147,149,150,152,153,156,157,159,161,162,163,165,166,167,168,170,173,174,177,178,181,185,188
OX35,94,106,108,109,115,121,122,123,125,126,128,130,132,134,135,136,138,142,145,150,152,154,155,157,159,160,162,164,168,169,172,173,178,182,184,188,189,191
OX36,102,104,108,109,115,119,122,126,128,129,131,134,135,137,138,140,145,146,148,149,151,152,153,154,159,163,165,167,168,169,172,174,177,179,183,185,186,189
OX37,101,103,104,106,107,111,112,115,116,119,121,123,130,131,132,133,134,139,142,143,145,147,148,149,150,151,153,154,156,158,159,160,164,169,170,172,173,177,181,182,187,188,189,191
OX38,109,111,112,113,119,123,124,125,136,137,142,143,145,146,147,153,155,157,164,167,169,170,172,176,177,179,181,184,186,187
OX39,104,107,108,111,112,114,115,117,122,123,124,125,126,128,129,132,135,137,138,142,144,145,146,147,148,152,154,155,157,158,159,160,161,165,166,168,169,170,172,174,175,176,177,179,181,182,187,191
OX40,111,112,114,115,117,122,123,126,128,129,140,142,143,144,145,147,154,155,156,162,163,166,167,169,172,174,175,177,178,179,181,184,185,186,189,191
OX41,106,107,108,114,115,117,119,121,122,124,125,126,132,136,138,143,144,145,149,152,153,154,155,157,158,159,163,164,165,166,167,168,169,172,174,175,176,177,179,182,184,187,189,191
OX42,108,113,114,117,121,122,125,129,131,135,137,138,144,145,146,148,151,152,155,156,160,161,162,164,165,166,167,168,169,172,173,174,175,183,186,187
OX43,107,115,121,126,129,130,131,132,134,143,145,149,151,153,154,157,158,160,161,162,169,170,172,174,175,182,183,184,185,186,189,191
OX44,98,115,121,126,130,131,132,134,140,142,143,144,145,149,151,153,154,157,160,161,162,169,170,172,175,177,182,183,184,186,189,191
OX45,114,115,117,119,121,123,130,131,133,134,135,137,138,142,144,145,146,150,151,154,156,159,161,163,166,168,169,172,175,176,177,184,185,186,187,191
OX46,113,121,123,124,133,136,137,142,143,145,146,153,155,156,157,159,164,167,169,170,172,179,183,184
OX47,115,123,124,126,129,130,131,132,133,134,135,136,137,140,145,146,150,151,153,154,156,159,161,162,163,167,169,172,173,177,179,182,184,191
OX48,119,122,123,125,128,131,133,137,138,140,146,148,150,151,153,156,161,162,163,165,168,173,174,175,176,178,179,184,186,189
OX49,126,128,129,130,131,134,136,138,148,151,153,157,162,168,170,173,178,184,186,189
OX50,128,129,130,134,135,143,149,156,159,160,161,163,167,173,178,179,185,187
OX51,123,124,125,133,135,136,137,143,146,148,150,155,156,157,159,161,162,163,165,167,170,173,174,178,179,183,184,189
OX52,122,129,130,131,132,134,140,149,151,153,155,156,157,160,161,163,167,170,174,175,177,178,182,183,185,186
OX53,121,129,130,131,134,135,137,138,143,146,148,149,150,151,156,159,160,167,168,174,184,185,187,189
OX54,132,136,138,156,159,163,167,168,173,174,175,178,179,182,187,189
OX55,125,131,135,136,138,143,151,155,156,157,159,162,165,167,168,170,175,179,186,187
OX56,124,129,130,131,134,136,138,140,149,151,153,155,157,160,161,168,170,173,177,179,185,186,187,189
OX57,137,138,146,168,174,179
OX58,131,150,151,153,155,156,159,160,163,167,175,178,179,186,187,189
OX59,129,130,134,135,143,160,161,163,175,178,185,189
OX60,130,134,135,136,138,143,157,160,161,168,170,178,185,189
OX61,163,175,178,189
OX62,136,138,149,156,157,159,167,168,170,173,174,179,187,189
OX63,135,143,153,155,156,159,167,174,179,184,186,187
OX64,148,153,155,160,161,173,184,186
OX65,150,155,160,184
Z0,0,25,73,79,118,171
Z1,1,32,36,136,146,168
Z2,2,27,34,68,118,127
Z3,3,5,51,119,156,167
Z4,4,8,18,19,35,68
Z5,5,87,111,123,133,188
Z6,6,11,19,59,111,181
Z7,7,64,77,102,115,191
Z8,4,28,31,105,169,172
Z9,9,46,48,104,119,176
Z10,10,74,98,99,117,144
Z11,10,11,42,80,105,190
Z12,12,17,26,56,81,190
Z13,13,15,23,82,97,180
Z14,14,39,47,89,114,166
Z15,15,29,47,71,76,127
Z16,16,24,96,149,178,189
Z17,17,78,121,167,173,186
Z18,7,8,72,94,103,188
Z19,0,18,36,69,70,110
Z20,6,20,88,89,100,141
Z21,16,21,32,77,95,120
Z22,2,22,43,59,117,166
Z23,23,34,49,99,145,169
Z24,24,38,93,136,170,182
Z25,25,63,76,83,138,168
Z26,12,50,51,110,112,181
Z27,27,61,72,90,101,139
Z28,26,28,41,70,132,182
Z29,29,53,61,64,107,158
Z30,30,43,48,112,147,171
Z31,31,44,94,134,148,161
Z32,3,21,37,69,103,116
Z33,33,37,132,148,149,173
Z34,13,75,93,113,154,172
Z35,33,66,91,143,155,160
Z36,38,82,129,135,138,174
Z37,39,62,97,142,144,164
Z38,40,92,95,122,156,159
Z39,41,45,79,135,143,145
Z40,42,44,123,125,153,186
Z41,30,45,56,74,131,151
Z42,1,20,35,71,115,154
Z43,9,55,73,91,116,139
Z44,14,83,137,147,179,187
Z45,46,86,108,124,159,187
Z46,49,57,90,150,160,161
Z47,50,67,92,100,137,146
Z48,52,122,133,141,183,191
Z49,53,55,63,108,120,152
Z50,54,98,140,150,153,184
Z51,57,126,130,158,180,185
Z52,58,67,81,106,157,170
Z53,60,75,96,102,130,134
Z54,54,62,85,126,162,165
Z55,65,78,104,151,155,184
Z56,66,129,152,163,178,185
Z57,58,128,131,142,174,179
Z58,22,87,101,140,176,177
Z59,65,86,128,162,163,175
Z60,80,84,88,106,113,164
Z61,85,107,114,124,177,183
Z62,40,109,121,157,175,189
OZ0,35,36,51,55,61,63,64,69,76,77,82,83,87,91,93,95,96,103,107,108,111,115,116,119,123,127,132,133,135,137,138,143,146,147,148,154,155,156,158,160,163,167,168,170,173,174,179,182,185,187,188,189
OZ1,55,56,59,63,64,71,72,74,76,82,83,84,86,87,89,93,96,98,102,104,109,112,113,117,119,120,122,125,127,131,133,134,137,139,141,142,144,151,152,153,154,159,160,161,162,164,171,172,179,184,185,191
OZ2,36,44,64,70,71,72,82,87,88,89,91,93,94,95,96,100,101,102,104,109,116,120,121,123,125,132,135,138,140,141,143,146,147,148,152,153,154,155,156,157,160,163,167,168,170,171,173,174,175,177,181,182,185,186,188,191
OZ3,56,81,86,87,95,100,101,104,106,108,109,112,119,121,122,124,128,131,137,140,142,146,147,156,170,171,174,175,177,179,187,189
OZ4,59,63,64,68,71,72,73,76,79,81,82,83,89,91,95,100,101,106,108,109,116,118,120,121,122,124,130,131,135,140,142,143,146,147,151,152,153,156,159,160,161,162,164,165,169,170,175,177,179,183,184,185,187,189
OZ5,44,51,63,64,68,70,71,72,73,76,79,82,83,87,88,89,91,93,94,95,96,100,102,110,116,118,119,120,125,132,133,135,141,143,146,148,152,153,154,155,156,160,163,167,170,171,173,174,181,182,185,186,189,191
OZ6,64,68,71,73,74,79,82,89,91,108,116,117,118,120,124,126,128,129,131,135,137,138,139,140,143,147,150,153,158,162,163,164,165,166,168,169,174,177,178,180,183,184,185,187
OZ7,63,69,70,73,76,77,79,81,83,93,95,96,106,110,118,120,128,131,136,138,142,149,157,168,171,174,178,179,182,189
OZ8,70,86,87,101,104,108,110,119,124,140,147,159,171,177,181,187
OZ9,69,73,76,77,79,81,86,87,90,93,95,96,99,101,104,106,108,118,119,120,124,126,127,128,129,130,131,136,140,142,145,147,149,150,152,157,158,159,160,161,163,169,174,177,179,180,181,182,187,189
OZ10,68,73,76,118
OZ11,51,73,74,76,86,95,98,100,106,108,109,110,112,117,119,122,124,127,128,137,142,144,145,146,155,156,167,169,170,173,174,175,176,179,181,184,186,187,189,190
OZ12,81,87,98,99,109,117,118,119,123,133,144,151,155,157,167,173,175,176,181,184,186,188,189,190
OZ13,76,84,87,90,91,98,100,101,102,103,104,109,110,111,112,113,117,120,125,126,127,128,129,133,134,135,136,137,139,140,141,142,143,144,146,147,149,150,151,152,154,158,159,160,161,163,165,167,169,170,172,174,177,179,180,181,182,183,189,191
OZ14,72,73,79,84,91,93,95,96,100,102,103,104,106,108,109,112,113,119,121,124,125,128,130,131,133,134,135,137,139,141,143,145,146,151,154,156,157,162,163,165,167,170,172,173,175,176,181,183,186,187,190,191
OZ15,73,74,84,86,87,90,91,95,102,103,106,108,109,110,111,113,120,121,122,123,124,125,126,129,134,135,136,139,141,143,145,149,150,151,152,154,155,156,157,158,159,160,161,163,165,172,173,176,180,182,183,184,186,187,188,189,190,191
OZ16,61,79,82,84,87,90,93,94,95,96,99,100,105,107,108,112,113,118,119,120,121,123,125,126,128,129,132,134,136,139,141,142,147,148,149,150,152,156,157,159,161,165,169,172,173,175,176,180,183,184,185,187,189,190
OZ17,79,84,86,87,88,90,91,95,100,103,113,117,118,121,122,135,137,140,142,143,145,146,147,151,156,157,159,162,163,164,166,167,169,170,172,173,174,175,176,177,179,181,186,190
OZ18,82,84,86,90,93,95,96,98,99,100,101,102,106,109,112,113,117,119,121,123,125,126,128,131,134,137,140,141,144,146,147,150,154,155,156,157,158,159,160,161,162,163,165,167,170,172,173,175,177,180,181,183,184,185,186,188,190,191
OZ19,71,83,86,89,90,91,93,94,96,98,100,102,103,104,105,106,108,109,110,111,112,118,122,124,128,130,131,132,138,140,142,143,144,147,148,151,152,153,154,155,159,161,163,164,165,166,176,177,178,179,182,183,184,185,186,187,188,191
OZ20,86,87,90,95,96,100,102,104,106,109,110,112,113,118,119,123,125,126,128,129,131,132,134,135,136,137,138,141,146,150,151,154,156,157,158,159,160,161,162,163,165,172,174,175,176,180,183,185,188,191
OZ21,77,83,84,89,95,96,97,98,101,102,104,106,109,110,114,115,119,120,121,123,126,128,131,132,133,144,147,149,150,153,162,164,165,166,170,174,175,177,178,179,182,184,188,191
OZ22,83,84,88,91,93,95,96,98,100,103,106,109,113,119,121,122,123,126,127,128,129,130,131,133,135,136,137,138,140,143,144,146,147,149,150,152,155,156,157,158,159,160,161,162,164,166,168,170,172,177,180,182,184,188
OZ23,84,89,90,93,94,95,96,97,98,100,112,113,114,116,118,119,121,122,126,127,128,129,130,132,133,134,135,136,137,138,140,144,148,149,155,156,157,159,160,161,162,164,166,168,172,173,175,176,179,186,189,191
OZ24,74,87,89,90,91,96,98,100,103,105,106,108,113,117,119,121,122,124,127,132,133,134,135,136,143,144,145,148,149,150,152,154,155,156,157,159,163,168,169,172,173,174,183,185,186,187,188,189,190,191
OZ25,87,89,90,91,93,94,95,97,98,101,102,103,105,108,113,114,116,118,119,122,123,124,125,127,130,134,135,136,137,138,141,143,144,147,149,151,152,155,158,164,165,166,167,168,172,173,175,176,177,178,179,180,181,182,184,186,187,191
OZ26,88,89,91,95,96,97,98,101,103,106,108,109,110,112,113,114,116,117,118,119,122,124,125,127,128,131,132,134,135,136,137,138,141,142,143,144,147,148,149,151,152,153,154,155,158,161,167,168,169,172,173,174,175,176,177,178,180,184,187,191
OZ27,89,90,91,93,95,97,98,102,108,110,113,114,116,118,119,124,127,130,132,133,135,136,137,138,143,144,147,148,149,151,152,153,155,158,161,164,165,166,167,168,172,173,175,176,177,178,179,180,181,183,184,187
OZ28,91,93,95,96,103,108,110,116,119,122,124,129,132,138,143,146,148,152,155,160,163,167,170,173,182,185,187,189
OZ29,90,93,94,95,97,98,99,100,102,105,109,113,114,121,122,123,125,129,130,134,135,136,138,140,141,142,144,145,148,156,157,158,159,160,162,164,165,166,169,170,172,174,175,180,182,184,185,186,189,191
OZ30,98,99,101,103,104,105,109,110,111,117,118,119,121,123,133,140,144,147,151,155,156,157,167,175,176,177,181,184,189,190
OZ31,94,96,97,101,102,108,110,112,113,114,116,117,119,125,126,132,133,134,135,136,138,141,145,146,148,149,150,155,161,164,165,166,169,170,172,175,177,181,185,186,187,189,190,191
OZ32,95,96,97,104,105,106,108,112,114,116,117,121,124,126,130,131,134,137,138,142,145,147,148,150,151,154,162,164,166,167,169,173,175,177,178,181,183,184,186,187,188,190
OZ33,93,96,100,105,109,110,112,114,118,119,121,124,125,126,128,129,130,132,137,138,141,142,145,146,149,153,156,157,159,160,175,176,177,178,179,182,184,185,186,188,190,191
OZ34,107,108,110,111,116,124,125,130,134,135,136,138,140,141,142,144,145,146,149,154,155,156,157,162,165,170,172,173,182,183,184,185,186,187,190,191
OZ35,96,97,99,100,102,104,106,109,111,113,117,118,119,122,124,125,128,129,130,131,132,133,138,141,147,149,150,151,159,160,162,164,165,166,170,173,175,176,178,179,181,182,183,185,190,191
OZ36,97,99,100,101,103,105,109,111,114,116,117,121,123,124,125,126,128,130,133,134,135,136,138,140,141,145,146,147,149,150,151,153,154,159,162,163,164,166,167,170,172,173,182,184,185,186,189,191
OZ37,100,101,103,108,109,110,112,121,123,124,128,133,140,147,151,155,156,157,159,162,163,167,177,181,184,187,188,189
OZ38,99,101,102,105,106,108,109,110,111,114,119,122,123,126,129,131,132,134,138,140,142,147,149,151,153,154,156,157,160,162,163,165,169,170,175,178,179,182,183,184,185,186,187,189,190,191
OZ39,102,104,108,109,116,121,122,125,130,133,134,135,136,138,141,142,145,146,147,149,151,154,162,165,167,170,172,173,175,182,183,185,186,187,189,190
OZ40,104,105,108,109,113,116,121,123,125,126,128,130,134,135,136,137,138,141,147,148,149,151,153,154,155,158,161,162,172,174,179,180,182,184,186,187
OZ41,106,109,111,116,123,126,128,129,130,131,134,135,136,137,142,144,147,148,151,154,156,157,158,160,161,163,167,170,172,173,174,175,177,178,180,182,184,186,188,189
OZ42,105,111,114,125,126,128,129,130,138,141,142,145,146,147,153,156,157,160,170,177,184,185,186,188,190,191
OZ43,101,109,110,111,113,119,122,125,126,128,137,141,142,145,146,148,153,155,156,157,158,161,167,170,174,179,180,183,184,185,186,190
OZ44,103,108,113,119,121,122,123,124,125,126,133,137,140,141,142,145,146,147,148,151,153,158,159,161,162,163,170,174,177,179,180,183,185,186,187,188,189,190
OZ45,109,111,113,114,123,128,129,130,138,142,145,146,147,148,156,157,158,160,161,170,177,180,184,188,190,191
OZ46,108,111,114,116,117,118,119,121,124,125,126,132,135,136,137,138,141,145,146,147,150,153,155,156,157,159,169,172,173,175,176,177,178,179,181,185,186,187,190,191
OZ47,110,114,116,117,118,119,122,125,126,129,130,132,134,141,144,145,148,150,151,153,154,155,160,163,169,176,178,181,182,183,184,186,190,191
OZ48,111,113,114,116,117,122,123,132,133,135,136,138,140,142,148,150,151,155,156,157,158,161,162,163,169,170,172,173,174,175,178,180,183,188,189,191
OZ49,118,119,121,123,124,126,130,137,142,147,148,149,151,153,155,158,159,161,162,167,170,173,175,176,178,179,180,181,184,188
OZ50,117,121,130,132,135,136,145,148,149,150,155,159,167,169,172,175,178,190
OZ51,116,121,130,134,135,136,137,138,144,147,149,151,154,155,159,163,172,174,175,177,179,182,184,185
OZ52,124,133,140,177
OZ53,122,125,129,130,133,134,135,136,138,140,141,142,144,145,148,154,160,162,170,172,174,182,183,184,185,186,190,191
OZ54,113,121,128,129,134,135,136,138,142,144,146,147,148,149,154,155,159,160,162,167,170,172,173,177,178,182,189,191
OZ55,114,121,126,134,135,136,137,142,145,147,148,151,153,154,159,162,163,170,172,175,177,179,182,190
OZ56,130,138,142,145,148,149,151,153,162,163,170,174,178,190
OZ57,134,135,136,138,142,154,170,172,174,182
OZ58,129,138,142,145,149,151,153,155,160,162,163,167,170,173,174,178,185,190
OZ59,121,138,142,159,163,170,174,175
OZ60,145,148,151,153,162,190
OZ61,138,142,170,174
OZ62,128,137,142,170,174,179
OZ63,148,151,153,155,162,167,173,184
OZ64,151,153,162,184
OZ65,137,142,144,147,162,170,175,177,179,185
