X0,0,39,91,128,150,187
X1,1,58,92,117,147,186
X2,2,42,90,108,166,188
X3,3,36,80,114,164,198
X4,4,45,78,130,144,200
X5,5,56,79,111,153,199
X6,6,38,93,115,163,181
X7,7,47,94,131,146,180
X8,8,55,95,112,155,182
X9,9,40,74,127,151,203
X10,10,59,72,119,148,202
X11,11,43,73,110,167,201
X12,12,51,99,136,144,181
X13,13,62,100,111,159,180
X14,14,36,101,120,170,182
X15,15,48,74,108,172,209
X16,16,39,72,134,156,208
X17,17,64,73,123,147,207
X18,18,57,81,118,149,183
X19,19,44,82,109,165,185
X20,20,41,83,126,152,184
X21,21,54,76,113,154,191
X22,22,37,77,116,162,190
X23,23,46,75,129,145,189
X24,24,63,105,142,162,199
X25,25,68,106,129,171,198
X26,26,54,107,132,176,200
X27,27,60,92,126,178,215
X28,28,57,90,140,168,214
X29,29,70,91,135,165,213
X30,30,58,99,139,169,201
X31,31,71,100,137,166,203
X32,32,61,101,128,179,202
X33,33,56,94,133,175,209
X34,34,65,95,143,164,208
X35,35,67,93,130,173,207
X36,3,52,86,135,145,204
X37,22,66,96,131,172,212
X38,27,38,76,121,169,197
X39,0,50,97,109,171,193
X40,24,40,87,133,157,183
X41,20,69,102,136,167,206
X42,2,63,96,124,149,194
X43,34,43,83,122,174,196
X44,19,59,104,138,170,204
X45,4,60,84,113,160,206
X46,23,55,97,134,174,211
X47,32,47,89,138,158,190
X48,15,46,80,139,157,215
X49,26,49,89,110,173,184
X50,31,50,88,115,177,191
X51,12,44,105,121,175,187
X52,14,67,107,118,161,188
X53,28,53,77,137,146,196
X54,21,64,98,141,163,210
X55,5,37,85,122,168,205
X56,18,62,103,127,177,205
X57,1,41,98,132,158,192
X58,29,61,75,112,161,195
X59,25,65,88,125,148,185
X60,10,51,84,142,150,212
X61,11,68,85,117,159,211
X62,9,42,86,120,176,210
X63,7,70,104,123,153,192
X64,6,45,103,140,156,193
X65,13,53,106,143,152,186
X66,16,71,78,125,154,214
X67,33,66,82,119,160,197
X68,8,48,102,114,178,194
X69,17,49,79,116,179,213
X70,30,69,87,124,155,189
OX0,55,59,102,104,105,114,121,138,170,175,178,187,194,204
OX1,84,86,87,89,90,91,94,95,96,101,120,121,123,124,127,128,129,131,133,135,145,146,149,150,151,153,155,157,158,161,162,165,166,170,172,175,176,179,180,182,183,187,188,189,190,192,194,195,199,202,203,204,209,210,212,213
OX2,60,63,82,88,89,94,95,97,99,100,101,104,105,108,115,119,123,125,127,129,130,131,134,135,136,137,138,142,145,146,148,150,151,153,154,155,156,158,161,162,166,171,172,177,179,180,181,182,185,187,189,190,191,192,193,195,199,200,208,209,213,214
OX3,62,64,82,88,89,91,92,93,97,98,99,104,105,110,111,119,125,126,127,128,130,134,136,137,138,140,141,142,148,159,160,165,166,169,170,171,173,175,178,180,184,185,197,200,202,203,204,205,206,208,210,212,214,215
OX4,82,88,89,90,92,93,94,95,97,99,100,101,104,105,119,123,125,126,127,129,130,131,134,135,136,137,138,142,145,146,148,150,151,153,154,155,156,158,161,162,163,171,172,177,178,179,180,182,185,187,188,189,190,191,192,193,195,199,200,208,209,213,214,215
OX5,85,87,88,91,92,94,98,99,101,102,122,124,125,126,128,131,132,135,136,139,145,146,148,150,151,153,154,156,159,160,161,162,164,165,166,168,170,171,172,173,174,175,177,179,180,182,185,187,188,190,191,193,195,196,197,198,199,202,203,204,205,207,208,209,211,212,213,214
OX6,66,69,89,91,92,93,94,95,96,97,100,102,103,104,105,106,107,111,116,117,123,128,129,130,131,133,134,137,138,139,140,141,142,143,147,152,153,158,159,164,165,166,168,170,172,173,174,176,177,178,179,192,196,198,199,202,203,204,205,207,209,210,211,213,214,215
OX7,67,71,97,100,101,109,120,137,166,170,171,182,193,203
OX8,68,70,87,88,91,92,98,99,102,104,106,117,122,123,124,125,126,129,132,135,136,139,145,148,150,151,154,156,160,161,162,164,165,166,168,170,172,173,174,175,177,182,185,187,188,190,191,192,193,195,196,197,199,203,204,205,207,208,209,212,213,214
OX9,87,88,91,92,96,101,124,125,126,128,133,135,145,146,148,150,151,153,154,156,158,159,160,161,162,164,165,166,167,169,170,171,173,174,177,179,180,182,185,187,188,190,191,192,193,195,196,197,198,199,201,202,203,204,206,207,208,211,213,214
OX10,145,147,150,151,152,153,154,155,156,158,160,161,162,164,166,167,168,169,170,171,172,173,175,177,182,184,186,187,188,189,190,191,192,193,195,197,198,199,201,203,204,205,206,207,208,209,212,214
OX11,144,146,148,149,151,153,156,157,158,159,160,161,162,163,164,165,166,167,169,171,174,176,178,179,180,181,183,185,188,190,192,193,194,195,196,197,198,199,200,201,202,203,206,208,210,211,213,215
OX12,63,64,69,86,89,93,95,98,106,108,109,110,112,113,115,116,117,120,121,126,130,131,133,143,146,147,148,151,152,153,154,158,159,160,161,163,164,167,168,171,172,173,174,177,179,180,182,184,189,191,192,196,198,199,201,202,205,206,208,210,211,212,213,214
OX13,64,69,70,86,91,92,94,95,98,100,101,103,104,105,108,109,110,111,112,113,114,116,117,118,120,123,125,129,133,137,140,141,142,143,147,150,151,152,153,154,157,159,160,163,164,165,166,167,168,171,172,176,177,179,182,185,187,188,189,190,192,194,196,199,201,202,203,205,206,212
OX14,59,69,70,86,89,90,93,94,95,96,98,100,103,104,105,108,109,110,111,112,113,114,117,119,120,121,123,125,126,127,128,129,130,132,135,137,139,140,149,150,152,153,154,155,156,157,161,163,164,165,166,169,170,172,176,183,185,189,190,192,193,195,196,198,199,200,202,203,204,206,207,210,211,213,214,215
OX15,88,90,92,96,99,100,101,104,105,107,109,110,111,113,114,116,117,118,119,120,121,124,125,126,127,132,135,136,137,138,142,143,146,148,150,152,156,162,163,164,165,167,168,171,173,175,176,178,180,182,183,185,186,187,189,190,193,194,196,201,202,205,207,211,212,215
OX16,93,94,97,98,105,106,108,111,112,113,114,117,118,119,120,123,124,125,129,130,133,134,141,142,147,150,151,152,154,155,157,163,168,170,171,172,173,177,185,186,187,188,189,190,194,196,197,198,199,202,204,205,206,210,211,212
OX17,89,92,94,96,97,100,101,102,103,104,108,109,112,115,116,117,119,120,122,124,125,126,129,132,134,135,137,138,139,140,147,148,149,151,153,157,159,160,161,166,167,168,169,170,171,172,173,175,178,179,182,183,185,189,190,194,197,200,201,203,204,205,206,208,210,211,213,215
OX18,69,71,91,97,98,99,101,104,105,106,111,113,114,115,117,118,124,125,126,128,136,138,141,142,146,148,149,150,151,152,153,154,156,158,159,161,165,168,170,171,172,173,176,177,178,179,180,183,185,187,188,189,192,195,196,197,198,199,200,202,205,206,208,209,213,215
OX19,109,110,111,112,113,116,117,119,122,129,151,152,153,155,156,159,162,164,165,167,171,177,182,186,190,191,193,198,199,201,202,203,208,211
OX20,92,94,97,99,103,104,105,106,111,113,114,115,116,117,118,119,120,123,125,126,129,131,134,136,138,140,141,142,147,148,149,151,162,163,164,165,166,167,169,175,178,179,182,183,184,185,190,191,195,196,197,200,201,203,204,208,211,212,214,215
OX21,86,91,95,96,97,99,101,102,103,105,108,110,111,112,116,117,119,120,121,123,124,125,126,127,128,129,130,132,134,135,136,139,140,142,148,149,151,152,154,159,161,164,165,169,171,172,173,175,178,179,181,182,185,186,190,194,196,197,198,199,204,207,208,209,210,212,214,215
OX22,91,94,99,100,104,105,112,113,115,116,117,119,120,125,126,128,130,131,136,137,138,142,147,148,149,151,157,162,163,164,166,167,168,169,170,172,173,174,176,177,182,183,185,190,191,194,197,198,200,201,202,205,209,210,211,213
OX23,90,97,98,101,110,111,112,113,116,120,122,124,126,128,130,133,134,137,148,149,150,152,153,154,155,156,157,160,164,165,167,168,170,171,172,173,178,179,180,181,183,186,187,189,193,194,195,197,198,199,201,202,203,204,205,207,208,210,211,212,214,215
OX24,120,121,123,125,126,127,129,131,148,149,150,151,152,153,158,161,162,163,165,166,168,170,174,175,176,177,181,182,184,185,187,188,190,191,192,194,195,196,199,203,205,209,210,213
OX25,110,111,113,115,116,117,125,127,128,129,130,135,146,147,149,150,151,152,153,154,156,157,158,160,161,163,165,169,171,172,174,176,178,179,180,181,183,185,187,188,192,193,194,195,196,197,199,202,206,208,210,212,214,215
OX26,113,116,117,123,125,128,131,137,147,150,154,159,160,162,165,171,180,185,187,190,193,196,206,207,211,214
OX27,101,102,105,106,108,111,114,115,116,118,119,124,127,130,136,138,141,142,146,149,155,158,159,160,162,167,168,170,173,174,176,177,178,179,180,181,182,183,184,186,188,189,190,193,196,197,198,199,203,205,206,207,211,213,214,215
OX28,114,119,121,122,123,124,127,128,129,130,132,137,147,148,149,153,154,155,159,160,161,163,166,167,168,170,171,175,178,179,180,181,182,186,188,189,193,196,197,199,200,203,205,206,209,210,211,214
OX29,108,119,122,125,129,131,134,135,147,150,151,152,154,155,158,159,160,161,162,164,165,167,169,170,171,173,175,177,180,182,184,185,186,187,190,191,192,193,195,197,198,201,202,203,204,206,207,209,213,214
OX30,115,117,121,122,123,124,127,128,129,130,133,135,147,150,153,155,157,162,163,164,166,167,169,170,172,174,176,177,178,179,181,182,183,186,187,189,190,191,196,198,199,201,202,203,206,210,212,215
OX31,111,116,117,118,119,122,125,127,129,130,131,135,137,141,147,148,152,157,158,159,160,161,163,164,165,166,167,169,171,172,174,176,177,179,180,181,185,188,192,193,197,198,201,203,206,210,211,212,214,215
OX32,117,118,122,125,127,128,130,131,132,133,135,143,147,148,149,151,158,163,165,167,168,172,175,177,178,179,181,183,185,186,192,194,195,198,200,202,206,208,209,210,212,213
OX33,112,118,119,121,122,125,126,128,130,133,134,136,142,143,149,153,155,156,158,159,162,163,167,168,170,173,177,179,180,182,183,185,187,190,194,195,198,203,204,206,207,209,210,215
OX34,119,121,122,124,125,128,131,132,133,136,137,138,147,150,152,154,155,157,159,160,162,163,165,170,171,173,174,175,176,177,178,179,180,182,183,184,185,186,189,191,192,193,197,200,207,210,211,213,214,215
OX35,118,126,127,128,129,130,135,140,141,143,147,150,152,153,154,156,157,158,160,161,162,164,166,167,169,172,176,179,184,186,187,188,190,191,192,193,197,198,199,201,202,203,206,210,212,215
OX36,124,127,132,133,136,138,139,140,141,142,147,150,152,153,154,155,156,157,158,160,163,164,170,173,175,177,182,183,184,186,187,189,190,191,192,193,197,200,205,207,208,212
OX37,70,98,99,100,102,104,105,122,123,125,126,127,128,131,134,135,136,139,147,148,149,155,158,163,164,165,168,170,173,174,175,179,181,182,185,186,190,192,194,196,198,199,200,202,204,205,207,209,210,213
OX38,71,94,96,97,98,103,106,107,121,127,130,133,134,136,141,142,146,149,151,152,157,158,161,162,164,166,167,168,169,170,171,173,177,183,184,187,188,190,194,195,196,198,199,201,203,204,205,206,207,208,209,214
OX39,96,98,100,104,105,106,127,128,129,133,134,135,136,137,138,139,140,143,146,149,150,154,155,156,158,160,162,164,168,170,171,176,177,179,182,187,190,191,193,194,196,197,199,202,204,205,209,210,212,214
OX40,94,98,102,116,122,125,128,131,132,134,135,136,137,138,141,143,147,149,150,154,155,157,162,165,168,170,174,175,176,177,178,182,183,185,187,191,192,194,198,200,204,207,208,209,211,215
OX41,102,104,106,107,138,139,141,143,146,147,149,152,153,157,158,159,164,168,171,172,173,174,177,178,180,183,184,186,190,192,194,196,198,205,207,208,209,211,214,215
OX42,99,100,104,106,107,122,123,125,126,131,136,140,146,148,149,151,152,153,156,157,158,160,161,162,164,165,166,167,168,169,171,176,177,178,179,181,183,184,185,188,190,193,194,195,197,198,200,201,202,203,206,208,209,210,211,212,213,215
OX43,95,97,98,100,103,104,105,106,116,122,125,127,129,130,132,133,141,143,146,149,150,153,154,155,159,161,162,163,166,167,168,171,172,175,176,177,179,180,182,185,186,187,188,191,194,196,198,200,202,203,206,207,209,210,212,213
OX44,97,98,100,104,105,106,107,122,123,126,130,133,136,141,147,150,152,153,155,157,161,162,166,167,168,171,172,178,182,183,184,186,188,191,196,198,203,205,206,209,211,212,214,215
OX45,98,105,122,123,125,126,127,128,129,132,133,134,135,137,138,143,148,150,152,154,155,157,158,162,165,167,170,172,177,178,181,182,183,184,185,187,190,191,192,196,198,200,204,206,208,211,212,213,214,215
OX46,116,122,127,128,130,131,132,133,134,135,137,138,139,141,148,149,150,153,155,157,158,161,163,164,166,167,168,170,172,174,175,177,178,179,181,182,183,186,188,190,191,194,198,199,200,202,203,204,206,207,209,210,211,213,214,215
OX47,106,107,128,129,132,135,136,139,150,154,156,160,163,167,168,169,176,179,187,191,193,197,198,200,201,202,206,208,209,210,212,214
OX48,103,105,123,126,128,131,135,136,138,139,140,143,147,149,150,154,156,160,163,167,168,169,172,173,174,176,177,186,187,191,193,194,196,197,198,201,205,206,207,208,209,214
OX49,104,107,122,128,130,131,132,133,134,135,137,138,139,141,147,149,150,155,157,158,161,164,166,167,168,170,172,174,175,176,178,182,183,186,188,190,191,192,194,198,199,200,203,204,205,206,209,211,214,215
OX50,121,122,123,125,126,127,131,137,138,139,142,143,147,148,150,153,154,156,159,160,162,163,165,167,169,171,172,173,176,177,178,179,180,181,185,186,191,193,196,197,198,201,202,206,207,210,211,213,214,215
OX51,100,105,123,125,126,127,128,129,131,132,133,134,135,136,137,138,141,143,146,148,149,150,152,153,155,156,158,160,162,164,165,169,170,171,174,175,177,181,182,184,185,190,191,192,193,194,197,199,200,201,204,205,213,214
OX52,122,129,131,134,136,137,141,142,147,149,150,152,153,155,158,162,163,168,170,173,174,177,178,179,182,184,186,190,191,194,202,204,207,209,210,211,214,215
OX53,123,125,126,127,128,130,132,133,135,138,139,142,146,148,149,150,151,153,156,158,159,160,163,165,168,169,171,173,175,177,178,179,180,181,185,190,191,192,193,194,195,197,200,201,202,205,207,208,209,210,211,212,213,215
OX54,127,128,135,136,139,140,151,153,156,158,160,161,162,163,166,167,169,172,175,176,188,190,192,193,195,197,198,199,201,203,206,208
OX55,125,128,129,131,134,135,139,140,147,148,152,154,155,159,163,164,165,170,171,173,180,181,182,184,185,186,187,204,207,212,213,214
OX56,128,130,132,133,135,141,142,143,146,147,149,150,154,156,158,159,160,161,162,164,166,169,171,172,174,176,177,178,180,186,187,188,190,191,193,194,196,197,199,200,201,203,205,211,212,215
OX57,146,149,150,154,157,159,168,172,174,175,177,178,180,183,187,191,194,196,205,209,211,212,214,215
OX58,150,151,153,154,158,161,162,166,168,172,175,177,187,188,190,191,192,195,199,203,205,209,212,214
OX59,156,160,164,167,169,171,193,197,198,201,206,208
OX60,129,130,131,134,136,139,141,143,151,152,155,159,163,164,168,170,173,179,180,182,184,195,202,204,207,208,209,210,212,214
OX61,151,153,158,161,162,166,188,190,192,195,199,203
OX62,107,130,133,136,139,140,141,142,143,147,157,158,161,162,163,164,166,167,168,171,172,177,183,186,188,190,198,199,203,205,206,208,209,214
OX63,105,134,138,149,159,180,194,204
OX64,126,130,131,133,134,136,139,140,141,143,149,153,155,157,158,161,162,163,164,166,167,168,170,171,173,178,182,183,188,190,192,194,198,199,203,204,206,207,208,209,211,212,214,215
OX65,147,155,170,182,186,207
OX66,148,163,179,181,202,210
OX67,149,159,178,180,194,211
OX68,130,131,134,138,139,143,153,155,159,161,162,164,166,170,180,182,188,192,199,203,204,207,208,212
OX69,133,136,137,140,141,153,157,158,161,162,163,166,167,168,171,174,183,188,190,192,198,199,206,209,214,215
OX70,153,161,166,188,192,199
OX71,154,168,175,187,209,214
OX72,131,132,134,135,137,138,139,142,159,161,162,164,166,174,176,180,188,199,200,204,212,215
OX73,160,167,171,193,198,206
Z0,0,50,84,113,150,191
Z1,1,37,85,117,158,190
Z2,2,42,86,124,145,189
Z3,3,52,81,114,149,194
Z4,4,45,82,109,160,193
Z5,5,41,83,122,153,192
Z6,6,38,72,119,156,197
Z7,7,43,73,123,146,196
Z8,8,48,74,112,151,195
Z9,9,40,87,120,155,182
Z10,10,51,88,115,148,181
Z11,11,47,89,110,159,180
Z12,12,44,78,125,144,185
Z13,13,49,79,111,152,184
Z14,14,36,80,118,157,183
Z15,15,46,75,108,161,188
Z16,16,39,76,121,154,187
Z17,17,53,77,116,147,186
Z18,18,62,96,131,149,180
Z19,19,55,97,109,170,182
Z20,20,41,98,136,163,181
Z21,21,64,73,113,167,206
Z22,22,37,74,127,172,205
Z23,23,59,72,134,145,204
Z24,24,60,84,142,157,215
Z25,25,68,85,125,168,214
Z26,26,49,86,135,176,213
Z27,27,63,105,121,178,194
Z28,28,53,106,140,171,193
Z29,29,70,107,132,161,192
Z30,30,66,96,124,169,197
Z31,31,50,97,137,174,196
Z32,32,61,98,141,158,195
Z33,33,69,87,133,160,206
Z34,34,65,88,122,177,205
Z35,35,52,89,138,173,204
Z36,14,67,104,123,170,207
Z37,1,58,99,132,144,200
Z38,27,38,93,126,173,184
Z39,16,71,100,134,159,211
Z40,24,40,77,137,162,203
Z41,5,56,90,108,168,209
Z42,2,63,100,111,166,199
Z43,34,43,80,139,164,201
Z44,12,48,102,136,175,209
Z45,4,60,92,130,147,207
Z46,15,51,99,139,172,212
Z47,32,47,94,128,175,187
Z48,19,44,105,138,162,190
Z49,13,62,103,143,156,208
Z50,0,36,101,128,171,198
Z51,23,46,83,126,174,215
Z52,3,39,91,135,164,208
Z53,17,64,101,120,179,210
Z54,26,54,76,110,169,201
Z55,20,69,106,129,152,189
Z56,28,57,94,133,146,183
Z57,30,58,95,143,155,186
Z58,25,61,75,129,148,202
Z59,29,65,95,112,165,185
Z60,6,42,90,140,163,210
Z61,7,70,91,131,150,212
Z62,8,55,92,117,178,211
Z63,10,59,104,142,153,199
Z64,18,54,107,118,177,191
Z65,9,45,103,127,176,200
Z66,22,66,82,116,165,213
Z67,33,56,79,119,179,202
Z68,31,67,93,115,166,188
Z69,21,57,81,141,154,214
Z70,11,68,102,114,167,198
OZ0,55,59,82,86,89,90,93,94,95,96,98,99,100,102,105,108,110,111,112,114,116,117,119,121,125,126,127,128,129,132,134,140,141,143,144,148,151,155,156,159,161,163,165,166,167,168,169,172,173,175,178,180,184,186,187,188,189,190,194,198,199,200,202,204,205,210,213,214
OZ1,85,86,88,89,90,92,93,94,98,100,108,110,111,114,115,117,119,121,124,125,126,128,129,134,136,138,140,141,156,158,159,161,162,163,166,167,168,173,180,181,184,187,188,189,190,194,195,197,198,199,202,204,209,210,211,214
OZ2,60,63,82,86,90,93,100,109,111,124,126,140,145,160,163,166,173,184,189,193,199,210
OZ3,62,64,82,84,87,92,94,96,101,109,116,127,130,131,133,137,142,143,146,149,155,156,157,160,162,176,179,180,182,183,186,193,200,203,207,208,210,215
OZ4,82,84,87,90,93,100,109,111,120,126,140,142,155,157,160,163,166,173,182,184,193,199,210,215
OZ5,84,86,88,90,91,92,94,95,97,100,101,104,111,112,115,116,122,126,127,128,130,131,132,133,135,139,140,143,156,157,161,162,163,164,165,167,170,171,173,174,184,185,186,188,192,198,199,200,201,203,205,206,208,210,212,213
OZ6,66,69,89,91,96,97,98,99,100,101,104,109,110,111,112,114,119,120,121,122,125,126,127,129,130,131,134,135,136,138,139,140,141,142,144,159,163,164,169,170,171,173,174,180,181,182,184,185,187,189,192,193,194,195,199,201,202,203,204,205,208,210,211,212,214,215
OZ7,67,71,87,88,89,93,94,95,96,98,99,102,103,104,105,106,107,108,110,112,113,116,117,118,119,121,123,127,129,130,132,134,135,137,140,142,149,150,154,157,159,160,161,165,166,167,168,169,172,174,175,176,177,178,179,180,181,185,186,187,189,190,196,200,202,203,204,205,207,208,210,215
OZ8,68,70,89,91,98,102,107,108,110,113,115,116,117,118,119,121,122,123,124,127,128,129,130,131,133,134,135,136,137,138,141,143,150,158,159,161,167,180,181,183,186,187,188,189,190,191,194,195,196,197,200,202,203,204,205,206,207,208,209,211,212,213
OZ9,89,91,97,100,101,104,109,110,111,112,114,119,120,121,122,124,125,126,127,129,130,131,132,134,135,138,139,140,141,142,159,164,170,171,173,174,180,182,184,185,187,189,192,193,194,195,197,199,200,201,202,203,204,205,208,210,211,212,214,215
OZ10,108,113,114,115,116,117,118,119,121,122,123,124,127,128,129,130,132,133,134,135,136,137,138,143,181,183,186,187,188,189,190,191,192,194,196,197,198,200,202,203,204,205,206,207,208,209,211,213
OZ11,109,110,111,112,114,119,120,121,122,123,124,125,126,127,128,129,130,131,132,137,139,140,141,142,180,182,184,185,187,189,192,193,194,195,196,197,198,199,200,201,202,203,205,207,210,212,214,215
OZ12,63,64,71,90,91,93,95,96,97,98,99,100,102,103,105,106,113,115,116,118,119,120,124,128,129,130,131,132,136,137,139,140,141,142,144,145,146,147,148,149,155,159,161,162,163,164,165,166,167,168,169,170,171,172,175,176,178,179,181,185,186,191,195,197,198,201,204,205,206,209,211,212,214,215
OZ13,59,64,90,91,95,100,103,104,105,106,110,120,121,127,128,129,135,137,140,143,144,145,146,148,149,151,153,156,157,160,161,163,164,165,167,171,173,176,178,179,180,181,182,183,185,188,193,194,195,197,198,199,200,206,207,208,213,215
OZ14,64,69,70,87,88,90,91,101,113,114,115,116,117,118,120,121,124,125,127,128,129,130,131,132,134,135,136,137,138,143,146,150,160,177,181,183,186,187,188,189,190,191,192,194,197,198,200,203,204,207,208,210,211,212,213,214
OZ15,92,93,94,95,96,97,98,100,104,105,106,107,111,112,117,118,123,124,126,129,130,131,132,133,134,137,138,141,142,143,144,145,148,149,150,151,154,155,156,157,160,161,162,165,166,167,168,169,170,173,174,177,178,179,181,182,184,185,187,188,190,191,193,194,196,197,199,201,202,203,204,205,206,207,211,213,214,215
OZ16,69,71,86,87,90,95,96,97,98,101,104,107,111,115,118,120,123,124,127,129,130,131,134,135,136,141,146,147,152,153,154,159,160,161,167,168,169,170,171,173,174,179,181,182,183,184,186,188,189,191,192,195,196,197,200,201,203,205,206,208,211,213
OZ17,86,87,95,96,98,100,101,103,105,106,110,112,114,115,116,117,118,119,121,125,126,127,128,129,134,135,137,138,139,141,144,145,146,147,148,149,150,151,152,153,155,157,160,161,167,168,169,171,173,176,177,178,180,181,182,190,192,193,198,199,200,204,205,206,207,208,211,212,213,214
OZ18,88,90,93,94,97,98,101,102,103,105,106,107,113,119,125,131,137,138,139,140,141,142,146,147,148,154,158,159,161,163,165,166,169,170,171,175,176,177,178,179,180,185,186,195,197,206,207,210,211,212,213,215
OZ19,94,96,97,98,100,104,105,107,111,112,114,115,117,121,123,124,125,126,127,128,130,133,134,138,139,140,145,146,150,151,152,153,154,156,157,162,163,165,166,168,169,170,171,174,178,179,182,185,186,188,189,190,191,192,195,196,198,200,204,205,207,211,212,213
OZ20,93,95,96,98,99,100,103,107,110,112,113,115,118,126,131,133,136,140,142,143,148,149,152,153,157,160,161,165,166,167,168,169,172,173,176,179,180,185,188,191,192,197,199,202,205,209,210,212,213,215
OZ21,91,95,96,97,103,104,106,107,110,111,113,114,116,117,119,120,123,125,126,127,129,130,131,132,139,142,146,150,151,155,158,159,160,161,164,165,168,170,174,176,177,179,184,185,186,189,190,191,193,194,195,196,199,200,201,202,205,207,214,215
OZ22,87,95,96,99,100,103,105,106,110,111,114,115,118,125,127,128,129,130,131,133,136,137,138,139,142,143,145,146,147,148,149,152,153,155,158,163,166,167,168,171,172,176,177,178,184,186,187,188,192,193,198,200,202,203,204,205,207,209,210,212,214,215
OZ23,111,112,114,117,118,119,120,121,124,125,128,129,135,136,138,139,140,143,156,157,159,161,162,163,165,167,181,182,183,185,186,187,189,190,194,197,198,199,201,202,204,208,210,214
OZ24,114,115,118,119,121,122,123,125,127,131,132,143,144,146,147,148,149,150,151,154,161,164,181,186,187,191,192,194,195,196,197,200,205,212
OZ25,110,112,115,117,118,119,122,123,124,125,126,127,128,129,131,133,134,135,141,142,145,146,147,149,150,151,154,155,157,158,160,161,162,163,164,165,167,172,184,185,190,191,192,196,198,202,205,206,208,209,211,215
OZ26,115,118,119,123,128,139,140,141,142,143,147,150,151,153,154,157,160,163,164,166,167,171,183,186,188,191,193,198,199,201,202,203,206,214
OZ27,116,118,119,120,121,122,124,126,127,129,130,133,134,138,144,145,146,148,149,150,151,153,155,156,157,158,159,161,162,163,165,171,172,173,180,181,182,184,185,187,192,193,195,196,197,199,204,205,209,210,211,212,213,215
OZ28,113,117,118,119,120,122,124,125,126,127,129,131,132,133,134,138,144,145,146,147,148,149,151,153,154,155,156,157,161,162,163,167,169,171,172,173,181,182,184,190,192,193,195,196,197,199,200,201,204,205,206,207,209,210,211,215
OZ29,122,129,133,136,137,138,139,140,141,142,145,153,157,158,160,161,163,166,168,169,171,172,181,188,192,193,195,196,197,199,204,206,209,212
OZ30,98,104,105,107,120,121,125,126,130,131,132,134,135,138,139,140,141,142,144,147,148,149,150,152,157,158,159,160,161,163,164,167,170,171,172,175,178,179,180,181,183,186,187,192,193,194,195,197,198,201,202,204,206,207,208,209,210,211,213,214
OZ31,112,117,119,120,123,124,125,126,127,129,131,136,142,143,145,148,151,153,155,159,163,164,167,168,169,170,173,178,180,181,184,186,194,195,197,198,199,201,204,205,207,210,212,214
OZ32,119,120,123,126,128,133,136,138,145,147,150,151,152,154,155,156,157,158,161,163,164,166,167,168,169,171,172,177,181,182,186,188,189,191,192,193,195,197,198,201,202,203,204,205,208,209,210,212,214,215
OZ33,120,124,125,126,128,129,130,131,133,136,137,138,139,140,141,142,144,146,147,150,151,152,157,160,162,165,169,170,171,172,178,179,185,186,189,190,193,194,197,203,206,207,209,210,213,214
OZ34,145,147,150,151,152,153,154,155,156,158,160,161,162,164,166,167,168,169,170,171,172,173,175,177,182,184,186,187,188,189,190,191,192,193,195,197,198,199,201,203,204,205,206,207,208,209,212,214
OZ35,118,121,123,124,126,129,134,137,139,142,147,150,151,152,154,157,158,160,161,162,164,167,168,174,177,178,183,186,187,189,190,191,192,194,195,196,197,198,201,203,205,206,208,214
OZ36,144,146,148,149,151,153,156,157,158,159,160,161,162,163,164,165,166,167,169,171,174,176,178,179,180,181,183,185,188,190,192,193,194,195,196,197,198,199,200,201,202,203,206,208,210,211,213,215
OZ37,100,104,107,121,124,125,133,134,135,136,138,140,147,148,150,151,152,154,155,157,158,159,161,163,164,167,168,169,170,171,172,173,176,177,178,179,181,182,184,186,187,191,192,193,194,195,198,201,202,203,204,205,207,208,209,210,211,212,213,215
OZ38,90,95,103,104,106,107,117,126,132,136,137,139,141,143,147,149,151,154,156,157,163,164,167,170,173,174,177,178,181,182,183,184,188,191,192,194,196,198,201,203,207,208,211,214
OZ39,96,101,102,104,105,117,123,124,126,127,128,132,136,137,138,140,142,143,148,151,153,155,156,161,162,163,165,166,168,173,174,176,178,179,181,182,184,185,186,187,188,190,192,195,196,199,202,205,207,208,210,211,212,213
OZ40,102,106,121,125,126,127,131,132,134,135,138,141,146,148,149,152,153,156,157,160,161,162,166,168,171,172,174,175,176,179,183,188,190,192,193,194,195,196,197,199,202,203,204,205,206,209,210,213,214,215
OZ41,104,107,117,124,125,127,128,129,131,132,133,138,142,143,147,148,150,152,153,154,156,157,158,159,166,171,172,173,177,178,180,184,188,189,191,193,194,199,202,203,207,208,209,215
OZ42,97,99,103,106,117,121,124,136,138,139,140,142,146,150,151,153,155,156,158,159,160,161,164,166,168,170,174,178,180,182,186,187,188,192,193,194,195,196,197,198,199,203,205,206,208,215
OZ43,99,103,105,106,107,124,125,126,127,128,129,131,132,133,137,139,140,141,148,149,150,151,152,158,159,162,163,166,174,175,180,181,183,188,189,190,196,202,211,212,214,215
OZ44,101,103,105,106,107,124,125,126,127,128,129,131,132,133,135,136,137,139,140,141,147,149,153,154,159,160,161,163,165,168,169,170,172,173,174,177,180,181,183,184,185,186,187,189,191,192,195,196,197,199,203,204,205,206,207,209,211,215
OZ45,117,121,123,125,127,129,132,133,134,135,139,141,147,148,149,150,155,160,161,164,166,167,168,170,172,176,178,179,182,183,187,188,189,192,194,195,197,198,201,202,203,204,205,206,208,209,210,211,212,213,214,215
OZ46,103,106,107,123,126,128,131,135,136,137,138,139,140,143,146,147,150,152,153,154,162,163,164,166,167,176,177,179,181,186,188,190,191,198,199,201,204,210,212,213,214,215
OZ47,106,107,126,128,129,133,135,141,147,151,155,157,166,170,173,175,176,179,182,184,186,187,188,189,203,204,207,210,213,215
OZ48,105,107,125,126,133,135,138,140,141,143,146,148,149,151,152,156,159,162,166,174,175,176,178,179,180,183,188,190,194,196,202,203,204,208,210,211,213,214
OZ49,95,107,121,125,127,128,131,132,133,134,138,139,148,149,151,153,156,159,160,161,162,164,167,168,170,171,172,178,180,182,183,187,190,192,193,194,195,197,198,199,201,202,205,206,209,211,214,215
OZ50,121,125,126,129,133,134,135,136,137,140,141,143,146,147,149,150,153,154,155,158,159,160,161,162,163,165,166,168,170,171,172,173,177,178,180,181,182,183,184,185,186,187,188,189,190,191,192,193,194,195,197,199,204,205,206,207,208,209,211,212
OZ51,123,125,126,127,131,132,135,136,137,138,139,142,147,148,149,152,153,157,158,159,160,163,168,169,174,176,178,179,180,181,183,186,194,196,197,199,202,203,204,205,206,210,211,212,213,214
OZ52,124,125,129,131,135,136,137,138,139,140,141,142,149,150,151,156,157,159,162,163,164,165,167,172,174,175,180,181,183,185,187,189,190,196,198,201,203,204,208,209,211,214
OZ53,107,125,128,129,131,133,136,137,138,139,140,142,146,147,150,152,155,156,157,162,163,164,165,166,167,170,172,173,176,179,181,182,184,185,186,188,189,190,198,201,207,208,209,210,213,214
OZ54,126,127,128,131,132,135,136,137,138,139,140,143,149,150,152,154,156,157,158,159,160,163,169,174,176,177,178,179,180,181,183,191,194,196,197,203,204,206,208,210,211,212,213,214
OZ55,146,149,157,159,174,178,180,183,194,196,211,215
OZ56,125,127,128,132,141,142,153,154,161,165,166,172,175,176,177,179,185,187,188,191,192,195,199,203,209,210,212,213
OZ57,127,129,132,138,140,141,147,148,150,151,152,155,158,165,168,170,171,172,173,175,176,179,182,184,185,186,187,189,193,202,205,207,209,210,212,213
OZ58,131,133,136,137,139,141,149,150,153,156,158,159,161,162,163,164,166,167,171,174,175,178,180,181,183,187,188,190,192,193,194,195,196,198,199,201,208,211,212,215
OZ59,150,151,153,154,158,161,162,166,168,172,175,177,187,188,190,191,192,195,199,203,205,209,212,214
OZ60,156,160,164,167,169,171,193,197,198,201,206,208
OZ61,151,153,158,161,162,166,188,190,192,195,199,203
OZ62,71,128,130,135,138,140,141,142,143,152,153,158,160,161,164,166,167,169,171,172,173,175,176,179,184,187,188,192,193,195,197,198,199,200,201,204,206,209,210,212,213,214
OZ63,70,135,138,153,162,190,199,204
OZ64,128,129,130,133,135,136,139,143,147,155,157,163,164,167,170,175,176,179,181,182,186,187,189,198,200,201,204,207,210,213
OZ65,147,152,173,184,186,207
OZ66,148,165,179,185,202,213
OZ67,149,157,178,183,194,215
OZ68,129,130,133,136,138,139,142,143,152,154,155,157,162,163,164,167,168,170,172,173,176,177,181,182,184,189,190,191,198,200,201,205,209,210,212,214
OZ69,132,133,136,139,142,154,157,158,160,162,163,168,169,172,176,177,181,190,191,197,205,206,209,210,212,214
OZ70,153,158,162,190,192,199
OZ71,154,168,177,191,205,214
OZ72,130,134,137,141,143,152,161,166,173,174,176,184,188,195,196,200,208,210
OZ73,160,167,169,197,201,206
