X0,0,4,114,118,204,208
X1,1,3,115,117,205,207
X2,2,3,146,147,194,195
X3,1,4,145,148,193,196
X4,0,5,144,149,192,197
X5,6,10,90,94,222,226
X6,7,9,91,93,223,225
X7,8,9,122,123,212,213
X8,7,10,121,124,211,214
X9,6,11,120,125,210,215
X10,12,16,144,148,162,166
X11,13,15,145,147,163,165
X12,14,15,98,99,230,231
X13,13,16,97,100,229,232
X14,12,17,96,101,228,233
X15,18,22,120,124,180,184
X16,19,21,121,123,181,183
X17,20,21,152,153,170,171
X18,19,22,151,154,169,172
X19,18,23,150,155,168,173
X20,24,28,96,100,198,202
X21,25,27,97,99,199,201
X22,26,27,128,129,188,189
X23,25,28,127,130,187,190
X24,24,29,126,131,186,191
X25,30,34,150,154,216,220
X26,31,33,151,153,217,219
X27,32,33,104,105,206,207
X28,31,34,103,106,205,208
X29,30,35,102,107,204,209
X30,36,40,126,130,156,160
X31,37,39,127,129,157,159
X32,38,39,80,81,224,225
X33,37,40,79,82,223,226
X34,36,41,78,83,222,227
X35,42,46,102,106,174,178
X36,43,45,103,105,175,177
X37,44,45,134,135,164,165
X38,43,46,133,136,163,166
X39,42,47,132,137,162,167
X40,48,52,78,82,192,196
X41,49,51,79,81,193,195
X42,50,51,110,111,182,183
X43,49,52,109,112,181,184
X44,48,53,108,113,180,185
X45,54,58,132,136,210,214
X46,55,57,133,135,211,213
X47,56,57,86,87,200,201
X48,55,58,85,88,199,202
X49,54,59,84,89,198,203
X50,60,64,108,112,228,232
X51,61,63,109,111,229,231
X52,62,63,140,141,218,219
X53,61,64,139,142,217,220
X54,60,65,138,143,216,221
X55,66,70,84,88,168,172
X56,67,69,85,87,169,171
X57,68,69,116,117,158,159
X58,67,70,115,118,157,160
X59,66,71,114,119,156,161
X60,72,76,138,142,186,190
X61,73,75,139,141,187,189
X62,74,75,92,93,176,177
X63,73,76,91,94,175,178
X64,72,77,90,95,174,179
X65,50,53,80,83,194,197
X66,68,71,86,89,170,173
X67,8,11,92,95,224,227
X68,14,17,146,149,164,167
X69,32,35,152,155,218,221
X70,62,65,110,113,230,233
X71,2,5,116,119,206,209
X72,20,23,122,125,182,185
X73,38,41,128,131,158,161
X74,44,47,104,107,176,179
X75,26,29,98,101,200,203
X76,56,59,134,137,212,215
OX0,79,80,82,83,85,86,88,89,91,92,94,95,97,98,100,101,103,104,106,107,109,110,112,113,115,116,118,119,121,122,124,125,127,128,130,131,133,134,136,137,139,140,142,143,145,146,148,149,150,153,156,159,162,165,169,170,172,173,175,176,178,179,180,183,186,189,192,195,198,201,204,207,211,212,214,215,217,218,220,221,222,225,228,231
OX1,80,82,86,88,92,94,98,100,104,106,110,112,116,118,122,124,128,130,134,136,140,142,146,148,152,154,158,160,164,166,170,172,176,178,182,184,188,190,194,196,200,202,206,208,212,214,218,220,224,226,230,232
OX2,150,151,152,153,154,155,156,157,158,159,160,161,162,163,164,165,166,167,180,181,182,183,184,185,186,187,188,189,190,191,192,193,194,195,196,197,198,199,200,201,202,203,204,205,206,207,208,209,222,223,224,225,226,227,228,229,230,231,232,233
OX3,5,11,47,81,82,83,91,93,103,105,115,117,121,124,133,136,145,148,163,166,168,169,170,171,172,173,175,177,193,196,204,206,208,209,210,212,213,215,223,225
OX4,86,89,92,95,97,100,103,104,106,107,110,113,116,119,121,124,127,130,133,134,136,137,140,143,145,148,151,154,156,157,158,159,160,161,162,164,165,167,168,171,174,175,177,178,180,181,182,183,184,185,187,188,190,191,193,194,196,197,198,199,200,201,202,203,204,207,210,213,216,217,218,219,220,221,223,224,226,227,229,230,232,233
OX5,85,87,91,93,97,98,99,100,104,106,109,111,115,117,121,122,123,124,127,128,129,130,134,136,139,141,145,146,147,148,151,152,153,154,156,157,158,159,160,161,162,167,170,172,174,176,178,179,180,181,182,183,184,185,186,187,189,191,192,193,195,197,204,205,207,209,210,211,213,215,224,226,230,232
OX6,156,157,158,159,160,161,162,163,164,165,166,167,168,169,170,171,172,173,174,175,176,177,178,179,180,181,182,183,184,185,186,187,188,189,190,191,192,193,194,195,196,197,198,199,200,201,202,203,204,205,206,207,208,209,210,211,212,213,214,215,216,217,218,219,220,221,222,223,224,225,226,227,228,229,230,231,232,233
OX7,23,29,65,81,83,89,92,95,99,101,103,105,112,113,116,119,121,123,124,125,134,135,136,137,139,140,141,142,146,148,162,163,164,167,175,177,181,183,184,185,186,187,188,189,190,191,192,193,194,195,198,200,206,209,210,211,212,213,217,218,219,220,222,223,225,226,228,230,231,232
OX8,81,82,88,89,91,93,97,98,100,101,103,104,105,107,109,110,115,117,123,125,127,128,129,130,133,135,136,137,139,142,145,149,151,152,153,154,162,163,164,165,168,173,174,178,183,185,186,191,192,193,194,196,201,203,204,206,208,209,210,211,212,214,216,218,219,221,222,224,226,227,231,232
OX9,82,83,87,89,91,92,93,95,98,100,104,107,110,111,112,113,115,116,117,119,123,124,128,129,133,134,139,140,141,142,145,146,148,149,152,153,165,167,168,169,172,173,174,175,177,178,180,181,182,185,186,187,190,191,195,196,198,199,200,203,204,208,213,214,216,221,222,226,228,229,230,231
OX10,91,95,98,99,109,113,115,119,127,131,133,137,145,146,147,149,151,155,157,161,162,164,165,166,168,169,172,173,174,175,178,179,180,181,184,185,186,187,190,191,193,194,195,197,198,199,202,203,205,206,207,209,211,212,213,215,217,218,219,221,223,224,225,227,229,233
OX11,92,94,97,98,99,100,110,112,116,118,128,130,134,136,145,147,152,154,158,160,164,166,169,170,171,172,175,176,177,178,181,182,183,184,187,188,189,190,192,194,196,197,199,200,201,202,204,206,208,209,210,212,214,215,216,218,220,221,222,224,226,227,228,229,231,233
OX12,11,41,83,87,88,95,97,100,104,105,110,111,118,119,121,122,123,124,128,131,135,137,139,140,141,143,145,146,147,149,151,153,157,159,160,161,163,167,168,172,175,176,177,178,182,183,187,188,189,191,192,193,195,196,198,199,202,203,204,206,207,208,211,213,214,215,217,219,222,223,224,225,226,227,229,232
OX13,87,88,93,94,98,99,105,107,111,112,115,116,117,119,128,130,133,137,139,140,141,143,145,146,148,149,151,152,153,154,157,159,165,167,172,173,176,179,181,184,190,191,194,195,196,197,198,200,201,203,204,206,207,208,211,212,213,215,216,217,218,219,220,221,224,227,228,231,232,233
OX14,88,89,94,95,97,100,105,106,112,113,116,119,127,131,133,134,136,137,140,143,146,148,152,153,157,158,159,161,165,166,168,169,170,172,175,177,180,185,189,191,193,195,196,197,198,203,204,207,212,215,223,225,228,229
OX15,103,105,121,122,123,124,127,129,145,146,147,148,157,159,168,169,170,171,172,173,175,177,186,187,188,189,190,191,192,197,204,205,206,207,208,209,210,215,222,223,225,227,228,229,230,231,232,233
OX16,104,107,121,124,128,131,145,148,158,161,176,179,193,196,211,214,222,225
OX17,29,59,89,94,95,97,100,101,105,106,109,111,112,113,118,119,124,125,129,131,134,135,141,143,146,148,153,154,157,159,160,161,162,165,166,167,169,170,172,173,174,175,177,179,180,181,182,183,186,187,188,190,192,193,194,195,199,202,204,205,210,215,217,218,222,227,228,229,230,232
OX18,94,95,97,98,99,100,105,106,109,110,111,112,118,119,121,123,124,125,127,128,130,131,135,137,139,140,142,143,146,148,151,153,157,159,160,161,162,165,166,167,170,173,174,175,177,179,181,183,184,185,187,188,190,191,192,193,194,195,200,201,202,203,204,205,210,212,219,220,223,224,225,226,228,229,232,233
OX19,93,95,98,99,106,107,110,111,117,119,121,122,128,130,135,136,140,142,145,149,151,152,153,155,157,158,162,163,169,171,175,179,180,183,184,185,186,187,189,191,195,197,199,201,202,203,205,207,208,209,210,213,214,215,220,221,224,225,228,230,231,233
OX20,109,111,127,128,129,130,133,135,151,152,153,154,162,163,164,165,166,167,168,173,180,181,182,183,184,185,186,191,198,199,201,203,204,205,206,207,208,209,211,213,222,223,224,225,226,227,229,231
OX21,110,113,127,130,134,137,151,154,169,172,187,190,198,201,212,215,230,233
OX22,47,77,95,97,99,105,112,113,115,116,117,119,121,122,124,125,128,131,135,136,141,142,146,148,152,153,158,161,162,163,164,167,171,173,177,179,181,183,184,185,187,189,192,193,194,195,206,207,208,209,213,214,216,218,219,221,224,225,226,227,228,230,231,232
OX23,97,98,99,101,111,113,115,117,122,125,127,131,134,135,140,141,142,143,146,147,148,149,151,154,157,158,159,161,162,164,165,166,168,171,175,179,180,181,182,184,187,191,192,193,194,197,199,203,204,205,206,209,216,218,219,221,223,224,225,227,228,230
OX24,98,101,111,112,115,116,117,119,121,123,127,128,130,131,133,136,139,141,142,143,145,147,148,149,151,152,153,154,158,161,162,165,168,169,171,173,175,176,178,179,180,181,182,185,187,188,190,191,192,193,194,195,198,201,208,209,210,211,212,213,214,215,216,221,222,223,225,226,229,230
OX25,115,116,117,119,121,122,123,125,128,129,133,134,135,137,140,141,146,147,162,163,164,165,166,167,169,170,171,173,180,184,186,187,190,191,192,194,195,196,199,203,204,206,207,208,211,212,213,215,218,219,222,223,224,225,226,227,230,231
OX26,116,119,122,125,127,130,134,137,139,142,145,148,168,169,171,172,182,185,187,190,192,195,198,201,204,207,212,215,217,220,228,230,231,233
OX27,17,65,101,111,118,119,121,122,123,124,130,131,133,134,139,141,142,143,145,147,152,154,160,161,162,165,166,167,168,173,174,175,176,178,180,182,183,185,186,188,193,194,195,197,199,200,201,202,205,206,207,209,212,214,216,217,219,221,226,227,230,233
OX28,117,119,121,125,129,130,134,136,139,141,142,143,145,149,152,153,154,155,157,158,162,163,164,165,170,171,172,173,175,177,178,179,182,183,184,185,187,188,190,191,195,197,201,202,207,209,211,212,220,221,223,224,228,229,230,231
OX29,118,119,122,124,129,131,133,134,136,137,140,141,142,143,146,148,151,152,157,159,160,161,162,163,164,167,169,170,176,177,178,179,181,182,187,191,192,193,194,195,198,199,200,202,208,209,211,213,214,215,219,220,223,225,226,227,231,232
OX30,121,122,123,125,127,128,129,131,134,135,139,140,141,143,146,147,152,153,157,158,159,161,164,165,169,173,174,176,177,178,181,185,186,190,192,193,196,197,204,205,208,209,210,211,212,213,214,215,222,226,228,229,230,231,232,233
OX31,122,125,128,131,133,136,140,143,145,148,151,154,158,161,163,166,168,171,174,177,180,183,188,191,193,196,204,206,207,209,222,223,225,226
OX32,35,41,77,99,101,106,107,112,113,119,123,124,128,131,134,135,140,141,145,146,147,149,151,153,154,155,157,159,160,161,163,167,168,169,171,173,174,177,178,179,181,182,192,193,194,195,196,197,198,200,202,203,205,208,210,212,213,215,216,217,218,220,225,226,228,229,230,233
OX33,99,101,105,107,112,113,124,125,129,130,133,135,139,142,145,146,147,148,152,153,154,155,159,160,162,163,164,165,166,167,168,169,175,177,180,184,187,190,192,194,198,200,201,203,204,208,210,211,213,215,216,217,224,226,231,233
OX34,100,101,106,107,111,112,123,124,129,131,134,137,140,141,145,148,151,152,159,161,162,163,164,165,166,167,169,170,176,179,180,182,184,185,186,187,190,191,192,193,198,199,202,203,204,206,208,209,211,212,214,215,217,218,223,224,226,227,228,229,230,231
OX35,128,129,145,146,147,149,158,159,163,164,165,167,188,189,192,196,198,199,202,203,228,232
OX36,127,130,146,149,157,160,162,163,165,166,168,169,170,171,172,173,174,175,176,177,178,179,180,181,182,183,184,185,186,188,189,191,194,197,198,200,201,203,204,205,206,207,208,209,210,211,212,213,214,215,216,217,218,219,220,221,222,223,224,225,226,227,228,229,231,232
OX37,53,59,65,101,105,107,111,112,113,123,130,131,133,134,135,136,139,141,142,143,146,147,157,161,162,167,168,169,171,172,178,179,180,182,186,188,193,197,199,201,202,203,204,206,207,209,210,212,213,215,216,221,226,227,230,233
OX38,105,107,111,113,123,124,134,137,139,140,146,149,153,155,157,160,162,163,165,166,169,173,181,182,184,185,186,188,190,191,194,197,200,203,205,207,208,209,212,215,219,221,223,224,225,226,228,230,231,232
OX39,106,107,112,113,123,125,133,134,135,137,139,141,142,143,145,146,147,149,154,155,158,159,162,166,170,172,174,175,176,177,178,179,180,182,183,184,186,187,189,190,192,196,198,202,206,207,208,209,210,214,220,221,222,224,225,227,230,232
OX40,134,135,151,152,153,155,164,165,168,172,174,175,178,179,204,208,212,213,217,218,219,221
OX41,133,136,152,155,163,166,168,169,171,172,175,178,206,209,210,212,213,215,218,221
OX42,41,71,112,113,119,123,125,129,135,137,139,140,145,146,147,149,152,155,158,161,163,167,168,172,174,177,178,179,180,182,183,185,186,187,188,191,193,195,199,201,202,203,204,208,210,213,216,217,218,220,222,223,225,227,228,231,232,233
OX43,111,113,124,125,129,130,140,143,147,148,153,155,157,158,160,161,162,164,166,167,168,169,172,173,174,175,177,178,180,181,182,185,188,191,193,194,196,197,199,200,201,202,205,206,208,209,210,212,213,215,218,221,223,227
OX44,112,113,123,124,129,131,139,140,141,143,147,149,154,155,157,161,164,167,168,173,174,178,180,181,182,184,186,190,193,197,199,202,205,209,212,213,216,220,224,226,228,229,230,231,232,233
OX45,123,125,129,130,136,137,139,141,146,148,151,152,153,154,158,160,164,166,168,169,171,173,174,175,177,179,182,184,188,190,194,196,200,201,202,203,205,206,207,208,211,212,213,215,216,217,218,219,220,221,224,227,228,230,232,233
OX46,124,125,129,131,135,136,140,143,145,146,148,149,151,154,157,158,160,161,163,164,166,167,168,171,174,177,180,183,186,189,193,194,196,197,199,200,204,206,207,209,211,213,222,226,228,229,231,232
OX47,59,71,83,95,119,125,130,137,142,143,147,149,152,153,154,155,158,159,162,164,171,172,174,178,180,181,186,188,189,190,192,194,195,196,198,202,207,209,216,217,218,219,222,225,226,227,228,230
OX48,129,130,140,143,146,147,151,152,157,158,159,161,162,164,165,167,168,169,170,172,174,175,176,178,180,182,183,184,186,187,189,190,192,193,196,197,198,199,201,202,204,207,208,209,212,213,214,215,216,218,220,221,222,224,225,226,228,229,230,231,232,233
OX49,130,131,139,141,145,148,152,153,154,155,158,161,162,167,168,169,170,173,174,175,176,179,180,183,187,189,193,196,199,201,204,205,211,213,214,215,217,218,219,221,222,225
OX50,140,143,145,146,148,149,151,154,157,158,160,161,163,164,166,167,168,171,174,177,180,183,186,189,193,194,196,197,199,200,202,203,204,206,207,209,210,213,222,225,228,229,231,232
OX51,139,141,146,148,151,152,153,154,158,160,164,166,168,169,171,173,174,175,177,179,182,184,188,190,194,196,200,202,205,206,207,208,210,211,213,215,216,217,218,219,220,221,224,226,228,230,232,233
OX52,71,77,83,89,95,101,119,125,137,141,148,149,151,153,154,155,158,161,164,165,166,167,169,171,172,173,174,175,176,179,180,181,182,183,186,187,188,190,193,194,195,196,198,199,201,202,204,205,206,207,211,212,214,215,217,218,220,221,225,227,228,230,231,232
OX53,135,137,141,142,145,148,151,152,154,155,157,159,160,161,162,163,164,165,166,167,168,170,171,173,174,176,177,178,181,182,184,185,187,188,190,191,192,193,194,197,198,199,200,203,205,206,208,209,210,211,213,214,216,217,219,220,223,224,226,227,229,230,231,232
OX54,136,137,141,143,146,147,151,155,158,159,160,161,162,163,164,165,166,167,170,171,176,178,180,182,183,184,186,188,189,190,192,193,194,196,198,199,200,202,204,206,207,208,210,214,216,220,222,224,225,226,228,230,231,233
OX55,146,148,152,154,157,159,163,165,168,173,174,179,180,181,183,185,186,187,189,191,192,197,198,203,204,205,207,209,211,213,217,219,222,223,225,227,228,229,231,233
OX56,145,149,151,155,157,158,159,161,163,164,165,167,168,169,172,173,174,175,178,179,181,185,187,191,192,193,196,197,198,199,202,203,205,209,211,212,213,215,217,218,219,221,223,227,229,233
OX57,65,77,95,101,107,113,137,141,143,148,151,152,153,155,157,158,159,160,162,163,164,165,168,169,171,172,175,177,180,182,183,185,186,189,190,191,192,194,196,197,198,200,202,203,208,209,210,212,213,215,218,219,220,221,222,223,225,226,229,231,232,233
OX58,142,143,147,149,151,153,154,155,158,160,164,166,168,170,174,176,182,184,188,190,194,196,200,202,206,209,213,214,216,217,219,220,224,226,230,231
OX59,141,143,147,148,151,152,157,161,163,167,168,171,172,173,174,177,178,179,181,185,187,191,193,197,199,203,205,207,210,211,212,213,217,219,223,227,229,232
OX60,151,152,154,155,157,158,160,161,163,164,166,167,168,170,171,173,174,176,177,179,181,182,184,185,187,188,190,191,193,194,196,197,199,200,202,203,205,206,208,209,210,211,213,214,216,217,219,220,223,224,226,227,229,230,232,233
OX61,152,154,158,160,164,166,169,170,171,172,175,176,177,178,182,184,188,190,194,196,200,202,206,208,210,212,214,215,216,218,220,221,224,226,230,232
OX62,77,83,89,107,113,119,125,131,147,148,149,153,154,155,157,160,163,164,165,166,169,170,175,177,181,182,184,185,186,187,188,189,190,191,195,197,198,200,202,203,206,207,210,215,216,219,220,221,222,223,224,227,228,229,230,231,232,233
OX63,147,149,153,155,157,158,163,164,168,170,174,176,180,182,184,185,186,188,190,191,196,197,202,203,213,214,219,220,223,224,225,226,229,230,231,232
OX64,148,149,154,155,157,159,160,161,163,165,166,167,170,171,172,173,176,177,178,179,182,185,188,191,192,193,194,197,198,199,200,203,204,205,206,207,208,209,210,211,212,214,216,217,218,220,223,226,229,232
OX65,157,158,160,161,163,164,166,167,169,170,172,173,175,176,178,179,181,182,184,185,187,188,190,191,193,194,196,197,199,200,202,203,205,206,208,209,211,212,214,215,217,218,220,221,223,224,226,227,229,230,232,233
OX66,158,160,164,166,170,172,176,178,182,184,188,190,194,196,200,202,206,208,212,214,218,220,224,226,230,232
OX67,83,89,125,153,154,161,165,167,169,170,171,173,175,179,181,183,187,188,193,194,198,199,204,205,211,215,217,221,226,227,232,233
OX68,101,107,143,153,154,160,161,167,169,170,171,173,175,176,177,179,181,183,187,189,193,194,199,200,204,205,210,211,214,215,217,221,222,227,232,233
OX69,89,119,160,165,166,171,176,177,182,183,188,189,194,195,198,200,204,206,210,214,216,220,222,226,228,232
OX70,107,137,159,160,162,165,166,168,172,174,180,182,186,188,192,194,198,200,206,207,212,213,219,220,225,226,231,232
OX71,125,155,159,160,165,166,168,171,172,174,178,180,186,188,192,194,198,200,204,206,212,213,218,219,225,226,231,232
OX72,95,143,159,160,165,166,171,172,174,177,178,180,184,186,192,194,198,200,204,206,210,212,218,219,224,225,231,232
OX73,113,119,153,154,155,160,161,166,167,168,169,170,173,174,175,176,179,181,182,183,184,187,188,189,190,193,194,195,199,200,205,206,211,213,214,215,217,219,220,221,222,224,226,227,228,230,232,233
OX74,131,137,143,153,154,160,161,162,164,166,167,168,169,172,173,174,175,179,180,181,187,193,194,199,200,202,205,206,207,208,211,212,213,215,216,217,219,221,225,227,232,233
OX75,119,149,159,160,165,166,170,171,176,177,182,183,188,189,192,194,195,198,200,204,206,208,210,214,216,220,222,226,228,232
OX76,137,149,160,162,166,168,170,172,174,176,180,182,186,188,194,200,206,207,208,212,213,214,219,220,225,226,231,232
OX77,149,155,160,166,168,170,172,174,176,178,180,182,186,188,194,200,206,208,212,213,214,218,219,220,225,226,231,232
OX78,143,155,159,160,165,166,168,171,172,174,177,178,180,186,192,194,198,200,204,206,210,212,213,218,219,225,231,232
OX79,153,154,155,159,160,161,165,166,167,168,169,170,171,172,173,174,175,176,177,178,179,180,181,182,186,187,188,192,193,194,198,199,200,204,205,206,210,211,212,213,214,215,216,217,218,219,220,221,225,226,227,231,232,233
Z0,0,45,103,149,164,208
Z1,1,47,104,148,162,207
Z2,2,46,102,147,163,209
Z3,3,36,83,115,160,194
Z4,4,38,81,114,161,193
Z5,5,37,82,116,159,192
Z6,6,51,79,125,182,226
Z7,7,53,80,124,180,225
Z8,8,52,78,123,181,227
Z9,9,42,91,137,178,212
Z10,10,44,90,135,179,211
Z11,11,43,92,136,177,210
Z12,12,57,101,133,166,200
Z13,13,59,100,134,165,198
Z14,14,58,99,132,167,199
Z15,15,48,113,145,196,230
Z16,16,50,111,144,197,229
Z17,17,49,112,146,195,228
Z18,18,63,109,155,184,218
Z19,19,65,110,154,183,216
Z20,20,64,108,153,185,217
Z21,21,54,89,121,170,214
Z22,22,56,87,120,169,215
Z23,23,55,88,122,168,213
Z24,24,69,85,131,158,202
Z25,25,71,86,130,156,201
Z26,26,70,84,129,157,203
Z27,27,60,97,143,188,232
Z28,28,62,96,141,187,233
Z29,29,61,98,142,186,231
Z30,30,75,107,139,176,220
Z31,31,77,106,140,174,219
Z32,32,76,105,138,175,221
Z33,33,66,119,151,172,206
Z34,34,68,117,150,173,205
Z35,35,67,118,152,171,204
Z36,3,42,106,146,167,205
Z37,5,43,105,144,166,206
Z38,4,44,107,145,165,204
Z39,39,72,95,127,190,224
Z40,40,74,93,126,191,223
Z41,41,73,94,128,189,222
Z42,9,48,82,122,185,223
Z43,11,49,81,120,184,224
Z44,10,50,83,121,183,222
Z45,0,39,80,118,157,197
Z46,2,40,79,119,156,195
Z47,1,41,78,117,158,196
Z48,15,54,98,136,163,203
Z49,17,55,96,135,164,202
Z50,16,56,97,137,162,201
Z51,12,51,110,148,193,233
Z52,14,52,109,149,192,231
Z53,13,53,108,147,194,232
Z54,21,60,112,152,181,221
Z55,23,61,111,150,182,220
Z56,22,62,113,151,180,219
Z57,6,45,94,134,175,215
Z58,8,46,95,133,174,213
Z59,7,47,93,132,176,214
Z60,27,66,88,128,161,199
Z61,29,67,87,126,160,200
Z62,28,68,89,127,159,198
Z63,24,63,100,140,191,229
Z64,26,64,101,139,189,228
Z65,25,65,99,138,190,230
Z66,33,72,104,142,179,217
Z67,35,73,102,141,178,218
Z68,34,74,103,143,177,216
Z69,30,69,116,154,169,209
Z70,32,70,115,155,168,207
Z71,31,71,114,153,170,208
Z72,18,57,86,124,173,211
Z73,19,59,84,123,172,212
Z74,20,58,85,125,171,210
Z75,38,76,91,131,186,225
Z76,37,77,90,129,188,226
OZ0,80,82,84,85,87,89,92,94,96,97,99,101,104,106,108,109,111,113,114,115,117,119,120,121,123,125,126,127,129,131,132,133,135,137,138,139,141,143,144,145,147,149,150,151,153,155,158,160,164,166,170,172,174,175,177,179,182,184,188,190,192,193,195,197,200,202,204,205,207,209,212,214,218,220,222,223,225,227,230,232
OZ1,90,91,92,93,94,95,102,103,104,105,106,107,132,133,134,135,136,137,144,145,146,147,148,149,162,163,164,165,166,167,174,175,176,177,178,179,204,205,206,207,208,209,210,211,212,213,214,215
OZ2,108,109,110,111,112,113,120,121,122,123,124,125,132,133,134,135,136,137,156,157,158,159,160,161,168,169,170,171,172,173,174,175,176,177,178,179,186,187,188,189,190,191,192,193,194,195,196,197,198,199,200,201,202,203,204,205,206,207,208,209,216,217,218,219,220,221,222,223,224,225,226,227
OZ3,84,85,86,87,88,89,96,97,98,99,100,101,120,121,122,123,124,125,132,133,134,135,136,137,162,163,164,165,166,167,168,169,170,171,172,173,198,199,200,201,202,203,210,211,212,213,214,215
OZ4,96,97,98,99,100,101,120,121,122,123,124,125,132,133,134,135,136,137,138,139,140,141,142,143,150,151,152,153,154,155,156,157,158,159,160,161,168,169,170,171,172,173,174,175,176,177,178,179,180,181,182,183,184,185,192,193,194,195,196,197,198,199,200,201,202,203,204,205,206,207,208,209,222,223,224,225,226,227,228,229,230,231,232,233
OZ5,114,115,116,117,118,119,126,127,128,129,130,131,138,139,140,141,142,143,162,163,164,165,166,167,168,169,170,171,172,173,174,175,176,177,178,179,180,181,182,183,184,185,192,193,194,195,196,197,198,199,200,201,202,203,210,211,212,213,214,215,222,223,224,225,226,227,228,229,230,231,232,233
OZ6,126,127,128,129,130,131,132,133,134,135,136,137,138,139,140,141,142,143,144,145,146,147,148,149,162,163,164,165,166,167,186,187,188,189,190,191,204,205,206,207,208,209,210,211,212,213,214,215,216,217,218,219,220,221,222,223,224,225,226,227
OZ7,102,103,104,105,106,107,144,145,146,147,148,149,162,163,164,165,166,167,204,205,206,207,208,209
OZ8,120,121,122,123,124,125,132,133,134,135,136,137,144,145,146,147,148,149,156,157,158,159,160,161,168,169,170,171,172,173,174,175,176,177,178,179,186,187,188,189,190,191,198,199,200,201,202,203,204,205,206,207,208,209,216,217,218,219,220,221,222,223,224,225,226,227,228,229,230,231,232,233
OZ9,132,133,134,135,136,137,138,139,140,141,142,143,144,145,146,147,148,149,150,151,152,153,154,155,162,163,164,165,166,167,180,181,182,183,184,185,186,187,188,189,190,191,192,193,194,195,196,197,198,199,200,201,202,203,216,217,218,219,220,221
OZ10,144,145,146,147,148,149,150,151,152,153,154,155,180,181,182,183,184,185,192,193,194,195,196,197,216,217,218,219,220,221,228,229,230,231,232,233
OZ11,138,139,140,141,142,143,162,163,164,165,166,167,174,175,176,177,178,179,228,229,230,231,232,233
OZ12,150,151,152,153,154,155,180,181,182,183,184,185,192,193,194,195,196,197,204,205,206,207,208,209
OZ13,75,77,81,82,91,92,93,94,103,104,106,107,116,119,121,122,124,125,129,130,133,136,145,146,148,149,157,158,160,161,162,164,165,167,168,169,170,171,172,173,174,177,181,184,186,189,190,191,192,195,198,199,200,201,202,203,204,205,207,208,211,212,214,215,222,223,225,227
OZ14,76,77,81,83,91,94,103,107,115,116,117,119,121,125,129,131,134,135,145,149,157,161,164,165,168,169,170,171,172,173,175,179,180,181,184,185,186,188,192,194,195,196,204,208,211,215,222,225
OZ15,85,88,92,95,98,101,109,112,116,119,121,124,128,131,139,142,145,148,152,155,158,161,162,164,165,167,168,171,174,175,177,178,181,184,187,188,190,191,192,193,194,195,196,197,204,205,206,207,208,209,210,211,212,213,214,215,222,223,224,225,226,227,229,230,232,233
OZ16,86,87,91,92,93,95,97,98,99,101,110,111,115,116,117,119,122,123,127,128,129,131,140,141,146,147,151,152,153,155,157,158,159,161,164,165,169,173,174,178,180,181,184,185,186,188,189,190,192,193,194,195,196,197,210,211,212,213,214,215,228,230,231,232
OZ17,156,157,158,159,160,161,168,169,170,171,172,173,180,181,182,183,184,185
OZ18,82,83,87,88,91,95,97,98,99,100,103,104,105,107,109,110,115,119,123,125,127,128,130,131,133,135,136,137,139,142,145,147,151,152,154,155,158,159,160,161,164,167,169,170,172,173,175,176,177,179,181,182,187,188,190,191,194,196,198,199,201,203,205,209,211,213,214,215,217,220,222,224,225,226,228,229,232,233
OZ19,81,83,88,89,91,92,94,95,98,99,104,107,110,111,112,113,115,116,118,119,123,124,128,130,133,134,139,140,141,142,145,146,147,149,152,154,157,159,160,161,162,164,166,167,170,172,176,179,180,181,188,190,192,194,195,196,199,203,205,206,208,209,210,213,214,215,217,218,219,220,222,225,229,232
OZ20,91,93,103,104,105,106,109,110,111,112,115,117,122,124,127,128,129,130,133,135,139,141,151,152,153,154,158,160,163,165,168,169,170,171,172,173,174,175,177,179,181,182,183,184,192,193,194,195,196,197,210,212,214,215,216,217,219,221,228,233
OZ21,92,95,103,106,109,112,116,119,121,122,124,125,127,130,134,137,140,143,151,154,157,158,160,161,162,163,165,166,168,169,170,171,172,173,175,176,178,179,180,182,183,185,192,193,194,195,196,197,198,199,200,201,202,203,210,211,213,214,217,218,220,221,222,223,224,225,226,227,228,230,231,233
OZ22,168,169,170,171,172,173,180,181,182,183,184,185,210,211,212,213,214,215,222,223,224,225,226,227
OZ23,87,88,97,98,99,100,103,105,106,107,110,112,115,116,117,118,122,123,124,125,127,128,134,137,139,140,142,143,145,147,148,149,152,155,158,159,163,165,166,167,169,170,172,173,174,179,183,184,186,187,188,191,192,193,195,196,200,202,205,207,208,209,210,214,218,221,229,230,231,232
OZ24,88,89,98,99,103,104,109,113,116,117,121,123,124,125,128,129,130,131,133,135,140,142,145,146,151,153,157,160,163,164,170,172,176,177,180,181,182,183,190,191,193,195,198,200,201,202,205,206,210,211,213,214,217,219,222,223,224,225,226,227,230,231
OZ25,98,101,103,104,106,107,121,124,128,131,145,146,148,149,151,154,163,166,175,178,180,182,183,185,186,187,189,190,194,197,206,209,216,218,219,221,228,229,231,232
OZ26,97,99,104,106,121,122,123,124,127,129,146,148,151,152,153,154,163,164,165,166,174,179,181,182,183,184,186,188,190,191,192,194,196,197,205,207,217,218,219,220,222,223,224,225,226,227,228,230,232,233
OZ27,186,187,188,189,190,191,198,199,200,201,202,203,210,211,212,213,214,215
OZ28,103,106,110,113,116,117,122,123,124,125,128,130,135,137,139,140,141,143,145,148,152,155,157,158,159,160,162,165,170,173,174,176,177,179,180,183,187,189,192,193,194,195,196,197,206,207,210,212,213,214,216,220
OZ29,104,105,109,110,111,113,115,116,117,118,121,122,127,128,130,131,136,137,139,141,146,147,151,152,153,155,157,160,162,164,165,166,169,170,171,173,176,177,180,182,183,184,188,191,198,199,200,201,202,203,204,209,210,211,213,215,216,218,220,221,222,223,224,225,226,227,228,229,230,231,232,233
OZ30,115,116,117,118,121,123,128,130,133,134,135,136,139,141,157,158,159,160,180,181,182,183,184,185,187,189,198,199,200,201,202,203,205,206,207,208,212,214,216,218,220,221,228,229,230,231,232,233
OZ31,116,117,121,122,123,125,127,131,134,135,139,140,141,143,158,159,162,163,164,165,166,167,187,188,189,191,192,193,194,195,196,197,204,205,208,209,211,215,217,218,219,221,222,223,224,225,226,227
OZ32,162,163,164,165,166,167,174,175,176,177,178,179,198,199,200,201,202,203,210,211,212,213,214,215
OZ33,93,94,109,113,118,119,122,123,128,130,135,136,140,141,145,146,151,155,160,161,163,164,169,170,171,173,174,176,178,179,180,182,183,184,187,188,192,194,196,197,205,206,207,208,210,212,213,215,218,219,222,224,225,227,230,231
OZ34,94,95,109,110,112,113,117,119,121,124,127,131,136,137,139,142,146,147,148,149,151,152,154,155,159,161,164,165,166,167,170,173,174,178,181,182,184,185,188,189,190,191,193,194,195,197,206,207,210,215,217,220,222,227,228,230,231,233
OZ35,121,122,123,124,127,129,134,136,139,140,141,142,145,147,163,165,174,175,176,177,178,179,181,182,183,184,188,190,192,194,196,197,204,205,206,207,208,209,210,215,222,223,224,225,226,227
OZ36,122,123,127,128,129,131,133,137,140,141,145,146,147,149,163,164,165,167,182,183,187,191,193,194,195,197,198,199,200,201,202,203,210,211,214,215,216,217,218,219,220,221,222,223,224,225,226,227
OZ37,174,175,176,177,178,179,198,199,200,201,202,203,210,211,212,213,214,215,216,217,218,219,220,221,228,229,230,231,232,233
OZ38,99,100,106,107,110,113,127,129,130,131,133,134,135,136,141,142,145,148,151,155,157,158,159,160,163,166,169,170,171,173,175,176,177,178,182,185,187,188,190,191,199,202,204,208,210,215,216,219,220,221,222,223,224,225,226,227,228,230,232,233
OZ39,100,101,105,107,109,111,127,128,134,135,142,143,145,146,147,148,151,152,154,155,158,159,163,164,165,166,170,173,176,177,181,183,188,190,192,193,194,195,196,197,198,203,206,209,210,211,214,215,218,219,220,221,229,230,231,233
OZ40,127,128,129,130,133,135,140,142,145,146,147,148,151,153,157,158,159,160,164,166,169,171,187,188,189,190,217,219,222,223,224,225,226,227,228,229,230,231,232,233
OZ41,128,129,133,134,135,137,139,143,146,147,151,152,153,155,158,159,163,167,169,170,171,173,188,189,192,193,194,195,196,197,198,199,200,201,202,203,216,220,228,229,230,231,232,233
OZ42,192,193,194,195,196,197,204,205,206,207,208,209,216,217,218,219,220,221
OZ43,105,107,110,112,117,118,123,125,129,130,133,136,139,142,146,147,148,149,152,153,154,155,159,160,163,166,169,170,171,173,176,177,180,183,184,185,189,190,193,194,195,197,198,199,200,201,202,203,204,207,211,212,214,215,217,220,228,233
OZ44,106,107,109,110,112,113,117,119,124,125,129,131,134,135,140,141,145,146,151,152,159,161,164,165,169,171,175,176,177,178,181,183,184,185,189,191,193,195,205,209,210,212,213,214,218,219,222,223,224,225,226,227,229,232
OZ45,109,110,111,112,117,118,123,125,129,130,136,137,140,141,142,143,146,149,151,153,159,160,163,164,165,167,169,171,180,181,184,185,189,190,194,197,198,199,200,201,202,203,205,208,211,213,214,215,217,218,219,221,229,230,231,232
OZ46,110,111,118,119,123,124,130,131,135,137,139,141,142,143,145,147,151,152,153,155,160,161,164,167,169,170,171,173,180,182,183,185,190,191,193,195,198,199,200,201,202,203,204,209,211,212,216,217,219,220,222,223,224,225,226,227,230,231
OZ47,204,205,206,207,208,209,210,211,212,213,214,215,216,217,218,219,220,221,222,223,224,225,226,227
OZ48,111,113,118,119,123,124,129,131,134,136,140,141,142,143,148,149,154,155,157,161,164,166,169,170,171,173,181,182,184,185,187,188,190,191,193,194,195,197,205,206,207,208,210,211,213,215,220,221,222,223,224,225,226,227,230,231
OZ49,112,113,117,118,123,125,130,131,133,134,136,137,139,140,147,148,153,154,158,160,163,164,166,167,169,171,181,185,187,191,193,195,198,199,200,201,202,203,205,208,210,213,216,217,218,221,229,230,231,232
OZ50,129,130,133,134,135,137,139,143,146,147,151,153,154,155,157,160,163,167,170,173,180,181,182,183,184,185,187,188,198,199,200,201,202,203,220,221,228,229,230,231,232,233
OZ51,130,131,134,137,139,140,142,143,145,148,151,152,157,158,159,160,163,164,166,167,169,171,188,189,190,191,210,211,212,213,214,215,216,217,218,220,222,223,224,225,226,227
OZ52,180,181,182,183,184,185,222,223,224,225,226,227
OZ53,118,119,123,124,134,136,139,142,148,149,152,153,154,155,157,158,159,161,164,166,169,170,171,173,181,184,187,190,193,194,195,197,198,199,200,201,202,203,205,206,207,208,210,211,213,215,217,220,228,229,230,231,232,233
OZ54,117,119,124,125,133,137,139,140,141,142,147,149,151,153,154,155,158,161,163,167,170,173,181,182,183,184,187,188,189,190,194,197,198,199,200,201,202,203,206,207,210,212,213,214,217,218,219,220
OZ55,133,137,140,141,145,146,147,149,151,155,163,164,165,167,169,170,171,173,188,189,193,194,195,197,212,213,216,217,220,221
OZ56,134,136,139,140,141,142,145,147,152,154,163,165,169,171,187,188,189,190,193,195,198,199,200,201,202,203,210,215,216,221,222,223,224,225,226,227,228,229,230,231,232,233
OZ57,198,199,200,201,202,203,210,211,212,213,214,215,222,223,224,225,226,227
OZ58,124,125,136,137,139,140,141,143,145,146,147,149,151,155,163,164,165,167,169,170,171,173,181,182,183,184,193,194,195,197,214,215,217,221,222,223,224,225,226,227
OZ59,123,125,135,137,140,143,146,149,151,152,154,155,164,167,170,173,182,183,194,197,210,211,212,214,216,219,228,229,230,231,232,233
OZ60,139,140,141,143,145,149,152,153,164,165,193,194,195,197,217,221,222,223,224,225,226,227,228,229,230,231,232,233
OZ61,140,143,145,146,148,149,151,154,163,166,194,197,216,219,228,229,230,231,232,233
OZ62,210,211,212,213,214,215,216,217,218,219,220,221,222,223,224,225,226,227,228,229,230,231,232,233
OZ63,136,137,142,143,145,146,147,149,152,153,163,164,165,167,187,188,189,190,193,194,195,197,211,212,213,214,217,221,222,223,224,225,226,227
OZ64,135,137,141,143,146,149,151,154,164,167,188,189,194,197,212,213,216,219,222,223,224,225,226,227,228,229,230,231,232,233
OZ65,146,148,152,154,163,164,165,166,169,171,193,195,217,218,219,220,222,223,224,225,226,227,228,229,230,231,232,233
OZ66,145,149,151,155,164,165,169,170,171,173,193,194,195,197,218,219
OZ67,222,223,224,225,226,227,228,229,230,231,232,233
OZ68,142,143,147,149,151,153,154,155,164,165,170,173,187,188,189,190,194,197,220,221,228,229,230,231,232,233
OZ69,141,143,147,148,151,152,163,166,169,171,188,189,193,195,216,217,218,220,228,229,230,231,232,233
OZ70,151,152,154,155,170,173,216,218,219,221
OZ71,152,154,169,171,216,221,228,229,230,231,232,233
OZ72,216,217,218,219,220,221
OZ73,77,107,119,131,161,179,191,209
OZ74,147,149,153,155,164,165,170,173,194,197,218,219
OZ75,148,149,154,155,163,164,165,166,169,170,171,173,193,194,195,197,217,218,219,220
OZ76,228,229,230,231,232,233
OZ77,83,89,95,101,107,113,119,125,131,137,143,149,153,161,167,170,179,185,191,197,203,209,215,218,219,221,227,233
OZ78,153,155,170,173,218,219
OZ79,154,155,169,170,171,173,217,218,219,220
