X0,0,43,86,129,172,215
X1,1,52,90,130,181,219
X2,2,50,89,131,179,218
X3,3,45,93,132,174,222
X4,4,44,95,133,173,224
X5,5,74,98,134,203,227
X6,6,62,103,135,191,232
X7,7,46,88,136,175,217
X8,8,70,97,137,199,226
X9,9,47,87,138,176,216
X10,10,58,107,139,187,236
X11,11,51,113,140,180,242
X12,12,48,117,141,177,246
X13,13,85,110,142,214,239
X14,14,81,115,143,210,244
X15,15,64,96,144,193,225
X16,16,73,123,145,202,252
X17,17,49,105,146,178,234
X18,18,84,109,147,213,238
X19,19,60,92,148,189,221
X20,20,78,119,149,207,248
X21,21,53,101,150,182,230
X22,22,68,125,151,197,254
X23,23,61,127,152,190,256
X24,24,56,128,153,185,257
X25,25,82,108,154,211,237
X26,26,79,114,155,208,243
X27,27,54,94,156,183,223
X28,28,69,122,157,198,251
X29,29,57,124,158,186,253
X30,30,80,102,159,209,231
X31,31,55,91,160,184,220
X32,32,83,120,161,212,249
X33,33,63,121,162,192,250
X34,34,75,126,163,204,255
X35,35,76,106,164,205,235
X36,36,71,112,165,200,241
X37,37,59,116,166,188,245
X38,38,72,100,167,201,229
X39,39,65,111,168,194,240
X40,40,77,118,169,206,247
X41,41,66,104,170,195,233
X42,42,67,99,171,196,228
X43,0,45,90,129,174,219
X44,4,43,88,133,172,217
X45,3,51,103,132,180,232
X46,7,52,96,136,181,225
X47,2,47,86,131,176,215
X48,12,44,105,141,173,234
X49,17,46,94,146,175,223
X50,10,50,95,139,179,224
X51,11,61,123,140,190,252
X52,1,62,98,130,191,227
X53,9,53,93,138,182,222
X54,27,64,106,156,193,235
X55,19,55,87,148,184,216
X56,24,48,124,153,177,253
X57,23,57,122,152,186,251
X58,22,58,117,151,187,246
X59,28,59,112,157,188,241
X60,8,60,89,137,189,218
X61,33,56,127,162,185,256
X62,6,73,115,135,202,244
X63,21,63,113,150,192,242
X64,15,74,108,144,203,237
X65,31,65,101,160,194,230
X66,36,66,100,165,195,229
X67,38,67,91,167,196,220
X68,34,68,128,163,197,257
X69,16,69,114,145,198,243
X70,20,70,107,149,199,236
X71,26,71,102,155,200,231
X72,30,72,92,159,201,221
X73,29,49,116,158,178,245
X74,5,81,110,134,210,239
X75,39,75,121,168,204,250
X76,35,82,118,164,211,247
X77,40,83,126,169,212,255
X78,32,78,125,161,207,254
X79,14,79,109,143,208,238
X80,18,80,97,147,209,226
X81,37,54,104,166,183,233
X82,25,85,120,154,214,249
X83,42,77,111,171,206,240
X84,13,84,119,142,213,248
OX0,86,87,88,89,90,91,92,93,94,95,96,97,98,99,100,101,102,103,104,105,106,107,108,109,110,111,112,113,114,115,116,117,118,119,120,121,122,123,124,125,126,127,128,129,130,131,132,133,134,135,136,137,138,139,140,141,142,143,144,145,146,147,148,149,150,151,152,153,154,155,156,157,158,159,160,161,162,163,164,165,166,167,168,169,170,171,172,173,174,175,176,177,178,179,180,181,182,183,184,185,186,187,188,189,190,191,192,193,194,195,196,197,198,199,200,201,202,203,204,205,206,207,208,209,210,211,212,213,214,215,216,217,218,219,220,221,222,223,224,225,226,227,228,229,230,231,232,233,234,235,236,237,238,239,240,241,242,243,244,245,246,247,248,249,250,251,252,253,254,255,256,257
OX1,85,99,100,102,109,110,118,120,130,137,152,154,155,163,174,179,185,198,203,209,212,214,215,228,229,231,238,239,247,249
OX2,130,132,134,137,152,153,154,155,157,159,161,163,174,179,182,185,186,189,191,197,198,200,203,209,212,214,215,216
OX3,132,134,139,144,145,147,153,157,159,161,162,169,173,181,182,186,189,190,191,197,199,200,204,208,211,214,216,217
OX4,129,139,173,176,217,218
OX5,131,134,139,144,145,147,153,157,159,161,162,169,172,173,181,186,189,190,191,197,199,200,204,208,211,214,217,219
OX6,135,139,142,144,145,147,150,151,158,162,165,169,173,177,180,181,188,190,194,199,201,204,207,208,210,211,217,220
OX7,137,138,179,184,215,221
OX8,148,150,176,194,220,222
OX9,139,140,141,143,144,145,147,149,162,164,168,169,173,178,181,187,190,192,193,199,202,204,206,208,211,213,217,223
OX10,136,141,172,178,223,224
OX11,133,138,140,141,143,149,152,154,155,163,164,168,175,178,184,185,187,192,193,198,202,203,206,209,212,213,215,221,223,225
OX12,134,140,141,143,153,157,159,161,164,168,172,178,186,191,192,193,197,200,202,206,213,214,219,223,224,226
OX13,142,144,145,147,150,151,158,162,165,169,176,177,188,190,194,199,201,204,207,208,210,211,218,220,222,227
OX14,164,166,193,195,223,228
OX15,159,160,189,196,216,229
OX16,167,168,184,206,228,230
OX17,147,150,176,194,199,201,218,220,222,231
OX18,138,140,174,192,230,232
OX19,165,171,201,205,220,233
OX20,156,158,175,188,233,234
OX21,144,146,181,183,217,235
OX22,141,143,149,151,152,154,155,163,166,168,174,175,177,178,179,184,185,187,195,198,202,203,206,209,212,213,215,221,225,228,230,232,234,236
OX23,140,143,153,157,160,161,166,168,186,189,192,193,195,196,197,200,202,206,213,214,216,223,226,228,229,237
OX24,143,145,146,151,153,157,158,160,161,162,166,168,169,171,174,177,179,181,183,184,186,188,189,190,193,195,196,197,200,201,202,204,205,206,208,209,210,211,213,214,215,216,217,220,221,223,226,227,228,229,230,231,232,233,235,236,237,238
OX25,145,146,153,157,158,160,161,162,166,168,169,171,175,181,183,184,186,188,189,190,193,195,196,197,200,201,203,204,205,206,208,209,210,211,213,214,216,217,220,221,223,225,226,227,228,229,230,231,233,234,235,237,238,239
OX26,169,170,196,211,235,240
OX27,155,168,184,195,206,209,221,228,230,241
OX28,160,162,182,204,240,242
OX29,151,162,174,175,177,179,182,189,196,200,202,203,204,213,215,216,225,226,229,232,234,236,239,240,242,243
OX30,146,149,153,157,158,161,166,168,170,171,172,175,181,183,184,186,187,188,191,193,195,197,200,201,203,205,206,208,209,210,213,214,217,219,220,221,223,224,225,227,228,229,230,231,233,234,237,238,239,244
OX31,157,170,183,200,229,245
OX32,149,158,161,166,168,171,172,173,175,181,184,187,188,191,193,195,197,201,203,205,206,208,209,210,213,214,217,219,220,221,223,224,225,227,228,230,231,233,234,237,238,239,244,246
OX33,154,158,175,188,203,205,225,233,234,247
OX34,150,152,161,163,168,171,173,176,181,184,185,194,195,197,198,199,206,209,210,212,217,218,221,222,227,228,230,238,241,246,247,248
OX35,161,166,168,170,173,174,179,181,184,193,195,197,200,202,206,207,209,210,211,214,215,217,221,223,227,228,229,230,232,235,236,237,238,243,246,249
OX36,163,171,194,212,247,250
OX37,158,170,174,175,179,182,189,190,200,202,203,207,211,213,215,216,225,226,229,232,234,235,236,239,242,243,249,251
OX38,166,170,174,176,179,180,193,198,199,200,202,207,211,214,215,218,222,223,229,232,235,236,237,241,243,248,249,252
OX39,152,170,174,176,178,179,180,193,199,200,202,207,211,214,215,218,222,223,229,232,235,236,237,243,248,249,252,253
OX40,170,171,172,174,179,187,191,200,201,202,207,208,211,212,215,219,220,224,229,231,232,235,236,243,244,247,249,254
OX41,168,171,172,173,181,184,187,191,197,201,208,209,210,212,217,219,220,221,224,227,230,231,238,244,246,247,254,255
OX42,153,171,172,173,181,184,187,191,192,201,208,209,210,212,217,219,220,221,224,227,230,231,238,244,246,247,254,256
OX43,162,171,172,175,177,182,187,189,191,201,203,208,212,213,216,219,220,224,225,226,231,234,239,242,244,247,254,257
OX44,88,93,105,113,124,127,172,173,174,175,177,180,182,187,188,189,190,195,196,197,198,200,202,203,204,205,206,212,213,216,224,225,226,228,229,232,233,239,240,241,243,246,247,251,252,253,254,255,256,257
OX45,94,96,103,116,122,123,173,175,176,177,178,180,181,185,191,193,194,195,196,197,198,199,200,201,202,204,206,208,214,217,218,220,222,228,229,231,234,237,240,241,243,244,245,246,248,250,251,253,255,257
OX46,87,95,101,117,121,128,173,176,179,180,181,182,183,184,186,187,188,190,192,195,197,198,205,206,207,209,210,211,212,217,221,222,227,228,233,235,236,238,241,242,245,247,249,250,251,252,254,255,256,257
OX47,90,93,175,177,179,181,182,183,184,186,189,192,196,200,202,203,204,207,209,210,211,213,215,216,221,225,226,227,229,230,232,234,235,236,238,239,240,243,245,249,256,257
OX48,89,91,92,97,98,99,100,102,104,105,106,107,108,109,110,111,112,113,114,115,118,119,120,124,125,126,127,171,173,174,177,178,179,180,183,184,185,186,188,189,190,192,193,194,195,196,197,198,199,200,202,203,204,205,206,207,209,210,211,213,214,215,220,223,230,231,232,244,245,246,247,250,251,252,254,257
OX49,104,106,108,112,114,115,174,175,177,178,179,183,184,185,186,192,193,194,196,200,201,202,203,204,207,208,209,210,211,215,220,221,223,225,229,230,231,232,233,234,236,238,240,241,245,249,250,253,256,257
OX50,98,103,172,176,178,180,182,185,187,188,189,190,193,194,199,201,203,205,208,212,213,214,216,218,219,220,222,223,224,226,231,233,237,239,242,244,247,248,250,251,253,254
OX51,93,96,173,174,175,176,177,180,181,182,189,193,195,196,197,198,199,200,202,203,204,206,213,214,216,217,218,222,225,226,228,229,232,234,237,239,240,241,243,246,248,252,255,257
OX52,91,92,107,111,125,126,172,178,182,183,184,185,186,187,188,189,190,191,192,193,194,199,201,205,207,208,211,212,214,216,219,223,224,230,231,233,235,237,240,242,244,245,247,248,249,250,251,253,255,256
OX53,95,96,101,105,113,117,121,124,127,128,175,176,179,181,183,186,187,188,189,190,192,193,199,203,205,207,211,212,213,214,216,217,218,222,225,226,233,234,235,236,237,239,245,246,247,248,249,250,251,253,254,257
OX54,96,97,99,100,101,102,103,109,110,117,118,119,120,121,128,171,174,175,177,179,183,186,187,189,191,192,193,195,196,197,198,200,201,202,203,204,206,207,208,209,210,211,212,215,216,220,225,226,227,232,234,235,236,237,239,240,241,243,244,245,248,250,252,254,255,256
OX55,103,113,173,176,178,181,184,185,191,192,193,194,195,197,198,199,201,206,208,209,210,214,217,218,220,221,222,223,227,228,230,231,237,238,241,244,246,248,250,252,253,255
OX56,97,99,100,102,109,110,118,119,120,124,127,171,173,174,176,177,179,180,181,183,185,186,188,190,194,195,196,197,198,199,200,202,204,205,206,207,209,210,211,213,214,215,217,218,222,227,231,232,233,235,236,240,241,243,245,246,247,250,251,252,255,257
OX57,99,100,102,109,118,120,172,178,182,183,184,185,186,187,188,189,190,191,192,193,194,201,205,208,209,211,212,213,214,216,219,220,221,223,224,226,228,229,230,233,235,237,242,244,245,250,251,253,254,256
OX58,110,115,173,174,176,179,180,181,183,184,186,192,195,197,198,199,202,206,207,209,211,214,215,217,218,221,222,227,228,230,232,235,236,238,241,245,246,248,249,252,255,256
OX59,108,113,173,174,175,177,179,180,181,184,192,195,196,197,198,200,202,203,204,206,207,209,210,211,215,217,221,225,227,228,229,230,232,234,236,238,240,241,243,246,249,252,255,257
OX60,115,123,174,175,177,179,182,183,184,186,189,190,192,196,200,203,204,207,209,210,211,213,215,216,221,225,226,229,230,232,234,235,236,238,239,240,242,243,245,249,256,257
OX61,105,116,122,123,124,127,174,175,176,179,180,181,182,183,184,189,192,193,199,203,207,209,210,211,213,214,215,216,217,218,221,222,223,225,226,227,230,232,234,235,236,237,238,239,242,245,248,249,251,252,253,256
OX62,109,119,172,174,175,177,179,182,187,188,189,190,191,196,200,202,203,204,205,207,208,212,215,216,219,224,225,226,229,232,233,234,236,239,240,242,243,244,247,251,254,257
OX63,92,116,122,123,124,127,172,173,174,175,178,179,181,183,184,187,188,190,191,192,195,197,198,201,203,205,206,207,208,209,210,211,212,213,215,217,219,221,224,225,226,227,228,230,231,232,233,234,235,236,238,239,241,244,245,246,247,249,253,254,255,256
OX64,107,119,123,124,127,171,173,174,175,176,179,180,181,184,185,190,192,194,195,197,198,203,206,207,209,210,212,213,215,217,218,221,222,225,227,228,230,232,234,236,238,239,241,246,247,250,252,254,255,256
OX65,113,117,121,124,127,128,172,173,175,176,178,181,182,184,189,191,193,194,199,201,203,208,209,210,213,214,216,217,218,219,220,221,222,223,224,225,226,227,230,231,234,237,238,239,242,244,246,248,250,253,256,257
OX66,117,119,123,124,127,171,172,173,174,176,177,178,179,180,181,182,184,188,189,191,192,193,195,197,198,199,201,205,206,207,208,209,210,214,215,216,217,218,219,220,221,222,223,224,226,227,228,230,231,232,233,236,237,238,241,242,244,246,248,251,252,253,255,256
OX67,123,127,172,175,177,182,185,187,188,189,191,194,196,200,201,202,203,204,205,208,212,213,216,219,220,224,225,226,229,231,233,234,239,240,242,243,244,247,250,251,254,257
OX68,119,171,173,176,178,180,181,182,183,184,185,186,188,189,190,192,193,194,195,197,198,199,205,206,209,210,211,214,216,217,218,221,222,223,226,227,228,230,233,235,237,238,241,242,245,246,248,249,250,251,252,253,255,256
OX69,120,127,178,188,190,193,205,214,223,233,237,247,251,253
OX70,114,171,173,174,175,177,179,181,182,183,184,186,188,189,190,192,195,196,197,200,201,202,203,204,205,206,207,208,209,210,211,213,215,216,217,220,221,225,226,227,228,229,230,231,232,233,234,235,236,238,239,240,241,242,243,245,246,249,251,255,256,257
OX71,101,106,178,182,185,188,190,193,223,233,242,250,251,253
OX72,122,171,174,175,176,177,178,179,180,182,183,185,188,189,190,193,194,196,199,200,202,203,204,205,207,211,213,214,215,216,218,222,223,225,226,229,232,233,234,235,236,237,239,240,242,243,245,248,249,250,251,252,253,257
OX73,124,171,173,175,176,178,180,181,182,184,185,188,189,190,192,193,194,195,197,198,199,203,205,206,209,210,213,214,216,217,218,221,222,223,225,226,227,228,230,233,234,237,238,239,241,242,246,248,250,251,252,253,255,256
OX74,102,171,173,175,176,177,178,180,181,182,185,188,189,190,193,194,195,196,197,198,199,203,204,205,206,210,213,214,216,217,218,222,223,225,226,227,228,229,233,234,237,238,239,240,241,242,246,248,250,251,252,253,255,257
OX75,106,111,121,125,126,128,172,173,174,175,177,178,179,181,182,184,185,187,188,189,190,191,193,196,200,201,202,203,208,209,210,213,215,216,217,219,220,221,223,224,225,226,227,229,230,231,232,233,234,236,238,239,240,242,243,244,246,251,253,254,255,257
OX76,125,171,174,175,176,177,178,179,180,182,185,188,189,190,193,194,195,196,198,199,200,202,203,204,205,206,213,214,215,216,218,222,223,225,226,228,229,232,233,234,236,237,239,240,241,242,243,248,250,251,252,253,255,257
OX77,127,128,172,176,178,180,187,188,190,191,193,194,195,197,198,199,201,205,206,208,212,214,218,219,220,222,223,224,228,231,233,237,241,244,247,248,250,251,252,253,254,255
OX78,128,171,173,174,175,177,179,181,182,183,184,186,188,189,190,192,194,196,200,202,203,204,205,207,209,210,211,213,215,216,217,221,225,226,227,229,230,232,233,234,235,236,238,239,240,242,243,245,246,249,250,251,256,257
OX79,118,121,173,174,179,181,184,196,197,200,202,204,206,207,209,210,215,217,221,227,229,230,232,236,238,240,243,246,249,255
OX80,112,171,173,174,176,178,179,180,181,183,184,185,186,192,193,194,195,197,198,199,202,205,206,207,209,210,211,214,215,217,218,221,222,223,227,228,230,232,233,235,236,237,238,241,243,245,246,248,249,250,252,253,255,256
OX81,116,171,172,173,174,175,176,177,179,180,181,182,183,184,186,187,189,190,191,192,193,195,196,197,198,199,200,201,202,203,204,206,207,208,209,210,211,212,213,214,215,216,217,218,219,220,221,222,223,224,225,226,227,228,229,230,231,232,234,235,236,237,238,239,240,241,242,243,244,245,246,247,248,249,251,252,254,255,256,257
OX82,100,171,173,174,175,177,179,181,182,183,184,186,188,189,190,192,196,197,200,201,202,203,204,205,206,207,209,210,211,213,215,216,217,220,221,225,226,227,228,229,230,232,233,234,235,236,238,239,240,242,243,245,246,249,251,255,256,257
OX83,121,126,174,175,177,179,182,183,186,188,189,190,192,196,200,202,203,205,207,211,212,213,215,216,225,226,229,232,233,234,235,236,239,240,242,243,245,247,249,251,256,257
OX84,126,171,173,174,176,178,179,180,181,183,184,185,186,192,193,194,195,196,197,198,199,200,202,206,207,209,210,211,212,214,215,217,218,221,222,223,227,228,229,230,232,235,236,237,238,240,241,243,245,246,247,248,249,250,252,253,255,256
OX85,111,171,172,176,178,180,185,187,191,193,194,195,198,199,201,206,208,212,214,218,219,220,222,223,224,228,231,237,241,244,247,248,250,252,253,254
OX86,172,173,174,175,176,177,178,179,180,181,182,183,184,185,186,187,188,189,190,191,192,193,194,195,196,197,198,199,200,201,202,203,204,205,206,207,208,209,210,211,212,213,214,215,216,217,218,219,220,221,222,223,224,225,226,227,228,229,230,231,232,233,234,235,236,237,238,239,240,241,242,243,244,245,246,247,248,249,250,251,252,253,254,255,256,257
OX87,171,173,174,175,176,177,178,179,180,181,182,183,184,185,186,188,189,190,192,193,194,195,196,197,198,199,200,202,203,204,205,206,207,209,210,211,213,214,215,216,217,218,221,222,223,225,226,227,228,229,230,232,233,234,235,236,237,238,239,240,241,242,243,245,246,248,249,250,251,252,253,255,256,257
Z0,0,47,93,138,174,215
Z1,1,45,103,132,191,219
Z2,2,60,87,148,176,218
Z3,3,62,90,130,174,232
Z4,4,50,86,131,172,224
Z5,5,62,115,135,210,227
Z6,6,81,98,134,191,244
Z7,7,43,90,129,181,217
Z8,8,80,92,159,189,226
Z9,9,45,86,129,176,222
Z10,10,70,89,137,179,236
Z11,11,73,103,135,180,252
Z12,12,58,95,139,173,246
Z13,13,81,109,143,213,239
Z14,14,84,110,142,210,238
Z15,15,52,98,130,203,225
Z16,16,79,115,143,202,243
Z17,17,44,88,133,175,234
Z18,18,79,102,155,209,238
Z19,19,47,89,131,189,216
Z20,20,84,97,147,199,248
Z21,21,51,93,132,182,242
Z22,22,78,107,149,187,254
Z23,23,69,123,145,190,251
Z24,24,57,127,152,185,253
Z25,25,74,110,134,214,237
Z26,26,80,109,147,208,231
Z27,27,46,96,136,193,223
Z28,28,71,114,155,198,241
Z29,29,59,122,157,186,245
Z30,30,60,97,137,209,221
Z31,31,53,87,138,184,230
Z32,32,85,119,142,207,249
Z33,33,61,113,140,192,256
Z34,34,56,121,162,204,257
Z35,35,64,108,144,211,235
Z36,36,72,102,159,200,229
Z37,37,66,112,165,188,233
Z38,38,55,92,148,201,220
Z39,39,63,101,150,194,250
Z40,40,75,111,168,206,255
Z41,41,67,100,167,195,228
Z42,42,65,91,160,196,240
Z43,2,43,95,133,179,215
Z44,10,44,117,141,187,224
Z45,9,55,101,160,182,216
Z46,4,46,105,146,173,217
Z47,0,52,88,136,172,219
Z48,22,48,128,153,197,246
Z49,12,49,124,158,177,234
Z50,8,50,107,139,199,218
Z51,6,51,123,140,202,232
Z52,19,72,91,167,184,221
Z53,3,53,113,150,180,222
Z54,17,54,116,166,178,223
Z55,1,74,96,144,181,227
Z56,23,56,124,153,186,256
Z57,24,68,117,151,177,257
Z58,20,58,125,151,207,236
Z59,29,48,105,141,178,253
Z60,7,64,94,156,175,225
Z61,16,61,122,152,198,252
Z62,5,85,108,154,203,239
Z63,11,63,127,162,190,242
Z64,30,71,100,165,201,231
Z65,21,65,121,168,192,230
Z66,37,49,94,146,183,245
Z67,31,67,111,171,194,220
Z68,28,57,116,158,188,251
Z69,26,69,112,157,200,243
Z70,18,70,119,149,213,226
Z71,32,68,126,163,212,254
Z72,15,82,106,164,193,237
Z73,14,73,114,145,208,244
Z74,38,66,99,170,196,229
Z75,33,75,128,163,185,250
Z76,27,76,104,170,183,235
Z77,39,77,126,169,204,240
Z78,13,78,120,161,214,248
Z79,40,82,120,154,212,247
Z80,34,83,125,161,197,255
Z81,36,59,104,166,195,241
Z82,41,54,106,156,205,233
Z83,25,83,118,169,211,249
Z84,42,76,118,164,206,228
OZ0,86,87,88,89,90,91,92,93,94,95,96,97,98,99,100,101,102,103,104,105,106,107,108,109,110,111,112,113,114,115,116,117,118,119,120,121,122,123,124,125,126,127,128,129,130,131,132,133,134,135,136,137,138,139,140,141,142,143,144,145,146,147,148,149,150,151,152,153,154,155,156,157,158,159,160,161,162,163,164,165,166,167,168,169,170,171,172,173,174,175,176,177,178,179,180,181,182,183,184,185,186,187,188,189,190,191,192,193,194,195,196,197,198,199,200,201,202,203,204,205,206,207,208,209,210,211,212,213,214,215,216,217,218,219,220,221,222,223,224,225,226,227,228,229,230,231,232,233,234,235,236,237,238,239,240,241,242,243,244,245,246,247,248,249,250,251,252,253,254,255,256,257
OZ1,85,87,90,100,108,116,117,119,129,130,131,132,133,134,136,139,140,142,143,144,145,146,147,148,149,150,151,154,157,158,159,160,161,164,165,166,167,168,169,170,174,178,181,183,184,185,186,187,188,189,190,191,193,195,196,197,199,200,201,202,203,204,206,207,208,211,213,214,215,216,217,218,219,223,224,226,228,229,230,231,232,235,237,239,240,242,243,244,245,246,248,249,251,255,256,257
OZ2,131,133,138,139,141,150,151,153,160,162,163,168,172,173,177,179,182,184,185,187,192,194,197,204,215,216
OZ3,129,132,133,138,140,141,146,150,152,153,158,162,173,174,175,176,177,178,180,182,185,186,190,192,215,217
OZ4,133,138,139,141,148,150,151,153,160,162,163,168,172,173,176,177,179,182,184,185,187,189,192,194,197,204,215,218
OZ5,132,136,139,140,146,148,151,152,158,160,163,168,174,175,178,179,180,181,184,186,187,189,190,194,197,204,218,219
OZ6,137,139,149,151,160,161,163,168,169,171,179,187,194,196,197,199,204,206,207,212,218,220
OZ7,148,167,184,201,220,221
OZ8,136,138,172,174,176,181,215,217,219,222
OZ9,130,135,138,139,145,151,157,160,163,166,167,168,172,174,175,176,179,183,187,188,189,191,194,197,198,201,202,204,215,217,218,219,220,221,222,223
OZ10,138,139,141,150,151,153,160,162,163,168,173,177,182,184,185,187,192,194,197,204,216,224
OZ11,139,141,150,151,153,156,160,162,163,168,172,173,174,175,176,177,181,182,184,185,187,192,193,194,197,204,215,216,217,219,222,223,224,225
OZ12,141,149,150,153,156,159,161,162,169,171,172,173,174,175,176,177,179,181,182,184,185,189,192,193,196,199,206,207,209,212,215,216,217,218,219,220,221,222,223,224,225,226
OZ13,135,144,145,149,156,157,159,161,166,167,169,171,183,188,191,193,196,198,199,201,202,203,206,207,209,212,226,227
OZ14,142,147,149,154,161,164,169,171,199,205,206,207,211,212,213,214,226,228
OZ15,167,170,195,196,228,229
OZ16,156,160,172,174,175,176,181,182,184,193,215,216,217,219,222,223,225,230
OZ17,159,165,200,201,229,231
OZ18,140,144,146,149,152,158,160,161,165,169,170,171,172,174,175,176,178,180,181,182,184,186,190,191,195,199,200,203,206,207,209,212,215,216,217,219,222,225,226,227,228,230,231,232
OZ19,134,143,144,149,155,160,161,169,170,171,172,174,175,176,181,182,183,184,199,203,206,207,208,209,210,212,215,216,217,219,222,223,225,226,228,230,231,233
OZ20,146,170,172,173,175,176,179,184,189,195,196,201,215,216,217,218,220,221,224,228,229,234
OZ21,160,170,172,174,175,176,181,182,183,184,193,205,215,216,217,219,222,223,225,230,233,235
OZ22,149,151,161,163,168,169,170,171,172,174,175,176,181,182,183,184,187,193,194,196,197,204,205,206,207,212,215,216,217,219,220,222,223,225,230,233,235,236
OZ23,144,164,193,211,235,237
OZ24,147,155,208,209,231,238
OZ25,143,151,154,155,163,164,168,170,172,174,175,176,181,182,183,184,187,193,194,196,197,199,204,208,209,210,211,214,215,216,217,219,220,222,223,225,226,228,230,231,233,235,236,239
OZ26,170,171,172,174,175,176,181,182,183,184,193,194,196,205,215,216,217,219,220,222,223,225,230,233,235,240
OZ27,165,166,188,195,233,241
OZ28,150,164,174,180,181,182,191,193,203,211,219,222,225,227,232,235,237,242
OZ29,155,157,198,200,241,243
OZ30,145,151,154,157,163,164,168,171,187,197,198,199,200,202,204,205,209,210,211,214,226,228,231,236,239,240,241,244
OZ31,166,171,173,174,178,179,181,182,189,193,194,195,201,205,218,219,221,222,224,225,228,229,230,233,234,235,240,245
OZ32,151,153,162,163,164,168,174,177,180,181,182,185,191,192,193,194,197,203,204,211,219,222,225,227,230,232,235,237,242,246
OZ33,164,171,205,206,228,247
OZ34,153,157,161,162,169,171,174,177,180,181,182,185,187,191,192,193,194,198,199,200,203,205,207,208,209,211,212,213,219,222,225,226,227,228,230,231,232,235,236,237,238,240,241,242,243,246,247,248
OZ35,154,169,211,212,247,249
OZ36,168,171,174,180,181,182,191,192,193,194,203,205,206,211,219,222,225,227,228,230,232,235,237,242,247,250
OZ37,157,158,186,188,245,251
OZ38,152,161,190,198,202,207,208,210,213,214,238,239,243,244,248,249,251,252
OZ39,158,171,174,177,181,182,187,188,193,194,199,200,205,209,219,222,225,226,228,230,231,235,236,240,241,245,246,253
OZ40,161,163,169,171,174,180,181,182,191,192,193,194,197,203,204,205,211,212,219,222,225,227,228,230,232,235,237,240,242,247,250,254
OZ41,169,171,174,180,181,182,191,192,193,194,203,204,205,211,219,222,225,227,228,230,232,235,237,240,242,247,250,255
OZ42,162,171,174,181,182,190,193,194,202,204,205,210,212,214,219,222,225,228,230,235,239,240,244,249,250,252,255,256
OZ43,163,171,174,181,182,185,190,193,194,202,205,210,212,214,219,222,225,228,230,235,239,240,244,249,252,255,256,257
OZ44,89,98,102,120,122,128,172,173,174,175,176,177,178,179,180,181,182,183,184,185,186,187,188,189,190,191,192,193,194,195,196,197,198,199,200,201,202,203,204,205,206,207,208,209,210,211,212,213,214,215,216,217,219,220,221,222,223,224,225,226,228,229,230,232,233,234,235,236,237,238,239,240,241,242,243,244,245,246,247,248,250,252,253,254,255,256
OZ45,87,88,90,91,93,94,95,96,97,99,100,101,103,104,105,106,107,108,109,111,113,114,115,116,117,118,119,121,123,126,127,171,172,173,175,176,177,178,179,180,183,184,185,186,187,188,189,190,191,192,195,196,197,198,199,200,201,202,203,204,206,207,208,209,210,211,212,213,214,215,218,219,221,222,225,227,228,230,231,235,239,240,241,249,251,253,254,257
OZ46,90,97,108,114,126,127,172,173,174,175,176,177,178,179,180,181,182,183,184,185,186,187,188,189,190,191,192,193,194,195,196,197,198,199,200,201,202,203,204,205,206,207,208,209,210,211,212,213,214,215,216,217,218,220,221,222,223,224,225,227,228,229,230,231,232,233,234,235,236,238,239,240,241,242,244,245,246,247,248,249,250,251,252,253,254,257
OZ47,88,91,93,94,95,96,99,101,103,104,105,106,107,109,111,113,118,121,123,171,172,173,175,176,177,178,179,180,183,184,185,186,187,188,189,190,191,192,195,196,197,198,199,200,201,202,203,204,206,207,208,209,210,211,212,213,214,215,216,218,221,222,225,226,227,228,229,230,231,235,237,239,240,241,243,244,245,246,248,249,251,253,254,255,256,257
OZ48,96,107,109,118,121,123,172,173,174,175,176,177,178,179,180,181,182,183,184,185,186,187,188,189,190,191,192,193,194,195,196,197,198,199,200,201,202,203,204,205,206,207,208,209,210,211,212,213,214,215,216,217,218,219,220,221,222,223,224,226,227,228,229,230,231,232,233,234,235,237,239,240,241,242,243,244,245,246,248,249,251,253,254,255,256,257
OZ49,97,108,114,115,126,127,172,173,174,175,176,177,178,179,180,181,182,183,184,185,186,187,188,189,190,191,192,193,194,195,196,197,198,199,200,201,202,203,204,205,206,207,208,209,210,211,212,213,214,215,216,217,218,219,220,221,222,223,224,225,227,228,229,230,231,232,233,234,235,236,238,239,240,241,242,245,246,247,248,249,250,251,252,253,254,257
OZ50,91,93,104,105,107,109,172,173,174,175,176,177,178,179,180,181,182,183,184,185,186,187,188,189,190,191,192,193,194,195,196,197,198,199,200,201,202,203,204,205,206,207,208,209,210,211,212,213,214,215,216,217,218,219,221,223,224,225,226,227,228,229,230,231,232,235,237,239,240,241,242,243,244,245,246,247,248,249,250,251,252,253,254,255,256,257
OZ51,95,115,224,244
OZ52,92,107,110,112,124,125,172,173,174,175,176,177,178,179,180,181,182,183,184,185,186,187,188,189,190,191,192,193,194,195,196,197,198,199,200,201,202,203,204,205,206,207,208,209,210,211,212,213,214,215,216,217,218,219,220,222,223,224,225,226,227,228,229,230,231,232,233,234,235,237,238,240,242,243,244,245,246,247,248,249,250,251,252,255,256,257
OZ53,103,107,232,236
OZ54,94,99,101,109,119,171,174,181,182,193,194,205,219,222,223,225,235,238,240,248
OZ55,108,109,119,126,127,171,174,181,182,193,194,205,219,222,225,228,230,235,237,238,240,248,255,256
OZ56,107,109,110,119,125,171,172,173,175,176,177,178,179,180,183,184,185,186,187,188,189,190,191,192,195,196,197,198,199,200,201,202,203,204,206,207,208,209,210,211,212,213,214,215,216,217,218,220,221,223,224,226,227,229,231,232,233,234,237,241,242,243,244,245,246,247,249,250,251,252,253,255,256,257
OZ57,98,109,227,238
OZ58,109,110,114,119,125,171,172,173,175,176,177,178,179,180,183,184,185,186,187,188,189,190,191,192,195,196,197,198,199,200,201,202,203,204,206,207,208,209,210,211,212,213,214,215,216,217,218,220,221,223,224,226,227,229,231,232,233,234,236,237,241,242,244,245,246,247,249,250,251,252,253,255,256,257
OZ59,106,110,111,113,114,115,125,171,174,181,182,193,194,205,219,222,225,228,230,239,242,243,244,254
OZ60,110,114,115,120,122,125,128,171,174,181,182,193,194,205,219,222,225,228,230,235,239,240,243,244,249,251,254,257
OZ61,115,117,119,120,122,128,172,173,174,175,176,177,178,179,180,181,182,183,184,185,186,187,188,189,190,191,192,193,194,195,196,197,198,199,200,201,202,203,204,205,206,207,208,209,210,211,212,213,214,215,216,217,218,219,220,221,222,223,224,225,226,227,228,229,230,231,232,233,234,235,236,237,238,239,240,241,242,243,245,247,250,252,253,254,255,256
OZ62,102,117,119,120,122,128,172,173,174,175,176,177,178,179,180,181,182,183,184,185,186,187,188,189,190,191,192,193,194,195,196,197,198,199,200,201,202,203,204,205,206,207,208,209,210,211,212,213,214,215,216,217,218,219,220,221,222,223,224,225,226,227,228,229,230,232,233,234,235,236,237,238,239,240,241,242,243,244,245,247,250,252,253,254,255,256
OZ63,93,119,222,248
OZ64,117,119,120,122,125,128,172,173,174,175,176,177,178,179,180,181,182,183,184,185,186,187,188,189,190,191,192,193,194,195,196,197,198,199,200,201,202,203,204,205,206,207,208,209,210,211,212,213,214,215,216,217,218,219,220,221,222,223,224,225,226,227,228,229,230,231,232,233,234,235,236,237,238,239,240,241,242,243,244,245,247,250,252,253,255,256
OZ65,119,123,248,252
OZ66,114,120,243,249
OZ67,124,171,174,181,182,193,194,205,219,222,225,228,230,235,240,253
OZ68,127,171,174,181,182,193,194,205,219,222,225,228,230,235,240,256
OZ69,118,121,125,171,174,181,182,193,194,205,219,222,225,228,230,235,240,247,250,254
OZ70,112,123,241,252
OZ71,105,122,128,171,174,181,182,193,194,205,219,222,225,228,230,234,235,240,251,257
OZ72,116,171,174,181,182,193,194,205,219,222,225,228,230,235,240,245
OZ73,122,171,174,181,182,193,194,205,219,222,225,228,230,235,240,251
OZ74,100,120,229,249
OZ75,113,128,242,257
OZ76,120,123,125,126,128,171,172,173,175,176,177,178,179,180,183,184,185,186,187,188,189,190,191,192,195,196,197,198,199,200,201,202,203,204,206,207,208,209,210,211,212,213,214,215,216,217,218,220,221,223,224,226,227,229,231,232,233,234,236,237,238,239,241,242,243,244,245,246,247,248,250,251,253,256
OZ77,128,171,174,181,182,193,194,205,219,222,225,228,230,235,240,257
OZ78,121,171,174,181,182,193,194,205,219,222,225,228,230,235,240,250
OZ79,99,101,126,171,174,181,182,193,194,205,219,222,225,235,240,255
OZ80,104,171,174,181,182,193,194,205,219,222,225,228,230,233,235,240
OZ81,123,171,174,181,182,193,194,205,219,222,225,228,230,235,240,252
OZ82,101,126,230,255
OZ83,126,171,174,181,182,193,194,205,219,222,225,228,230,235,240,255
OZ84,111,171,174,181,182,193,194,205,219,222,225,228,230,235
OZ85,125,171,172,173,175,176,177,178,179,180,183,184,185,186,187,188,189,190,191,192,195,196,197,198,199,200,201,202,203,204,206,207,208,209,210,211,212,213,214,215,216,217,218,220,221,223,224,226,227,229,231,232,233,234,236,237,238,239,241,242,243,244,245,246,247,248,249,250,251,252,253,255,256,257
OZ86,172,173,174,175,176,177,178,179,180,181,182,183,184,185,186,187,188,189,190,191,192,193,194,195,196,197,198,199,200,201,202,203,204,205,206,207,208,209,210,211,212,213,214,215,216,217,218,219,220,221,222,223,224,225,226,227,228,229,230,231,232,233,234,235,236,237,238,239,240,241,242,243,244,245,246,247,248,249,250,251,252,253,254,255,256,257
OZ87,171,174,181,182,193,194,205,219,222,225,228,230,235,240
