X0,0,53,130,138,218,276
X1,1,28,122,132,139,263
X2,2,37,100,148,172,274
X3,3,13,67,97,120,226
X4,4,75,174,180,181,231
X5,5,50,128,186,201,236
X6,6,37,155,168,242,287
X7,7,14,50,52,247,268
X8,8,72,174,191,249,280
X9,9,52,84,125,165,195
X10,10,81,112,196,220,269
X11,11,34,41,176,197,273
X12,12,25,135,195,208,276
X13,3,113,156,179,221,227
X14,14,69,78,106,170,283
X15,15,19,59,66,79,188
X16,16,41,138,223,249,283
X17,17,54,133,147,206,279
X18,18,89,142,198,233,272
X19,19,29,48,76,88,239
X20,20,31,60,116,200,222
X21,21,61,99,202,206,243
X22,22,115,141,159,163,243
X23,23,65,92,101,217,246
X24,24,90,108,194,214,284
X25,25,74,95,183,235,260
X26,26,62,102,169,251,266
X27,27,54,104,126,131,161
X28,28,73,98,173,229,285
X29,29,44,135,159,213,287
X30,30,136,222,237,254,269
X31,31,130,134,151,164,234
X32,32,94,199,232,255,261
X33,33,72,95,213,228,286
X34,34,47,99,121,166,230
X35,35,85,149,151,167,228
X36,36,74,118,123,202,262
X37,2,18,81,189,205,209
X38,38,64,86,173,217,256
X39,39,78,175,179,216,236
X40,40,58,180,208,210,267
X41,16,70,71,80,211,212
X42,42,56,60,100,203,260
X43,43,48,105,118,177,232
X44,20,44,132,178,198,281
X45,45,65,103,189,259,271
X46,46,98,110,153,225,254
X47,47,93,97,144,240,261
X48,43,128,160,212,233,277
X49,49,102,150,211,258,270
X50,5,11,35,169,267,275
X51,22,51,55,94,146,257
X52,9,71,113,204,251,282
X53,0,58,96,107,117,171
X54,27,64,89,172,176,225
X55,26,51,106,129,157,272
X56,42,124,129,160,168,285
X57,17,24,57,82,114,162
X58,40,116,162,215,240,280
X59,15,61,137,220,248,256
X60,56,101,184,231,252,281
X61,21,79,110,165,219,259
X62,55,68,82,105,190,227
X63,63,77,84,85,191,224
X64,10,38,109,125,152,245
X65,6,23,83,164,187,215
X66,66,93,111,140,161,192
X67,67,76,143,157,194,262
X68,13,68,136,150,246,247
X69,69,80,131,167,210,278
X70,70,139,143,146,201,274
X71,33,96,137,204,238,268
X72,73,140,147,205,223,275
X73,12,77,91,175,248,270
X74,75,111,121,190,234,284
X75,59,158,183,193,257,265
X76,39,92,214,237,255,282
X77,45,86,119,200,221,244
X78,57,87,154,188,207,273
X79,83,112,153,156,252,264
X80,7,32,49,108,244,264
X81,87,109,115,123,192,241
X82,88,182,193,230,245,279
X83,90,127,163,226,265,277
X84,46,91,182,238,241,271
X85,1,62,127,148,170,177
X86,8,53,126,186,250,266
X87,103,104,122,124,196,197
X88,107,152,216,219,258,286
X89,4,30,119,185,242,253
X90,114,144,149,184,185,218
X91,117,141,145,203,224,239
X92,120,133,134,181,199,207
X93,142,145,187,235,253,263
X94,154,166,209,229,250,278
OX0,71,77,85,86,93,94,96,97,99,100,102,104,110,112,115,116,119,121,124,127,129,131,132,138,140,143,144,145,147,149,151,152,155,156,157,158,159,162,163,164,166,168,171,172,173,176,177,179,180,182,183,184,187,189,193,196,200,201,203,205,208,211,212,214,217,219,221,224,225,228,229,230,231,236,237,238,239,241,242,243,244,246,248,249,251,254,255,258,259,261,263,264,265,266,270,272,273,278,280,281,282,285,286,287
OX1,77,80,85,94,96,100,101,102,106,108,109,112,115,118,125,128,131,135,137,148,150,153,156,164,165,166,167,168,170,171,172,174,175,178,179,186,187,188,192,193,199,201,202,204,207,208,209,210,211,213,214,215,216,217,224,228,229,232,235,237,238,241,242,244,246,247,249,250,252,257,258,260,261,262,265,270,273,274,276,280,282,283,286,287
OX2,79,80,85,93,94,96,98,99,102,105,106,108,109,112,115,119,121,125,131,136,140,148,150,156,160,161,164,166,167,168,170,171,172,177,178,179,180,181,182,184,185,186,187,188,190,193,195,199,201,203,204,206,207,209,210,211,212,213,214,215,216,217,219,220,222,224,225,228,229,233,234,235,243,244,246,247,249,250,253,256,257,258,259,261,262,265,269,271,273,274,277,280,281,282,283,284,286,287
OX3,80,85,94,96,98,100,101,102,104,110,112,113,119,121,123,124,125,126,127,130,132,137,140,147,148,149,151,157,158,163,165,167,170,171,172,177,180,182,183,184,186,187,192,194,195,198,200,201,202,204,206,207,210,211,212,213,216,217,218,221,224,225,228,231,233,235,241,244,248,249,252,253,258,260,262,265,269,271,272,274,278,279,281,282,283,285,286,287
OX4,89,93,94,96,100,101,102,106,109,112,116,122,123,124,127,129,130,131,133,143,144,145,148,150,151,152,153,159,160,163,166,167,168,169,171,172,174,175,176,177,178,180,181,187,188,191,192,198,199,200,201,204,208,209,211,212,214,215,217,219,221,224,225,226,227,229,234,236,239,240,241,243,247,249,250,252,254,255,257,258,260,261,263,264,266,267,269,273,274,280,281,283,285,286
OX5,86,100,101,104,105,108,113,115,116,118,119,121,122,124,127,129,130,131,133,135,136,139,144,145,146,147,151,152,155,156,158,159,163,164,169,170,171,172,173,178,179,183,184,185,190,191,192,193,195,198,200,201,203,204,205,207,210,211,212,216,217,219,220,221,222,223,224,226,227,233,236,238,239,240,243,244,246,248,249,250,251,252,253,255,263,264,265,267,270,274,275,276,277,280,284,285,286,287
OX6,85,96,98,100,101,104,106,108,110,113,119,121,123,124,126,127,128,130,131,132,135,137,140,147,149,150,151,153,155,156,157,158,163,164,168,171,175,177,179,180,182,183,192,194,195,198,199,200,202,203,204,206,207,208,212,213,214,215,218,221,224,225,228,232,233,235,237,239,241,242,246,247,248,249,252,253,261,262,265,268,269,270,271,272,276,279,285,286
OX7,93,94,98,100,101,105,106,108,109,115,116,118,121,124,127,128,129,131,132,136,139,146,147,150,153,155,156,157,158,159,160,162,163,165,168,169,170,171,172,181,183,184,185,186,187,190,191,192,193,195,197,198,200,203,204,208,209,210,211,212,215,216,217,219,221,222,223,224,229,232,234,235,237,238,240,243,245,247,248,249,250,251,254,259,265,267,270,271,274,275,277,281,284,285,286,287
OX8,94,96,97,99,101,102,104,106,110,112,122,123,124,126,131,135,137,138,139,140,143,146,150,151,155,156,158,160,161,162,164,166,169,170,171,174,176,177,178,179,180,181,182,183,184,187,189,191,192,194,195,196,199,200,202,204,208,210,213,215,216,218,221,223,224,225,227,229,230,231,233,234,235,237,239,240,241,242,246,247,248,249,250,252,253,254,256,258,259,260,262,266,267,273,274,275,276,277,278,282,285,286
OX9,96,101,109,112,116,119,121,126,127,128,129,130,131,133,137,139,145,147,148,149,151,152,153,155,158,159,162,163,164,168,169,170,172,173,176,179,182,183,185,189,191,194,196,197,198,199,202,203,204,205,207,208,210,211,212,213,214,216,217,218,219,220,223,224,225,226,228,232,233,235,237,238,239,240,243,246,248,249,254,259,260,261,262,263,266,267,268,269,270,275,277,280,282,285
OX10,97,98,99,100,101,104,105,110,113,116,121,123,126,129,130,136,138,139,144,147,148,159,160,162,164,165,166,167,168,170,171,173,175,176,177,178,179,180,181,184,186,187,190,191,192,194,195,199,204,205,206,207,208,209,210,211,214,216,218,219,222,223,225,228,230,233,234,235,238,239,241,242,243,245,249,250,251,252,254,259,260,265,269,271,272,273,275,277,279,281,283,284,285,286
OX11,98,100,104,105,108,109,112,113,116,128,130,131,135,136,138,141,144,146,149,158,161,165,171,172,173,176,180,183,185,187,189,190,193,194,196,198,201,205,209,210,214,215,216,217,219,222,224,225,227,229,231,233,235,236,237,238,240,245,246,248,250,251,252,253,254,256,258,260,263,265,266,267,268,272,280,281,282,284,285,286
OX12,102,104,106,108,109,113,115,116,118,119,121,125,127,129,131,133,135,138,140,143,148,149,150,151,153,158,159,161,162,163,166,167,169,172,173,174,175,176,182,184,185,186,188,192,194,195,197,199,203,205,211,215,217,219,220,224,225,226,229,231,232,235,238,239,240,241,242,243,244,245,246,247,250,251,252,253,254,255,256,257,258,259,261,264,266,267,272,273,274,277,281,282,283,285,286,287
OX13,100,101,104,106,109,110,112,119,122,123,126,127,128,129,130,131,132,133,134,135,138,139,140,141,146,147,148,149,150,151,156,157,158,159,161,163,166,167,168,169,170,171,172,173,175,176,177,178,180,182,185,186,188,192,195,201,203,204,205,208,209,217,218,220,222,223,224,226,228,231,232,236,237,239,243,247,249,250,252,253,255,256,257,260,261,263,264,267,268,269,270,271,272,273,278,280,285,287
OX14,101,104,105,109,110,115,119,121,122,123,124,126,128,129,131,133,134,136,137,138,139,141,144,145,148,149,152,155,159,162,164,165,167,169,170,175,178,179,183,184,185,187,189,190,191,192,195,196,199,200,202,206,209,212,213,215,218,220,221,223,224,225,226,227,231,237,238,243,245,248,251,255,260,262,264,265,267,268,270,272,276,279,280,282,284,285,286,287
OX15,108,109,110,112,113,115,116,122,126,132,133,135,137,139,141,145,146,148,151,152,155,158,160,161,163,166,167,168,169,170,171,172,173,174,175,176,179,181,185,191,193,194,195,199,201,202,203,205,206,210,212,213,214,215,216,217,218,219,220,221,223,226,229,230,233,234,235,236,241,242,246,250,254,255,256,258,260,262,263,264,266,270,276,279,280,281,285,287
OX16,104,106,109,110,112,118,119,122,127,128,129,131,132,133,134,135,137,139,140,141,146,147,148,149,150,151,155,156,157,158,159,161,163,166,167,169,170,171,172,173,174,175,176,177,178,180,182,184,185,188,191,192,195,201,202,203,205,208,209,217,220,222,223,224,226,228,232,236,237,238,239,242,243,247,253,255,256,257,260,261,262,263,264,266,267,269,270,271,272,273,276,278,281,285
OX17,110,113,115,119,123,124,125,128,131,132,134,135,139,140,145,146,149,151,152,155,156,158,161,163,167,168,169,170,172,175,177,180,183,184,187,192,193,195,197,198,200,201,203,204,206,207,208,209,217,220,221,223,224,225,228,229,232,233,235,236,239,241,242,244,245,248,249,250,251,253,254,255,256,259,260,261,264,266,267,269,270,271,272,274,276,277,279,280,281,282,285,287
OX18,106,112,113,116,118,122,124,125,126,127,128,129,130,131,134,137,138,146,147,148,149,150,151,157,159,161,162,167,168,173,174,176,178,182,184,185,186,187,191,192,193,197,198,199,200,201,202,205,206,207,208,209,210,213,215,216,218,219,220,221,222,225,233,236,237,240,243,244,245,247,252,254,256,258,259,262,263,266,268,274,275,276,277,279,280,281,282,287
OX19,109,113,115,116,121,122,125,126,133,134,135,139,147,148,149,153,156,159,164,166,167,170,171,173,174,176,177,178,180,183,184,185,186,187,195,196,197,199,205,206,209,210,213,216,218,219,221,222,223,226,230,231,232,233,234,238,242,243,244,245,246,248,250,255,258,259,261,264,265,268,269,271,272,273,275,277,279,280,282,283
OX20,105,112,116,119,128,136,139,141,143,144,145,147,149,151,152,153,162,164,166,168,173,175,178,181,182,185,187,190,192,193,204,205,208,211,212,213,214,219,221,222,223,227,229,230,231,234,235,238,241,249,250,252,253,254,255,258,261,264,265,269,271,274,278,284,285,287
OX21,112,118,119,127,129,131,132,138,139,146,148,149,151,153,156,158,161,166,167,171,172,174,178,180,181,182,183,184,185,188,191,196,199,201,203,204,207,209,212,213,217,220,223,224,225,229,233,235,236,239,241,246,248,249,251,253,255,256,257,261,263,264,267,268,271,275,277,278,281,285,286,287
OX22,115,116,118,119,122,124,125,126,130,131,133,134,135,137,138,141,149,151,153,155,156,158,162,164,166,168,170,171,172,173,174,175,176,179,183,184,186,188,191,192,193,194,195,197,198,199,200,202,205,211,212,217,218,219,221,225,226,228,229,233,235,236,237,240,241,242,244,245,248,251,253,255,257,258,259,260,262,263,264,265,269,271,272,273,275,280,281,282,283,284,286,287
OX23,118,119,122,123,124,125,127,128,131,133,135,137,139,140,143,145,153,155,156,158,161,163,164,168,170,172,173,174,175,176,179,191,193,194,195,197,198,200,202,204,206,208,209,213,215,217,219,220,221,223,225,226,228,233,237,238,242,244,245,249,250,252,253,255,256,258,259,260,262,263,264,266,268,269,271,272,274,275,276,277,279,280,282,283,284,287
OX24,121,122,126,127,130,133,137,138,139,140,141,145,148,152,155,159,161,163,165,166,167,168,170,172,173,174,175,178,179,181,183,184,186,194,195,196,197,202,205,211,213,217,218,220,223,224,226,229,233,238,241,243,245,246,248,252,256,258,259,260,262,267,271,272,275,278,281,283,286,287
OX25,122,127,128,133,137,140,141,143,144,145,147,148,152,155,156,159,161,163,164,165,166,168,176,178,179,181,183,187,188,191,192,194,195,196,197,199,202,204,207,209,210,212,213,214,215,216,220,221,224,225,226,227,229,230,231,232,233,237,238,240,241,243,245,248,249,250,256,257,258,259,260,262,266,271,272,273,274,275,276,278,280,285,286,287
OX26,116,119,123,126,128,130,132,134,144,145,148,149,151,153,155,159,160,161,162,163,166,167,170,173,175,176,181,182,183,184,185,187,188,191,192,193,198,204,208,214,215,218,221,224,227,230,231,233,238,239,243,248,249,255,256,257,258,260,264,265,266,268,269,271,274,275,277,278,280,281,283,284
OX27,123,125,126,128,129,130,131,132,134,137,138,143,145,146,147,153,156,162,163,167,168,169,172,181,184,186,187,194,197,198,199,201,202,205,206,207,209,210,214,216,217,218,219,220,222,231,232,235,237,238,244,245,250,253,254,259,262,265,270,271,272,276,278,279,281,282,283,284,285,286
OX28,125,126,128,129,130,131,132,134,137,138,143,145,146,147,153,156,162,163,167,168,169,172,173,181,184,186,187,192,194,197,198,199,201,202,205,206,207,209,210,214,216,217,218,219,220,222,229,231,232,235,237,238,241,244,245,250,253,254,259,262,265,270,271,272,276,278,279,281,282,283,284,286
OX29,119,129,131,138,140,141,143,145,146,147,149,151,152,153,155,158,159,160,161,165,167,169,170,174,175,176,177,178,181,185,188,191,192,193,194,195,197,201,204,205,206,210,212,213,215,216,220,225,228,230,231,232,233,236,239,240,242,243,245,249,250,253,254,256,257,258,259,260,266,268,270,271,272,273,276,277,279,280,286,287
OX30,124,126,128,129,130,132,134,135,137,139,143,145,146,147,148,156,158,159,162,163,168,170,174,175,176,177,178,180,181,184,185,187,188,191,193,195,198,199,200,201,202,205,207,208,209,210,211,213,214,215,216,218,221,222,223,225,229,230,231,233,235,236,237,238,240,241,243,250,257,262,265,266,267,268,273,276,277,281,283,284,285,286
OX31,113,127,128,130,132,138,139,140,144,147,148,150,151,156,157,158,159,163,165,166,167,169,171,173,177,178,179,180,181,182,184,187,195,197,198,199,203,204,207,212,219,222,223,225,228,229,231,232,235,236,237,239,241,243,245,249,250,252,255,258,259,261,264,267,270,273,276,277,278,280,283,285,286,287
OX32,127,128,129,130,131,134,135,138,139,141,148,151,152,153,159,163,166,167,170,171,172,174,175,177,184,185,187,188,191,195,196,198,203,208,210,213,214,216,217,219,220,221,223,228,229,231,233,234,235,239,240,241,243,245,246,251,252,253,255,257,263,264,265,269,271,273,276,277,278,279,283,287
OX33,128,129,131,132,134,137,140,143,144,145,146,147,148,155,158,163,165,166,168,169,171,177,178,180,182,183,184,186,187,191,192,194,195,197,198,201,202,203,204,205,206,212,213,214,215,219,220,221,225,227,228,229,232,236,239,241,245,248,249,253,254,255,258,259,262,264,265,266,267,268,269,270,272,273,274,275,278,279,281,283,284,285
OX34,129,130,131,132,134,135,137,138,139,141,143,145,146,149,152,153,155,156,158,159,160,161,163,164,165,166,167,168,169,171,174,176,180,181,185,186,187,191,193,196,197,201,202,204,205,208,209,211,215,220,221,223,224,228,229,231,233,234,235,237,239,240,241,242,243,249,250,252,254,256,258,259,262,263,266,267,270,272,273,274,275,276,279,280,281,283
OX35,130,135,138,139,143,145,146,147,148,149,150,155,156,157,159,160,161,163,165,172,173,179,180,181,191,192,194,201,204,205,208,214,215,217,221,222,223,224,227,237,239,243,246,249,252,253,254,256,260,261,266,267,268,269,272,281,282,284,285,287
OX36,133,134,135,137,139,140,145,146,147,148,153,155,156,158,159,160,161,165,167,171,172,174,175,177,179,180,181,183,187,188,191,192,193,194,196,198,201,202,204,206,208,211,212,213,217,223,226,229,230,233,235,236,239,241,242,243,245,246,248,249,250,251,252,253,255,256,257,258,261,262,263,264,265,267,269,271,273,275,280,282,285,286
OX37,126,132,135,138,143,145,147,150,151,153,157,159,161,164,165,166,167,171,174,178,179,180,184,194,206,208,209,210,213,214,216,218,220,221,222,224,225,227,228,229,230,232,233,235,241,242,243,245,252,254,255,256,258,261,263,264,267,268,271,272,273,274,275,281,282,285,286,287
OX38,138,139,140,141,143,144,148,150,152,155,156,157,158,159,160,163,164,166,167,168,169,171,173,175,177,178,180,181,182,187,188,191,194,196,197,199,205,207,210,212,216,220,221,223,225,227,231,237,238,239,243,245,257,258,259,266,267,269,270,272,275,282,283,284
OX39,99,134,139,143,144,145,146,149,150,151,153,156,157,158,159,160,161,165,167,170,171,173,174,181,184,186,188,192,193,195,196,198,199,201,203,204,206,207,209,211,214,215,219,221,223,225,227,228,229,230,231,241,242,243,249,252,254,256,257,259,261,262,263,265,268,269,275,277,283,284,286,287
OX40,134,139,140,143,144,145,148,149,151,153,156,158,161,166,167,168,170,171,172,175,178,179,180,181,182,183,185,186,188,191,192,196,198,199,207,209,210,211,212,213,214,215,216,217,220,221,222,223,225,228,229,233,234,237,241,242,246,248,250,253,256,257,260,261,263,266,267,268,271,272,274,275,276,280,281,283,286,287
OX41,132,135,137,139,141,143,146,147,148,150,151,152,153,156,157,161,164,165,166,167,168,172,174,178,180,182,185,186,187,193,199,201,202,205,207,208,210,211,215,216,217,219,221,223,224,229,231,234,235,237,238,240,241,242,245,246,250,252,254,256,258,260,262,263,267,269,276,277,278,279,280,281,282,286
OX42,135,140,143,144,145,148,149,151,153,159,160,161,165,166,167,170,172,173,174,177,178,179,180,181,183,187,188,194,196,198,204,205,206,208,210,213,214,216,217,221,224,227,228,230,233,235,237,239,240,242,243,246,248,249,250,252,253,256,257,258,263,264,265,267,268,269,273,274,278,279,280,282,283,286
OX43,141,143,146,151,152,159,160,161,163,167,168,169,174,175,176,177,178,179,180,185,186,187,191,194,196,197,201,204,206,213,221,225,228,229,230,233,234,235,237,238,239,240,241,245,249,253,254,256,259,260,264,265,266,267,268,269,270,271,272,274,276,277,278,279,282,283,285,287
OX44,137,139,144,146,147,148,149,150,151,155,157,161,163,164,166,167,173,175,176,178,179,180,181,182,184,186,188,191,192,193,194,198,199,201,202,203,206,207,209,210,211,216,220,221,222,223,227,229,230,231,233,237,238,239,241,245,250,253,256,257,260,261,262,263,264,265,266,267,269,272,275,276,280,281,285,287
OX45,139,140,143,144,145,147,148,149,153,156,158,160,161,162,163,164,167,169,170,171,174,177,178,181,184,188,192,193,194,196,197,199,203,204,207,209,213,214,215,219,220,223,225,228,230,231,237,238,242,243,244,249,250,252,256,257,258,259,261,269,270,274,275,279,281,282,285,286
OX46,143,146,151,153,155,158,159,160,161,163,165,166,167,170,173,174,178,179,180,181,182,183,185,186,187,188,192,194,195,196,198,201,204,205,206,210,212,213,214,216,221,231,232,234,236,237,239,240,245,248,249,250,253,256,257,258,263,264,267,268,269,273,277,278,280,281,282,283,284,285
OX47,144,146,148,149,151,155,156,158,162,163,165,166,169,171,172,176,177,178,179,180,181,183,184,185,186,188,193,195,197,199,201,203,206,207,210,212,213,215,216,217,219,220,221,224,230,234,235,236,238,239,242,244,246,248,250,252,253,255,257,259,263,264,265,267,268,270,274,277,281,283,284,285
OX48,140,146,156,161,164,165,166,167,168,169,172,173,174,175,182,184,186,188,191,193,194,195,196,197,198,201,203,206,209,210,211,213,216,217,219,224,229,231,235,236,237,238,239,240,241,243,246,253,254,255,256,257,258,259,264,265,266,268,269,270,271,272,273,275,278,281,283,284,286,287
OX49,172,176,184,187,203,217,224,225,231,235,239,246,252,253,263,281
OX50,145,146,156,159,160,162,163,164,169,173,174,176,177,178,179,181,182,183,186,187,192,193,197,198,199,201,204,205,207,209,210,213,215,216,219,224,225,230,231,233,237,239,242,243,244,248,249,250,252,254,259,260,261,263,268,270,271,276,277,278,279,282,283,284
OX51,146,156,158,159,162,166,168,169,174,176,177,178,179,182,183,184,186,187,188,197,198,199,201,203,204,205,207,210,213,215,216,219,224,225,228,230,232,233,237,239,242,244,248,249,253,254,255,257,259,260,261,265,268,270,271,273,276,277,279,280,281,282,283,284,286,287
OX52,149,151,159,161,162,165,175,177,178,179,181,182,183,188,191,193,194,195,196,199,204,205,206,207,211,213,215,224,228,229,230,231,233,236,238,241,242,243,244,245,248,249,250,255,256,257,258,260,264,265,266,269,272,273,275,276,277,282,285,286
OX53,155,156,158,159,162,164,169,173,174,176,177,178,179,181,182,183,186,187,192,197,198,199,204,205,207,209,210,213,215,216,219,225,228,230,231,233,235,237,244,248,249,250,252,254,259,260,261,263,265,268,270,271,274,276,277,278,279,282,283,284,285,286
OX54,150,151,153,156,157,160,164,165,166,168,169,170,171,174,176,180,182,184,186,193,194,195,197,199,203,205,206,207,209,211,212,214,220,221,225,227,228,230,232,235,236,237,238,240,242,243,254,258,259,261,263,267,270,275,279,286
OX55,148,156,158,163,164,165,170,173,175,176,180,181,182,184,185,187,188,192,194,195,197,199,203,204,205,206,207,210,211,212,213,215,216,220,225,227,231,234,239,240,245,249,253,254,257,259,260,261,264,267,271,273,275,276,277,284,285,286
OX56,151,153,156,158,160,161,163,167,170,173,174,177,182,183,184,186,187,188,192,196,203,205,206,210,216,224,230,233,237,242,245,248,253,256,257,258,260,261,263,264,268,269,273,275,276,278,283,284
OX57,153,156,160,161,165,166,167,168,169,171,173,176,177,178,180,181,183,184,188,192,194,195,197,203,209,210,211,214,215,216,221,224,225,227,231,232,233,236,238,240,245,248,253,254,256,257,259,260,265,267,268,270,273,276,277,278,279,283,284,287
OX58,160,161,162,163,166,167,169,170,171,174,175,176,177,178,179,180,183,186,187,188,191,197,198,199,204,207,209,214,221,225,227,229,232,233,235,237,239,240,241,243,244,245,248,249,250,254,255,256,257,259,260,261,263,265,266,267,270,272,273,276,279,281,282,286
OX59,161,163,165,167,169,173,174,176,180,181,185,186,187,192,195,196,197,205,206,209,210,212,213,215,216,219,221,222,225,228,231,232,234,236,242,253,256,259,263,264,265,267,268,270,271,275,277,278,279,283
OX60,159,169,173,176,177,178,181,182,186,187,188,191,192,193,196,206,209,214,215,219,221,225,227,229,231,233,235,237,238,240,241,242,243,250,257,258,260,261,264,265,266,269,270,272,273,276,277,278,280,286
OX61,166,173,192,209,215,250,261,278,280,285
OX62,158,171,178,182,238,271
OX63,168,170,171,177,178,180,181,182,183,184,186,187,188,191,193,194,196,197,198,199,203,206,207,209,210,211,214,215,216,219,225,229,231,235,236,239,241,242,243,245,248,252,255,257,258,259,260,264,266,267,269,272,276,278,279,282,284,287
OX64,169,170,171,174,176,177,180,182,185,186,193,194,197,205,206,209,211,212,213,215,220,221,222,232,234,236,237,238,242,243,253,254,258,259,260,261,267,269,270,273,275,276,279,282,284,285
OX65,162,165,170,173,174,175,178,179,181,184,186,188,191,192,195,196,198,203,204,209,213,214,219,220,228,231,232,235,236,237,239,240,244,245,249,252,257,258,264,265,266,268,269,271,272,273,278,279,280,282,283,285
OX66,163,164,170,171,173,174,180,182,184,185,187,191,192,193,196,197,198,203,205,210,214,215,216,220,224,225,227,229,230,233,234,236,237,239,240,241,243,250,252,255,258,259,261,264,266,267,269,272,273,275,279,280,282,284,285,286
OX67,156,165,171,173,175,177,178,182,183,184,187,188,191,192,193,194,195,203,206,210,211,212,216,220,221,225,226,227,228,230,232,236,238,239,242,245,248,251,254,257,260,263,276,278,279,282
OX68,164,181,184,199,203,207,209,215,229,231,235,238,239,240,241,245,250,252,265,271,278,279,280,281
OX69,165,170,177,181,183,185,194,195,197,198,204,205,209,211,214,221,224,226,229,231,233,234,237,238,240,241,243,245,248,249,251,254,259,260,263,264,266,271,272,275,276,277,278,281,284,286
OX70,173,174,177,178,182,183,184,185,186,188,192,193,194,203,205,206,210,211,213,214,215,216,220,222,224,227,229,233,234,238,239,241,242,243,248,252,254,257,258,260,261,263,269,271,273,275,276,277,278,279,281,284
OX71,175,177,179,182,184,186,187,191,193,194,196,198,199,203,207,209,210,211,216,220,222,225,228,229,230,236,237,238,239,240,241,242,245,252,255,260,264,266,271,272,273,276,279,285
OX72,170,171,177,180,181,182,183,184,186,187,191,193,196,197,203,206,210,212,215,216,219,224,225,226,231,232,235,236,238,239,240,242,248,250,251,252,253,258,259,260,261,263,264,265,267,269,271,273,276,280,281,282,285,286
OX73,178,180,181,185,188,194,196,198,199,204,205,206,207,209,211,212,221,222,224,226,228,229,231,233,234,235,236,237,238,241,245,249,251,254,255,257,263,266,267,271,272,273,275,277,281,284
OX74,174,177,180,182,183,185,186,191,193,196,198,199,205,206,207,212,213,214,219,222,227,228,230,234,235,236,240,243,248,250,253,254,255,260,264,266,267,272,275,276,278,279,280,281,284,286
OX75,171,180,181,185,196,198,204,205,206,213,214,221,222,226,228,229,231,232,233,234,235,236,237,240,241,249,250,251,253,254,261,265,266,267,272,275,277,278,279,280,281,286
OX76,177,180,181,182,184,186,191,193,198,203,204,206,209,212,213,220,221,227,231,232,233,236,239,242,243,245,249,250,252,260,261,264,266,267,272,276,277,279,280,285
OX77,182,183,191,193,199,204,207,209,210,212,213,215,216,226,230,232,233,237,240,242,243,248,249,251,255,261,264,265,271,277,284,285
OX78,187,199,207,213,215,225,228,232,255,261,273,286
OX79,181,183,184,185,191,199,203,205,206,207,213,215,220,221,226,228,229,231,232,234,235,237,238,239,241,242,245,248,251,252,253,254,255,261,275,281,285,286
OX80,183,184,185,194,196,198,199,203,204,205,207,209,211,212,219,220,221,222,226,228,230,232,233,234,235,239,240,243,245,248,249,251,252,253,254,255,261,266,272,275,277,278
OX81,180,184,185,191,203,205,219,221,226,230,232,234,236,239,240,242,243,245,251,252,253,254,261,267,271,275,278,281,284,285
OX82,209,215,229,238,240,241,250,271,278,280
OX83,184,185,191,194,196,198,203,205,211,213,215,220,221,228,229,234,235,238,239,241,242,245,252,253,258,263,264,266,269,272,275,284,285,286
OX84,194,196,210,211,213,215,216,219,220,224,229,230,238,241,245,253,258,263,264,265,269,271,278,279
OX85,185,191,196,205,210,212,213,214,215,216,219,220,221,222,224,226,228,229,234,235,237,238,241,242,243,245,251,254,263,264,275,278,285,286
OX86,219,222,237,258,269,286
OX87,224,245,253,263,265,279
OX88,210,212,213,216,228,233,235,250,254,263,277,278,280,286
OX89,191,205,226,228,229,230,234,235,238,241,242,243,251,265,271,275,279,284,285,286
OX90,196,212,213,214,215,220,222,228,229,230,235,237,238,241,254,263,264,271,284,286
OX91,199,204,205,207,212,215,222,228,229,232,233,234,235,238,241,249,250,255,258,261,265,269,275,277,279,280
OX92,206,212,215,220,228,229,230,233,235,237,238,241,243,250,254,263,264,271,277,280,284,286
OX93,212,214,229,230,238,241,271,284
OX94,213,214,228,233,235,237,250,254,263,277,280,286
OX95,214,215,229,230,233,238,240,241,250,271,277,278,280,284
OX96,205,234,237,254,263,265,275,279
OX97,222,228,235,237,254,258,263,269
Z0,0,14,96,138,268,283
Z1,1,127,183,235,263,265
Z2,2,56,65,100,101,189
Z3,3,97,144,156,184,252
Z4,4,30,68,75,136,190
Z5,2,5,201,205,274,275
Z6,6,72,213,215,280,287
Z7,7,32,50,94,146,201
Z8,8,57,154,162,250,280
Z9,9,65,92,165,259,282
Z10,10,136,150,152,258,269
Z11,11,34,75,121,180,267
Z12,12,15,25,59,183,248
Z13,13,26,67,102,150,157
Z14,0,56,117,184,203,218
Z15,15,27,64,66,161,256
Z16,16,28,70,73,139,223
Z17,17,24,90,193,265,279
Z18,18,128,186,209,233,250
Z19,19,29,79,135,165,195
Z20,20,40,44,116,135,208
Z21,21,159,213,219,243,286
Z22,22,87,94,115,199,207
Z23,6,23,37,64,172,217
Z24,24,108,116,162,200,244
Z25,25,31,60,130,260,276
Z26,13,101,120,181,231,246
Z27,26,27,89,126,266,272
Z28,16,33,71,72,204,249
Z29,29,76,129,157,168,287
Z30,28,30,98,253,254,263
Z31,31,214,222,234,237,284
Z32,32,83,215,240,261,264
Z33,33,61,74,95,137,202
Z34,21,34,99,103,197,259
Z35,35,111,140,151,234,275
Z36,36,96,123,171,238,241
Z37,36,37,143,155,262,274
Z38,38,52,125,217,246,247
Z39,39,110,216,219,237,254
Z40,20,122,132,196,222,269
Z41,1,41,122,170,197,283
Z42,42,45,60,103,124,200
Z43,42,43,48,160,203,239
Z44,22,44,51,159,198,272
Z45,39,43,128,232,236,255
Z46,46,91,153,156,175,179
Z47,47,67,97,99,202,262
Z48,19,48,66,105,111,190
Z49,49,70,108,143,194,211
Z50,50,52,53,186,195,276
Z51,14,51,55,68,106,247
Z52,38,73,109,140,173,192
Z53,17,53,54,114,126,218
Z54,54,61,104,196,206,220
Z55,55,57,59,82,188,257
Z56,5,12,175,208,236,267
Z57,40,47,166,210,240,278
Z58,58,171,178,180,231,281
Z59,45,113,204,221,238,271
Z60,4,63,155,174,191,242
Z61,3,62,113,127,226,251
Z62,63,77,91,158,182,193
Z63,23,92,134,164,199,255
Z64,8,9,84,191,251,266
Z65,69,104,106,124,129,131
Z66,49,112,220,248,264,270
Z67,71,90,212,214,277,282
Z68,74,100,118,148,177,260
Z69,11,62,148,169,172,176
Z70,76,88,121,194,230,284
Z71,35,77,85,102,169,270
Z72,58,69,78,107,210,216
Z73,79,110,176,188,225,273
Z74,80,160,212,229,278,285
Z75,18,81,112,198,252,281
Z76,82,114,119,185,221,227
Z77,83,89,142,153,187,225
Z78,84,88,125,224,239,245
Z79,85,145,149,185,224,253
Z80,86,119,168,173,242,285
Z81,46,87,98,154,229,241
Z82,93,118,123,192,232,261
Z83,95,151,164,187,228,235
Z84,78,105,170,177,179,227
Z85,107,109,115,117,141,152
Z86,10,81,147,205,245,279
Z87,93,131,144,149,161,167
Z88,120,133,163,206,226,243
Z89,41,174,181,207,249,273
Z90,130,133,134,138,147,223
Z91,132,139,146,158,178,257
Z92,141,142,145,163,233,277
Z93,80,167,211,228,258,286
Z94,166,182,189,209,230,271
OZ0,59,65,67,88,89,90,96,97,100,101,102,103,106,108,109,111,114,115,116,117,121,127,128,135,137,138,142,143,145,147,149,150,151,152,155,156,162,168,169,170,174,175,178,179,180,183,184,186,187,188,190,192,193,194,196,199,202,203,207,208,210,211,212,213,214,215,217,218,219,220,221,222,223,225,227,229,230,233,234,235,239,241,243,244,246,248,251,252,254,256,258,259,261,262,265,266,267,271,272,274,277,278,279,280,281,282,285,286
OZ1,65,66,72,88,90,91,92,96,97,103,106,108,109,111,114,115,116,117,121,123,126,127,128,131,133,134,135,137,138,142,144,145,147,148,151,152,156,157,158,162,163,164,167,168,169,170,172,174,175,177,178,179,180,181,182,184,186,187,188,190,194,196,202,203,206,207,208,210,211,212,214,218,219,220,221,222,223,225,226,227,229,230,231,232,233,234,235,239,241,244,251,252,254,255,258,259,260,265,267,271,277,278,279,281,282,285,286,287
OZ2,66,67,72,73,90,92,94,96,101,102,105,106,108,110,114,115,116,117,119,123,124,125,129,131,133,134,137,140,143,145,146,150,152,153,155,157,159,161,162,164,168,170,172,176,177,178,179,180,181,186,187,188,192,193,195,196,199,200,201,210,216,218,219,220,226,227,233,238,240,241,242,247,255,261,262,264,265,266,268,272,273,274,276,277,279,280,281,285,286,287
OZ3,67,72,88,91,94,96,102,103,105,106,108,110,111,113,114,116,117,119,121,123,128,135,137,142,143,144,146,147,148,149,150,153,155,158,159,162,163,164,167,172,173,175,177,181,182,184,186,187,189,190,192,194,196,199,204,205,208,216,217,220,221,222,223,225,226,229,230,231,234,238,239,240,242,246,254,259,262,264,265,266,267,271,272,275,277,278,279,280,283,286
OZ4,88,89,90,92,94,96,100,101,105,109,111,115,119,125,137,138,140,146,149,151,152,153,163,165,167,168,170,171,173,177,178,179,180,184,185,187,189,203,205,210,211,212,214,215,216,218,225,227,228,231,233,234,239,240,242,244,245,253,256,258,259,261,264,274,281,283,285,286
OZ5,73,90,96,97,100,105,106,108,114,115,116,117,119,124,126,127,129,134,137,140,142,143,145,147,149,151,152,155,156,161,162,163,165,167,168,169,170,172,174,176,178,179,180,181,184,186,187,193,195,196,199,200,201,202,206,207,210,213,215,216,218,220,221,226,227,228,231,232,233,235,241,242,244,245,251,252,255,259,260,261,262,265,271,273,275,276,277,280,281,282,285,287
OZ6,72,89,90,92,97,100,105,106,108,109,114,115,116,117,119,123,124,126,127,128,129,137,142,145,149,151,152,156,161,162,163,164,165,167,168,169,170,171,173,174,176,178,179,180,181,184,187,192,193,195,196,200,201,202,205,206,207,209,210,216,217,218,220,221,226,227,228,231,232,235,238,242,244,250,251,252,259,260,261,265,271,273,274,275,276,277,279,281,282,285
OZ7,89,91,96,98,99,100,102,106,110,111,113,114,115,116,119,121,124,125,127,133,135,138,139,142,143,147,148,150,151,155,156,157,158,159,162,167,168,171,173,176,178,182,189,190,191,192,194,195,196,198,200,202,203,205,207,210,211,212,213,214,218,221,223,224,227,233,234,237,242,244,245,247,248,249,251,256,258,259,262,263,264,265,267,268,269,273,275,283,286,287
OZ8,90,91,92,96,98,99,100,102,103,105,106,109,116,117,119,126,127,129,134,139,143,145,146,148,150,151,152,154,155,156,158,159,161,163,165,167,172,173,175,180,182,183,189,192,195,196,198,202,204,207,208,209,211,212,213,214,216,217,222,225,227,229,230,231,232,233,238,242,244,247,249,255,257,258,259,260,262,263,264,265,266,268,269,271,274,278,280,281,282,283,285,286
OZ9,91,92,94,96,98,99,100,101,102,103,108,111,114,115,117,124,125,127,128,139,140,144,145,147,150,151,153,154,156,158,159,162,168,170,175,178,179,182,183,184,185,186,191,193,195,198,199,200,203,204,206,207,208,210,211,212,214,217,220,222,224,228,229,230,233,234,235,240,241,244,245,246,249,250,251,253,256,257,258,263,269,271,274,277,278,283,286,287
OZ10,92,94,97,101,102,103,106,108,110,111,113,116,119,121,126,128,129,134,137,138,142,144,149,150,153,154,157,159,161,163,167,168,170,172,173,175,176,177,179,181,183,187,190,191,193,194,196,201,203,204,208,213,215,219,220,221,222,223,224,226,227,229,230,231,232,234,237,238,240,242,247,248,250,251,255,256,257,260,261,264,265,267,268,271,272,273,274,275,276,277,278,280,282,286
OZ11,94,96,97,98,100,101,105,106,108,110,111,114,115,119,121,124,126,128,129,133,134,135,136,137,139,140,143,144,145,154,159,161,162,163,169,171,172,174,176,178,179,180,181,186,187,189,190,191,192,197,198,200,202,204,205,207,208,210,211,212,213,214,215,216,219,220,221,222,224,226,229,230,231,232,233,234,235,237,238,240,242,243,244,246,249,250,255,257,258,260,261,262,263,265,266,267,269,271,277,278,279,280,282,283,286,287
OZ12,129,135,157,159,165,168,195,202,213,219,243,262,286,287
OZ13,97,98,99,100,101,102,103,105,114,115,117,119,121,127,128,131,133,135,136,139,142,143,147,148,149,150,151,153,156,157,161,162,165,167,171,172,174,175,176,178,179,180,182,183,185,186,189,190,192,193,195,196,198,201,203,207,208,209,214,216,217,218,223,226,228,229,232,233,234,235,236,240,242,243,244,248,249,252,253,255,256,259,263,264,266,269,271,272,273,274,276,284,286,287
OZ14,98,105,106,108,110,113,114,115,117,121,124,125,126,127,133,134,136,139,142,143,146,147,148,149,151,153,154,156,157,161,162,163,165,171,172,173,178,179,180,185,186,189,190,192,197,198,200,201,203,208,209,210,211,212,214,216,218,220,221,222,225,229,230,231,232,235,237,238,245,247,249,252,253,255,256,257,258,260,263,264,265,267,268,269,271,273,275,276,277,278,280,282,283,285
OZ15,96,99,103,108,111,114,121,126,131,134,135,136,138,143,148,151,152,155,162,168,170,171,179,182,186,187,190,191,192,193,194,196,198,199,203,206,208,210,213,214,215,217,218,224,227,228,229,233,235,236,238,240,241,245,246,248,250,251,252,256,258,260,261,264,265,266,269,270,271,274,277,279,280,281,282,283,284,285
OZ16,100,103,105,106,109,110,111,113,114,115,116,117,125,126,127,128,134,135,138,142,143,144,145,146,147,148,149,151,153,154,156,161,162,163,169,171,172,173,174,175,178,179,182,185,186,187,191,194,195,197,198,199,200,201,203,204,205,208,209,211,212,213,215,216,220,224,225,227,229,231,232,233,236,238,240,244,250,252,253,254,256,257,259,264,265,266,267,269,270,272,273,274,276,277,279,283,284,286
OZ17,105,106,108,111,116,121,126,128,131,133,134,135,140,145,146,149,151,154,157,159,165,173,174,175,176,181,183,189,193,194,195,196,197,201,203,204,205,206,207,208,213,216,217,218,220,221,222,223,225,227,229,230,232,242,243,244,246,247,248,250,253,254,255,257,259,260,265,267,268,275,276,277,278,280,282,283,286,287
OZ18,102,103,108,109,110,111,114,115,116,117,119,125,126,128,142,145,147,150,152,157,161,162,163,165,167,171,178,180,185,186,190,193,196,200,202,205,206,209,210,211,212,214,217,219,220,221,227,228,231,237,244,245,246,250,254,256,258,259,262,265,266,272,281,286
OZ19,99,103,106,108,110,114,121,124,125,127,131,134,135,137,138,140,143,145,146,148,149,152,153,154,156,159,161,162,167,168,169,172,174,175,179,180,185,187,189,191,193,195,196,197,198,199,202,205,206,211,212,214,215,217,218,219,224,225,234,242,243,246,247,250,252,254,255,256,257,262,264,266,267,268,269,270,272,273,277,279,281,283
OZ20,103,106,108,110,111,114,116,124,125,126,127,131,134,135,137,138,139,145,146,147,148,149,154,155,157,158,162,167,168,172,173,174,181,182,185,187,191,192,193,194,195,199,200,207,213,215,217,218,223,224,225,229,234,241,244,245,246,247,248,249,251,253,255,257,258,259,263,265,266,268,270,279,280,282,283,286
OZ21,101,108,109,113,115,117,119,125,126,127,128,131,133,137,142,145,147,148,149,150,152,153,157,165,168,171,172,173,175,176,178,179,180,181,184,186,193,196,197,202,205,209,210,211,212,214,217,219,220,228,237,242,243,244,245,247,250,251,252,254,258,262,265,266,268,270,272,281,285,286
OZ22,106,108,111,113,117,124,125,126,127,131,133,135,138,142,143,144,147,151,153,155,156,157,159,163,164,165,167,169,171,173,174,176,177,185,186,190,192,193,196,198,201,203,204,207,211,212,214,215,219,220,221,225,227,231,232,235,238,241,242,244,245,251,256,258,260,261,265,273,275,276,277,280,281,282,283,285
OZ23,119,125,126,127,128,131,134,137,139,140,146,147,148,149,150,151,153,154,155,157,158,159,165,167,168,169,172,175,179,182,184,186,187,189,192,194,196,197,199,206,209,211,212,214,215,217,219,220,221,223,225,228,229,233,238,241,242,243,245,246,248,249,250,252,255,256,257,263,266,271,272,273,275,277,280,285,286,287
OZ24,108,109,114,115,116,121,124,126,127,131,140,143,144,146,152,153,155,159,162,165,167,169,170,174,175,178,179,180,183,184,185,189,190,192,193,194,195,196,204,208,209,210,220,222,223,227,228,229,230,235,238,240,241,248,250,251,253,254,257,259,264,265,267,278,280,281,283,285,286,287
OZ25,113,114,116,117,123,126,131,133,134,139,142,144,145,148,150,153,154,155,157,158,162,163,167,168,171,172,174,177,178,180,182,183,184,186,189,190,191,194,196,197,200,201,202,203,204,205,208,211,212,213,214,217,218,220,223,224,225,227,228,229,232,234,238,240,241,242,243,244,246,249,253,255,256,260,263,264,271,272,273,276,277,279,280,281,285,287
OZ26,109,114,115,116,123,128,131,133,135,136,143,145,146,147,150,151,152,153,154,159,161,162,164,167,169,172,173,174,176,180,181,182,184,185,186,190,191,192,194,198,200,201,202,205,206,209,211,212,215,216,218,219,221,224,227,229,231,233,236,240,248,250,251,252,253,254,255,256,257,258,259,261,265,267,270,271,273,274,276,277,279,281,282,284
OZ27,116,117,123,124,125,133,139,142,143,145,149,151,154,155,156,158,159,163,167,168,169,171,172,174,175,178,179,181,183,184,185,187,189,195,196,199,200,201,204,205,207,210,213,214,215,216,217,218,220,223,225,228,233,234,235,236,237,241,244,245,246,247,249,250,253,254,255,256,258,262,263,264,266,267,268,270,271,274,276,277,279,281,282,284
OZ28,110,111,121,124,126,127,131,133,140,143,145,147,148,150,152,156,168,170,172,173,174,175,176,177,179,180,183,184,186,187,194,197,198,199,200,201,203,204,205,208,209,211,212,213,214,215,217,218,220,222,223,229,230,232,233,237,238,244,245,246,248,250,251,254,259,260,264,265,266,269,271,276,278,280,281,283,286,287
OZ29,111,123,124,128,131,136,137,143,144,149,150,151,152,153,154,155,156,159,161,164,170,172,175,176,177,178,179,180,182,187,189,191,194,197,199,202,203,204,207,209,210,211,212,216,217,220,224,229,231,232,235,236,237,238,241,243,245,246,247,248,249,250,251,254,255,256,260,261,266,268,269,271,274,281,283,284,285,287
OZ30,114,115,123,124,126,127,128,133,134,135,136,138,140,146,151,154,159,161,162,164,165,167,168,169,170,175,181,183,185,187,189,190,191,195,197,199,201,202,203,204,206,208,209,210,213,216,217,219,220,221,224,227,231,234,238,244,246,252,253,255,256,257,258,260,264,266,269,270,271,273,275,276,277,280,282,283,286,287
OZ31,117,125,128,131,139,140,142,143,144,146,149,150,153,154,157,158,161,163,164,167,168,170,171,172,174,175,176,177,179,182,184,185,187,189,194,195,196,197,198,199,200,202,203,207,208,209,211,212,216,219,220,221,222,229,231,232,233,234,235,236,238,242,243,245,247,248,249,250,251,252,254,255,257,259,260,261,262,263,266,267,268,272,274,275,277,281,282,283,284,285
OZ32,115,121,125,126,128,131,135,136,138,143,145,146,148,151,152,153,155,157,159,165,167,172,173,175,176,177,178,180,181,184,186,191,194,200,202,206,207,208,210,211,212,214,216,218,219,222,223,224,229,230,232,233,234,237,238,240,241,242,244,247,248,253,254,256,257,258,261,262,264,265,267,268,272,273,275,277,278,279,280,281
OZ33,127,131,133,134,137,138,144,149,152,153,155,156,157,159,161,165,167,169,172,176,177,178,179,181,183,192,195,198,200,201,202,204,207,213,214,217,219,220,222,223,231,232,234,235,236,237,238,241,242,243,244,245,246,247,248,251,252,253,254,256,258,261,262,264,265,268,269,270,272,273,274,275,276,279,284,286
OZ34,121,124,125,126,131,133,134,139,140,147,148,149,151,154,155,156,158,164,165,168,172,175,176,177,179,182,183,184,185,186,187,191,192,193,197,198,199,200,201,203,204,205,207,208,209,213,218,222,224,230,232,233,234,237,238,240,241,242,244,245,250,251,255,258,259,260,261,263,264,265,266,267,270,271,275,276,277,278,280,281,286,287
OZ35,123,124,125,126,128,136,143,148,150,151,153,154,156,157,159,161,164,165,167,168,169,173,174,175,177,179,180,182,183,185,186,187,189,190,191,192,193,194,196,198,199,203,206,207,208,209,210,211,212,218,219,220,221,224,227,229,232,243,244,245,250,252,253,254,256,258,260,262,264,266,267,270,271,272,274,276,279,281,284,287
OZ36,124,125,131,133,134,135,138,140,143,145,146,156,157,161,164,165,167,168,169,170,172,174,175,177,180,183,184,186,187,189,190,191,197,198,199,200,201,205,207,208,213,214,216,217,218,219,222,223,224,225,227,228,232,235,238,240,242,244,245,246,247,248,249,253,254,255,256,257,261,264,266,268,271,272,273,274,275,279,280,281,283,284
OZ37,125,126,128,131,134,135,138,139,145,150,153,158,165,168,170,173,174,177,178,183,184,186,187,193,199,201,203,205,208,209,210,213,214,215,216,217,218,219,223,231,232,234,236,237,240,242,245,246,249,250,251,252,253,254,255,258,260,261,263,265,266,277,281,282,283,284,285,286
OZ38,133,134,135,138,140,143,145,147,149,150,152,154,155,157,164,165,167,169,173,175,178,180,182,183,185,186,187,189,192,193,194,195,199,201,202,203,205,206,207,208,210,211,212,213,214,216,219,223,229,231,233,238,241,242,245,247,248,255,256,260,262,266,267,268,271,272,276,279,281,286
OZ39,126,135,136,140,143,144,145,149,150,152,153,154,157,159,161,163,164,167,170,172,173,174,175,176,177,179,180,182,184,185,186,187,193,194,196,197,199,200,202,203,206,207,208,210,211,212,216,217,220,221,222,229,232,233,234,235,236,237,238,245,246,247,248,249,252,253,254,255,260,261,262,265,267,268,272,274,275,279,283,284
OZ40,131,137,138,144,149,152,153,155,156,157,159,161,165,167,169,170,172,174,176,177,178,179,183,192,193,195,196,197,198,200,201,202,204,213,217,219,220,222,223,231,232,235,236,238,241,242,243,244,245,246,247,248,249,251,252,253,254,256,258,261,262,264,268,270,272,274,275,276,283,286
OZ41,134,135,136,139,143,145,146,147,148,149,150,151,153,156,158,163,164,165,167,169,170,172,174,175,178,179,180,181,183,185,189,193,195,198,200,201,202,203,204,205,210,214,215,216,219,220,222,223,225,228,231,233,234,236,237,238,242,243,244,248,251,252,257,258,260,262,263,264,269,271,275,277,279,280,283,284,286,287
OZ42,136,137,143,146,148,150,151,157,159,163,164,170,172,180,181,187,189,198,199,200,205,217,219,220,222,225,228,240,242,244,246,247,248,249,252,253,254,256,257,259,261,264,265,267,268,269,270,272,275,280,281,283,286,287
OZ43,128,137,148,150,152,153,156,168,170,172,173,175,176,179,183,186,193,196,197,198,200,205,209,220,222,223,233,235,242,244,245,247,248,250,252,253,254,256,258,264,268,281,283,285
OZ44,137,139,140,143,144,145,147,149,151,155,156,159,165,170,172,174,175,176,177,178,183,184,189,190,191,192,194,195,196,197,201,204,205,206,211,212,213,214,218,219,220,223,224,227,231,232,234,235,236,241,242,243,252,253,261,263,265,270,271,274,276,277,281,282,283,286
OZ45,140,143,144,146,147,148,150,151,152,153,155,164,168,170,172,173,174,178,179,180,181,184,187,192,193,199,200,202,206,213,216,217,219,221,222,223,225,228,231,237,240,241,242,245,246,252,253,255,257,258,259,262,267,271,275,280,281,283,285,287
OZ46,135,138,139,144,145,150,153,154,156,157,159,164,165,168,169,170,172,176,177,179,180,181,182,185,187,189,193,195,199,202,203,204,205,208,214,216,219,220,229,232,233,234,235,242,243,247,248,251,254,255,260,261,262,263,265,268,269,270,271,272,273,274,275,276,277,283,284,285
OZ47,138,139,146,149,150,151,153,163,164,165,167,169,176,179,180,181,183,184,186,187,189,193,195,196,197,199,200,204,205,206,210,213,217,219,220,221,222,225,228,235,236,237,238,240,242,243,246,249,252,253,256,257,258,261,263,265,266,271,275,276,279,280,282,287
OZ48,139,143,145,147,149,151,152,153,157,169,175,179,184,189,190,191,193,194,198,200,202,205,206,211,212,214,217,222,223,224,227,234,238,244,245,246,247,248,249,251,254,256,258,262,263,264,265,268,271,272,275,277,281,282
OZ49,143,144,149,152,153,154,156,157,158,163,165,168,172,178,182,183,186,189,190,191,193,195,196,197,198,203,205,206,208,213,214,216,219,220,224,225,227,228,229,236,240,243,245,248,251,258,260,265,266,267,270,271,272,273,274,275,279,280,282,284,285,287
OZ50,144,145,147,151,154,156,158,159,168,172,178,179,182,184,186,193,196,197,200,201,203,206,214,216,217,220,222,223,225,228,229,234,235,238,240,243,244,246,247,249,251,254,256,260,264,266,268,273,274,280,281,282,284,285,286,287
OZ51,148,153,163,169,172,176,177,179,184,193,196,197,200,204,206,208,216,218,219,221,222,232,237,238,243,251,252,254,255,259,265,267,269,271,276,279
OZ52,145,156,165,168,170,173,177,179,184,186,191,195,217,218,224,232,236,238,242,246,247,249,251,252,253,255,259,266,268,271,276,282,283,285
OZ53,147,150,152,156,157,165,169,175,179,183,184,185,186,189,193,195,198,200,202,204,205,206,208,216,217,219,222,235,236,237,238,244,245,246,248,253,256,258,262,264,266,267,271,272,281,282
OZ54,149,150,151,152,157,159,169,172,174,176,179,181,183,185,186,194,198,201,206,207,211,212,213,216,217,221,223,234,235,243,244,245,246,248,249,252,253,256,258,264,265,266,270,272,273,274,275,277,279,281,284,286
OZ55,150,151,152,153,156,157,165,167,169,174,175,181,184,186,189,195,196,197,198,200,202,204,205,206,207,210,214,217,218,219,220,221,222,223,234,236,238,245,246,249,254,256,262,266,267,270,271,272,273,276,279,281,282,284
OZ56,146,152,156,157,164,167,169,170,172,174,175,177,179,180,183,184,185,187,196,197,198,199,200,202,204,206,207,210,213,214,219,220,222,223,225,228,232,234,235,238,240,242,244,245,248,251,254,255,257,259,261,262,264,271,272,273,274,275,279,280,281,283,284,287
OZ57,163,165,169,172,176,179,193,195,196,197,200,201,204,206,208,221,222,236,238,243,251,259,265,267,269,271,274,279
OZ58,155,156,157,158,159,164,169,170,172,174,177,179,180,181,183,184,186,187,190,191,193,194,198,199,200,201,203,206,208,211,212,213,214,216,218,220,221,222,223,224,225,227,231,232,234,237,242,243,248,252,253,254,260,265,266,269,270,272,274,275,276,277,279,281,283,286
OZ59,153,156,157,158,164,167,168,172,173,178,180,181,185,186,187,190,194,198,199,201,204,208,210,211,212,213,214,218,219,220,223,225,227,228,234,237,238,240,249,251,253,256,258,259,261,265,266,267,269,271,272,274,275,276,277,280,285,287
OZ60,151,152,156,158,159,164,167,168,172,178,180,181,186,187,189,193,194,199,200,201,202,204,209,213,214,221,222,223,225,229,238,240,242,243,245,249,250,252,253,254,261,262,267,271,274,275,278,280,281,282,285,286
OZ61,152,158,164,170,172,173,177,178,180,181,183,186,187,189,190,194,199,201,202,204,206,209,210,214,221,225,227,229,232,234,235,237,238,240,244,245,248,249,250,252,254,255,256,258,261,262,264,270,271,274,278,279,280,281,282,283
OZ62,158,164,165,168,175,176,178,179,180,181,184,186,187,190,195,196,197,199,205,209,210,211,212,216,218,219,223,225,227,229,234,236,240,242,249,250,253,254,261,265,269,270,276,277,278,280,281,285
OZ63,159,168,173,174,181,184,185,189,190,193,196,197,198,200,205,206,207,213,214,219,220,221,222,223,227,233,237,242,243,249,256,259,265,273,277,279,281,284,285,286
OZ64,164,167,170,174,175,176,177,180,181,183,184,185,191,193,194,196,197,198,199,200,202,203,204,206,210,211,212,213,215,216,217,222,224,225,228,231,232,233,234,237,242,244,246,247,248,249,252,254,256,258,260,262,264,268,269,279,280,281,282,283,284,287
OZ65,165,170,177,190,195,200,204,208,214,221,222,223,227,232,237,238,255,259,267,271,275,282,283,284
OZ66,154,156,168,172,173,181,182,184,187,194,201,202,205,206,207,208,209,214,215,216,218,219,220,221,225,231,236,240,242,244,253,254,255,256,259,261,262,264,267,269,271,274,275,276,279,285
OZ67,156,157,167,169,170,173,175,177,180,181,186,190,194,196,197,198,204,205,207,209,217,223,227,228,229,232,236,237,246,247,250,251,252,255,258,267,268,269,270,272,273,278,281,283,284,286
OZ68,157,167,168,172,176,179,184,193,196,197,198,200,201,202,204,205,206,208,209,211,212,213,218,219,221,222,228,229,236,238,250,251,258,259,262,265,266,267,269,271,272,274,275,276,277,278,279,281,285,287
OZ69,169,174,179,180,185,186,190,208,213,214,217,218,219,220,223,227,236,237,238,242,246,247,249,256,259,266,268,269,271,275,276,284,286,287
OZ70,173,174,175,179,181,183,189,190,191,193,194,196,197,202,203,206,207,209,210,217,220,223,224,227,229,238,240,246,247,248,249,250,251,255,260,261,262,266,267,268,271,273,275,278,279,280,282,284
OZ71,142,167,170,172,175,176,177,180,183,185,187,190,191,193,194,199,201,202,203,206,207,208,210,211,212,213,215,217,218,219,221,223,224,227,228,231,232,233,236,238,242,244,246,247,248,252,256,258,259,260,262,264,267,268,271,273,274,275,276,279,280,283,284,287
OZ72,167,174,179,180,183,184,186,191,198,200,203,204,208,217,218,221,222,224,228,233,236,237,246,247,248,250,256,258,260,265,268,270,276,277,278,281,282,286
OZ73,172,176,180,181,186,189,190,200,201,204,205,207,210,214,221,222,223,227,237,238,240,249,250,255,261,271,273,274,278,280,282,284
OZ74,168,174,179,180,183,185,186,189,191,200,203,208,209,211,212,217,218,221,222,224,229,236,237,238,242,246,247,248,251,256,260,265,266,268,270,271,276,277,282,285
OZ75,174,175,179,180,190,193,194,202,204,206,211,212,217,220,223,227,237,246,247,249,256,262,265,267,268,269,270,275,277,279,282,284
OZ76,170,177,181,184,185,189,190,196,197,200,204,205,207,213,214,217,219,220,221,222,223,227,231,232,237,242,246,247,255,256,259,268,273,282,283,284,286,287
OZ77,181,184,185,196,197,207,213,217,219,220,231,238,242,246,247,256,259,268,271,273,286,287
OZ78,179,186,190,196,197,199,207,210,214,223,227,236,237,240,249,250,261,267,269,273,275,278,280,284
OZ79,175,183,184,186,191,198,203,204,208,217,218,223,224,233,236,246,247,248,249,251,256,260,265,266,267,268,275,276,277,281
OZ80,180,183,185,189,190,191,196,197,198,199,200,203,204,205,207,208,210,213,214,217,218,219,220,221,222,224,227,231,233,237,240,242,246,247,250,251,256,259,260,261,265,266,267,268,273,275,276,277,278,280,281,284,286,287
OZ81,183,184,185,189,190,191,196,197,198,199,200,203,204,205,207,210,213,214,217,219,220,221,222,224,227,233,237,240,242,246,247,250,251,256,259,260,261,265,266,267,268,273,275,277,278,280,281,284,286,287
OZ82,185,189,196,197,199,204,205,207,208,213,217,218,219,220,242,246,247,255,256,259,267,268,273,275,276,282,286,287
OZ83,176,186,190,199,200,204,207,210,214,216,219,221,222,223,225,227,236,238,240,249,250,254,259,261,267,271,273,275,278,280,282,284
OZ84,190,193,194,196,197,199,200,202,206,207,210,211,212,220,221,222,223,227,237,240,248,249,250,251,261,262,265,266,267,270,273,275,277,278,279,280,282,284
OZ85,184,189,191,193,194,200,202,203,205,206,208,211,212,213,214,217,218,220,222,224,235,238,240,242,244,246,247,252,253,255,256,258,260,261,262,264,265,267,268,269,271,275,276,277,279,280,286,287
OZ86,191,196,197,199,203,207,213,220,224,235,240,242,248,253,258,260,261,270,273,280,286,287
OZ87,193,194,196,197,199,202,206,207,211,212,214,220,248,255,262,265,270,273,277,279
OZ88,210,223,240,249,250,251,255,261,266,267,275,278,280,282
OZ89,196,197,199,204,207,217,220,246,247,255,256,268,273,282
OZ90,182,187,194,202,204,206,213,214,215,217,219,220,237,240,242,246,247,253,255,256,259,261,262,268,269,271,279,282,286,287
OZ91,189,205,217,220,223,237,238,240,246,247,249,255,256,261,268,269,271,280
OZ92,198,200,204,205,209,211,212,217,222,223,233,237,240,244,246,247,248,249,250,251,252,255,256,261,264,266,268,270,280,281
OZ93,204,217,220,237,246,247,256,268,269,282
OZ94,205,209,223,240,249,250,251,255,261,266,280,282
OZ95,186,216,217,219,220,236,237,238,246,247,251,256,259,266,268,269,271,282
OZ96,217,219,238,246,247,248,256,258,259,268,270,271
OZ97,187,213,215,220,237,240,242,248,253,255,258,261,269,270,286,287
