X0,0,50,155,157,218,282
X1,1,91,165,182,285,286
X2,2,27,89,93,96,304
X3,3,36,76,90,115,194
X4,4,97,175,178,312,318
X5,5,62,119,161,173,195
X6,6,20,70,143,209,270
X7,7,59,86,98,145,292
X8,6,8,188,239,252,266
X9,9,25,158,251,271,280
X10,10,88,142,167,314,323
X11,11,18,197,240,279,283
X12,12,108,143,170,272,307
X13,13,39,99,136,273,308
X14,14,125,158,202,302,311
X15,15,81,106,165,189,221
X16,16,77,199,222,232,323
X17,17,56,77,148,185,211
X18,11,33,41,114,187,263
X19,17,18,19,126,243,269
X20,8,44,51,161,284,304
X21,21,24,153,156,247,272
X22,22,41,81,134,147,176
X23,23,203,242,276,287,298
X24,21,42,115,149,167,185
X25,9,46,104,222,245,261
X26,26,30,109,129,220,258
X27,2,61,124,211,279,316
X28,28,83,121,136,267,293
X29,29,84,107,140,150,315
X30,26,204,238,276,278,300
X31,31,57,203,219,237,261
X32,32,65,113,137,241,265
X33,33,87,94,106,124,172
X34,34,120,135,151,230,231
X35,35,72,97,168,206,296
X36,3,104,116,174,254,314
X37,37,73,192,250,255,263
X38,38,47,48,146,171,202
X39,13,153,159,169,198,217
X40,40,55,78,100,152,229
X41,22,67,78,160,254,271
X42,24,60,103,148,172,248
X43,43,108,173,205,217,302
X44,45,51,178,220,316,322
X45,36,46,56,89,210,216
X46,32,38,98,132,191,223
X47,39,48,80,205,262,318
X48,40,49,70,138,226,253
X49,50,126,180,196,226,230
X50,35,45,73,87,91,300
X51,52,59,71,90,96,313
X52,53,117,186,189,267,289
X53,54,102,110,112,287,294
X54,55,141,175,224,258,310
X55,19,146,199,218,241,244
X56,31,128,209,251,257,321
X57,58,85,94,156,183,238
X58,7,47,99,117,256,282
X59,60,92,137,139,212,232
X60,27,74,145,266,288,289
X61,5,228,240,255,262,322
X62,63,111,235,236,299,319
X63,64,66,194,274,292,308
X64,65,144,162,208,215,249
X65,66,83,112,216,219,288
X66,10,67,184,268,310,319
X67,68,100,176,179,215,301
X68,69,154,225,227,228,273
X69,49,103,113,114,179,243
X70,52,61,84,129,149,183
X71,72,139,166,223,236,275
X72,1,37,116,147,193,320
X73,74,75,110,111,200,297
X74,53,75,134,184,233,295
X75,76,130,193,264,277,305
X76,4,16,171,268,275,280
X77,79,82,105,142,233,320
X78,64,80,168,191,192,277
X79,15,85,125,169,207,256
X80,0,82,101,186,239,285
X81,30,71,144,164,229,284
X82,29,201,246,281,306,321
X83,12,58,257,298,311,315
X84,86,157,164,188,253,265
X85,88,92,95,235,247,303
X86,20,25,43,44,152,312
X87,42,79,118,150,264,307
X88,62,93,197,200,259,317
X89,95,105,119,170,252,297
X90,54,68,121,214,224,295
X91,101,118,177,180,201,270
X92,102,120,122,210,269,317
X93,107,109,214,234,242,249
X94,63,141,151,204,206,294
X95,34,127,131,259,290,299
X96,14,23,122,181,244,245
X97,123,128,138,160,163,187
X98,127,159,195,225,303,309
X99,57,154,234,281,291,293
X100,130,135,177,213,286,296
X101,131,133,166,190,213,306
X102,132,140,162,190,305,313
X103,133,208,212,260,291,309
X104,123,174,227,237,250,274
X105,69,163,196,246,283,290
X106,155,181,182,207,231,278
OX0,78,91,103,105,110,112,115,117,118,119,121,125,135,137,139,142,143,148,149,150,151,153,156,158,159,165,166,170,172,181,182,184,185,186,189,190,195,202,203,208,209,210,213,214,224,225,230,231,232,235,242,244,245,248,252,259,260,264,267,268,269,270,272,276,285,286,289,290,291,294,295,297,298,299,302,306,307,310,311,314,317,319,323
OX1,44,91,98,99,105,110,112,114,115,117,119,126,134,139,140,142,144,146,148,149,150,151,153,156,157,160,165,168,170,171,172,174,175,176,177,181,185,186,187,190,192,194,200,201,202,203,204,206,207,208,209,212,216,218,223,224,225,228,229,230,231,232,233,234,236,239,241,243,246,248,249,250,251,252,253,256,257,258,261,264,265,268,270,272,273,277,278,281,283,286,288,290,291,292,293,294,295,299,301,303,305,307,308,312,313,314,321,323
OX2,98,140,144,157,164,188,190,191,208,215,223,249,253,265,305,313
OX3,87,90,96,99,103,108,109,110,112,113,116,118,126,129,134,139,140,141,146,147,149,150,151,152,156,158,160,161,164,166,169,172,173,174,175,177,179,181,184,191,193,194,200,201,204,205,209,211,214,216,217,218,219,220,221,223,227,228,230,231,233,234,235,237,238,240,242,243,246,249,251,252,262,265,266,267,268,270,277,278,279,280,283,284,286,288,289,290,292,294,295,296,297,298,299,300,304,308,313,318,319,320,321
OX4,103,105,115,119,137,139,148,149,167,170,172,185,212,232,235,247,248,252,297,303
OX5,90,91,96,108,109,112,114,116,118,119,121,124,139,141,145,150,153,158,159,160,161,163,165,167,168,169,170,171,172,173,175,176,177,178,181,184,185,187,189,190,192,194,196,197,199,202,203,207,208,209,210,212,214,220,221,222,223,224,225,230,231,232,233,235,242,244,245,246,247,250,254,255,256,257,258,260,266,268,269,270,271,277,278,280,283,286,288,289,291,297,302,303,304,305,306,312,315,318,319,320,323
OX6,97,105,110,112,116,117,118,121,139,143,150,151,152,153,156,160,163,165,166,167,168,175,179,182,186,189,192,193,196,200,209,214,215,216,219,223,225,227,228,229,234,235,238,246,247,250,254,255,258,263,264,267,268,270,271,272,273,275,276,278,281,283,285,286,288,289,290,291,293,294,296,297,299,300,301,307,314,323
OX7,96,105,110,113,118,119,137,140,142,143,144,145,151,153,156,159,161,164,166,167,170,177,181,183,185,188,190,193,194,197,199,200,205,208,210,212,214,216,217,220,222,225,228,229,230,231,232,233,234,237,239,240,241,244,245,247,249,252,255,258,260,261,262,265,269,276,277,284,286,289,290,291,294,296,298,299,300,302,303,305,306,313,315,320,322,323
OX8,91,105,108,110,114,116,117,124,139,140,141,142,143,144,145,146,151,153,156,157,158,159,160,163,164,165,166,172,173,175,176,178,183,184,187,189,190,193,194,196,200,201,203,207,208,209,214,215,219,224,228,235,237,239,240,248,249,250,252,253,254,257,260,261,265,266,267,268,270,271,273,274,276,277,278,280,281,282,283,290,293,294,296,297,298,299,300,301,304,305,306,312,313,315,319,321,322
OX9,110,113,116,117,118,119,121,124,125,126,129,134,136,137,139,141,142,143,144,145,146,149,150,151,152,153,158,160,161,164,165,169,173,178,179,184,185,186,188,196,197,198,199,200,203,204,205,206,207,209,210,211,212,216,217,218,219,220,222,225,226,228,229,232,234,236,238,239,240,241,244,245,246,250,253,254,256,260,263,264,266,269,271,273,274,279,280,281,289,290,291,292,294,295,298,299,301,302,303,304,311,312,314,315,316,319,320,321,322
OX10,99,105,112,113,117,118,124,125,129,135,137,139,140,143,145,149,150,152,158,160,163,164,167,168,171,174,178,179,181,182,185,186,191,192,193,195,196,200,201,204,205,207,209,211,212,213,214,216,217,219,222,227,228,230,231,234,235,237,238,241,242,244,247,249,250,251,255,256,257,258,259,262,263,264,265,269,270,272,276,283,284,285,286,289,292,296,297,300,303,305,307,308,311,312,313,315,317,321,323
OX11,105,109,115,116,119,121,124,126,129,135,136,139,140,146,149,150,152,156,160,163,165,169,173,177,178,179,185,189,193,194,195,198,200,202,207,209,210,211,212,213,214,216,218,220,226,227,228,234,235,237,238,242,244,245,247,249,250,253,254,255,256,259,260,261,262,263,264,265,266,267,269,271,274,277,279,280,283,284,286,288,289,292,293,296,298,301,302,303,304,305,312,313,314,316,317,321,323
OX12,106,108,112,113,118,119,121,124,125,126,129,134,135,137,140,141,142,143,145,147,149,150,152,156,157,158,160,161,173,175,179,181,182,183,184,185,186,193,194,195,196,197,199,200,201,202,203,207,209,211,213,215,216,218,220,222,226,228,229,230,231,232,234,237,238,239,240,241,242,249,254,255,257,259,261,262,264,265,266,268,271,277,278,279,282,285,286,289,295,296,298,300,301,302,304,305,313,314,316,317,319,322
OX13,108,115,116,117,121,124,125,129,134,136,139,140,141,142,143,146,149,152,156,157,158,159,160,165,166,169,173,178,179,182,184,185,190,193,194,198,201,203,204,206,208,209,211,214,219,220,236,237,238,239,246,247,249,250,252,253,254,255,256,257,261,262,263,265,266,270,271,272,273,274,276,277,278,279,280,281,282,284,285,286,292,295,296,298,301,304,305,306,312,313,314,315,316,319,320,321,323
OX14,109,113,115,116,117,118,119,125,126,134,137,139,142,143,146,150,152,153,158,160,163,165,167,169,170,178,179,184,186,188,195,199,200,203,205,207,209,210,212,217,218,221,222,226,227,228,232,235,238,239,241,244,245,248,250,252,253,254,255,256,258,259,262,263,264,266,267,269,271,274,280,283,284,287,288,289,294,295,298,300,302,303,311,312,314,315,317,320,321
OX15,125,135,141,158,159,166,181,190,195,197,200,202,203,204,206,208,210,212,213,225,228,230,231,235,236,240,242,244,245,255,260,262,269,276,287,290,291,294,298,302,303,304,306,311,319,322
OX16,94,104,112,113,117,119,124,129,134,135,137,139,141,142,143,144,148,150,152,157,159,160,161,163,164,165,166,169,172,174,177,178,179,182,184,190,195,196,200,201,202,206,208,209,210,211,213,216,218,221,222,225,227,228,229,232,236,238,239,242,244,247,248,250,252,253,255,256,258,260,262,263,264,267,270,271,272,274,280,282,283,285,288,289,290,291,295,297,300,302,304,306,312,315,319,320,321
OX17,112,113,116,117,118,119,124,126,129,134,135,136,143,144,145,149,151,152,156,157,160,163,164,165,169,170,176,177,178,179,182,184,185,187,188,195,196,197,198,200,201,202,205,209,211,214,215,216,217,218,219,220,222,224,225,229,233,234,238,242,244,250,252,253,254,255,256,260,262,266,269,270,271,272,273,274,276,278,279,280,281,282,283,285,289,291,292,294,297,304,307,312,314,315,316,317,321
OX18,114,115,116,117,121,129,134,136,139,140,141,142,146,149,152,157,158,159,160,166,170,172,173,178,179,182,183,184,185,189,190,193,194,198,201,203,204,206,207,208,209,211,214,219,220,221,236,237,239,246,247,249,250,252,253,254,255,261,262,263,265,266,270,271,273,274,276,277,278,279,280,281,282,284,285,286,292,295,296,301,304,305,306,307,311,312,313,314,316,319,320,321,323
OX19,116,118,119,124,126,129,134,135,137,140,143,146,149,151,152,153,156,159,160,163,165,168,170,171,176,177,178,179,182,184,185,187,190,192,195,196,200,201,208,209,211,214,218,220,222,223,224,225,228,229,233,234,238,240,241,242,244,249,250,252,254,259,260,262,269,270,271,272,276,277,278,279,280,281,283,285,291,294,305,307,312,314,315,316,318,321,322
OX20,113,117,119,121,124,126,129,134,137,140,141,145,149,153,156,157,159,160,161,163,166,167,170,176,182,185,187,188,189,190,194,197,199,201,204,205,206,207,208,209,210,211,212,217,218,219,220,222,224,225,226,232,234,235,236,237,241,244,245,246,247,249,252,254,258,260,261,263,265,266,267,269,271,274,276,277,278,279,282,283,285,286,287,289,291,294,295,296,297,298,300,302,303,305,306,308,313,315,316,319,320,323
OX21,119,121,124,126,129,134,135,136,144,146,149,156,159,160,161,163,164,167,168,169,170,171,176,182,185,187,189,190,192,194,195,197,198,199,200,201,202,203,207,208,209,210,211,213,215,216,218,220,222,223,224,226,230,231,232,234,237,242,244,245,246,247,252,253,254,256,258,259,261,262,263,265,267,269,271,273,278,279,283,285,286,290,292,295,296,300,302,308,313,315,316,318,320,323
OX22,121,135,141,159,163,166,190,195,196,197,200,203,204,206,208,212,213,216,219,227,230,231,234,235,236,240,242,246,255,260,262,273,276,281,283,287,288,293,294,298,303,304,306,317,319,322
OX23,117,124,129,134,135,139,140,141,142,145,146,149,150,151,159,160,161,166,167,176,177,179,180,181,185,186,187,188,189,190,194,196,197,203,204,205,206,208,209,211,216,217,218,220,222,224,226,227,228,230,233,236,237,239,242,245,247,249,254,258,260,261,263,264,265,266,267,269,270,271,272,273,274,277,279,281,286,288,289,290,293,294,295,296,300,302,305,306,307,308,313,315,316,317,319,323
OX24,104,124,129,135,136,139,140,142,148,149,152,153,157,160,161,165,167,169,174,178,179,181,182,183,185,186,189,193,194,197,198,199,201,202,204,209,211,212,213,214,216,218,219,225,228,230,231,233,235,237,239,240,241,242,245,246,249,250,253,256,258,260,261,263,265,266,267,269,270,271,272,273,274,276,277,280,281,282,284,285,286,289,290,291,292,296,298,300,301,302,303,305,307,312,313,320,321,322,323
OX25,126,141,151,159,166,190,195,197,200,204,206,208,210,212,213,225,228,235,236,240,255,260,262,269,290,291,294,303,304,306,319,322
OX26,115,124,149,161,167,170,173,185,195,200,211,220,252,258,279,300,316
OX27,118,136,137,139,141,143,151,152,153,159,161,163,164,165,167,168,169,178,179,184,189,194,195,198,199,200,202,204,206,207,210,212,213,214,219,225,226,227,228,229,232,233,234,235,237,238,241,242,245,247,253,256,258,261,262,265,267,270,272,275,280,283,287,288,290,291,292,293,295,298,300,302,303,304,306,307,308,312,313,314,317,319,320,321,323
OX28,136,139,144,162,163,166,168,192,194,196,198,208,215,221,225,227,228,234,236,246,248,249,260,267,273,274,275,277,281,283,290,291,292,301,308,313
OX29,124,134,141,142,144,145,149,150,152,160,162,164,165,170,171,173,178,179,182,184,185,188,190,192,194,197,199,204,205,206,208,209,211,212,214,215,217,220,222,223,228,232,238,239,240,252,254,255,259,260,262,264,270,271,272,275,276,278,279,280,284,285,286,288,289,291,295,296,297,301,302,307,309,312,313,314,315,316,317,318,319,320,322
OX30,129,134,135,140,142,145,146,150,153,156,157,161,163,164,165,166,168,170,171,173,175,176,178,179,180,184,186,187,190,193,194,195,196,197,199,200,201,203,204,206,207,210,213,215,219,223,224,229,231,232,234,235,236,237,238,239,242,245,246,252,259,260,261,263,264,265,268,270,272,274,276,280,282,283,284,287,290,291,294,297,300,303,304,305,307,308,309,312,313,318
OX31,137,139,141,144,145,148,151,152,157,158,159,161,162,163,164,167,168,170,173,176,177,178,180,182,183,184,186,187,188,194,195,197,199,200,204,205,206,207,210,213,214,216,217,218,224,226,229,231,232,233,234,235,237,244,246,252,253,258,259,261,262,263,266,272,273,275,278,280,282,283,285,287,290,291,293,297,298,300,302,303,304,308,309,311,312,313,314,319,320,323
OX32,134,135,140,142,146,150,151,156,159,160,161,162,164,166,169,170,171,173,174,176,177,181,182,184,187,188,189,190,195,197,200,201,202,205,207,209,210,211,212,214,215,217,218,219,220,221,223,224,225,226,232,234,235,236,239,240,242,243,246,248,250,251,252,253,255,256,257,258,259,260,261,264,265,269,270,272,274,275,276,278,279,281,283,285,289,290,291,294,297,298,300,303,304,305,307,308,316,318,320,321,322
OX33,139,141,142,144,145,150,151,153,158,161,162,163,164,165,167,168,169,170,171,173,174,184,189,194,195,196,200,201,202,203,206,207,212,213,214,215,220,221,224,225,227,228,229,232,233,234,235,236,237,248,250,252,254,255,256,258,261,263,264,272,273,274,276,278,279,280,283,284,288,290,291,293,294,295,300,301,302,303,308,310,311,313,314,315,316,317,319,321
OX34,135,140,142,145,150,151,153,158,159,161,162,163,165,167,169,170,171,173,174,184,189,190,192,194,196,201,202,204,207,212,214,215,216,219,220,221,224,227,228,230,231,232,233,234,236,237,242,248,250,252,254,255,256,258,259,261,263,264,266,272,273,275,277,278,279,280,283,287,288,289,291,293,295,297,298,300,301,302,306,309,310,311,313,314,315,316,317,321
OX35,145,148,151,153,158,159,160,161,165,167,168,169,170,171,173,174,176,179,180,183,184,187,189,190,192,193,194,202,204,206,207,209,211,212,213,214,216,219,220,221,226,228,230,232,233,237,238,241,242,243,246,248,249,250,251,252,256,257,258,259,265,266,272,273,274,277,279,280,281,283,287,289,291,293,297,300,302,306,309,310,311,313,314,316,321,323
OX36,141,142,144,148,150,152,156,161,162,163,165,168,169,171,176,177,178,179,181,183,187,189,190,192,193,196,199,202,203,206,207,211,212,221,225,226,227,230,231,232,233,234,236,241,242,243,244,246,248,249,251,253,255,256,257,258,259,260,261,262,263,264,265,266,269,271,273,274,278,281,284,286,288,289,290,293,295,296,297,300,301,302,304,305,306,308,309,310,312,317,319,323
OX37,140,148,162,163,168,176,177,179,180,183,187,196,201,206,211,215,224,226,227,231,234,236,238,241,243,246,249,251,255,257,261,263,265,270,271,274,275,277,278,281,286,288,295,296,298,301,305,317,323
OX38,146,148,153,158,160,164,165,166,167,168,169,170,171,173,174,175,178,180,183,184,189,192,193,195,197,199,200,202,204,207,208,209,210,215,216,218,219,220,221,225,228,229,230,232,233,235,236,237,240,241,242,244,246,248,249,250,251,252,253,256,257,258,260,263,272,273,274,276,277,278,279,280,281,287,288,290,293,294,295,301,302,303,309,311,314,316,317,319,321,322,323
OX39,151,153,158,159,160,161,163,164,165,167,169,170,171,173,174,177,184,189,190,192,193,196,201,202,204,207,209,213,214,216,219,220,221,224,227,228,229,230,231,232,233,234,236,237,242,248,249,250,252,255,256,258,259,260,261,263,266,270,271,272,273,275,278,279,280,283,284,286,287,288,289,293,295,296,297,298,300,301,302,305,306,310,311,314,316,317,321
OX40,142,144,150,153,156,159,160,162,163,165,166,167,170,173,174,175,176,178,179,180,181,184,187,189,192,194,195,199,200,201,205,207,209,211,215,217,219,220,223,225,227,229,230,235,236,238,242,243,244,247,250,251,252,253,256,257,258,259,261,264,266,267,268,269,270,277,279,284,289,290,292,297,298,301,302,303,304,305,306,308,309,310,312,313,314,316,318,321,323
OX41,148,153,156,161,163,164,165,166,171,175,176,178,183,184,187,189,190,194,195,196,199,200,201,203,204,205,207,210,211,212,215,217,219,223,224,226,227,232,234,235,237,241,243,245,249,251,253,255,256,257,263,265,267,268,271,275,276,278,280,287,292,294,298,300,301,302,303,304,305,306,308,312,313,315,318,321,323
OX42,144,150,157,160,162,163,165,167,168,170,173,176,177,179,182,183,184,186,187,188,189,190,192,194,195,197,199,200,201,208,209,210,214,216,218,219,223,224,225,226,229,230,231,236,238,244,246,251,252,254,256,257,261,262,263,264,267,268,273,274,275,277,278,282,283,285,287,289,291,292,293,294,298,301,305,312,313,314,315,318,319,320
OX43,150,152,153,158,159,160,161,165,166,167,169,175,177,179,181,184,188,189,190,193,202,203,205,206,207,208,209,210,212,214,215,217,221,225,229,230,231,235,236,239,242,244,245,247,248,254,256,258,259,260,264,268,269,270,271,277,278,286,287,288,289,290,291,294,295,296,297,298,301,303,304,305,306,307,311,314,315,317,323
OX44,156,158,160,163,164,165,166,167,168,169,171,175,176,178,180,183,187,188,189,192,193,195,200,202,203,204,205,207,208,209,211,214,215,217,219,221,224,225,227,229,230,232,235,236,237,239,242,243,246,247,248,249,253,254,255,256,259,260,261,262,263,270,271,272,273,276,277,278,280,281,288,289,290,293,295,297,300,301,303,307,309,311,314,315,317,319,323
OX45,152,153,157,159,160,163,164,165,168,169,170,173,174,175,176,177,180,181,182,183,186,187,189,192,193,196,197,199,202,204,208,209,211,212,213,218,220,221,223,226,227,228,229,231,234,237,238,239,240,242,243,245,248,249,250,251,252,253,255,256,257,259,268,269,272,273,274,275,276,277,278,279,280,282,285,287,288,291,293,294,295,296,297,300,301,302,307,308,309,310,316,317,318,320,321,322
OX46,153,157,158,161,164,165,166,168,169,171,174,175,178,179,181,182,186,188,189,193,195,197,200,202,205,206,210,211,212,213,217,218,220,221,223,226,227,232,233,235,236,237,238,243,248,250,251,254,256,257,258,259,263,266,268,269,271,274,277,278,279,280,281,282,283,284,285,286,290,297,303,305,306,311,312,316,318,320
OX47,143,161,164,165,166,167,168,169,170,171,175,178,180,181,188,189,192,193,196,197,199,201,202,207,208,211,212,214,216,219,221,224,225,227,229,230,232,233,235,236,238,239,242,243,244,246,248,249,251,253,255,256,257,260,261,262,268,269,271,272,273,277,283,287,289,293,294,297,298,300,302,303,304,306,309,310,312,314,321
OX48,157,158,159,166,167,170,173,174,175,177,178,179,181,182,184,186,188,195,197,200,205,207,210,211,212,213,214,216,217,218,219,223,225,226,229,230,231,233,235,236,237,238,243,250,252,255,260,261,269,272,274,280,282,283,285,287,288,289,293,294,295,296,300,301,302,303,308,311,314,317,318,319,320
OX49,149,158,160,161,164,168,170,172,173,174,176,179,181,182,185,186,187,190,193,195,196,198,200,203,205,206,209,211,212,213,216,222,224,225,227,228,234,236,239,243,245,246,247,249,250,252,253,254,255,256,260,262,263,269,271,274,275,277,278,280,283,285,286,288,290,293,295,297,301,304,306,307,311,314,317,318,320,321,323
OX50,158,160,161,163,176,181,183,187,195,196,197,199,200,201,203,204,205,209,212,215,216,217,233,237,238,244,247,251,254,257,259,263,268,269,270,272,276,278,280,281,283,287,288,290,294,295,298,301,302,304,306,310,311,312,317,319,321,323
OX51,159,160,163,164,165,167,171,176,177,179,182,184,186,187,189,190,194,195,197,199,200,203,209,210,211,212,213,216,220,225,228,229,230,231,232,233,234,236,237,239,240,243,245,249,251,253,255,257,258,260,262,265,267,275,279,280,281,285,290,292,293,296,297,300,301,305,307,310,313,314,316,320,321,322
OX52,165,168,171,174,175,176,178,180,182,184,186,187,188,189,190,193,194,195,200,201,205,206,212,213,214,215,216,217,219,224,229,230,232,236,237,238,240,247,249,250,255,259,261,263,265,267,270,272,274,277,278,285,286,287,289,290,291,292,293,294,300,301,302,304,308,311,313,319,320,322,323
OX53,160,161,163,166,167,168,174,176,187,188,192,193,195,197,199,200,201,203,205,208,210,211,215,216,217,219,224,228,233,235,236,237,239,240,242,243,245,246,247,249,255,259,260,262,270,272,274,275,277,280,288,289,293,295,297,298,301,302,303,306,307,308,309,311,314,317,322,323
OX54,161,164,171,174,175,177,178,180,181,183,184,190,195,196,197,200,203,205,206,208,210,212,213,214,217,220,223,228,229,231,232,233,234,237,240,242,244,245,247,250,253,254,258,259,261,262,263,268,269,272,275,277,279,280,286,287,288,294,295,301,302,304,305,312,316,317,318,322,323
OX55,163,164,168,170,171,173,174,175,178,183,188,190,196,199,201,203,204,205,208,209,210,213,214,215,216,217,220,223,225,227,228,229,232,236,239,245,252,258,261,266,268,270,271,272,273,274,276,279,280,283,284,290,291,293,296,298,302,304,307,308,312,316,318,321
OX56,164,166,167,168,171,174,175,178,179,180,181,188,192,193,195,196,200,201,203,204,205,208,209,210,211,212,214,215,216,217,227,228,230,232,234,235,236,238,239,243,244,245,246,247,249,250,253,254,255,259,261,262,263,269,270,271,272,274,276,277,278,280,283,289,291,293,297,300,302,303,306,307,314,319,321,323
OX57,166,168,170,171,173,174,175,176,177,178,179,180,181,183,184,187,188,189,190,194,197,199,204,205,206,207,209,215,217,219,220,223,224,225,227,228,231,232,235,236,239,242,245,246,249,252,253,258,259,261,263,265,266,267,268,269,271,272,273,276,277,279,280,284,286,287,291,292,293,294,296,301,302,303,304,306,307,312,313,316,318,321
OX58,167,176,177,180,187,188,189,193,194,196,201,203,206,207,209,211,212,213,215,216,224,225,228,229,231,237,239,243,244,245,246,250,253,254,260,265,266,267,270,271,273,277,280,281,283,284,286,288,290,292,293,295,306,307,308,309,311,313,314,317,321
OX59,170,173,177,181,183,184,188,190,195,197,199,200,203,204,206,208,211,212,213,216,219,220,223,225,230,231,234,238,239,242,243,244,247,252,254,258,262,263,268,269,273,274,276,277,278,279,283,286,287,288,289,294,295,297,300,301,304,305,307,312,314,316,317,318,319,323
OX60,168,171,174,175,178,181,183,190,196,199,201,208,211,212,220,223,227,228,232,236,237,240,243,244,250,254,255,258,260,261,262,263,268,269,270,274,279,281,283,290,291,298,305,306,309,311,312,314,316,318,322
OX61,169,189,221,248
OX62,171,173,174,175,176,178,181,182,183,186,187,188,189,193,194,199,202,204,205,206,207,208,215,216,217,220,223,225,227,229,232,233,234,240,244,249,250,251,252,253,254,256,257,258,261,262,265,266,267,269,271,273,274,275,276,277,278,279,281,284,285,286,287,288,291,292,293,294,295,296,297,298,308,310,313,316,317,318,319,320,322
OX63,173,175,176,177,178,180,182,183,186,187,188,189,190,192,193,194,196,197,201,202,203,204,205,207,209,212,213,215,216,217,228,229,231,233,236,237,240,246,249,251,252,254,255,256,257,259,260,261,262,265,267,270,276,277,278,281,285,287,288,289,291,292,294,295,296,298,300,304,305,306,309,310,313,317,318,319,320,321,322
OX64,174,176,179,181,182,183,186,187,188,189,190,192,193,194,195,196,199,200,201,202,203,206,207,211,212,214,216,219,225,227,228,233,234,237,238,242,243,244,247,249,250,251,253,255,256,257,263,265,266,267,268,269,270,271,272,273,281,283,284,285,286,287,288,290,292,294,295,296,297,302,305,306,310,311,312,313,314,317,319,320,323
OX65,182,183,186,188,189,190,192,193,194,195,196,199,200,201,202,206,207,210,211,214,219,224,225,228,229,233,234,237,238,243,245,247,249,253,254,255,256,260,261,263,265,266,267,268,270,272,273,274,280,283,284,285,286,287,290,292,293,294,296,297,298,301,302,305,306,309,310,312,313,319,320,323
OX66,175,176,177,180,183,184,187,190,192,197,203,206,208,209,211,212,213,223,225,231,234,236,240,243,246,253,259,260,261,262,263,266,271,273,281,283,284,286,289,290,293,297,298,300,304,305,308,309,310,311,319,321,322
OX67,179,180,181,184,186,188,189,190,194,195,196,197,199,200,202,212,216,224,228,234,237,240,245,247,249,251,255,256,257,259,262,265,267,268,269,271,272,280,285,288,289,292,295,302,304,306,310,312,313,317,319,322,323
OX68,177,181,184,186,188,189,190,192,194,196,197,201,202,204,205,206,210,211,212,215,216,217,225,229,231,233,234,237,240,243,249,251,253,254,256,257,259,260,262,263,265,266,267,269,270,271,273,276,283,284,285,286,287,288,290,292,293,294,295,296,297,304,305,306,308,309,311,313,317,318,322
OX69,176,180,183,184,187,190,192,201,208,213,215,223,227,230,233,234,238,240,250,251,253,254,257,259,261,266,270,271,274,277,278,281,284,289,290,296,297,298,304,310,322
OX70,183,184,189,190,194,197,201,204,207,209,211,212,215,219,220,225,227,229,233,234,237,238,240,242,243,244,245,249,251,255,257,258,259,260,261,262,265,267,270,273,276,278,279,280,283,287,288,290,292,293,294,295,300,309,311,313,314,316,317,321,322
OX71,186,189,192,194,195,200,201,203,205,207,208,209,211,215,216,217,220,223,227,228,229,230,233,237,243,244,245,246,247,249,250,251,254,255,257,258,259,260,261,262,263,265,267,268,270,272,274,277,279,280,282,283,285,289,292,293,300,301,302,304,305,309,311,312,313,316,318,319,321,323
OX72,180,184,188,190,192,193,195,197,200,202,203,209,211,212,215,216,219,220,224,243,244,245,246,247,249,250,255,256,258,259,261,268,271,272,274,279,280,281,282,283,286,288,290,291,293,295,300,301,302,304,306,308,310,312,316,317,319,320,321,323
OX73,178,189,190,194,195,196,200,201,203,204,205,207,208,213,214,215,216,217,219,220,223,227,229,242,244,245,251,254,255,257,258,261,263,265,267,270,271,272,276,279,280,281,288,291,292,293,295,296,298,300,302,304,308,311,313,314,316,317
OX74,188,190,197,203,204,207,211,213,214,216,219,227,242,243,244,245,246,249,250,251,253,254,257,259,261,263,266,271,276,280,281,283,284,290,291,293,296,298,305,308,311,314
OX75,181,184,189,192,193,194,197,199,201,202,205,207,209,212,214,215,217,225,227,228,229,233,242,245,246,250,251,255,257,259,260,265,267,269,270,273,274,280,286,287,288,292,293,294,295,298,306,308,309,313,314,317,318,320,321
OX76,184,192,193,195,197,198,199,200,202,205,207,208,210,215,219,221,223,224,225,228,230,233,234,237,240,244,248,249,250,251,254,257,260,262,263,271,272,274,286,290,291,301,302,304,305,306,308,310,311,318,320,322
OX77,189,190,194,195,198,200,203,204,208,212,213,216,217,219,220,221,223,224,225,227,229,230,234,242,246,248,250,258,259,265,267,272,276,279,281,287,288,290,292,294,295,296,298,300,301,302,304,306,308,309,310,313,316,317
OX78,190,208,212,223,260,291,305,309
OX79,192,196,203,209,211,219,220,228,234,237,240,243,246,250,251,257,258,261,262,274,277,279,281,283,290,291,293,300,308,316,321,322
OX80,195,197,199,200,204,205,208,210,213,215,217,220,223,224,225,228,233,245,246,247,249,250,254,258,259,260,263,268,272,273,276,279,280,287,288,293,294,295,296,300,301,302,304,308,309,310,311,312,316,317,318,319,323
OX81,193,196,201,213,270,277,286,296,305,320
OX82,197,198,199,203,205,210,213,216,219,220,221,227,233,234,240,242,245,247,248,254,255,258,259,262,263,268,273,279,280,281,288,290,291,293,295,296,298,300,305,306,309,311,312,316,317,318,319,322,323
OX83,203,205,207,211,213,214,216,219,224,225,227,230,233,234,240,242,243,246,247,255,256,259,260,268,281,282,283,287,288,289,290,291,294,295,296,297,298,301,304,305,306,308,310,312,314,317,318,319,322,323
OX84,198,199,201,202,207,209,210,217,219,221,227,230,233,237,240,242,247,248,251,254,255,256,257,259,261,262,263,268,270,273,280,282,288,289,290,295,297,298,304,306,309,312,317,319,321,322,323
OX85,196,202,205,207,209,211,212,214,215,216,217,220,224,225,228,230,237,240,242,243,244,254,255,258,259,260,263,271,273,279,280,281,283,287,293,294,298,300,308,309,310,314,316,318,321,322
OX86,199,202,204,205,208,210,212,214,216,217,220,223,225,234,237,240,242,245,246,249,250,251,254,255,257,258,260,262,263,271,273,276,279,280,281,291,298,300,305,306,308,309,314,316,318,321,322
OX87,202,204,207,208,213,214,215,216,217,219,220,223,225,227,230,233,234,242,245,247,249,250,256,258,259,260,268,276,279,282,288,289,290,291,295,296,297,298,300,301,304,308,311,312,314,316,317,319,321,323
OX88,204,208,211,215,220,223,224,240,242,243,246,249,250,255,258,276,279,281,283,294,298,300,305,306,310,316,321,322
OX89,205,207,211,213,214,216,219,224,225,227,230,233,234,240,243,245,246,247,255,256,259,260,268,281,282,283,288,289,290,291,294,295,296,297,301,304,305,306,308,310,311,312,314,317,318,319,322,323
OX90,213,296,305,306
OX91,201,207,209,211,216,219,220,225,227,228,242,243,245,246,251,256,257,258,270,273,279,282,283,289,290,297,298,300,304,306,316,321
OX92,208,212,214,216,219,220,223,224,227,228,244,246,251,254,256,257,258,260,261,262,263,271,279,280,281,282,287,288,289,290,293,294,295,297,300,301,304,305,306,308,309,310,314,316,317
OX93,211,219,220,225,227,230,234,237,240,243,245,246,255,258,259,261,262,273,279,281,283,287,290,291,293,300,316,322
OX94,207,216,228,230,234,237,240,246,251,255,256,257,259,262,271,282,287,289,291,293,297,304,311,322
OX95,212,214,215,219,224,227,230,237,240,244,245,246,251,254,255,256,257,259,260,263,271,280,281,282,287,289,290,293,294,297,304,308,309,310,314,322
OX96,214,219,224,225,227,230,234,237,245,246,250,259,261,262,273,281,287,290,291,293,294,310
OX97,220,228,230,234,240,246,251,255,257,258,259,261,262,271,279,288,291,295,300,301,316,317,322
OX98,216,234,237,242,251,257,271,281,287,291,293,298,311,321
OX99,219,225,227,230,234,237,245,246,250,259,261,262,273,281,287,290,291,293
OX100,225,230,246,259,262,273,290,308
OX101,230,246,259,290
OX102,234,242,245,251,257,261,271,281,287,291,293,298,311,321
OX103,227,228,250,251,257,261,262,271,281,290
OX104,228,240,244,250,254,255,256,262,263,273,280,282,289,290,297,304,308,309,314,322
OX105,240,244,250,251,254,255,256,257,261,263,271,280,282,289,297,304,314,322
OX106,200,233,235,244,251,256,257,261,271,280,282,289,297,314
OX107,233,247,250,251,254,257,260,261,263,271,273,308,319,323
OX108,242,244,245,250,254,256,263,273,279,280,281,282,287,288,289,293,295,297,298,301,304,308,309,311,314,317,321
OX109,251,257,261,271
Z0,0,15,165,256,282,285
Z1,1,53,134,147,186,285
Z2,2,5,161,240,279,304
Z3,3,77,104,115,185,222
Z4,4,63,141,175,236,275
Z5,2,30,71,96,220,316
Z6,6,20,43,119,173,252
Z7,7,66,83,117,267,292
Z8,8,93,200,252,297,304
Z9,9,10,104,268,280,314
Z10,10,139,232,236,319,323
Z11,11,69,227,250,263,283
Z12,12,29,143,201,270,315
Z13,13,47,99,202,217,302
Z14,14,31,245,257,261,311
Z15,0,101,135,155,177,231
Z16,16,32,38,137,171,232
Z17,17,19,60,137,148,241
Z18,18,49,138,163,243,283
Z19,19,46,199,210,222,269
Z20,20,44,70,164,253,284
Z21,21,42,58,150,156,315
Z22,22,134,142,233,254,314
Z23,23,46,112,216,245,287
Z24,24,77,88,148,247,323
Z25,12,25,43,108,251,257
Z26,26,35,97,175,258,300
Z27,27,36,89,145,194,292
Z28,28,136,225,260,273,309
Z29,29,31,107,203,242,321
Z30,5,62,69,228,259,290
Z31,25,48,158,202,312,318
Z32,14,16,158,199,244,280
Z33,17,33,114,124,211,243
Z34,34,102,110,111,120,299
Z35,35,91,151,182,206,231
Z36,27,93,102,112,288,317
Z37,37,116,160,187,254,263
Z38,38,86,98,146,157,218
Z39,7,39,80,98,99,191
Z40,40,41,100,138,176,187
Z41,41,81,103,114,221,248
Z42,42,88,95,167,170,307
Z43,6,79,82,143,239,307
Z44,44,51,55,152,220,258
Z45,45,61,183,238,300,316
Z46,23,120,122,151,204,276
Z47,13,15,136,169,189,267
Z48,48,72,80,168,171,275
Z49,49,50,113,218,226,241
Z50,50,122,126,155,181,269
Z51,51,161,173,178,205,318
Z52,52,76,84,90,150,264
Z53,1,79,118,177,286,320
Z54,54,57,121,203,287,293
Z55,55,144,214,224,229,249
Z56,56,197,210,211,279,317
Z57,57,66,154,219,273,308
Z58,58,109,129,183,242,298
Z59,59,65,86,162,265,313
Z60,11,33,45,87,240,322
Z61,60,103,179,208,212,215
Z62,62,111,195,200,235,303
Z63,63,131,206,213,296,299
Z64,64,116,174,193,274,277
Z65,8,59,71,145,266,284
Z66,26,54,109,204,214,294
Z67,22,67,68,176,224,310
Z68,53,68,189,221,295,301
Z69,30,84,129,140,144,162
Z70,40,70,78,209,251,271
Z71,21,24,61,124,149,172
Z72,72,130,132,223,296,305
Z73,73,91,130,192,277,286
Z74,74,82,105,186,289,297
Z75,75,110,141,184,294,310
Z76,76,115,142,167,193,320
Z77,3,36,174,216,219,237
Z78,32,65,133,166,208,223
Z79,39,250,255,262,274,308
Z80,37,73,81,87,106,147
Z81,74,75,83,121,288,295
Z82,52,56,89,96,149,185
Z83,85,108,125,156,272,302
Z84,64,90,132,191,194,313
Z85,92,127,131,139,166,303
Z86,94,106,165,182,238,278
Z87,95,105,184,233,235,319
Z88,97,168,178,192,255,322
Z89,47,146,181,207,244,256
Z90,100,113,164,179,229,265
Z91,101,180,188,226,239,253
Z92,18,34,126,197,230,259
Z93,9,123,160,237,261,271
Z94,85,94,169,172,198,248
Z95,107,133,140,190,234,291
Z96,117,157,188,266,282,289
Z97,118,190,201,264,305,306
Z98,119,153,159,170,195,272
Z99,123,128,154,227,281,321
Z100,125,207,276,278,298,311
Z101,92,153,198,212,247,260
Z102,128,163,180,196,209,270
Z103,4,67,78,152,268,312
Z104,135,196,213,230,246,306
Z105,28,215,234,249,293,301
Z106,159,205,217,225,228,262
OZ0,83,87,91,93,103,105,108,110,113,114,116,121,130,138,139,142,143,152,153,156,160,165,166,169,172,175,177,179,182,184,189,190,192,200,201,206,207,209,212,213,224,229,233,236,238,239,246,247,251,252,253,260,263,264,265,268,271,272,275,276,277,281,284,285,288,289,290,291,294,296,298,299,301,302,303,304,305,306,307,309,311,312,314,320
OZ1,79,89,98,103,108,111,115,116,122,126,129,132,134,139,141,142,143,144,145,146,147,148,149,150,152,154,155,157,158,160,161,167,170,171,173,174,175,177,180,181,185,186,187,189,191,194,196,198,200,203,205,206,209,210,213,215,217,220,221,222,223,224,225,226,229,232,234,235,236,237,240,242,243,244,245,246,247,250,251,252,253,259,260,262,263,266,268,271,272,274,275,277,279,280,285,286,295,296,299,301,304,305,306,309,310,311,312,315,316
OZ2,87,93,98,105,108,109,110,114,116,122,126,132,137,139,142,143,144,146,148,151,153,156,157,158,166,171,172,178,184,190,191,197,199,200,201,203,204,208,211,217,218,219,220,222,223,225,227,230,233,234,236,237,238,240,243,244,247,250,251,252,261,262,263,264,265,266,268,270,272,274,276,277,279,283,284,287,288,290,291,292,298,299,300,303,304,307,311,314,317,318,320,321
OZ3,89,96,98,103,105,108,109,113,122,124,126,138,139,142,143,144,145,146,149,153,155,156,157,158,161,163,166,171,172,174,178,179,181,183,184,185,190,193,195,197,201,203,211,212,215,216,217,219,220,223,225,226,228,233,234,235,236,237,240,243,244,245,247,251,252,261,262,264,265,266,268,270,272,279,283,284,291,298,307,311,313,314,316,317,318,320,321,322
OZ4,96,105,109,111,113,115,124,129,130,132,134,138,141,147,148,150,152,153,154,156,163,166,167,170,172,173,175,178,179,180,183,184,186,189,191,192,193,194,195,196,197,198,200,205,206,209,210,211,212,213,216,219,221,222,224,228,229,232,233,242,246,250,253,254,259,260,261,265,270,271,274,275,280,283,284,285,286,291,295,296,298,299,301,304,307,309,310,312,313,314,315,317,318,321,322
OZ5,112,120,122,124,137,148,151,155,165,169,172,177,179,180,188,196,198,199,204,208,210,211,212,213,215,216,221,222,226,230,231,239,241,243,245,246,253,256,269,276,282,285,287,306
OZ6,93,105,109,110,115,116,129,130,134,137,141,145,147,150,151,152,153,154,156,165,166,167,169,170,173,174,175,177,178,181,183,184,186,188,189,192,194,195,199,200,204,205,206,208,209,215,218,219,224,228,229,231,232,233,239,242,245,250,254,256,260,261,265,270,271,275,276,277,280,282,284,286,287,288,291,292,295,296,298,301,304,306,307,309,310,312,314,315,318,321,322
OZ7,91,108,110,115,116,130,133,134,139,140,143,145,147,149,152,153,155,158,160,161,163,168,170,173,174,178,179,181,182,183,186,189,190,194,197,199,201,203,204,205,206,217,218,219,221,222,224,225,226,227,229,230,231,232,234,235,236,237,238,241,242,243,244,250,251,253,254,255,261,262,265,269,270,272,276,277,279,284,285,286,287,288,290,291,292,295,297,299,300,301,303,310,311,312,314,315,316,317,319,321,323
OZ8,86,98,103,113,122,126,130,132,137,138,144,146,148,152,154,157,158,160,165,168,169,171,177,179,181,188,189,191,197,199,208,209,211,212,213,214,217,220,222,223,224,225,227,229,230,231,234,237,239,240,243,246,250,253,255,256,258,260,261,262,267,270,271,273,274,275,279,281,282,283,285,293,296,301,302,305,306,308,309,312,317,318,321,322
OZ9,103,113,122,126,137,138,144,148,152,154,158,160,165,169,177,179,181,188,189,197,199,208,209,211,212,213,214,217,218,220,222,224,225,227,229,230,231,234,237,239,240,243,246,250,253,255,256,258,260,261,262,267,270,271,273,274,279,281,282,283,285,293,301,302,306,308,309,312,317,318,321,322
OZ10,88,98,108,110,113,122,126,129,130,132,133,137,140,142,146,147,149,150,153,156,157,158,160,161,163,164,165,166,167,168,169,171,176,178,189,191,195,197,198,204,206,207,214,217,218,219,222,223,224,225,227,228,230,231,232,234,235,237,238,243,245,247,252,254,258,262,264,266,267,272,273,279,280,284,286,287,288,290,292,293,297,298,299,301,303,308,309,311,314,316,317,318,320
OZ11,124,137,139,148,154,155,160,163,165,169,172,174,177,179,188,198,199,208,209,210,211,212,213,215,216,219,221,222,226,227,230,231,232,236,239,241,243,246,253,256,261,268,269,270,271,280,281,282,285,306,314,319,321,323
OZ12,105,110,115,133,138,139,140,143,144,145,147,153,156,164,167,168,176,179,180,181,187,188,189,192,194,196,198,199,203,204,206,207,210,213,214,215,216,218,220,221,222,224,227,232,235,236,238,239,240,241,242,243,244,246,251,253,256,258,260,261,263,264,265,267,268,269,270,273,274,280,282,283,285,286,287,288,290,291,292,293,297,298,299,301,303,305,307,308,309,315,319,320,321,322,323
OZ13,108,155,156,177,180,182,188,196,207,213,226,230,231,238,239,246,253,256,272,276,282,285,298,302,306,311
OZ14,109,114,116,122,126,129,130,134,137,139,141,147,148,152,153,154,155,161,165,166,173,175,178,180,181,182,183,186,189,192,196,197,198,199,205,206,208,209,211,213,215,218,222,224,226,227,229,236,237,238,240,242,243,246,247,248,251,253,254,257,260,261,263,265,268,270,271,275,277,278,279,283,284,285,286,290,291,295,296,298,299,301,303,309,310,312,317,318,321,322
OZ15,110,115,129,137,138,139,142,143,144,145,147,153,155,164,165,167,168,169,170,176,177,181,183,184,187,189,190,192,193,194,197,203,204,206,207,208,210,212,214,216,218,222,224,226,227,230,231,232,233,234,236,238,240,244,247,251,258,260,261,263,265,267,268,270,273,274,279,280,283,286,287,288,290,292,293,297,299,301,303,305,306,308,309,316,317,321,322
OZ16,98,113,114,115,116,122,126,132,138,139,141,145,146,148,150,155,156,157,163,165,168,171,177,180,182,185,188,190,191,192,194,196,201,203,207,209,218,219,221,222,223,224,226,227,232,233,235,236,237,238,241,244,247,248,251,254,256,257,261,263,264,266,267,269,270,271,273,275,277,278,281,282,287,288,289,293,294,295,296,306,308,315,320,321
OZ17,113,115,116,120,121,122,130,132,133,137,146,147,152,154,157,160,162,164,166,168,171,176,178,179,182,185,187,194,197,203,204,206,208,210,211,216,218,219,222,223,224,229,231,232,245,254,255,263,268,273,276,277,279,286,293,308,310,312,317,322
OZ18,116,120,121,126,130,132,133,134,137,138,139,140,143,144,149,150,158,160,161,163,168,170,174,175,176,179,180,183,185,186,187,189,190,195,196,197,198,203,204,211,215,217,219,221,222,223,224,225,228,230,233,235,236,237,238,239,240,243,251,252,253,254,255,260,261,262,263,264,265,267,268,270,275,277,279,281,283,284,287,288,289,290,291,294,296,299,301,302,303,305,309,314,317,318,319,320,321,323
OZ19,114,120,121,122,132,133,137,140,141,143,144,147,149,150,152,153,155,158,161,163,164,166,168,170,174,176,180,181,183,185,187,190,192,195,196,197,203,204,206,211,212,213,215,217,218,219,222,223,225,226,228,229,230,233,235,237,238,239,240,241,243,246,247,251,252,253,255,261,262,264,267,269,270,279,283,284,285,286,287,288,289,294,295,302,305,310,312,314,317,318,319,320,321,323
OZ20,129,133,137,140,142,148,150,154,155,160,163,167,169,177,179,182,183,185,188,190,193,197,198,199,208,209,212,213,215,220,222,226,227,230,231,234,237,238,239,241,242,243,246,248,251,253,256,257,261,264,269,270,271,278,279,281,282,285,291,298,306,316,317,320,321
OZ21,115,122,126,130,133,134,144,146,148,150,152,154,156,157,158,160,161,162,163,164,166,168,169,171,173,174,176,178,181,182,184,185,186,188,190,193,194,201,205,208,209,213,214,215,217,220,222,225,227,229,230,231,233,234,235,237,238,239,241,246,247,248,250,251,255,256,257,258,260,261,262,264,265,267,268,269,270,271,273,275,277,278,280,281,282,284,286,293,295,296,302,308,309,310,312,314,315,319,320,321,323
OZ22,122,126,134,137,138,141,142,143,146,147,148,150,152,154,155,156,157,160,161,163,167,168,169,170,171,178,179,181,185,186,187,189,190,192,195,198,201,204,206,207,210,213,216,221,224,226,228,229,232,237,238,240,243,244,245,246,247,248,250,252,254,255,257,261,263,264,265,266,268,270,276,278,281,283,284,285,286,287,288,290,294,295,299,301,303,305,312,314,315,319,320,321,322,323
OZ23,130,133,140,141,142,147,148,150,151,155,158,160,165,166,168,170,173,174,175,176,178,182,184,186,187,189,190,195,196,197,198,199,201,203,205,207,209,210,211,212,216,217,219,224,225,228,230,232,234,235,237,239,242,244,245,248,251,252,255,256,257,260,261,262,263,270,271,275,276,277,278,279,280,281,282,290,295,296,298,299,301,302,303,306,307,309,310,314,317,320,321,322
OZ24,120,121,126,132,133,134,139,140,143,144,146,147,148,149,153,154,155,156,157,158,160,161,163,165,166,171,174,178,180,183,184,185,195,197,198,200,201,203,205,207,208,209,210,212,213,216,218,219,221,222,223,227,231,233,236,240,241,244,245,246,247,248,252,256,257,259,260,265,266,267,268,269,271,272,276,278,281,282,284,286,289,295,297,299,302,303,306,314,315,317,318,320,322,323
OZ25,121,132,133,134,138,139,145,147,151,155,160,162,166,170,174,177,179,184,196,197,198,200,203,204,205,207,209,215,217,223,225,227,228,230,232,233,236,239,241,243,244,245,247,253,256,259,260,261,262,265,266,268,269,270,271,272,273,276,280,281,282,283,285,286,292,293,295,297,299,303,308,314,317,320,321,323
OZ26,133,134,137,138,139,140,141,142,146,148,150,151,153,155,157,158,163,169,171,173,176,179,184,186,188,189,190,195,199,200,201,203,204,208,209,210,211,215,216,218,221,222,224,226,230,233,234,235,236,239,241,242,243,248,251,252,254,256,257,259,260,261,266,269,270,271,272,278,279,280,282,283,287,288,291,294,295,297,298,299,301,302,303,307,314,319,321
OZ27,111,126,134,138,139,142,143,146,148,154,157,158,160,163,165,171,173,174,176,177,178,179,180,187,188,189,190,195,201,205,208,210,211,212,213,215,216,218,219,222,226,228,230,231,233,235,236,239,243,246,248,250,251,252,254,259,261,263,264,266,268,270,276,278,279,281,283,285,289,290,297,298,301,303,305,307,311,317,318,319,321,322,323
OZ28,126,134,138,141,142,143,152,164,165,166,167,169,173,175,176,178,179,185,187,195,200,206,209,211,212,213,217,218,221,225,226,227,229,232,233,239,241,243,246,247,250,251,252,254,256,259,260,262,263,265,268,271,272,275,279,281,282,283,285,291,296,297,299,303,309,312,314,318,319,322,323
OZ29,134,139,141,146,149,151,153,154,157,158,160,161,163,164,167,171,176,177,178,182,183,184,186,189,193,195,197,198,200,201,203,204,205,210,212,213,216,218,221,224,227,231,233,235,236,237,238,240,246,252,254,259,260,264,266,272,280,281,284,285,287,288,294,295,297,299,301,302,303,306,307,314,317,318,319,320,322
OZ30,138,141,142,143,144,146,147,148,149,150,154,156,157,160,161,163,166,169,170,171,173,175,176,177,179,180,181,183,184,185,186,187,188,189,190,193,196,197,200,203,206,209,213,214,215,217,220,221,222,224,225,228,233,234,235,237,241,243,245,246,248,253,255,256,257,258,259,260,262,263,265,266,267,268,269,271,272,273,274,275,276,278,280,282,283,284,285,286,289,291,293,296,297,299,301,303,305,306,307,308,315,317,318,322,323
OZ31,140,142,143,145,149,151,152,153,156,158,161,162,163,167,170,174,178,180,183,186,187,189,192,193,195,198,201,204,209,213,214,215,220,221,224,227,228,229,230,234,246,250,252,254,255,257,258,260,263,266,271,274,276,277,281,284,285,286,292,298,301,306,309,311,312,315,320
OZ32,132,141,142,146,147,150,154,155,156,157,158,161,164,165,167,168,169,170,173,174,176,178,180,182,184,185,186,190,196,198,200,201,202,203,211,212,213,218,219,221,223,224,225,228,232,235,238,239,240,246,251,256,257,259,260,262,264,266,267,268,272,273,274,275,276,277,279,282,284,287,288,293,294,295,296,297,298,299,301,302,303,308,311,314,315,318,320,322,323
OZ33,137,139,144,146,147,148,151,154,155,157,158,160,161,163,165,170,171,173,174,175,176,177,178,182,184,189,196,199,200,207,208,209,211,218,219,227,228,230,233,234,236,239,240,242,244,245,247,248,250,251,255,256,257,259,261,265,266,267,270,271,272,273,274,276,278,279,280,281,282,284,285,286,287,288,293,294,297,298,299,301,302,303,308,309,310,314,320,321,322,323
OZ34,139,142,147,150,153,156,158,161,163,164,166,167,170,171,173,174,175,176,177,180,181,182,184,185,187,190,196,198,200,201,202,203,206,207,209,211,213,218,219,222,224,225,226,227,228,230,231,232,235,237,238,240,244,246,247,251,253,254,255,256,257,259,261,262,263,264,267,270,271,272,273,274,276,279,280,282,284,286,287,288,289,290,291,293,294,295,296,297,298,301,302,305,306,308,309,311,315,318,319,320,321
OZ35,143,145,146,149,150,151,152,153,155,156,157,158,160,161,162,163,165,168,169,170,171,177,178,181,183,185,189,191,195,196,197,201,204,207,209,210,211,214,215,216,219,220,223,224,226,227,228,229,231,234,237,239,244,250,252,253,255,257,258,260,264,271,274,275,276,279,281,284,285,289,292,296,298,301,305,309,311,312,315,317
OZ36,142,145,147,149,153,154,158,160,161,162,164,165,166,167,169,171,173,176,177,180,181,183,184,187,189,190,191,193,196,197,202,203,204,205,207,208,212,213,214,215,219,223,224,225,232,233,235,238,239,240,241,244,246,247,249,250,254,259,262,263,265,266,274,277,280,284,285,287,288,289,291,292,294,299,306,309,310,314,323
OZ37,146,147,149,150,151,152,155,156,157,160,161,165,166,168,169,170,171,174,175,176,180,181,183,184,185,186,187,189,190,195,198,199,203,204,208,209,210,211,213,214,216,218,219,224,228,229,230,233,234,236,237,240,241,242,245,246,247,249,250,252,256,259,261,263,265,266,267,270,271,273,274,276,277,279,280,281,282,284,285,289,290,291,293,296,298,301,303,305,306,307,308,312,314,315,317,319,320,321,323
OZ38,153,155,156,170,173,177,182,190,195,196,201,205,207,213,217,225,228,230,231,238,239,246,252,256,262,264,276,282,285,298,302,305,307,311
OZ39,148,149,150,151,154,155,158,160,162,166,167,169,170,171,173,174,182,183,187,189,190,191,192,195,197,198,199,202,203,204,205,208,210,211,212,216,219,221,222,223,225,228,231,232,234,238,239,242,244,245,248,252,254,256,260,262,263,267,273,274,276,278,279,280,282,285,291,293,298,307,308,315,317,323
OZ40,141,144,147,149,150,152,154,155,156,162,163,165,166,167,168,169,170,171,175,176,177,180,182,183,184,187,188,191,192,193,198,199,200,201,202,204,205,206,207,208,209,210,212,213,214,216,218,221,223,225,227,228,229,230,231,232,234,235,237,241,242,244,245,246,249,254,260,261,262,263,264,265,266,270,271,272,276,277,280,281,287,288,291,294,295,297,298,301,302,303,305,312,314,315,317,319,321
OZ41,144,150,154,156,157,158,160,161,162,165,166,169,171,175,178,180,186,187,189,191,192,193,195,197,198,199,200,202,204,205,207,209,210,212,216,218,223,224,225,230,231,232,233,235,237,238,240,241,244,245,250,251,252,255,257,259,260,261,262,263,265,266,270,271,272,280,284,285,287,288,291,294,295,297,298,299,302,303,305,306,307,309,311,315,317,320,321,322
OZ42,147,149,150,151,152,156,157,160,161,166,168,170,171,174,175,176,177,183,184,185,186,187,190,195,196,198,199,202,203,204,207,208,209,210,211,214,216,217,219,224,226,228,229,231,233,234,236,237,239,240,242,244,245,247,249,250,252,253,256,259,261,263,267,270,271,273,274,276,277,279,280,281,282,284,290,291,293,296,298,301,302,303,305,307,308,312,314,315,317,319,320,321,323
OZ43,155,165,169,177,180,188,196,198,213,221,226,230,231,239,246,253,256,282,285,306
OZ44,149,151,156,158,162,163,166,170,171,173,174,177,183,184,185,187,188,189,190,191,192,193,195,197,199,202,203,204,205,208,209,210,211,212,213,216,219,221,223,225,226,227,228,230,232,233,234,235,237,242,244,245,246,247,251,252,253,254,257,260,261,262,263,264,267,270,271,273,274,276,279,280,281,291,293,298,306,307,308,317,319,320,321
OZ45,145,150,151,154,156,157,158,160,162,163,168,170,173,177,178,182,188,189,190,191,192,193,195,196,201,203,205,208,212,213,214,215,218,219,221,223,226,227,228,231,232,233,238,241,246,247,249,250,251,252,253,254,257,265,267,268,273,275,276,277,286,287,288,290,292,293,294,295,296,298,299,301,303,307,308,311,314,315,318,319,320,322,323
OZ46,151,152,154,156,158,162,163,164,166,167,170,174,177,178,181,185,187,188,189,190,191,193,196,197,198,200,201,203,205,211,214,215,217,219,221,223,225,226,227,228,229,231,233,234,235,238,239,241,244,253,255,260,262,263,265,268,272,276,277,279,280,281,285,286,287,288,289,291,294,295,297,298,301,303,311,312,314,319,320,322
OZ47,152,156,158,160,161,162,165,169,170,173,177,184,187,188,191,197,200,203,206,207,209,210,212,213,214,215,216,217,221,222,223,225,226,228,229,230,231,232,234,236,238,240,246,253,255,259,261,262,263,266,270,271,272,276,277,281,284,286,287,288,290,294,295,296,297,298,301,305,306,309,311,312,317,318,319,321
OZ48,150,156,157,158,161,164,166,168,170,171,181,186,188,189,192,195,197,198,202,213,215,217,218,221,226,228,230,231,234,236,238,239,240,244,246,247,249,250,251,252,253,257,259,260,266,267,268,273,274,276,281,284,289,290,291,293,296,298,301,302,303,307,308,311,315,319
OZ49,154,157,160,162,165,166,167,168,169,171,173,174,175,178,180,181,182,185,187,188,191,195,197,199,200,202,206,208,209,211,212,217,219,221,223,226,232,234,236,241,242,245,247,251,252,253,255,256,257,260,261,263,264,265,267,270,271,272,273,274,275,279,282,287,288,289,291,293,294,297,303,305,306,307,308,310,311,314,319,321,322
OZ50,156,157,161,164,165,166,168,169,171,173,186,192,197,198,202,205,207,213,215,218,221,225,226,230,231,234,236,238,240,241,246,247,249,250,253,259,260,262,265,267,268,273,274,276,281,284,285,290,291,293,296,298,301,303,308,311,319
OZ51,157,158,160,162,163,165,169,173,175,181,184,188,189,191,193,195,198,199,200,205,206,208,210,212,215,216,222,223,226,227,228,230,231,232,233,235,241,242,245,246,247,249,250,251,252,253,254,255,256,257,264,265,268,272,275,277,281,282,286,287,288,289,291,294,296,297,301,305,307,309,310,311,314,317,318,319,320,323
OZ52,160,162,163,166,170,171,173,174,175,178,179,180,181,189,191,192,195,198,202,203,207,209,210,212,215,216,217,218,219,220,221,223,226,232,234,237,240,241,242,243,245,246,251,252,253,255,256,257,258,261,264,265,266,268,269,270,271,281,282,283,289,290,299,305,306,307,309,311,314,319,321,323
OZ53,161,164,167,168,173,175,179,180,181,182,184,185,186,193,198,199,200,203,206,208,209,210,211,213,216,217,222,225,226,227,233,234,235,239,243,244,249,250,252,253,254,255,259,261,262,268,269,270,271,277,279,280,283,284,286,287,288,289,290,291,294,297,301,303,306,310,314,318,319,320,321
OZ54,162,163,165,166,169,170,171,173,175,178,180,182,187,188,189,191,192,195,198,202,204,205,207,208,209,212,214,220,222,223,224,225,226,228,232,234,236,237,240,250,252,253,255,257,258,260,261,262,263,264,267,270,275,276,281,283,287,291,293,294,305,306,307,310,311,319
OZ55,163,171,174,179,180,181,182,184,186,187,189,190,192,196,198,199,200,201,202,203,208,212,213,214,215,217,219,220,221,227,228,232,236,239,242,243,244,246,251,252,254,258,263,267,269,271,275,277,281,286,288,289,290,293,295,297,299,302,305,310,317,321,322
OZ56,158,166,171,173,174,178,179,184,186,189,190,192,193,195,199,200,201,202,203,206,208,209,219,220,221,222,225,226,227,230,231,233,234,235,237,240,241,243,247,249,250,252,253,254,258,261,262,264,265,266,269,270,271,272,275,276,277,278,283,285,286,287,288,290,291,294,296,297,298,299,301,302,305,307,310,311,317,318,320,321
OZ57,165,166,168,169,173,177,178,181,184,189,190,192,195,196,198,199,201,203,204,205,207,212,214,215,222,226,227,232,234,237,239,240,241,242,245,247,249,250,251,253,254,264,265,266,268,271,272,273,274,275,276,283,285,287,289,291,294,295,296,301,303,305,307,308,314,318,321,322,323
OZ58,166,168,173,177,178,180,192,193,195,196,198,199,203,204,212,214,215,217,222,225,227,228,232,233,234,235,237,240,242,244,245,247,249,250,251,254,262,264,268,271,272,273,274,275,276,283,287,291,294,295,296,301,306,307,308,314,318,319,320,321,322,323
OZ59,168,171,173,180,184,186,188,189,192,193,195,196,199,200,202,204,205,206,207,209,210,212,214,216,218,220,221,224,225,227,228,232,233,235,236,237,239,240,241,242,244,245,247,250,251,252,256,258,260,261,262,264,265,266,268,270,272,273,274,275,278,280,282,283,288,297,298,307,308,311,317,320,322
OZ60,169,170,173,180,188,190,195,201,205,207,217,225,226,228,252,253,262,264,276,278,298,302,305,306,307,311
OZ61,167,173,175,177,180,184,185,186,189,190,195,198,199,201,207,209,210,211,213,216,217,218,220,221,224,225,226,227,228,235,236,237,239,241,244,245,246,247,250,253,255,256,257,258,259,261,262,264,265,266,268,270,272,273,274,275,276,278,279,282,283,288,295,298,299,305,307,308,310,317,318,319,322,323
OZ62,170,171,175,178,180,184,188,189,190,193,198,201,202,215,217,220,221,226,228,233,234,235,246,247,249,250,252,253,255,258,260,267,268,272,273,274,281,290,291,293,299,301,302,305,306,308,320
OZ63,171,175,178,184,189,193,198,202,215,217,220,221,228,233,234,235,246,247,249,250,255,258,260,264,267,268,272,273,274,281,290,291,293,299,301,302,307,308,320
OZ64,173,174,175,177,186,188,190,195,196,198,199,200,201,204,207,210,212,213,215,216,217,218,225,230,231,232,234,236,237,239,241,244,245,246,247,249,250,252,254,255,256,261,262,264,265,266,267,271,272,273,274,275,276,280,282,287,288,293,294,297,301,303,305,307,308,309,310,317,318,319
OZ65,175,178,184,189,193,198,205,215,217,220,221,225,233,234,235,236,247,249,250,255,258,260,262,264,267,268,272,273,274,275,293,301,307,308,309,320
OZ66,179,180,181,182,184,186,192,193,199,200,203,204,208,209,212,213,214,219,224,227,228,230,231,232,233,234,239,240,242,243,244,249,250,251,252,257,260,268,269,270,277,278,280,283,286,287,288,289,290,291,294,297,298,299,301,306,310,317,319,320,321
OZ67,178,184,188,197,200,205,210,216,219,222,224,226,230,231,236,240,252,253,254,259,261,271,275,276,278,280,295,297,298,299,302,310,311,314,317,318,322,323
OZ68,184,189,193,198,205,215,217,221,225,233,234,235,236,247,249,250,255,260,262,264,267,268,272,273,274,275,293,301,307,308,309,320
OZ69,177,180,181,189,196,197,198,199,204,205,207,208,213,215,217,218,219,220,221,225,228,235,236,240,245,246,254,256,258,259,260,261,262,271,275,276,280,282,287,288,289,294,299,301,303,306,310,314,319,322,323
OZ70,182,188,189,197,200,203,207,208,210,212,214,215,216,218,220,221,224,227,228,232,235,237,239,241,242,246,251,252,254,256,258,259,265,266,267,271,282,283,285,288,291,293,297,299,301,303,309,314,317,321,322,323
OZ71,188,190,193,196,200,201,207,208,209,210,216,218,224,226,227,228,233,234,235,237,240,244,245,249,252,253,256,257,261,267,270,276,278,282,283,288,289,293,295,297,298,303,305,306,309,310,317,319,320
OZ72,174,180,181,186,189,196,198,199,203,204,205,207,209,214,215,217,218,219,221,222,224,225,226,228,230,231,234,235,236,237,239,241,242,244,246,249,251,253,254,256,257,260,261,262,265,266,268,270,271,275,278,282,287,288,291,294,298,301,303,310,321
OZ73,180,186,190,197,198,199,205,207,209,212,214,217,218,219,220,222,224,225,226,227,232,237,239,241,242,244,245,247,251,253,254,256,258,259,260,262,264,265,266,267,270,271,272,276,278,281,282,283,288,290,293,303,305,306,307,314,322,323
OZ74,189,190,193,196,204,207,208,212,214,218,219,221,230,231,232,233,234,242,244,245,246,249,251,254,256,257,260,261,271,276,282,287,288,289,291,294,295,298,305,306,314,320,323
OZ75,181,198,199,200,203,204,205,210,212,214,216,217,219,224,225,226,227,230,231,232,236,237,240,241,242,245,246,251,252,253,260,261,262,265,266,267,275,276,280,283,287,289,291,293,294,297,309,310,317,319,321
OZ76,186,198,199,200,203,204,205,207,210,212,214,216,217,218,219,224,225,226,227,230,231,232,236,237,239,240,241,242,244,245,246,251,252,253,256,260,261,262,265,267,275,276,280,282,283,287,291,293,294,297,309,310,317,319,321
OZ77,190,193,196,197,198,199,200,205,208,210,212,214,215,216,217,219,220,222,225,226,232,233,235,236,240,241,242,250,251,252,253,254,255,257,258,259,261,262,265,266,267,268,271,273,274,275,281,289,290,293,295,297,298,301,303,305,306,308,310,314,317,320,322,323
OZ78,191,192,193,197,198,199,201,203,204,205,208,209,212,214,215,217,219,223,225,226,230,231,232,233,235,236,240,241,242,247,250,251,253,257,259,262,264,265,267,268,270,272,273,274,278,280,287,288,289,291,293,294,295,298,299,301,307,308,309,319,320,321
OZ79,192,196,197,198,200,201,204,205,209,210,212,213,214,215,216,217,219,224,225,227,228,230,231,232,234,235,236,237,239,242,246,247,249,250,251,252,254,259,262,264,268,270,271,272,273,274,275,277,278,281,283,285,286,287,290,294,297,301,306,307,308,309,310,314,317,323
OZ80,196,197,201,203,204,207,208,209,213,215,218,219,220,226,239,240,241,246,253,256,258,259,260,265,266,270,278,282,285,286,287,288,294,299,301,306,310,319,321,322
OZ81,193,208,215,224,233,235,247,260,264,272,295,301,307,310,319,320
OZ82,200,210,213,216,219,222,227,228,239,246,250,252,254,255,261,268,271,280,285,286,290,297,299,306,314,317,319,323
OZ83,197,198,203,205,207,208,210,212,214,215,216,217,218,220,224,225,226,227,230,231,232,237,241,242,246,251,253,254,256,258,262,265,267,271,282,283,288,289,291,293,301,309,314,317,321,322,323
OZ84,199,203,204,208,210,212,213,214,215,216,219,224,228,232,235,236,237,239,240,242,244,245,246,251,259,260,261,266,267,273,274,275,276,280,281,283,285,286,287,289,293,294,299,301,303,306,308,309,310,317,319,321
OZ85,201,203,207,209,212,218,228,232,235,244,245,250,254,255,256,261,268,270,271,273,274,276,278,280,282,303,308,309,314,319,321,323
OZ86,235,246,281,290,291,299,303,309
OZ87,207,210,212,213,216,218,227,228,232,237,239,240,244,245,251,254,256,257,259,261,266,271,276,278,281,282,283,285,286,288,290,291,298,306,314,317,323
OZ88,203,204,205,208,212,214,215,219,224,225,227,232,242,250,254,255,257,260,262,267,268,271,276,280,281,287,288,289,293,294,301,302,309,310,311,314,321,323
OZ89,198,208,212,213,215,217,228,232,239,246,250,254,255,257,266,267,268,271,273,274,280,281,285,286,289,290,293,299,301,302,306,308,311,314,319,321,323
OZ90,204,205,208,210,212,213,214,215,216,222,224,225,226,227,228,230,231,232,236,239,241,242,244,245,246,251,253,257,259,260,262,265,266,273,274,275,278,280,285,286,287,288,290,294,301,302,306,308,309,310,311,317,319
OZ91,205,208,212,213,215,225,228,232,239,246,254,257,260,262,266,267,268,271,280,281,285,286,289,290,293,299,301,302,306,309,311,314,319,321,323
OZ92,212,215,219,222,226,228,230,231,232,234,237,240,241,244,245,249,251,253,257,260,265,267,268,273,274,276,278,280,283,288,289,290,293,298,299,301,308,319
OZ93,208,234,249,291
OZ94,210,214,216,219,220,222,224,227,228,236,240,242,250,251,254,255,257,258,259,261,268,271,275,283,290,298,314,317,319,322,323
OZ95,213,227,228,234,239,242,246,250,251,255,257,266,267,268,280,285,286,289,290,293,298,299,306,319
OZ96,206,215,220,222,227,228,234,237,239,246,249,251,254,257,258,260,261,266,267,271,281,285,286,287,289,290,291,293,294,296,298,299,301,310,314,319,322,323
OZ97,214,224,228,234,246,250,255,273,274,281,290,299,308,310,319
OZ98,219,222,228,246,250,254,255,261,267,268,271,273,274,280,281,288,289,290,293,299,308,314,319,323
OZ99,220,222,227,236,237,250,254,255,258,261,271,273,274,275,280,308,310,314,319,322,323
OZ100,215,234,236,240,249,260,268,275,279,291,301,316,319,322
OZ101,222,225,228,234,236,237,242,250,251,254,255,257,261,268,271,275,291,298,309,314,319,323
OZ102,227,273,274,308
OZ103,228,236,240,250,255,268,273,274,275,279,308,316,319,322
OZ104,225,234,242,250,251,255,257,268,273,274,279,280,283,290,291,298,299,308,309,316,319,322
OZ105,236,268,275,319
OZ106,226,230,231,237,241,244,245,246,250,253,255,257,261,265,276,278,279,283,298,316,321,322
OZ107,234,242,246,251,257,268,280,281,290,298,299,319
OZ108,240,279,316,322
OZ109,246,251,268,280,290,299,319,321
