X0,0,70,131,192,282,359
X1,1,149,171,226,229,327
X2,2,33,111,233,302,330
X3,3,95,195,270,298,319
X4,4,182,297,306,307,355
X5,5,63,77,235,239,299
X6,6,14,51,255,268,320
X7,7,206,207,210,221,286
X8,8,42,102,222,280,285
X9,9,37,69,123,230,347
X10,10,109,180,267,326,343
X11,11,41,66,258,288,328
X12,12,35,67,148,166,337
X13,13,65,91,164,217,338
X14,6,77,167,213,312,324
X15,15,78,117,140,255,351
X16,16,31,74,162,215,354
X17,17,138,151,204,296,331
X18,18,112,143,196,197,273
X19,19,106,139,174,193,243
X20,20,21,100,132,290,353
X21,20,44,174,221,250,308
X22,22,44,144,168,224,310
X23,23,105,129,284,310,334
X24,24,60,136,185,204,229
X25,25,52,87,191,309,356
X26,26,128,176,263,283,293
X27,27,72,218,219,246,356
X28,28,88,141,164,201,262
X29,29,55,178,241,246,277
X30,30,104,116,269,299,331
X31,7,31,93,234,261,291
X32,32,87,117,183,188,303
X33,2,34,190,248,304,337
X34,34,40,101,116,177,315
X35,12,33,105,157,247,348
X36,36,61,146,217,228,245
X37,37,59,147,150,253,351
X38,38,84,122,130,238,259
X39,39,65,96,205,222,312
X40,40,64,166,225,279,329
X41,41,48,90,270,305,318
X42,8,43,94,244,292,340
X43,43,89,107,173,242,335
X44,21,58,165,178,205,340
X45,45,64,92,95,293,336
X46,46,53,264,291,339,344
X47,47,107,133,155,267,302
X48,11,98,228,276,329,343
X49,49,130,153,209,230,325
X50,50,135,142,269,309,317
X51,51,125,137,181,248,295
X52,52,75,184,301,322,341
X53,53,85,102,115,208,288
X54,54,157,172,262,313,358
X55,55,113,121,272,289,328
X56,56,124,138,180,189,235
X57,57,67,108,209,232,345
X58,13,58,97,173,289,342
X59,32,59,189,219,283,350
X60,60,145,161,214,227,320
X61,38,61,79,131,240,297
X62,62,66,118,225,236,298
X63,5,18,110,281,311,357
X64,45,75,90,123,159,276
X65,22,92,97,99,200,265
X66,48,69,106,156,187,232
X67,57,83,160,170,263,316
X68,36,68,82,154,251,252
X69,9,172,197,259,322,334
X70,70,88,266,281,300,318
X71,71,119,155,251,304,323
X72,27,80,112,169,175,341
X73,73,186,187,231,300,321
X74,74,145,216,240,252,325
X75,16,25,86,118,257,333
X76,76,160,213,249,282,311
X77,14,136,188,203,242,274
X78,78,104,115,163,191,223
X79,3,79,91,114,266,346
X80,72,150,168,210,223,226
X81,56,81,148,156,253,254
X82,17,73,82,142,161,254
X83,49,83,109,158,237,256
X84,84,114,120,250,271,284
X85,30,85,198,243,305,357
X86,86,111,183,194,234,275
X87,28,126,162,227,295,321
X88,39,63,119,146,273,326
X89,35,62,147,153,207,215
X90,93,127,177,233,296,352
X91,24,42,89,338,344,349
X92,23,26,96,143,249,294
X93,99,159,175,212,307,314
X94,100,124,158,176,211,319
X95,101,181,198,199,280,287
X96,29,46,154,231,260,354
X97,103,125,201,212,332,342
X98,15,137,196,314,323,347
X99,19,108,144,171,179,278
X100,47,194,203,237,238,355
X101,50,68,94,98,133,301
X102,110,169,186,193,277,290
X103,80,132,152,216,256,306
X104,4,103,113,236,275,286
X105,71,121,134,140,208,260
X106,81,120,135,202,239,348
X107,54,122,202,274,324,327
X108,126,184,199,257,292,313
X109,127,170,185,278,339,359
X110,128,129,265,303,330,335
X111,0,141,245,247,279,352
X112,76,134,190,220,268,345
X113,1,139,206,287,332,358
X114,149,152,165,167,214,218
X115,151,211,261,308,346,349
X116,163,224,285,294,315,336
X117,179,182,192,200,220,272
X118,195,244,271,317,333,353
OX0,124,129,132,144,150,158,174,210,211,218,219,221,223,224,226,246,250,263,265,283,290,293,303,308,310,319,330,335,353,356
OX1,89,129,136,144,145,150,152,161,167,171,176,178,185,204,205,210,219,223,224,227,246,263,265,283,293,303,310,320,327,330,335,338,340,344,349,356
OX2,98,114,116,117,121,125,130,132,137,140,146,148,152,155,156,157,158,161,164,167,170,171,172,173,176,177,180,185,186,187,189,191,192,194,196,198,203,204,205,206,207,208,210,212,214,217,218,221,222,223,224,226,228,229,233,234,235,236,237,239,240,241,242,243,244,246,247,250,251,252,253,255,259,260,264,266,267,271,272,274,275,277,278,279,280,281,282,284,288,289,290,292,294,297,299,301,302,305,308,309,313,314,315,317,318,319,321,323,324,328,332,335,336,338,342,346,347,348,351,353,354,355,357,358
OX3,121,125,132,136,137,140,141,146,152,155,159,160,164,165,167,173,178,181,186,188,190,193,196,197,200,203,208,212,216,217,220,222,235,239,242,245,247,248,251,255,256,260,265,274,277,279,281,282,289,290,294,295,299,304,306,307,314,320,323,324,326,338,340,341,342,345,352,357
OX4,108,129,136,144,145,152,154,161,162,167,170,176,177,182,184,192,199,200,204,205,206,207,210,219,220,221,226,231,233,241,257,260,263,264,265,272,277,283,286,291,292,293,295,296,303,313,320,321,327,330,335,340,344,352,354,356,359
OX5,105,130,133,137,140,145,148,150,154,155,156,157,158,160,162,168,171,172,175,180,181,185,187,188,189,190,192,193,196,197,203,208,210,212,215,216,219,220,222,223,227,231,236,238,240,241,242,247,248,250,252,253,255,256,259,260,261,263,265,269,271,272,275,276,279,283,286,289,293,294,295,296,297,299,301,303,304,306,308,309,310,313,317,318,319,321,323,326,328,329,330,331,332,334,335,338,340,341,342,343,345,348,349,352,353,354,356,357,358,359
OX6,132,133,136,137,140,141,146,152,159,160,164,165,167,174,181,184,186,188,190,193,194,196,197,199,200,201,208,215,216,217,220,221,222,227,235,236,237,238,239,241,245,246,247,248,250,251,255,256,257,260,265,267,270,271,272,274,275,279,281,282,286,290,294,298,299,302,304,306,307,308,313,314,317,319,320,321,323,324,326,328,332,333,335,341,344,345,349,352,353,354,355,357
OX7,114,130,133,136,137,140,143,148,150,152,154,155,156,157,158,160,161,167,168,170,172,175,176,177,178,180,181,184,185,187,188,189,190,192,193,196,197,199,203,204,205,206,207,208,212,215,216,218,219,220,221,222,223,226,227,231,233,234,236,238,240,241,242,247,248,249,250,252,253,255,256,257,259,260,266,269,271,272,275,276,278,279,284,289,291,292,297,299,301,304,306,308,309,317,318,319,320,323,326,327,328,329,331,332,338,339,341,342,343,345,346,348,349,353,354,356,357,358
OX8,141,143,150,159,168,175,200,210,212,218,219,223,226,245,246,247,249,265,279,294,307,314,352,356
OX9,87,90,111,118,123,136,144,152,161,165,166,167,168,171,173,174,175,181,182,183,185,191,194,198,200,204,206,207,210,212,215,216,218,224,225,226,228,240,244,250,252,261,265,270,271,275,279,280,286,287,289,291,292,293,295,297,298,301,306,308,309,310,313,314,317,319,320,321,322,325,327,336,341,342,343,353,354,355,356
OX10,129,133,137,140,143,144,145,148,153,155,156,157,159,162,165,166,170,172,173,176,182,185,187,188,189,190,193,196,197,198,199,203,205,206,207,208,210,215,216,219,221,222,225,226,227,228,230,232,236,237,238,240,241,242,246,247,248,249,250,252,253,255,258,259,261,263,265,267,269,271,275,277,278,280,287,291,295,296,297,299,301,304,306,307,308,309,310,313,314,317,318,319,321,323,325,328,329,331,332,334,338,339,341,343,344,348,349,350,352,353,356,357,358,359
OX11,125,140,160,164,165,174,184,190,199,201,208,212,213,215,217,220,221,222,227,236,242,246,249,250,257,258,260,264,268,270,271,272,275,277,282,286,295,298,308,311,312,313,316,317,319,321,328,332,333,335,344,345,349,350,353,354
OX12,111,130,135,137,140,142,143,146,150,152,153,160,161,162,164,168,170,171,173,174,175,177,180,181,183,186,188,190,193,196,197,201,204,206,207,208,209,212,215,216,217,219,220,222,223,225,227,228,230,233,235,237,238,239,240,248,249,250,251,252,255,257,258,260,261,264,269,270,271,272,274,276,278,281,282,289,290,291,292,295,296,299,301,302,304,308,309,316,319,323,324,327,328,329,332,335,339,341,342,344,345,349,350,352,353,354,355,356,357,359
OX13,135,137,140,142,143,144,145,148,150,153,155,156,157,159,162,166,168,169,170,172,175,178,182,185,187,188,189,190,193,196,197,198,199,203,206,207,208,215,216,218,221,222,223,225,227,230,232,236,237,238,240,241,242,247,248,249,250,252,253,255,258,259,261,267,271,275,276,277,278,280,283,287,289,291,293,295,296,297,299,303,304,306,307,308,310,313,314,318,319,321,323,325,328,330,331,332,334,335,338,339,340,342,344,348,349,350,352,353,357,358,359
OX14,133,136,137,140,148,153,155,156,157,159,161,165,166,167,168,171,172,173,174,175,177,178,182,184,185,186,187,188,189,190,198,203,204,208,215,218,219,221,222,224,225,227,228,230,232,233,234,236,237,238,240,241,242,246,247,248,249,252,253,255,256,257,258,259,266,267,269,271,273,275,280,281,283,286,287,292,293,297,299,301,303,304,307,309,311,314,317,318,319,320,323,325,327,328,329,330,331,332,334,335,338,340,343,344,346,348,349,350,356,358
OX15,115,118,130,144,146,148,152,155,156,157,159,160,161,164,166,169,171,172,173,174,177,178,180,181,182,185,186,187,189,194,198,199,201,203,204,209,212,216,217,218,219,220,221,228,232,233,235,236,239,240,241,242,247,251,252,253,259,260,261,264,267,269,270,272,274,277,280,281,282,283,287,290,291,292,293,297,301,302,303,306,307,309,310,313,314,316,318,321,324,327,329,330,331,333,334,338,340,341,345,348,354,355,356,358
OX16,116,117,118,130,136,144,146,152,153,154,155,164,165,167,168,169,173,174,175,177,180,181,182,188,190,191,196,198,201,203,206,207,208,209,210,212,213,216,217,220,222,223,225,230,231,234,235,239,242,243,246,248,250,251,256,258,261,266,267,269,272,273,274,275,277,285,290,294,295,297,298,304,305,307,308,310,314,316,320,324,325,328,331,332,336,338,339,340,341,343,344,345,346,347,350,351,353,354,355,357
OX17,117,140,150,159,160,164,165,168,174,175,182,184,190,199,208,210,212,213,215,217,220,221,222,223,226,227,242,246,249,250,257,258,260,264,268,270,271,272,277,282,295,297,298,306,308,311,312,313,314,316,317,319,321,328,333,335,342,344,345,349,350,353,354,355
OX18,130,144,146,148,152,155,156,157,159,160,161,164,166,169,171,172,173,174,177,178,180,182,185,186,187,189,194,201,203,204,206,207,209,210,212,216,217,218,219,220,228,232,233,235,236,239,240,241,242,247,251,252,253,259,260,261,264,267,269,270,272,274,277,281,282,283,286,290,291,292,293,297,301,302,303,306,307,309,310,313,314,316,318,321,324,327,329,330,331,333,334,338,340,341,345,348,354,355,356,358
OX19,118,137,150,152,154,155,159,165,167,168,171,173,174,175,177,178,181,182,190,191,196,199,208,210,212,214,218,220,221,222,224,228,229,231,241,243,244,246,250,251,255,264,268,269,270,271,272,276,277,287,291,294,297,298,299,304,305,306,308,317,319,327,328,329,331,333,336,339,342,343,344,345,347,351,353,354,355,357
OX20,138,142,143,145,146,148,150,154,155,158,160,161,166,168,169,171,175,176,180,183,185,186,187,190,193,194,197,200,201,202,204,205,206,207,211,215,216,220,221,224,225,228,230,231,232,234,236,237,238,242,243,244,248,249,253,254,256,257,261,265,266,267,271,272,274,275,279,280,281,282,283,285,287,289,292,293,294,298,302,303,306,307,312,313,315,316,318,321,322,323,324,326,327,331,332,333,339,340,341,342,343,344,345,346,348,351,355
OX21,136,143,144,145,152,161,162,164,165,168,170,174,175,177,186,193,196,197,204,206,207,210,214,215,216,217,218,219,224,227,229,233,234,242,244,250,256,258,261,264,266,272,273,278,280,281,285,286,291,292,296,306,308,310,311,312,316,320,328,335,339,341,342,344,346,349,350,352,353,354,356,357,359
OX22,90,143,146,147,148,150,153,154,155,157,159,161,164,166,168,169,171,175,180,181,185,189,194,196,198,199,201,203,204,207,208,210,212,213,217,220,222,224,225,228,231,233,234,235,239,240,242,243,244,247,249,251,252,256,258,266,267,269,270,271,272,273,274,277,283,285,286,289,290,291,292,293,301,302,303,305,306,309,313,314,315,316,317,319,321,322,324,325,327,328,329,330,331,332,338,339,340,342,344,345,346,347,348,351,357
OX23,137,140,144,150,152,154,155,159,160,162,167,171,176,177,180,181,183,184,185,188,189,196,199,205,208,210,211,214,215,218,219,222,225,228,229,231,233,236,237,243,246,251,255,256,260,263,267,269,270,272,277,278,283,287,289,291,293,294,296,298,299,301,303,304,309,310,314,315,318,319,322,326,327,329,331,340,341,344,347,351,352,356,357,359
OX24,140,145,150,161,162,164,165,168,169,170,173,174,175,178,184,188,190,194,199,201,204,210,212,214,217,221,223,226,229,236,237,238,241,242,244,248,250,251,257,258,264,267,268,270,271,274,275,278,280,285,286,289,292,295,296,298,301,308,312,313,315,316,317,319,321,323,330,332,333,337,338,339,340,341,350,351,352,353,355,359
OX25,145,147,148,150,152,153,155,159,162,165,166,168,172,174,175,177,178,180,181,183,185,186,190,193,194,196,197,198,207,208,210,211,213,215,218,219,221,222,223,226,227,234,237,240,242,246,247,248,250,251,252,258,262,265,266,267,270,273,275,276,277,278,280,281,282,283,287,289,292,293,294,295,296,301,302,303,305,306,308,312,316,318,319,321,322,323,325,326,328,333,338,339,340,342,343,344,346,348,349,352,353,356,357,358,359
OX26,146,148,154,155,157,161,167,170,171,172,173,178,182,183,185,186,189,190,192,194,201,204,209,211,214,216,218,226,229,230,231,234,235,238,239,240,242,244,247,248,252,253,256,259,261,267,269,274,275,276,278,279,280,281,282,285,290,292,302,307,308,309,312,313,315,317,318,321,323,324,326,329,330,331,335,337,339,344,345,347,348,353,355,358
OX27,144,147,148,152,154,155,156,157,158,159,161,162,164,165,166,169,170,171,173,177,178,180,184,186,187,193,194,196,197,200,201,202,203,206,208,210,213,214,220,221,222,225,227,231,236,238,240,245,250,252,257,258,260,262,263,264,273,274,276,277,278,279,286,291,292,294,297,300,302,305,307,310,312,315,316,317,319,320,322,324,326,327,334,337,339,341,342,343,344,345,346,347,348,352,357,359
OX28,147,148,150,152,154,155,156,160,162,164,165,167,170,172,174,178,180,185,186,187,192,193,194,196,197,199,203,207,208,209,210,212,213,214,215,217,218,220,221,222,223,224,225,227,228,229,231,232,233,234,237,238,242,244,246,247,260,261,262,265,266,272,273,279,280,281,282,285,289,292,294,295,296,297,298,302,305,306,308,314,315,316,317,318,319,321,322,325,326,327,328,334,335,337,342,346,347,348,349,350,352,354,357,358,359
OX29,123,142,152,157,158,162,164,167,169,171,172,173,174,176,183,184,185,189,192,194,202,204,205,209,211,214,215,218,219,220,221,226,228,232,233,236,237,238,241,245,246,247,248,250,251,258,260,266,267,269,271,272,275,277,279,281,282,283,286,289,292,298,300,303,305,307,308,309,313,314,320,322,323,324,329,330,332,333,335,337,338,342,343,344,349,350,351,352,353,354,355,358,359
OX30,143,152,154,155,157,158,162,165,166,169,170,172,176,178,180,181,183,186,189,190,192,193,194,196,201,202,204,205,206,207,208,209,210,211,212,216,218,221,222,223,224,225,227,229,230,231,232,234,236,237,238,241,243,246,248,249,255,256,257,260,261,262,268,269,271,275,277,278,279,282,283,287,289,293,295,296,298,299,300,303,304,306,309,311,314,316,317,320,321,322,323,324,326,327,328,329,330,331,332,333,335,337,338,341,343,345,346,349,352,354,355,358
OX31,150,152,153,155,156,157,158,161,164,165,167,169,172,174,176,177,178,180,182,184,185,186,187,188,189,190,193,194,196,198,200,202,205,206,207,213,216,217,227,228,229,230,233,234,236,237,240,241,242,243,245,247,249,251,252,255,256,258,260,262,265,267,268,269,272,274,276,279,280,289,292,294,296,298,299,300,301,304,308,309,312,313,314,315,316,317,319,320,322,324,326,328,329,330,331,333,334,339,340,341,342,344,346,347,349,350,351,358
OX32,153,154,156,160,162,166,167,168,169,170,175,177,181,183,184,186,187,190,192,193,196,198,200,201,203,209,211,212,214,216,217,219,220,224,225,226,227,228,229,230,231,232,233,238,244,245,247,248,249,250,251,257,258,260,261,262,265,266,267,270,272,275,278,281,283,285,287,292,293,294,295,297,298,301,303,311,312,313,315,317,321,325,327,333,334,335,337,338,339,340,343,344,346,347,350,352,354,356,357
OX33,154,157,159,160,165,167,170,172,173,174,176,178,182,186,188,190,193,196,197,202,203,204,205,208,213,214,216,217,219,221,222,226,231,234,242,250,256,258,261,263,265,272,273,283,289,293,294,300,306,307,308,312,313,314,316,318,320,324,332,341,345,346,349,350,351,353,354,356,357,358
OX34,155,157,161,162,169,171,172,174,180,181,182,184,185,186,188,189,190,193,194,196,199,200,202,206,207,210,211,213,214,215,216,218,223,224,225,227,228,230,234,237,238,240,243,244,245,246,247,249,250,251,252,255,256,258,259,260,262,267,268,269,271,273,274,276,277,279,280,285,287,289,294,299,300,301,303,304,308,309,313,314,315,316,317,320,322,324,325,327,329,331,333,338,339,341,344,345,346,349,350,351,352,354,358
OX35,156,158,159,160,167,168,172,173,175,177,178,180,182,186,187,190,192,196,197,201,207,208,209,211,213,214,216,217,219,222,223,229,233,234,243,245,246,247,250,253,256,259,260,261,262,263,265,266,267,268,272,276,277,278,279,281,282,283,286,287,289,291,293,294,296,306,308,312,314,319,322,323,326,327,332,334,340,341,342,343,344,346,347,349,351,353,356,357,358
OX36,142,162,164,166,167,170,174,180,181,186,187,189,193,196,199,204,206,207,208,210,214,215,216,218,219,220,222,223,224,225,226,228,231,232,234,236,237,239,242,243,244,245,246,247,250,252,253,254,255,256,259,260,262,264,268,272,273,280,281,282,283,285,287,292,293,294,297,299,301,302,304,305,308,311,312,315,316,317,320,324,328,330,331,332,335,338,339,341,342,344,347,348,349,352,353,356
OX37,148,152,157,159,161,162,165,166,167,169,170,171,172,174,176,177,178,181,182,183,185,187,188,189,190,192,193,197,199,202,205,206,207,208,209,210,212,216,222,227,228,229,231,232,233,234,236,240,244,245,248,249,250,251,253,254,255,257,259,260,261,263,264,269,271,274,275,276,277,278,279,280,282,285,286,291,292,297,299,302,303,304,305,306,309,312,314,316,320,322,324,328,329,330,331,332,333,338,339,340,341,343,344,347,348,349,351,352,355,357,358
OX38,157,160,169,170,172,174,180,182,183,188,192,197,201,202,204,208,209,213,220,221,222,229,234,237,242,244,245,247,248,249,250,251,259,260,262,266,270,271,275,276,278,279,280,281,285,296,297,298,300,301,306,308,311,313,315,317,318,319,320,324,325,327,330,332,333,337,339,341,342,343,345,351,353,358
OX39,152,158,159,165,166,167,169,170,171,173,174,180,182,187,190,200,208,212,213,214,218,220,221,222,226,228,229,230,232,236,237,241,244,249,250,251,252,254,256,258,260,263,264,265,267,268,270,271,276,279,280,282,285,289,297,306,308,311,314,317,319,326,327,333,341,342,345,347,350,351,353,355
OX40,158,159,162,165,167,169,173,174,177,178,181,183,186,187,189,193,196,199,200,202,203,204,212,213,214,215,216,217,218,219,221,223,224,225,226,228,230,231,233,234,237,241,242,243,244,245,246,247,248,249,250,251,252,254,255,258,261,262,263,265,266,267,269,272,275,279,280,281,283,285,286,287,289,291,292,293,294,297,298,299,304,305,307,308,309,314,316,320,323,324,325,328,329,331,332,335,337,339,340,343,344,346,347,349,350,351,352,353,355,356
OX41,187,325,345,347
OX42,161,165,173,174,178,182,185,186,188,193,196,203,204,214,216,217,221,227,229,230,240,241,242,244,247,249,250,251,254,258,262,264,266,267,268,270,271,274,276,277,280,281,285,289,294,297,298,302,306,308,311,312,316,317,319,323,325,332,333,338,340,341,346,348,350,355,357
OX43,165,166,171,173,174,177,181,182,184,188,189,202,203,208,215,219,220,221,222,223,224,225,227,230,231,232,233,236,237,240,241,243,244,245,246,249,250,252,254,255,257,258,259,260,261,267,269,272,273,274,276,277,278,280,282,283,285,286,287,289,291,293,295,296,297,299,301,302,304,305,308,309,312,313,315,321,323,324,325,326,327,328,329,330,331,335,338,342,344,345,348,349,350,355,356,357,359
OX44,159,164,166,170,174,178,180,181,184,186,189,190,193,200,201,202,204,206,207,210,213,215,216,217,219,223,224,225,226,227,230,231,232,234,236,237,241,242,243,244,246,250,252,254,255,256,257,258,259,265,267,269,272,273,279,280,283,285,287,293,295,297,299,301,304,305,308,309,311,313,314,315,320,321,323,324,325,328,329,330,331,332,335,339,340,341,342,343,344,349,350,351,353,356,357
OX45,169,170,171,173,174,176,177,180,181,182,184,185,186,196,198,200,201,202,205,206,207,210,215,217,218,219,220,223,224,226,227,233,240,243,244,245,246,249,250,253,259,263,265,270,272,273,274,276,277,279,282,283,285,289,292,293,294,295,296,297,298,300,302,303,311,312,317,318,319,321,322,324,326,327,330,332,335,338,339,342,343,346,348,351,356,357
OX46,160,162,164,166,170,171,181,184,193,194,196,197,199,200,202,203,211,213,215,216,217,218,219,224,229,231,232,233,236,238,239,242,246,247,251,255,257,259,260,262,265,266,269,270,271,272,279,280,282,283,286,293,294,296,298,299,300,304,306,308,309,313,314,315,316,319,325,327,328,329,331,332,333,335,338,341,342,345,351,352,354,355
OX47,162,164,166,167,170,178,180,181,182,184,185,186,188,190,194,197,199,200,202,204,208,211,214,215,217,219,220,222,224,226,229,230,231,232,233,236,238,239,240,246,251,255,256,257,259,265,269,270,271,272,274,277,279,280,281,283,286,293,296,298,299,300,302,304,306,308,309,312,313,314,315,316,319,320,323,325,326,328,329,331,333,335,338,340,343,346,348,352,353,354,357
OX48,164,166,167,178,180,181,182,183,184,186,188,194,197,199,200,202,203,204,208,211,214,215,217,219,220,222,224,226,229,230,231,232,233,234,236,237,238,239,240,241,246,248,251,252,255,256,257,258,264,265,267,269,270,271,272,273,274,275,277,278,279,280,281,283,286,293,298,299,300,301,302,304,306,308,309,312,313,314,319,320,325,328,329,330,331,333,335,338,339,340,343,346,348,350,353,354,355,357,359
OX49,166,173,174,176,180,181,182,184,185,186,190,193,197,198,200,205,211,212,216,220,221,223,226,229,230,231,232,233,234,236,237,239,240,242,243,244,247,249,250,253,255,260,261,263,265,269,271,273,274,277,279,280,281,285,289,291,295,297,299,301,303,304,306,307,308,309,316,317,318,322,323,325,326,328,329,331,333,337,339,343,345,347,354,356
OX50,173,177,183,184,185,188,189,193,194,196,197,200,203,210,211,215,216,218,225,226,229,230,234,238,239,240,243,244,245,246,247,248,251,253,254,257,258,259,260,261,262,265,266,268,272,274,275,276,279,282,285,287,289,291,294,296,300,302,305,307,308,311,313,314,315,316,317,324,328,332,335,339,341,342,345,348,350,353,356,357
OX51,167,168,172,174,175,176,177,178,184,189,190,196,198,199,200,202,204,205,206,208,211,212,214,215,218,219,221,222,224,225,227,229,230,234,239,240,241,244,245,246,249,250,251,253,256,258,262,263,265,266,267,268,270,272,274,276,277,278,279,280,282,283,285,286,292,293,294,296,297,298,303,305,308,311,315,316,318,319,320,321,323,324,326,330,334,335,337,338,339,340,344,346,347,349,350,354,355,358,359
OX52,168,170,172,175,176,180,182,184,186,194,198,200,201,202,203,205,207,210,211,212,213,217,221,224,225,226,227,228,231,233,234,236,238,239,245,246,249,252,255,256,257,258,260,261,264,265,267,269,279,281,282,291,292,295,296,297,299,300,304,306,308,309,311,313,314,315,316,317,321,322,323,326,329,331,334,337,338,341,346,350,351,356,357,358
OX53,170,171,174,176,177,180,182,183,185,188,193,194,198,199,200,201,202,203,204,205,208,209,210,211,212,215,216,220,221,222,223,224,225,227,228,229,231,234,236,237,238,239,240,241,245,248,250,251,252,253,254,255,258,262,264,265,269,270,271,272,274,275,279,281,286,287,292,295,296,298,299,300,301,304,307,309,312,314,316,319,320,321,323,325,328,329,330,331,333,335,337,338,341,344,345,346,349,350,354,355,356,357
OX54,171,172,174,178,184,185,196,197,199,207,208,209,211,212,213,218,219,222,225,227,228,229,231,233,236,237,239,240,241,242,243,246,249,250,251,252,255,256,258,263,264,266,268,269,270,273,274,276,280,282,283,286,293,294,298,299,301,302,303,304,306,308,309,314,316,318,319,321,322,325,328,329,331,332,338,339,340,342,343,344,345,346,347,348,349,350,351,354,355,357,358
OX55,172,176,177,183,185,186,188,189,192,196,198,199,200,201,202,205,206,209,210,211,212,213,215,219,220,223,225,228,230,233,237,240,241,242,244,246,247,248,249,254,255,256,258,259,260,262,263,268,269,270,271,273,274,275,278,283,285,293,294,297,298,299,300,301,302,304,308,309,316,319,324,325,327,328,329,331,332,333,339,341,342,343,345,346,348,350,353,356,358
OX56,176,180,183,185,190,192,201,202,203,205,206,207,208,213,214,215,216,220,221,222,225,227,229,230,233,234,236,240,241,244,245,246,247,248,253,255,256,257,259,261,262,265,266,267,268,270,273,274,275,278,279,281,282,285,286,287,295,296,298,299,300,303,304,308,311,312,313,315,317,318,319,320,321,322,323,330,331,335,337,338,339,341,343,344,351,353,355,356
OX57,174,177,178,180,188,189,190,192,194,196,197,200,201,206,207,212,215,217,219,220,223,224,227,229,231,236,238,239,240,241,242,247,250,251,252,254,259,261,263,264,267,268,274,276,280,281,282,283,291,293,294,295,297,308,311,312,321,324,328,330,332,338,340,341,342,343,345,351,357,359
OX58,181,184,185,186,188,189,192,200,201,202,203,206,207,209,212,213,214,216,217,219,220,221,225,228,230,231,233,234,240,241,242,246,249,251,252,254,256,257,258,260,261,263,267,268,269,272,274,277,278,280,282,283,286,287,292,293,305,307,309,311,313,315,316,320,325,326,327,329,332,339,342,343,344,350,353,354,355,357
OX59,178,180,182,183,184,186,189,190,192,193,194,197,199,204,206,207,209,210,211,212,216,219,221,223,224,225,226,228,230,233,238,240,243,244,245,246,247,248,252,254,255,260,263,264,265,266,267,269,270,272,273,274,275,276,279,280,281,282,283,285,287,292,293,295,296,297,298,299,303,304,306,307,309,312,315,318,319,320,322,324,325,326,327,328,329,331,335,339,340,345,346,347,351,353,355,356,359
OX60,177,182,183,184,185,188,190,193,202,204,206,207,208,209,210,211,212,213,214,217,218,219,221,222,224,226,227,229,230,231,237,241,243,246,247,248,251,252,253,255,256,258,260,263,264,267,270,275,276,277,278,280,282,283,291,293,295,297,298,299,301,302,303,304,305,306,311,314,315,316,318,319,321,322,325,326,327,328,330,331,338,348,349,350,354,355,359
OX61,180,183,184,189,193,194,200,202,204,206,207,209,214,215,217,218,221,225,227,228,229,231,238,241,242,244,245,246,248,249,257,259,260,261,262,264,265,266,267,269,273,275,277,278,279,281,282,285,286,287,296,302,305,307,309,313,314,315,321,324,325,326,327,329,332,335,338,339,342,346,347,348,349,356
OX62,182,183,185,196,197,198,201,203,210,211,212,213,214,217,219,224,229,233,234,235,236,239,240,242,247,248,249,251,255,256,258,263,267,270,271,272,273,275,277,278,280,281,283,286,290,291,292,293,294,295,298,299,300,304,305,306,308,312,316,319,324,328,331,332,333,335,339,342,344,346,347,350,351,353,354,356
OX63,184,186,197,200,206,207,209,210,211,216,218,221,223,225,226,227,234,235,239,240,241,243,245,249,251,254,257,258,260,265,267,273,278,279,280,281,282,286,287,290,292,296,300,305,308,312,313,314,315,316,317,320,321,323,324,325,326,327,338,341,344,345,346,347,349,350,353,354,356,359
OX64,183,186,189,190,194,196,198,199,200,202,204,206,207,210,211,213,215,217,218,221,225,228,230,233,234,238,245,247,248,249,252,253,255,256,259,260,261,264,265,268,269,273,275,278,279,280,286,287,291,294,295,296,299,300,304,307,308,309,312,314,315,317,323,324,329,330,331,337,339,341,343,344,345,346,347,349,355
OX65,186,190,192,193,196,198,201,202,203,206,207,208,210,211,212,216,218,219,221,222,225,230,231,233,234,236,237,239,245,247,251,252,253,254,257,258,261,262,263,264,265,267,271,272,274,276,279,280,281,282,283,286,287,291,293,294,296,297,300,301,302,303,305,311,313,316,317,320,322,323,324,333,335,341,345,346,348,350,351,354,355,356
OX66,185,188,192,201,202,203,204,226,233,245,247,251,252,254,262,265,266,268,279,281,282,296,300,301,303,318,320,322,324,330,359
OX67,188,192,193,194,198,199,202,203,204,206,207,211,212,213,215,217,219,221,223,225,227,228,229,235,237,238,239,241,244,245,246,247,253,255,256,258,260,261,263,265,266,268,269,274,276,277,279,282,283,285,286,287,290,291,292,293,296,299,301,302,304,308,309,311,314,316,317,318,321,323,326,329,330,331,335,337,338,341,343,345,346,347,348,350,356,357
OX68,189,192,193,194,196,198,201,204,206,207,208,209,210,211,212,214,217,218,219,221,222,225,226,227,228,230,231,234,235,236,238,240,245,247,254,257,258,261,262,263,264,265,266,267,269,271,272,274,278,279,280,281,282,283,286,287,290,291,293,294,295,296,297,300,303,305,309,311,313,315,316,322,324,327,329,330,333,335,337,338,339,343,345,347,350,351,353,354,356,359
OX69,192,194,200,203,210,215,223,226,233,237,238,246,252,253,258,264,267,272,277,295,301,316,320,323,325,330,347,350,354,355
OX70,190,202,209,212,215,218,219,242,247,254,258,262,263,264,266,267,272,274,277,278,281,282,283,293,300,302,315,316,318,320,324,327,330,332,337,339,342,348,350,354,356
OX71,194,196,197,198,203,209,212,213,214,216,217,219,220,223,227,228,230,234,235,237,238,239,240,242,243,252,253,255,256,258,261,262,263,264,266,267,269,272,273,274,277,278,283,290,291,293,294,295,299,300,301,302,304,305,307,309,315,316,318,321,323,324,325,327,329,330,331,332,337,338,341,342,343,348,350,353,359
OX72,197,199,200,206,207,210,211,212,215,217,218,219,221,223,225,226,228,233,234,241,242,243,245,247,249,251,252,253,260,262,263,264,265,269,272,273,274,276,277,278,279,280,283,286,287,293,296,305,308,309,312,314,315,318,320,321,323,326,329,332,337,341,342,343,344,345,347,349
OX73,193,196,202,212,214,216,217,218,219,220,226,228,229,230,240,244,249,251,258,263,264,268,269,272,274,280,282,283,285,292,293,294,295,300,307,311,312,316,317,318,321,323,324,325,329,330,335,337,341,343,344,346,349,350,353,357,359
OX74,196,198,199,200,206,207,211,212,213,214,215,216,218,221,223,225,226,229,230,231,233,235,239,240,241,242,244,245,246,247,249,251,252,253,255,256,261,262,264,267,268,272,276,277,279,281,285,286,287,290,291,292,294,295,296,299,301,302,303,304,307,308,314,318,321,322,323,324,326,330,331,332,335,341,342,345,348,353,354,355,359
OX75,202,210,211,215,218,219,223,227,229,243,244,246,247,251,252,253,254,260,261,263,265,267,274,280,282,283,285,292,293,295,300,301,302,303,308,312,322,324,325,330,335,338,339,344,345,346,347,348,356
OX76,198,203,206,207,208,210,212,215,218,219,221,222,225,226,227,229,230,233,234,236,237,239,240,241,242,243,244,247,249,252,253,254,257,259,262,263,267,271,272,273,274,276,277,278,281,283,285,286,287,291,292,293,297,300,301,305,308,309,312,313,315,317,318,320,323,325,326,332,333,337,338,342,344,346,351,353,355,357,359
OX77,200,201,209,210,214,215,216,217,218,226,227,228,234,235,239,241,243,245,246,247,251,255,259,261,262,265,269,270,272,273,276,277,279,281,282,290,291,295,296,297,298,299,300,302,303,304,307,318,319,320,321,322,323,324,326,327,329,331,338,339,341,343,346,348,353,354
OX78,209,210,212,220,223,227,229,231,242,244,246,251,252,253,258,260,262,264,265,266,268,272,277,280,281,285,292,295,300,312,314,316,318,320,321,323,325,327,332,335,337,338,341,342,344,349,350,354
OX79,203,206,207,208,210,211,212,213,215,218,220,221,222,223,225,235,236,237,240,242,243,254,255,256,257,259,260,262,265,266,271,272,273,277,280,281,286,287,290,295,297,299,301,304,307,311,313,314,318,320,321,324,331,332,333,335,339,341,342,345,346,351,353,354,356,359
OX80,201,206,207,211,213,221,223,225,227,246,247,251,254,255,256,257,258,259,260,261,262,266,267,268,272,273,277,280,281,282,286,287,291,292,295,299,302,303,304,308,312,313,314,316,318,322,331,337,338,344,345,346,347,348,349,350,354,355
OX81,206,207,210,211,213,214,216,217,218,220,221,223,227,228,231,233,235,241,251,252,255,256,258,261,264,267,269,270,276,280,286,287,290,297,298,299,300,304,307,308,312,316,319,320,324,326,329,330,331,338,343,345,346,349,350,353,355
OX82,220,265,268,314,323,325
OX83,199,210,212,213,215,217,226,227,228,231,233,234,242,243,246,249,251,253,255,256,257,258,259,260,261,264,265,267,268,269,272,273,274,276,277,278,282,291,292,295,299,300,301,304,305,309,313,314,315,316,318,321,325,329,330,331,332,338,341,342,343,346,350,355,356
OX84,210,211,218,219,223,227,229,243,244,246,247,251,252,260,261,263,265,267,274,280,282,283,285,292,293,295,300,301,302,303,308,309,312,322,324,325,330,335,337,338,339,344,345,346,347,348,354
OX85,211,214,216,217,218,223,227,228,231,234,235,239,241,251,254,255,258,259,264,266,267,269,270,273,276,290,291,295,297,298,299,300,301,302,304,307,308,316,319,323,325,326,329,331,337,338,343,345,347,348,349,350,353
OX86,212,214,216,217,219,226,227,228,233,235,241,242,243,247,251,253,254,255,259,262,263,266,269,270,272,273,274,276,277,281,282,283,290,293,295,297,298,299,300,302,303,304,307,309,314,318,319,320,321,322,324,325,326,329,331,332,337,338,339,341,342,343,348,353
OX87,208,213,215,219,222,226,231,235,239,240,241,243,247,249,251,253,254,255,256,263,265,266,268,270,278,283,290,293,297,298,299,301,303,304,307,311,312,315,317,319,321,322,324,326,330,331,337,341,345,346,347,351,355,359
OX88,213,214,219,228,229,233,235,238,239,240,241,243,251,255,256,263,266,268,269,270,272,274,276,277,280,283,290,292,293,297,298,299,302,303,304,307,309,312,314,319,320,322,323,324,326,328,329,331,333,339,343,346,348,353,355,359
OX89,215,254,337,351
OX90,251,252,254,260,301,303,314,322,323,325,345,351
OX91,230,233,241,254,258,259,260,264,265,267,273,276,295,303,307,316,322,323,325,326,330,337,345,347,350,351
OX92,223,226,233,234,239,253,260,261,265,266,291,302,314,323,325,330,345,346,348,351
OX93,214,217,219,225,226,227,229,231,235,236,238,240,241,249,253,254,257,259,263,265,272,273,274,277,278,280,282,283,290,293,295,297,300,301,303,307,309,312,313,315,321,322,323,324,325,326,328,330,333,337,338,339,341,345,346,353,359
OX94,233,241,254,258,259,260,264,265,267,273,295,303,316,322,325,326,330,337,345,347,350,351
OX95,216,217,218,219,226,227,229,231,238,239,240,241,247,252,253,254,259,263,265,266,272,273,274,277,280,282,283,292,293,295,301,303,309,312,321,322,324,325,326,328,330,333,337,338,341,345,346,359
OX96,254,295,301,303,314,320,321,322,323,325,337,341
OX97,217,225,226,227,228,236,240,241,243,247,249,252,253,255,257,258,259,264,267,269,270,273,276,278,292,295,298,299,300,302,303,304,313,314,315,316,319,321,322,323,326,329,331,337,338,341,343,346,348,350,359
OX98,225,227,231,234,236,239,240,247,249,257,260,261,264,266,278,292,297,300,307,313,315,320,323,325,338,339,344,351,359
OX99,218,226,228,231,234,235,238,239,241,243,244,252,253,255,259,260,261,264,266,267,269,270,272,273,276,277,285,290,295,297,298,299,301,302,303,304,307,314,319,322,326,328,329,331,333,335,337,339,343,346,347,348,349,353,354,356
OX100,260,320,345,351
OX101,224,226,229,234,238,239,241,243,244,247,252,253,258,259,261,266,270,273,278,280,282,285,297,298,307,308,312,316,317,319,320,321,323,324,325,326,333,335,341,346,347,349,350,353
OX102,226,227,229,231,239,240,241,244,247,252,253,258,259,264,266,273,274,280,282,285,292,303,309,312,314,316,321,322,323,324,325,326,335,338,341,344,345,346,347,349,350,351,354,356,359
OX103,231,234,238,239,243,261,264,266,267,271,302,303,308,314,322,323,325,335,339,345,346,348,349
OX104,227,229,234,238,239,244,247,255,261,264,266,271,274,280,282,285,292,295,299,303,304,308,309,312,314,322,323,324,331,337,338,344,346,347,351,354,356
OX105,252,269,270,276,297,298,301,303,314,319,322,323,329,343
OX106,245,296,302,348
OX107,239,247,249,266,278,300,315,339
OX108,268,269,270,276,297,298,319,323,325,329,343,355
OX109,301,303,314,321,322,323,341,347
OX110,255,295,299,304,320,325,337,347
OX111,269,270,276,297,298,319,329,343
OX112,219,235,263,265,270,283,290,293,297,298,307,314,317,319,330
OX113,229,234,240,243,244,247,261,264,267,280,282,285,302,312,324,331,335,339,348,349,359
OX114,228,240,243,244,247,249,258,264,267,270,271,272,277,278,285,297,298,300,302,308,315,316,317,319,328,333,346,348,350,353,359
OX115,240,300,346,359
OX116,238,270,297,298,303,307,314,317,319,322,333,353
OX117,241,243,244,247,249,258,259,264,267,270,271,273,278,285,297,298,302,303,307,308,314,315,316,317,319,322,326,333,348,350,353
OX118,234,247,249,261,264,267,278,300,302,315,339,346,348
OX119,232,243,244,247,249,258,264,267,270,271,278,285,297,298,302,307,308,315,317,319,323,325,333,345,348,350,353
OX120,244,285,335,349
OX121,249,262,266,278,281,282,300,315,324,339
Z0,0,64,92,192,200,279
Z1,1,58,149,165,332,342
Z2,2,190,200,220,265,330
Z3,3,13,91,92,95,97
Z4,3,4,79,236,297,298
Z5,5,100,110,124,235,290
Z6,6,77,78,104,255,299
Z7,7,93,101,177,206,287
Z8,8,95,195,244,285,336
Z9,9,37,150,168,310,334
Z10,10,39,178,205,241,326
Z11,11,13,217,228,289,328
Z12,12,35,157,206,207,358
Z13,8,11,94,98,102,288
Z14,14,182,203,220,268,355
Z15,15,99,117,265,303,314
Z16,16,74,132,216,333,353
Z17,17,36,82,245,296,352
Z18,18,88,172,197,262,281
Z19,19,55,179,193,272,277
Z20,20,21,22,44,58,97
Z21,21,26,96,100,176,205
Z22,22,27,72,99,168,175
Z23,23,65,91,96,114,284
Z24,24,28,60,164,227,338
Z25,25,66,115,118,191,288
Z26,26,27,112,143,219,283
Z27,28,31,93,141,162,352
Z28,29,68,94,154,178,340
Z29,30,195,269,270,305,317
Z30,1,24,42,229,280,287
Z31,32,183,234,264,291,350
Z32,33,50,133,135,302,348
Z33,34,63,116,119,299,304
Z34,12,67,105,108,144,310
Z35,36,46,154,217,338,344
Z36,9,69,106,139,172,358
Z37,38,61,146,197,259,273
Z38,39,71,102,119,208,222
Z39,40,101,118,199,225,257
Z40,41,48,57,232,258,316
Z41,42,44,224,285,308,349
Z42,43,54,242,274,292,313
Z43,4,20,132,221,286,306
Z44,37,45,59,123,283,293
Z45,46,70,231,300,339,359
Z46,47,133,238,259,301,322
Z47,41,70,192,272,318,328
Z48,49,62,153,158,298,319
Z49,40,50,98,116,269,329
Z50,6,51,181,222,280,312
Z51,52,87,129,303,322,334
Z52,7,53,115,210,223,291
Z53,43,129,244,271,284,335
Z54,55,72,113,210,246,286
Z55,56,148,166,180,329,343
Z56,57,64,67,166,263,293
Z57,59,62,66,147,258,350
Z58,60,131,145,185,240,359
Z59,38,122,131,213,282,324
Z60,49,109,123,230,276,343
Z61,63,146,239,245,247,348
Z62,0,23,105,247,249,282
Z63,48,56,124,156,270,319
Z64,45,52,75,163,191,336
Z65,54,65,164,262,312,324
Z66,68,80,216,252,301,341
Z67,69,137,187,295,321,347
Z68,17,73,151,266,300,346
Z69,71,107,121,155,173,289
Z70,31,74,79,240,261,346
Z71,73,142,186,290,317,353
Z72,16,25,29,246,354,356
Z73,75,90,184,198,199,305
Z74,34,76,190,249,294,315
Z75,14,51,125,173,242,342
Z76,15,78,143,163,196,294
Z77,80,109,112,256,273,326
Z78,81,106,120,156,174,250
Z79,82,148,251,254,304,337
Z80,83,152,160,167,213,256
Z81,84,86,194,238,271,333
Z82,76,85,134,208,311,357
Z83,84,130,153,207,221,250
Z84,19,53,85,243,278,339
Z85,18,137,181,196,198,357
Z86,89,128,176,211,335,349
Z87,88,90,159,201,212,318
Z88,35,162,215,248,295,337
Z89,33,86,111,157,257,313
Z90,77,167,189,218,219,235
Z91,5,114,120,239,266,281
Z92,10,89,107,264,267,344
Z93,2,103,111,125,248,275
Z94,104,204,223,226,229,331
Z95,81,150,202,226,253,327
Z96,108,122,130,171,209,327
Z97,110,160,241,277,311,316
Z98,103,141,201,225,236,279
Z99,113,117,121,140,183,275
Z100,61,159,228,276,297,307
Z101,126,169,184,186,321,341
Z102,127,128,170,233,263,330
Z103,127,144,177,224,278,315
Z104,47,155,307,314,323,355
Z105,134,187,231,232,260,345
Z106,83,136,170,185,203,237
Z107,138,180,233,267,296,302
Z108,139,169,175,193,212,332
Z109,140,147,215,260,351,354
Z110,142,161,214,218,309,356
Z111,145,209,268,320,325,345
Z112,149,152,171,179,182,306
Z113,30,151,174,243,308,331
Z114,32,136,138,188,189,204
Z115,158,194,211,234,237,261
Z116,161,253,254,255,320,351
Z117,126,165,214,227,292,340
Z118,230,251,252,323,325,347
OZ0,101,105,116,118,119,120,125,131,135,141,144,147,153,156,157,159,162,163,166,168,169,171,172,174,175,183,188,191,193,194,197,199,201,207,209,212,213,215,221,226,228,232,234,236,238,239,245,247,253,259,263,264,271,273,274,275,276,279,282,291,293,295,297,299,304,307,309,313,316,324,332,333,334,336,337,348,358
OZ1,58,79,93,94,95,112,115,118,120,131,132,135,141,144,147,153,154,156,159,160,162,163,164,167,168,171,174,175,176,177,178,179,180,181,182,183,186,187,189,193,194,195,196,197,199,201,203,204,209,213,214,224,226,229,246,250,251,253,258,262,263,264,267,268,271,273,274,276,278,280,281,283,284,285,287,288,291,292,293,295,296,298,301,302,303,305,306,309,310,315,318,319,320,322,323,326,327,330,333,338,342,343,345,346,349,352,353,354,356,357,358,359
OZ2,123,124,135,148,156,159,163,166,172,180,181,183,187,188,191,196,197,198,201,202,212,234,262,264,270,274,281,283,291,293,295,309,318,319,321,329,336,343,347,350,357
OZ3,79,96,97,105,109,112,114,119,120,124,135,146,147,155,157,159,164,166,168,169,172,175,180,183,184,186,190,192,193,195,198,199,202,206,207,212,214,216,217,218,220,226,234,238,239,242,243,244,249,250,251,252,255,256,258,259,262,264,265,266,271,273,274,276,279,282,289,290,291,292,296,297,299,300,302,303,308,309,310,312,313,314,319,320,323,324,326,327,328,330,331,332,335,337,341,343,346,351,352,353,355,356
OZ4,94,95,96,97,121,129,135,144,146,164,170,173,176,177,178,190,192,195,205,208,211,217,220,222,224,228,233,238,239,241,242,245,249,259,262,263,264,265,267,269,271,274,278,279,282,284,285,288,292,299,301,302,304,307,312,313,314,315,322,323,324,326,328,329,336,344,349,355
OZ5,93,115,118,120,125,129,131,135,141,146,148,150,153,154,156,159,162,163,166,171,177,184,186,187,188,190,191,192,194,195,197,198,201,208,209,210,213,214,215,217,218,221,223,226,228,236,238,245,249,251,255,258,259,260,263,266,269,270,271,272,273,274,275,276,278,279,282,287,290,291,293,294,295,296,297,303,304,307,308,311,313,315,316,318,320,322,324,328,331,333,334,336,338,344,345,346,351,352,353,356,357,358,359
OZ6,109,115,118,124,129,153,154,156,159,163,166,172,174,180,181,183,184,186,187,192,194,195,196,197,199,201,206,207,211,212,214,217,218,231,237,243,245,252,253,255,257,261,262,264,266,269,272,276,281,283,288,290,291,293,295,296,298,303,304,308,309,313,320,321,322,323,325,328,329,331,334,336,337,338,339,344,346,350,351,352,353,356,357,358,359
OZ7,96,97,105,112,115,118,119,120,129,130,135,147,154,155,156,157,159,163,164,168,169,174,175,181,187,190,193,194,196,198,201,202,207,211,216,220,221,226,228,231,234,237,238,239,242,244,245,249,251,253,256,257,258,261,265,269,271,272,274,276,279,281,282,283,288,289,292,293,295,298,299,300,302,304,307,310,312,314,319,321,322,324,325,326,327,329,330,332,334,335,336,338,339,341,343,344,350,355,357,358,359
OZ8,115,116,119,146,187,190,195,204,208,223,226,229,231,232,239,245,247,249,260,269,270,294,299,304,305,311,315,317,331,345,348,357
OZ9,116,120,124,125,129,130,141,147,148,153,166,168,169,172,174,175,180,183,184,187,190,193,194,195,198,199,201,202,206,208,212,221,225,226,231,232,234,236,238,248,249,253,257,258,260,264,269,271,275,279,288,291,294,303,310,311,313,315,317,319,322,327,329,332,333,343,345,357
OZ10,117,119,120,124,130,141,146,147,153,154,166,167,168,169,172,173,175,180,181,182,183,186,189,192,193,194,195,201,202,203,206,212,214,217,219,220,221,222,225,226,231,234,235,236,238,239,242,243,247,248,251,257,258,264,266,268,269,271,272,275,279,280,290,291,296,305,308,309,310,312,313,318,319,320,327,328,329,331,332,333,334,337,338,339,342,343,344,346,348,351,352,353,355,356,359
OZ11,119,120,124,125,130,135,141,146,147,153,154,166,168,169,172,175,180,183,186,188,191,192,193,194,195,201,204,206,212,214,217,218,221,223,225,229,231,234,236,238,239,243,247,248,251,255,257,258,264,266,269,271,272,274,275,279,290,291,296,299,305,308,310,313,318,319,320,327,328,329,332,333,334,337,338,339,343,344,346,348,351,352,353,356,359
OZ12,92,95,97,105,112,118,121,125,129,131,141,144,146,154,155,162,163,164,166,171,172,178,179,181,183,187,188,190,191,192,193,196,198,200,202,207,208,209,211,212,213,215,216,217,220,221,222,225,231,232,236,237,242,243,250,251,256,258,261,263,264,265,270,275,277,278,279,281,282,283,284,285,288,289,291,292,297,298,300,302,305,309,310,312,313,314,316,317,319,321,322,325,326,327,329,330,333,335,337,340,341,343,348,350,355,357,359
OZ13,135,163,183,188,191,202,234,264,274,283,291,293,309,336,350
OZ14,27,95,97,112,114,118,129,130,131,132,141,143,144,153,155,157,159,160,162,164,167,169,170,171,173,174,176,177,178,180,182,183,184,186,187,188,189,190,191,193,197,199,200,203,204,206,207,208,209,210,213,214,216,219,221,223,225,228,229,232,233,234,237,239,241,245,246,256,259,260,261,268,269,271,273,276,277,279,280,282,283,285,288,289,292,294,296,297,299,300,302,304,305,306,307,310,311,313,315,317,318,319,320,321,325,326,328,332,333,335,336,338,339,340,341,342,344,346,348,350,352,353,354,356,357
OZ15,107,120,121,124,125,130,153,154,155,166,168,169,172,175,180,182,186,192,193,194,195,202,203,206,212,214,215,217,218,220,221,226,231,234,238,242,243,245,248,251,257,258,260,264,266,268,269,271,272,289,290,291,296,305,308,309,310,313,318,319,320,327,328,329,331,332,333,334,337,338,339,342,343,344,346,352,353,354,355,356,359
OZ16,105,112,114,121,124,125,129,131,132,153,156,160,162,163,166,167,169,171,172,173,176,179,181,182,184,189,192,195,196,198,199,200,202,203,204,207,209,210,211,212,213,218,220,222,223,224,229,232,234,236,239,241,242,246,247,248,249,250,253,255,260,263,264,265,266,268,270,271,272,275,279,280,281,283,284,290,291,293,294,295,297,298,299,305,306,308,310,311,312,314,319,322,324,331,332,336,337,342,351,354,355,358
OZ17,118,124,130,131,144,146,154,156,159,166,170,171,174,183,185,186,188,189,192,194,195,197,203,204,206,209,211,213,214,217,218,221,228,231,232,233,243,245,250,251,253,255,257,258,259,261,264,266,267,269,272,273,276,282,284,290,291,297,298,302,304,305,307,308,309,310,313,316,318,320,324,327,328,329,331,337,338,339,343,344,346,350,351,352,353,356,358,359
OZ18,95,124,125,129,130,131,132,137,146,148,150,153,154,155,160,163,168,169,171,175,176,177,179,180,182,184,185,186,187,188,189,192,194,195,197,198,199,201,205,206,208,209,211,213,214,215,218,220,221,222,223,224,226,228,229,231,232,234,235,237,238,239,242,244,247,248,252,253,256,257,260,262,263,266,268,270,271,273,281,282,283,284,285,288,289,291,293,295,297,302,303,305,307,308,309,311,313,315,317,319,320,321,322,323,324,325,327,328,330,332,333,335,337,340,342,343,344,346,348,349,352,353,354,355,356,359
OZ19,114,120,121,124,130,131,137,141,150,156,157,162,163,167,169,171,172,174,176,178,180,182,184,186,189,192,193,194,195,199,200,201,203,204,209,210,211,212,213,214,216,217,220,221,222,223,224,225,226,229,232,234,235,239,242,244,245,246,247,249,251,252,253,257,259,260,263,264,265,268,270,271,278,280,281,283,284,289,290,291,293,294,295,296,297,298,300,305,306,307,309,310,312,313,316,317,319,320,323,324,327,329,332,333,335,336,338,339,340,341,342,343,344,346,352,353,354,356,357,358
OZ20,112,120,125,130,131,141,144,153,154,155,157,170,171,172,180,181,183,185,187,188,189,190,192,194,196,197,198,200,203,204,207,209,212,213,216,217,220,221,225,228,231,232,233,234,236,237,248,250,251,256,257,258,259,262,264,265,267,271,272,273,275,279,281,282,284,291,295,296,297,300,310,313,314,316,321,322,324,325,326,327,328,330,333,338,339,341,343,344,348,350,355,357,359
OZ21,121,124,129,130,131,141,144,146,147,148,150,156,157,159,160,162,163,164,168,170,172,173,174,175,180,181,182,183,184,185,186,188,189,190,191,194,195,200,201,202,203,208,209,211,212,214,215,218,219,220,225,227,229,232,234,235,236,237,238,239,241,243,245,247,250,256,257,262,263,265,267,270,271,272,275,276,277,278,279,282,287,288,289,291,293,295,297,302,305,306,307,309,316,317,321,326,327,328,330,333,334,335,336,337,338,339,341,343,349,358
OZ22,124,129,130,137,143,146,147,153,154,155,157,166,167,168,169,172,173,175,178,179,180,181,186,189,190,192,196,197,200,202,206,212,214,219,220,221,222,226,231,235,244,245,251,255,258,259,265,266,270,271,273,277,278,280,283,284,289,290,293,294,296,299,302,308,309,310,312,317,318,319,320,327,328,329,330,331,332,334,335,336,337,340,343,346,348,350,351,352,353,356,359
OZ23,120,130,146,148,150,153,166,197,202,207,221,226,233,245,250,253,259,267,273,302,327,329,343,352
OZ24,125,137,141,143,196,201,225,234,236,264,275,279,283,291,293,294,336,350
OZ25,97,129,132,137,141,143,144,147,150,153,155,156,157,159,162,163,166,169,170,171,173,176,177,178,186,187,188,190,193,195,199,201,202,203,205,206,208,212,213,214,217,218,219,221,223,224,227,233,241,243,244,245,248,250,251,252,253,255,260,265,268,269,271,273,276,279,283,287,288,289,290,292,294,296,302,303,304,306,311,312,315,316,317,319,322,323,325,326,327,328,331,332,334,335,337,338,339,341,342,343,344,348,351,352,354,355,357,358
OZ26,148,150,163,166,174,183,186,188,191,195,226,233,234,243,253,264,266,267,269,270,274,283,290,291,293,296,300,302,305,308,309,327,329,331,336,343,346,350,353
OZ27,137,141,143,144,146,147,154,155,159,160,163,164,167,168,169,170,171,172,175,176,179,181,185,192,195,197,199,200,204,208,210,213,214,215,216,217,219,220,221,222,223,224,226,227,231,234,236,237,238,239,241,242,246,247,250,252,255,256,259,260,265,266,267,268,269,270,271,274,275,276,278,279,280,281,287,288,289,290,291,293,294,296,298,299,305,310,312,313,317,319,321,323,324,326,328,329,332,334,335,336,342,344,346,348,349,350,351,352,353,354,357,359
OZ28,131,141,155,159,163,167,171,173,174,176,177,178,179,180,181,185,186,187,190,191,192,193,195,196,200,201,202,203,204,209,211,212,213,217,218,219,220,221,222,232,235,236,237,244,245,247,249,251,252,256,258,263,265,266,267,273,274,276,277,280,283,286,289,290,293,294,295,297,298,299,300,304,306,309,312,315,316,317,321,323,324,325,326,327,328,331,335,336,338,339,340,343,344,346,348,352,353
OZ29,129,132,141,144,146,147,154,155,157,160,163,164,167,168,169,170,172,173,175,177,179,181,185,187,197,199,200,203,204,208,209,210,211,212,214,215,217,219,220,222,223,224,225,226,227,231,232,233,236,238,239,240,241,246,249,250,251,255,257,258,259,260,263,264,265,266,267,268,269,270,272,273,274,280,281,283,284,286,287,288,289,290,294,295,296,297,299,305,306,308,310,312,315,316,317,319,325,327,329,330,332,333,334,335,343,344,346,348,349,351,352,354,357
OZ30,130,132,143,147,150,153,163,164,166,168,169,171,173,174,175,177,178,180,185,186,189,190,192,193,196,197,199,202,204,207,208,210,211,213,215,216,217,221,223,224,227,228,233,234,237,238,242,244,246,247,249,251,252,256,260,262,263,267,268,269,270,271,272,273,274,275,278,279,282,284,286,287,288,290,291,293,302,305,306,307,309,311,313,315,316,319,320,321,323,324,326,327,328,331,332,334,336,337,340,342,343,344,348,349,350,354,356,357
OZ31,132,141,144,146,147,150,155,157,160,164,166,167,168,169,170,172,173,175,177,179,181,184,185,187,188,191,192,197,198,200,203,204,208,209,210,211,212,215,218,219,220,222,223,224,225,227,232,236,238,239,240,241,245,246,249,250,257,259,260,263,264,265,266,268,269,270,273,280,281,284,286,287,288,289,290,293,294,295,296,297,299,300,302,303,304,306,308,310,312,315,316,317,318,319,320,322,325,328,330,332,333,335,336,337,338,339,346,348,349,350,354,356,357,359
OZ32,150,154,155,157,162,173,174,178,179,183,184,186,190,192,193,198,199,200,202,206,207,214,215,218,220,226,231,234,239,244,247,248,251,255,258,264,265,266,271,277,278,284,289,290,291,295,296,299,302,303,305,308,309,317,318,320,322,327,328,330,331,334,335,340,346,351,352,353,356,358,359
OZ33,141,144,147,153,154,155,156,157,160,163,164,166,167,168,171,172,173,175,176,178,180,183,184,186,187,188,189,194,195,196,197,201,203,207,208,210,213,215,218,219,220,222,223,224,226,227,231,233,234,236,238,241,242,244,246,247,248,249,250,252,253,257,259,260,262,263,268,269,270,271,272,274,275,277,280,282,283,287,288,291,293,294,295,296,298,300,302,307,308,309,310,312,318,319,320,323,324,325,328,329,331,333,334,336,337,338,339,340,341,342,343,349,350,354,355,356,358,359
OZ34,154,157,159,162,167,169,170,171,174,175,177,179,180,181,184,186,188,190,192,193,194,195,197,198,199,200,202,203,204,205,208,210,212,214,221,226,228,229,231,235,236,238,241,244,245,246,251,257,259,260,263,264,265,266,268,271,272,273,275,276,284,287,288,290,293,295,298,299,303,304,305,307,309,312,313,315,317,318,320,322,326,327,328,331,332,333,334,336,340,344,346,348,349,352,353,354,355,356,359
OZ35,143,147,153,156,157,159,164,167,168,169,171,173,176,177,180,183,184,186,188,191,192,197,201,203,204,205,209,214,216,217,223,224,225,227,229,232,233,235,236,237,239,240,241,244,245,249,253,256,257,269,270,271,272,275,276,277,278,279,281,283,284,289,290,297,307,309,311,312,315,318,319,321,330,331,332,333,334,335,340,341,343,348,350,353,358,359
OZ36,144,146,147,153,155,156,157,163,166,168,169,171,172,177,179,181,184,185,186,187,192,193,197,199,200,201,204,205,206,207,208,210,214,215,216,218,219,220,221,222,223,226,228,233,234,236,237,238,239,241,243,244,246,249,250,253,256,258,259,260,262,265,266,267,268,269,270,273,275,278,279,280,281,282,283,284,287,288,290,291,293,294,295,296,298,299,300,304,309,315,318,320,321,325,330,332,334,336,337,340,341,343,344,346,348,349,352,353,354,356,357,358
OZ37,146,153,155,156,159,162,167,169,170,173,174,178,179,180,184,185,187,190,191,192,194,195,199,201,202,203,206,214,215,216,217,219,220,221,222,223,226,229,234,235,237,239,243,244,249,253,255,256,257,262,263,264,269,270,272,274,276,277,278,279,280,281,282,289,291,293,294,296,302,304,307,312,313,317,318,320,321,325,326,329,330,331,332,333,335,336,338,339,340,341,344,350,351,352,355,356,357
OZ38,147,155,159,167,168,170,171,172,173,174,177,178,180,181,183,188,193,194,195,197,203,204,205,206,208,210,215,218,220,228,229,234,235,236,238,239,241,245,246,247,248,255,257,258,259,260,263,268,272,273,275,276,277,278,287,288,289,291,293,296,298,302,304,307,308,310,312,313,315,326,330,333,334,335,336,344,348,349,351,354,355
OZ39,153,155,156,160,164,169,177,179,181,185,186,188,189,191,194,197,198,199,204,208,209,210,211,213,214,215,217,218,220,223,224,227,228,232,235,237,238,239,241,244,246,247,248,253,255,256,257,259,260,262,264,268,269,270,273,274,275,278,286,287,288,289,292,302,303,304,305,306,309,310,313,315,316,319,321,322,324,326,328,330,331,332,333,334,341,342,343,344,348,349,350,351,352,354,355
OZ40,155,157,159,160,164,167,173,174,175,178,179,183,184,186,188,190,191,194,200,202,204,205,206,212,213,214,220,223,224,226,227,229,233,236,237,239,242,243,247,256,258,261,262,263,264,265,267,270,271,272,276,277,278,284,286,291,293,298,299,304,305,306,307,308,309,310,312,313,317,321,324,328,330,331,336,338,339,341,342,343,344,352,358
OZ41,160,163,167,171,172,173,174,181,185,187,188,194,195,197,200,201,206,209,211,213,216,217,218,219,221,222,223,225,226,228,229,232,233,236,237,240,241,242,243,251,252,256,257,258,261,262,263,264,265,267,269,272,273,275,277,278,280,281,282,290,291,293,295,296,297,302,303,305,307,311,312,313,314,317,318,319,321,323,324,325,326,327,328,329,331,333,336,338,339,342,344,350,353,358,359
OZ42,163,164,167,168,172,175,176,178,180,182,183,186,187,189,190,191,192,194,196,197,198,199,200,202,204,209,210,213,214,217,219,220,221,222,224,225,227,229,232,238,241,242,245,246,247,248,249,251,252,257,259,262,263,264,265,267,274,277,279,280,282,283,287,292,293,294,295,296,298,302,303,307,308,309,311,312,313,316,317,319,322,323,324,325,327,330,333,335,336,340,341,344,348,349,350,352,357,358
OZ43,157,159,162,164,166,168,171,172,174,175,177,179,180,181,182,183,190,191,193,194,195,197,198,199,200,202,203,206,207,209,210,211,212,215,220,223,224,226,227,234,235,237,238,239,240,241,244,246,247,256,257,258,259,262,265,266,268,273,274,275,276,282,286,287,289,290,291,292,295,297,300,303,306,307,308,311,313,315,319,320,321,322,325,326,328,329,333,337,338,339,341,342,345,346,349,352,353,356,357,359
OZ44,164,166,168,171,172,173,177,178,179,180,181,182,183,185,186,188,190,192,195,197,198,200,201,202,203,205,206,207,209,210,211,213,215,216,219,220,222,224,225,227,229,231,233,234,235,236,238,239,244,249,250,258,259,261,263,264,265,266,267,268,269,272,273,277,279,280,284,286,287,292,293,294,295,296,302,305,306,308,309,313,315,316,318,319,320,324,325,326,328,329,331,334,335,336,337,338,342,343,344,345,346,350,352,354,356,359
OZ45,166,168,169,170,173,176,179,181,185,186,190,193,194,195,196,198,199,201,202,203,204,207,209,210,212,213,214,215,216,217,218,220,221,222,228,231,233,237,238,243,244,247,249,250,256,259,262,264,268,273,274,275,278,279,280,281,282,284,286,290,292,293,294,295,296,300,309,310,311,312,314,316,317,319,320,321,322,325,326,330,332,335,336,337,338,341,342,343,344,345,348,353,354,356,358,359
OZ46,159,162,167,168,169,171,173,174,175,177,181,182,184,186,190,196,198,199,201,202,203,204,205,206,210,211,213,214,216,220,221,224,227,229,231,233,234,238,240,242,243,247,248,249,250,259,261,262,263,264,266,267,269,270,271,273,275,276,278,279,281,286,287,292,293,294,297,302,305,306,307,308,312,313,314,315,316,317,319,322,324,326,329,331,336,339,340,342,346,348,354,357
OZ47,167,169,170,171,173,178,179,181,183,184,185,187,188,189,192,193,194,196,198,201,203,204,205,206,212,216,218,224,227,228,232,235,236,239,241,242,243,245,247,251,252,257,258,261,262,263,264,266,268,269,270,271,273,274,282,284,286,289,291,293,295,298,300,305,306,307,309,310,311,312,320,323,326,327,328,331,333,336,341,343,345,346,348,350,356,357,358
OZ48,169,170,171,172,174,175,178,182,184,185,192,196,197,199,200,203,206,217,221,225,229,233,234,236,237,242,243,244,245,256,263,264,265,267,271,272,275,277,278,281,282,283,284,287,289,291,302,305,306,311,314,318,322,329,332,334,335,338,339,340,342,343,344,350,352,358
OZ49,170,171,178,182,184,185,192,193,196,197,199,200,203,206,212,217,221,225,229,233,234,236,237,242,243,244,245,250,256,263,264,265,267,271,272,275,277,278,281,282,283,287,289,291,302,305,306,311,314,318,322,329,335,338,339,340,342,343,344,350,352
OZ50,162,171,175,179,180,181,183,185,187,188,191,193,195,197,198,199,200,205,206,211,212,213,214,218,219,221,222,223,225,226,229,231,232,233,235,236,239,240,241,242,243,246,247,251,252,265,266,267,268,273,275,280,281,290,292,295,297,302,307,308,311,314,319,320,322,323,324,326,327,329,332,335,339,340,341,343,344,345,346,348,349,350,352,353,354,356
OZ51,171,172,173,174,176,178,180,182,183,185,194,195,196,197,198,200,212,216,217,221,224,229,233,235,236,237,239,240,243,244,245,247,250,256,257,258,261,264,265,270,277,278,279,281,282,284,286,287,289,290,291,293,297,298,303,308,310,311,313,314,318,319,328,329,330,332,333,335,336,338,339,340,343,344,348,352,353,359
OZ52,172,173,175,177,179,182,184,189,193,194,201,203,205,206,209,212,213,219,225,227,235,239,240,242,243,247,261,262,264,266,268,269,270,271,275,278,279,282,283,284,286,290,291,292,293,296,297,298,300,305,309,312,315,320,321,325,331,332,334,336,340,341,342,345,346,348,350,353,356,359
OZ53,173,175,177,179,182,184,189,193,194,201,203,205,209,212,213,219,221,225,227,235,239,240,242,243,247,250,261,262,264,266,268,269,270,271,275,278,279,282,283,286,290,291,292,293,296,297,298,300,305,309,312,315,320,321,325,331,332,336,340,341,342,345,346,348,350,353,356,358,359
OZ54,168,174,175,178,179,181,182,183,184,187,188,192,193,194,196,198,204,205,210,213,216,217,221,222,224,225,227,228,229,232,233,237,241,242,244,246,251,252,256,257,258,261,264,266,268,269,270,272,273,277,278,279,280,282,283,287,291,292,293,295,298,300,305,307,309,313,320,323,324,326,327,328,330,331,333,335,336,338,339,341,343,344,345,346,350,352,356,358
OZ55,175,179,180,184,187,190,191,192,195,196,197,200,202,209,214,217,218,219,220,221,223,225,226,227,228,232,233,234,235,237,238,239,241,248,249,251,252,256,257,258,259,261,263,264,265,266,275,277,278,279,280,282,283,285,286,287,289,290,294,295,298,300,306,307,308,309,316,317,323,325,327,328,330,332,333,338,339,341,342,343,346,349,352,353
OZ56,174,176,177,181,184,187,188,189,192,196,199,201,203,204,206,209,212,216,217,221,222,224,228,229,232,233,235,237,239,240,241,243,247,251,252,256,257,258,262,270,272,273,277,280,283,287,290,295,296,297,303,305,307,310,312,313,315,319,321,322,323,324,325,326,327,328,330,333,334,338,339,343,344,348,352,353,359
OZ57,178,180,181,182,183,185,187,188,191,194,195,196,198,199,202,210,211,212,213,214,216,217,218,223,225,228,229,232,235,236,237,239,244,251,252,256,257,263,264,266,268,272,273,274,277,280,281,282,285,286,289,290,293,295,307,316,319,320,321,323,324,326,327,329,333,336,338,340,342,344,345,346,353,356,357,359
OZ58,177,179,181,182,183,184,187,188,189,194,197,198,199,200,203,204,205,206,209,216,221,222,228,229,232,233,235,239,240,241,242,245,247,251,252,257,258,261,264,265,267,272,273,274,277,278,279,281,282,285,287,290,291,292,295,296,297,302,305,306,307,308,311,314,315,318,321,322,323,325,326,327,328,329,333,335,340,348,350,352,353,359
OZ59,179,180,181,185,189,190,191,192,193,198,200,201,202,206,209,211,213,214,217,218,220,223,224,225,226,229,234,237,238,240,241,243,244,245,247,248,249,250,256,257,258,259,261,262,264,265,267,268,269,271,275,277,278,279,281,286,289,292,294,296,297,298,302,305,306,308,310,317,318,319,320,324,325,328,330,331,333,334,338,339,342,345,348,349,350,352,356,357,358,359
OZ60,176,185,189,191,194,201,202,204,205,209,210,211,214,216,217,218,221,222,223,225,233,235,236,237,239,241,242,244,245,250,256,257,262,263,264,266,268,271,274,275,277,279,280,281,282,287,290,296,311,313,316,320,325,330,332,333,335,338,340,344,345,346,350,353,356,359
OZ61,180,181,182,183,190,196,199,204,210,212,216,217,220,221,225,226,229,233,235,236,237,238,239,240,241,245,247,248,249,250,256,258,259,266,269,273,275,277,279,280,284,285,287,289,290,294,297,303,305,311,313,314,317,318,326,328,330,331,334,338,342,346,348,349,352,353,357,358
OZ62,182,185,187,188,189,193,194,196,197,199,201,203,208,210,211,212,213,216,220,221,222,224,225,226,229,231,232,233,235,236,237,238,239,240,243,247,250,256,259,260,261,262,263,264,266,269,270,275,279,281,283,284,285,287,288,289,290,291,296,297,303,305,310,311,312,313,314,316,317,319,328,330,331,332,339,342,344,345,346,348,349,353
OZ63,181,183,186,187,189,190,192,195,196,197,200,203,208,209,211,212,213,214,218,219,224,228,231,232,233,234,235,237,239,240,245,247,248,249,250,256,260,264,265,266,267,268,269,271,274,280,281,283,285,288,289,290,291,293,294,296,297,300,302,303,305,306,308,310,314,317,318,319,320,324,325,328,331,334,336,339,342,343,344,346,348,349,350,353,357,359
OZ64,184,192,194,196,197,200,203,205,211,212,213,221,234,236,242,244,250,261,265,271,281,282,286,298,305,312,313,314,318,319,322,332,335,340,357,358
OZ65,183,185,186,189,190,195,197,198,199,200,201,203,205,206,208,209,219,221,222,225,229,231,234,235,237,239,241,244,247,248,249,250,251,252,256,258,260,262,264,265,266,269,272,273,274,277,280,281,283,284,287,288,289,291,293,294,295,296,298,300,303,305,306,307,309,311,313,314,318,321,323,325,326,327,329,331,334,336,339,340,342,343,344,345,346,348,349,350,352,356
OZ66,156,187,188,189,190,194,200,201,202,203,206,207,214,215,216,218,219,220,228,231,233,235,236,237,241,242,244,245,246,247,248,249,251,252,253,255,256,257,258,262,264,265,269,270,274,275,279,281,282,283,289,292,293,294,295,298,299,300,303,305,307,309,314,320,321,323,328,329,330,333,335,336,339,342,348,350,351,352,354,355,356,357,358,359
OZ67,185,188,189,191,192,196,197,198,199,200,202,203,204,205,206,209,210,212,213,214,216,217,218,221,222,223,235,236,237,239,241,245,250,256,257,261,263,265,266,268,270,277,280,283,284,286,287,290,291,292,296,298,303,311,313,314,316,318,320,324,325,332,333,334,338,340,344,345,346,352,353,356,357,358,359
OZ68,186,190,191,192,196,198,201,202,203,204,205,206,208,209,210,212,223,224,228,229,231,234,236,237,244,245,247,248,249,250,251,252,256,260,261,262,263,264,269,270,272,273,274,275,280,281,284,285,288,290,293,294,295,298,300,305,306,307,308,309,310,311,312,316,321,323,324,325,326,327,328,331,336,339,340,343,345,348,353,358,359
OZ69,188,189,191,192,193,194,195,196,200,201,202,203,205,206,210,212,213,217,219,222,223,224,228,235,236,239,243,244,249,258,262,264,265,266,271,273,275,280,281,284,287,289,290,294,298,303,310,314,324,326,328,332,338,339,340,342,343,346,349,353,356,357,358,359
OZ70,187,190,192,193,194,196,200,203,205,209,210,211,212,220,222,224,225,226,228,232,233,237,238,241,243,245,248,251,252,256,257,259,261,263,264,265,266,269,272,273,274,275,277,279,283,285,286,289,291,292,295,296,298,305,306,307,310,316,317,318,319,321,323,325,326,327,330,331,333,334,339,340,342,343,344,346,349,350,359
OZ71,191,194,197,198,199,201,202,203,205,206,210,213,216,219,223,228,236,240,245,247,257,258,262,264,266,270,271,273,274,275,280,283,284,285,287,289,292,293,297,298,306,311,312,313,318,326,328,333,334,336,340,342,343,344,346,348,349,356,357
OZ72,189,190,197,200,203,204,205,209,210,214,218,219,220,221,226,228,229,235,237,238,240,241,244,245,249,250,256,257,259,261,264,265,266,267,268,271,273,274,277,279,280,281,285,287,290,291,294,297,299,302,304,306,307,311,312,313,314,320,323,324,325,326,329,330,331,333,340,345,346,353,355,358
OZ73,192,193,194,196,197,200,201,203,206,208,210,212,214,216,217,218,219,220,221,226,231,238,239,241,243,245,247,248,251,252,259,260,262,263,265,266,267,268,272,274,275,277,279,281,283,286,288,295,296,299,302,304,306,308,314,316,320,321,327,328,329,330,331,338,339,343,344,346,348,352,355,357,358,359
OZ74,190,195,198,200,203,204,209,210,213,214,217,218,220,224,225,226,229,233,234,237,238,239,240,241,244,245,247,249,250,256,257,258,259,261,265,266,268,271,274,275,277,279,281,286,287,289,290,292,294,297,298,299,304,306,307,308,309,310,314,317,320,323,324,325,328,330,331,332,333,334,338,342,345,346,348,349,352,353,355,356,357
OZ75,194,195,197,198,199,201,209,214,216,217,218,219,228,234,237,244,256,257,258,261,262,268,270,271,273,281,284,289,292,313,318,320,325,326,328,333,334,338,342,343,345,349,350,357
OZ76,201,262,281,305,318,332,357,358
OZ77,195,199,203,206,209,213,214,216,217,218,219,224,225,228,236,237,250,256,257,258,268,270,274,280,281,284,285,286,289,308,310,311,318,320,324,325,328,329,332,333,338,342,345,349,350
OZ78,198,199,206,236,270,286,298,305,313,358
OZ79,193,197,199,202,203,204,205,209,210,211,213,214,216,217,218,219,221,224,225,226,228,229,233,234,236,237,241,243,244,247,249,250,256,257,258,261,263,264,266,267,268,269,270,271,273,274,275,277,282,283,287,289,294,302,310,311,312,316,317,318,319,320,325,326,328,329,331,332,333,334,338,339,340,342,345,346,348,349,352,357,359
OZ80,197,199,205,206,213,224,225,234,244,250,261,270,271,273,275,280,285,286,298,305,308,310,311,312,313,326,329,334,340,343,357,358
OZ81,199,211,234,236,261,275,287,298,313,319,358
OZ82,205,221,222,224,234,244,261,271,275,284,285,286,308,310,340
OZ83,196,200,204,206,208,210,211,212,213,214,217,218,220,222,224,226,228,229,231,238,239,240,241,247,248,249,250,251,252,257,259,260,263,265,266,267,268,270,271,273,277,279,285,288,289,290,293,294,295,297,299,302,304,308,309,310,312,313,314,316,317,318,319,320,321,326,328,329,330,331,333,334,336,338,342,346,348,349,353,355,356,358
OZ84,202,203,206,209,210,211,213,214,217,218,219,221,222,226,236,237,240,242,245,246,247,250,256,258,264,266,267,268,269,271,277,279,281,283,285,286,289,290,293,296,297,298,302,306,309,311,312,319,320,325,327,328,329,330,331,332,335,336,338,342,343,344,345,346,348,352,353,356
OZ85,203,204,206,209,211,214,217,218,219,221,222,224,229,234,236,237,240,242,245,246,249,256,258,264,267,268,269,271,275,277,279,282,283,284,285,289,290,291,293,294,297,298,302,306,308,309,310,312,319,320,324,325,327,328,329,330,331,332,335,336,338,339,342,343,344,345,353,356,359
OZ86,204,206,222,225,229,233,236,267,280,281,286,287,296,302,305,312,318,324,327,329,343,357
OZ87,206,211,213,222,234,261,270,275,280,286,287,305,311,312,319,357
OZ88,211,216,217,222,225,233,240,241,242,244,245,246,249,257,258,261,263,264,269,274,279,280,282,287,289,291,292,293,294,296,297,298,306,309,312,316,319,324,328,330,331,332,333,335,336,338,339,342,344,356,359
OZ89,207,213,215,216,221,224,231,234,236,240,241,242,249,257,261,263,267,269,270,271,274,275,277,279,280,281,284,285,287,290,293,294,296,297,298,300,302,305,306,308,310,313,316,317,324,329,330,331,333,335,336,343,352,353,354,357,358
OZ90,213,216,217,219,225,233,240,241,242,244,245,246,249,258,263,269,270,274,279,282,289,292,293,294,296,297,298,305,306,311,313,316,317,324,328,330,331,332,335,336,338,339,342,344,350,357,358,359
OZ91,216,219,221,222,234,240,241,242,246,249,250,258,261,263,267,269,271,274,275,279,280,282,286,287,289,293,294,296,297,302,306,312,316,317,324,328,329,330,331,332,335,336,339,342,343,344,349,350,352,359
OZ92,219,246,257,258,277,289,290,313,328,332,333,342,350,353,358
OZ93,241,246,257,258,263,283,289,309,313,316,317,328,332,333,342,350,356,358
OZ94,200,209,210,214,218,222,226,234,237,238,240,244,249,256,259,261,263,265,266,267,268,269,271,272,275,279,281,283,284,285,286,289,292,294,296,297,302,306,309,311,312,313,316,320,324,325,327,329,330,331,332,334,342,343,345,346,350,352,356,358
OZ95,210,222,225,226,228,236,245,246,257,269,277,280,281,286,287,290,296,305,309,312,313,318,324,327,329,331,333,352,353,356,357,358
OZ96,221,224,234,250,264,275,283,284,286,291,293,310,336,350
OZ97,217,224,225,233,234,236,244,245,246,258,261,267,271,275,277,283,284,289,290,292,293,302,309,310,313,317,328,329,332,336,338,342,343,349,350,352,353,356,358
OZ98,222,224,228,233,242,244,245,257,258,269,271,274,279,280,281,283,284,287,289,292,293,296,305,310,312,317,318,324,328,329,330,331,332,333,335,336,342,350,357
OZ99,225,228,234,236,244,245,250,257,258,261,269,271,275,280,283,285,287,289,292,293,296,308,317,328,329,331,332,333,336,342,350,352
OZ100,246,277,290,309,317,353,356
OZ101,244,250,261,264,271,280,283,285,287,291,292,293,308,313,336,350,358
OZ102,209,212,214,218,228,233,240,245,249,257,258,261,264,267,268,280,281,282,285,287,289,291,294,297,302,305,307,309,313,317,318,320,325,328,333,339,342,343,344,345,349,352,356,357,358,359
OZ103,224,250,258,261,264,266,280,281,282,284,285,287,289,291,308,310,311,328,332,339,342,344,346,349,359
OZ104,263,283,316,350
OZ105,212,237,238,250,256,259,261,264,266,280,281,282,283,284,285,287,291,293,306,307,308,311,332,334,336,339,344,346,349,350,359
OZ106,261,266,281,282,291,311,339,346,359
OZ107,250,257,264,271,280,283,285,287,293,308,313,333,336,344,349,350,358
OZ108,234,236,249,258,264,266,270,275,280,282,285,287,289,291,294,298,318,328,332,339,342,344,346,349,359
OZ109,249,258,264,266,280,285,287,289,294,305,311,318,328,332,342,344,346,349,357
OZ110,258,266,280,281,282,283,285,287,289,293,311,328,332,336,339,342,344,346,349,350,359
OZ111,266,281,282,311,339,344,346,349,359
OZ112,233,267,279,302,329,343,352
OZ113,281,305,318,357
OZ114,208,220,227,231,237,238,239,247,248,256,257,259,260,264,268,271,272,280,282,283,284,285,287,288,293,295,296,299,300,304,305,306,307,311,313,314,318,320,323,328,331,333,334,336,339,348,350,352,357,358,359
OZ115,228,237,240,245,251,252,256,279,297,306,307,314,323,329,355
OZ116,214,218,227,238,248,259,271,284,295,304,307,309,314,317,323,334,355,356
OZ117,239,247,296,299,331,348,352
OZ118,220,227,237,238,248,256,257,259,268,271,272,284,289,295,304,306,307,313,314,320,323,332,333,334,342,358
OZ119,237,256,306,355
OZ120,240,251,252,297,307,314,323
OZ121,238,248,257,259,264,271,280,282,283,284,285,287,293,295,300,304,305,307,311,313,314,318,321,323,333,334,336,339,350,355,357,358,359
