X0,0,8,16,27,35,43
X1,1,9,17,26,34,42
X2,2,15,20,31,32,45
X3,3,14,21,30,33,44
X4,4,10,23,29,39,40
X5,5,11,22,28,38,41
X6,6,13,19,25,36,46
X7,7,12,18,24,37,47
X8,0,13,23,28,34,47
X9,1,12,22,29,35,46
X10,4,14,17,27,38,45
X11,5,15,16,26,39,44
X12,7,8,21,31,36,42
X13,2,10,18,25,33,41
X14,6,9,20,30,37,43
OX0,20,21,22,23,28,29,30,31,32,33,38,39,42,43,46,47
OX1,32,33,34,35,36,37,38,39,40,41,42,43,44,45,46,47
OX2,18,19,24,25,26,27,28,29,30,31,33,34,37,38,41,43,44,47
OX3,17,19,22,23,24,25,26,27,28,29,30,31,33,37,43,44
OX4,24,25,26,27,36,37,38,39,44,45,46,47
OX5,13,15,21,22,25,26,27,28,30,31,33,34,36,37,43,45
OX6,22,23,28,29,30,31,33,35,37,39,41,43,44,47
OX7,21,23,33,34,35,37,41,44,45,47
OX8,28,29,30,31,36,37,38,39,40,41,42,43
OX9,19,25,29,31,34,37,38,39,40,41,42,46
OX10,26,27,33,35,36,38,41,42,44,46
OX11,25,27,30,31,33,34,35,36,38,39,42,44
OX12,34,35,36,37,40,41,44,45
OX13,23,29,30,31,37,38,41,42
OX14,30,31,33,35,36,38,40,42,44,47
OX15,29,31,33,37,41,47
OX16,15,27,31,33,35,36,38,42,44,46
OX17,27,31,35,36,44,47
Z0,0,11,20,28,32,43
Z1,1,10,21,29,33,42
Z2,2,13,17,25,34,45
Z3,3,12,16,24,35,44
Z4,4,8,19,27,36,40
Z5,5,9,18,26,37,41
Z6,6,14,22,30,38,46
Z7,7,15,23,31,39,47
Z8,4,12,20,29,37,45
Z9,5,13,21,28,36,44
Z10,6,10,16,25,39,43
Z11,7,11,17,24,38,42
Z12,2,8,22,31,35,41
Z13,0,14,18,27,33,47
Z14,3,9,23,30,34,40
OZ0,20,21,22,23,28,29,30,31,32,33,38,39,40,41,44,45
OZ1,32,33,34,35,36,37,38,39,40,41,42,43,44,45,46,47
OZ2,18,19,24,25,26,27,28,29,30,31,33,35,37,39,41,42,45,47
OZ3,17,19,22,23,24,25,26,27,34,36,37,39,41,42,43,46
OZ4,24,25,26,27,36,37,38,39,40,41,42,43
OZ5,13,15,21,22,27,28,29,31,33,34,36,37,38,39,41,42,43,47
OZ6,22,23,28,29,30,31,33,34,37,38,41,42,45,47
OZ7,21,23,35,36,37,39,43,44,46,47
OZ8,28,29,30,31,36,37,38,39,44,45,46,47
OZ9,19,25,29,30,33,34,36,37,40,42,46,47
OZ10,26,27,33,35,36,38,41,42,44,46
OZ11,25,27,30,31,33,34,35,37,42,45,46,47
OZ12,34,35,36,37,42,43,46,47
OZ13,23,29,30,31,33,36,37,38,41,45,46,47
OZ14,30,31,33,35,36,38,41,43,45,46
OZ15,29,31,33,36,38,39,41,44,45,46
OZ16,15,27,31,33,35,36,38,41,44,46
OZ17,27,31,35,36,45,46
