X0,0,3,4,17,20,41
X1,1,8,9,32,36,49
X2,2,8,16,20,28,30
X3,0,27,29,31,46,49
X4,4,7,13,23,32,35
X5,5,11,12,21,34,45
X6,6,7,15,24,33,45
X7,3,15,36,48,50,53
X8,2,18,21,29,39,47
X9,9,17,39,42,43,52
X10,10,25,33,37,40,47
X11,11,25,27,28,43,51
X12,10,12,22,30,31,42
X13,13,14,34,37,38,48
X14,6,18,22,26,38,51
X15,16,35,44,46,52,53
X16,5,19,23,26,40,50
OX0,18,20,22,24,25,26,27,28,29,30,31,35,36,37,38,40,44,45,47,48,49,50,51,52
OX1,15,17,22,27,29,30,32,39,43,46,48,50,52,53
OX2,20,23,25,33,34,36,38,39,40,41,42,43,44,46,47,48,49,53
OX3,23,25,27,30,32,41,43,44,46,51,52,53
OX4,17,21,22,25,28,30,34,35,36,37,38,39,42,43,44,47,49,50,51,52
OX5,21,22,24,27,30,32,35,41,43,47,48,50
OX6,22,24,25,27,28,30,31,33,34,35,37,38,41,42,43,44,45,46,48,51,52,53
OX7,24,25,28,31,32,35,36,37,38,39,41,43,44,45,46,47,49,50,51,53
OX8,25,35,38,40,44,46,47,48,52,53
OX9,27,29,30,32,36,38,39,41,43,46,51,52
OX10,28,29,33,34,35,38,40,42,44,49,50,51,52,53
OX11,29,31,32,33,34,36,37,39,42,44,45,46,47,50,51,52
OX12,35,39,46,47,52,53
OX13,30,32,36,39,41,43,49,52
OX14,33,34,39,42,46,47,52,53
OX15,32,36,37,44,49,50,51,52
OX16,31,36,38,45,48,50,51,52
OX17,36,39,48,52
OX18,39,44,50,51
OX19,38,44,48,52
Z0,0,4,7,12,31,45
Z1,1,9,12,14,34,42
Z2,2,7,16,33,35,47
Z3,0,3,26,27,50,51
Z4,4,20,23,25,28,40
Z5,5,11,17,19,41,43
Z6,6,20,22,24,30,41
Z7,3,10,15,17,33,42
Z8,8,10,13,30,32,37
Z9,9,36,39,40,47,50
Z10,11,13,27,34,35,46
Z11,5,21,23,29,32,49
Z12,14,16,28,38,44,51
Z13,6,15,18,29,46,53
Z14,21,24,39,44,45,52
Z15,22,31,36,38,48,49
Z16,1,2,8,18,19,26
OZ0,12,18,20,24,26,27,29,30,36,38,41,45,46,48,49,50,51,53
OZ1,18,19,26,28,30,32,35,36,37,38,39,40,42,44,50,51
OZ2,10,16,26,27,29,30,31,32,33,34,35,36,37,39,40,42,45,46,51,53
OZ3,16,19,20,23,24,26,31,32,33,39,41,42,43,44,47,49,50,51,52,53
OZ4,19,23,28,29,30,35,36,37,38,39,40,42,44,49,50,51
OZ5,20,26,27,29,30,31,39,41,44,46,50,51,52,53
OZ6,17,29,33,34,36,37,40,41,44,45,47,49,50,52
OZ7,23,27,28,30,35,37,40,42,46,48,52,53
OZ8,24,27,28,29,30,33,36,38,39,40,42,43,44,46,48,49,50,51,52,53
OZ9,26,28,30,32,33,34,35,38,39,42,43,45,46,47,49,50,52,53
OZ10,27,33,34,38,39,45,46,47,51,52
OZ11,28,30,32,35,42,43,46,49
OZ12,31,32,33,34,35,36,37,39,40,42,45,46,47,50
OZ13,36,37,38,40,43,46,49,50,51,52
OZ14,33,34,37,45
OZ15,32,35,46,49
OZ16,29,38,39,43,46,48,51,53
OZ17,37,38,40,43,50,51,52,53
OZ18,39,40,47,50,52,53
OZ19,38,43,48,51,52,53
