X0,0,4,14,49,50,53
X1,1,17,37,38,48,50
X2,2,8,20,41,43,46
X3,3,9,11,15,27,36
X4,0,5,28,31,40,45
X5,5,21,22,34,39,48
X6,6,19,32,34,44,53
X7,6,7,18,35,37,40
X8,8,13,26,28,30,36
X9,9,24,31,43,47,52
X10,10,13,14,21,24,35
X11,11,17,20,29,42,44
X12,12,16,30,33,42,47
X13,2,3,16,32,38,51
X14,4,18,25,26,39,52
X15,1,12,15,19,23,41
X16,7,22,23,29,49,51
OX0,17,19,20,21,24,27,28,29,30,32,33,34,36,37,39,40,42,45,46,49,50,52
OX1,16,25,27,28,29,30,31,37,38,40,41,43,44,47,48,50
OX2,19,20,29,32,34,35,37,40,42,53
OX3,22,24,25,30,31,32,36,37,44,45,48,49,50,52
OX4,20,23,25,29,30,31,35,36,38,39,42,43,44,45,46,48,50,52
OX5,23,28,38,45,46,47,48,49,52,53
OX6,21,24,28,34,39,40,41,43,45,47,48,52
OX7,24,25,26,28,29,31,32,35,37,41,44,45,48,50,51,52
OX8,27,32,33,34,35,37,40,41,44,45,46,53
OX9,28,29,30,31,35,36,37,40,42,43,44,47,49,50,52,53
OX10,33,34,37,40,43,45,48,52
OX11,36,38,41,45,46,47,48,49,52,53
OX12,37,40,42,44
OX13,30,31,32,38,39,40,41,44,50,53
OX14,25,29,32,35,42,43,44,46
OX15,29,32,35,39,41,43,44,45,48,53
OX16,39,45,46,48
OX17,41,44,46,53
OX18,38,40,44,47
OX19,44,45,47,48
Z0,0,8,19,28,41,53
Z1,1,4,12,26,30,50
Z2,2,7,8,18,26,51
Z3,3,9,21,22,24,51
Z4,4,20,29,43,49,52
Z5,2,5,31,32,34,43
Z6,6,13,16,30,32,35
Z7,7,10,11,27,29,35
Z8,0,9,11,17,31,50
Z9,3,28,36,37,38,40
Z10,10,12,19,21,33,34
Z11,13,14,15,23,36,49
Z12,14,24,42,44,47,53
Z13,1,5,15,27,45,48
Z14,6,20,40,44,45,46
Z15,17,18,25,33,37,42
Z16,22,23,25,39,41,46
OZ0,12,20,23,24,28,30,32,35,37,38,42,45,46,47,49,53
OZ1,11,18,20,25,26,28,29,30,33,36,39,40,42,43,47,48,49,50
OZ2,18,21,24,25,27,28,29,32,34,36,39,40,44,48,50,51,52,53
OZ3,20,21,24,29,31,33,38,39,42,43,44,45,50,51,52,53
OZ4,23,25,27,28,31,36,37,38,39,40,41,42,44,45,46,47,48,50,51,53
OZ5,19,21,24,26,27,31,32,33,34,36,37,39,40,41,43,47,48,49,51,53
OZ6,21,24,26,28,31,33,37,39,40,42,44,45,50,53
OZ7,24,26,29,30,32,35,38,39,40,42,43,45,46,48,49,53
OZ8,32,37,38,39,40,43,45,46,48,50,52,53
OZ9,25,33,38,39,42,44,48,49,51,53
OZ10,26,27,28,30,31,33,36,52
OZ11,33,34,38,43,46,47,48,49,51,53
OZ12,31,37,38,40,42,44,47,49,51,53
OZ13,27,28,34,36,37,38,39,40,43,46,49,51,52,53
OZ14,28,30,37,39,40,47,48,52
OZ15,29,38,39,42,47,48,51,52
OZ16,38,49,50,51
OZ17,34,37,40,42,43,44,45,46,47,48
OZ18,37,39,40,43,45,46,48,52
OZ19,39,42,44,47,48,50,52,53
