X0,0,1,2,3,24,25,26,27
X1,0,4,8,12,16,20,24,28,32,36,42,44
X2,1,5,9,13,17,21,25,29,33,37,43,45
X3,2,6,10,12,16,20,24,28,32,38,40,46
X4,4,5,6,7,28,29,30,31
X5,8,9,10,11,32,33,34,35
X6,12,13,14,15,36,37,38,39
X7,0,4,8,14,18,22,26,30,34,36,42,44
X8,2,6,10,15,19,23,27,31,35,38,40,46
X9,16,17,18,19,40,41,42,43
X10,20,21,22,23,44,45,46,47
X11,1,5,9,15,19,23,27,31,35,37,43,45
OX0,10,11,32,33,34,35,36,37,42,43,44,45
OX1,9,11,32,33,34,35,36,38,40,42,44,46
OX2,32,33,34,35,36,37,38,39,40,41,42,43,44,45,46,47
OX3,6,7,28,29,30,31,36,37,42,43,44,45
OX4,5,7,28,29,30,31,36,38,40,42,44,46
OX5,28,29,30,31,36,37,38,39,40,41,42,43,44,45,46,47
OX6,40,41,42,43,44,45,46,47
OX7,22,23,26,27,30,31,34,35,36,37,38,39,44,45,46,47
OX8,21,23,25,27,29,31,33,35,36,37,38,39,44,45,46,47
OX9,36,37,38,39,44,45,46,47
OX10,18,19,26,27,30,31,34,35
OX11,17,19,25,27,29,31,33,35
OX12,30,31,34,35
OX13,29,31,33,35
OX14,11,15,19,23,25,26,33,34,35,39,41,47
OX15,26,27,34,35
OX16,25,27,33,35
OX17,7,15,19,23,31,39,41,47
OX18,19,23,42,44
OX19,42,43,44,45
OX20,41,43,45,47
OX21,15,23,38,46
OX22,38,39,46,47
OX23,37,39,45,47
Z0,0,1,2,3,24,25,26,27
Z1,0,4,8,12,16,20,24,28,32,36,42,44
Z2,1,5,9,13,17,21,25,29,33,37,43,45
Z3,2,6,10,12,16,20,24,28,32,38,40,46
Z4,4,5,6,7,28,29,30,31
Z5,8,9,10,11,32,33,34,35
Z6,12,13,14,15,36,37,38,39
Z7,0,4,8,14,18,22,26,30,34,36,42,44
Z8,2,6,10,15,19,23,27,31,35,38,40,46
Z9,16,17,18,19,40,41,42,43
Z10,20,21,22,23,44,45,46,47
Z11,1,5,9,15,19,23,27,31,35,37,43,45
OZ0,10,11,32,33,34,35,36,37,42,43,44,45
OZ1,9,11,32,33,34,35,36,38,40,42,44,46
OZ2,32,33,34,35,36,37,38,39,40,41,42,43,44,45,46,47
OZ3,6,7,28,29,30,31,36,37,42,43,44,45
OZ4,5,7,28,29,30,31,36,38,40,42,44,46
OZ5,28,29,30,31,36,37,38,39,40,41,42,43,44,45,46,47
OZ6,40,41,42,43,44,45,46,47
OZ7,22,23,26,27,30,31,34,35,36,37,38,39,44,45,46,47
OZ8,21,23,25,27,29,31,33,35,36,37,38,39,44,45,46,47
OZ9,36,37,38,39,44,45,46,47
OZ10,18,19,26,27,30,31,34,35
OZ11,17,19,25,27,29,31,33,35
OZ12,30,31,34,35
OZ13,29,31,33,35
OZ14,11,15,19,23,25,26,33,34,35,39,41,47
OZ15,26,27,34,35
OZ16,25,27,33,35
OZ17,7,15,19,23,31,39,41,47
OZ18,19,23,42,44
OZ19,42,43,44,45
OZ20,41,43,45,47
OZ21,15,23,38,46
OZ22,38,39,46,47
OZ23,37,39,45,47
