X0,0,6,8,24,28,62
X1,1,7,9,25,29,63
X2,2,12,14,36,40,86
X3,3,13,15,37,41,87
X4,4,18,20,48,53,112
X5,5,19,21,49,52,113
X6,0,8,12,26,34,36,64,67,80,132
X7,1,9,13,27,35,37,65,66,81,133
X8,0,2,4,6,10,12,16,18,30,42
X9,1,3,5,7,11,13,17,19,31,43
X10,10,30,32,74,78,144
X11,11,31,33,75,79,145
X12,2,14,30,38,72,74,88,91,142,160
X13,3,15,31,39,73,75,89,90,143,161
X14,8,28,67,70,73,75,130,138,145,197
X15,9,29,66,71,72,74,131,139,144,196
X16,16,42,44,98,103,170
X17,17,43,45,99,102,171
X18,4,6,20,22,24,50,54,56,83,118
X19,5,7,21,23,25,51,55,57,82,119
X20,14,40,91,94,97,99,158,166,171,185
X21,15,41,90,95,96,98,159,167,170,184
X22,22,56,58,101,122,172
X23,23,57,59,100,123,173
X24,20,35,37,53,83,85,87,117,155,183
X25,21,34,36,52,82,84,86,116,154,182
X26,26,67,68,73,137,143
X27,27,66,69,72,136,142
X28,16,18,44,46,48,59,100,104,107,174
X29,17,19,45,47,49,58,101,105,106,175
X30,10,32,42,76,96,98,109,146,169,210
X31,11,33,43,77,97,99,108,147,168,211
X32,22,24,45,58,60,62,102,124,126,194
X33,23,25,44,59,61,63,103,125,127,195
X34,34,51,80,82,115,152
X35,35,50,81,83,114,153
X36,32,47,49,78,109,110,113,141,150,208
X37,38,91,92,97,165,168
X38,39,90,93,96,164,169
X39,28,60,62,121,128,130,192,198,200,228
X40,29,61,63,120,129,131,193,199,201,229
X41,46,77,107,108,149,178
X42,47,76,106,109,148,179
X43,33,46,48,79,108,111,112,140,151,209
X44,50,114,118,147,165,168,186,188,212,220
X45,41,85,87,134,157,159,191,205,215,235
X46,40,84,86,135,156,158,190,204,214,234
X47,54,118,120,188,193,226
X48,55,119,121,189,192,227
X49,39,54,56,93,120,122,129,161,190,214
X50,38,55,57,92,121,123,128,160,191,215
X51,52,110,113,177,181,182,186,188,225,226
X52,60,95,126,128,159,191
X53,61,94,127,129,158,190
X54,64,132,134,199,205,229
X55,65,133,135,198,204,228
X56,27,69,104,107,133,177,178,181,198,200
X57,26,68,105,106,132,176,179,180,199,201
X58,53,111,112,176,180,183,187,189,224,227
X59,68,92,114,123,137,148,153,165,173,179
X60,70,110,130,141,181,200
X61,71,111,131,140,180,201
X62,51,115,119,146,164,169,187,189,213,221
X63,64,77,80,134,149,152,157,202,211,230
X64,69,93,115,122,136,149,152,164,172,178
X65,78,139,144,163,202,206,208,218,230,238
X66,84,151,154,156,203,209
X67,85,150,155,157,202,208
X68,88,160,162,215,219,235
X69,89,161,163,214,218,234
X70,70,94,117,125,127,141,150,155,185,197
X71,71,95,116,124,126,140,151,154,184,196
X72,65,76,81,135,148,153,156,203,210,231
X73,88,101,136,142,162,172,175,207,217,222
X74,79,138,145,162,203,207,209,219,231,239
X75,102,166,171,194,213,216,221,223,233,236
X76,104,174,177,223,225,236
X77,105,175,176,222,224,237
X78,116,167,182,184,186,220
X79,117,166,183,185,187,221
X80,124,139,194,196,206,216
X81,125,138,195,197,207,217
X82,146,210,213,231,233,239
X83,147,211,212,230,232,238
X84,89,100,137,143,163,173,174,206,216,223
X85,103,167,170,195,212,217,220,222,232,237
OX0,80,81,82,83,92,93,96,97,108,109,110,111,118,119,120,121,122,123,130,131,132,133,138,139,148,149,150,151,154,155,156,157,162,163,166,167,172,173,176,177,180,181,186,187,188,189,200,201,206,207,208,209,212,213,214,215,222,223,226,227,228,229,230,231,232,233,238,239
OX1,59,72,81,82,92,96,97,109,115,119,121,123,133,135,137,139,142,143,148,151,153,154,156,158,161,162,163,164,165,167,168,174,187,190,193,195,198,202,204,205,208,209,212,213,215,216,217,218,220,221,222,223,224,225,226,229,230,231,233,234,236,239
OX2,92,93,96,97,114,115,130,131,138,139,148,149,150,151,152,153,154,155,162,163,164,165,166,167,168,169,176,177,178,179,182,183,186,187,198,199,200,201,202,203,206,207,208,209,212,213,214,215,218,219,220,221,224,225,228,229,230,231,232,233,234,235,238,239
OX3,73,93,96,111,134,138,143,150,155,159,162,163,164,169,176,180,183,187,189,191,202,203,205,207,208,209,214,215,218,219,224,227,231,234,235,239
OX4,72,93,96,110,114,115,130,131,135,138,142,148,149,150,152,153,155,158,164,166,167,169,176,178,179,181,183,187,188,190,198,199,200,201,204,207,212,213,220,221,224,226,228,229,231,232,233,239
OX5,44,45,74,75,82,83,98,99,108,109,114,115,118,119,120,121,122,123,126,127,130,131,144,145,154,155,156,157,158,159,160,161,166,167,172,173,174,175,178,179,180,181,184,185,188,189,193,196,197,202,203,205,206,207,208,209,212,213,214,215,218,222,223,224,227,229,233,234,237,238
OX6,49,81,98,106,111,113,127,129,130,133,139,140,141,153,155,156,158,166,170,179,180,181,183,187,190,195,196,197,198,200,201,203,204,208,210,221,228,231
OX7,48,81,82,83,99,107,108,109,111,112,114,115,118,119,120,121,122,123,126,128,131,133,138,140,141,153,154,156,159,164,165,167,168,169,171,172,173,179,183,186,188,189,191,194,196,197,198,200,201,203,205,209,211,218,219,221,222,223,224,225,226,227,229,230,234,235
OX8,81,96,109,110,120,130,131,133,138,139,148,150,153,155,156,158,163,166,167,169,181,183,187,190,193,198,199,200,201,202,203,204,206,207,208,210,212,213,218,220,221,222,228,229,230,232,233,237,238,239
OX9,82,83,96,97,114,115,118,119,122,123,148,149,150,151,154,155,158,159,162,163,164,165,172,173,178,179,186,187,188,189,190,191,198,199,202,203,208,209,210,211,218,219,220,221,228,229,230,231,232,233,238,239
OX10,37,45,87,90,109,115,120,121,123,126,128,129,130,133,136,139,140,141,142,148,149,152,154,155,156,157,158,159,160,161,163,164,165,166,168,171,173,175,177,178,180,182,183,185,189,191,193,196,197,198,199,203,205,206,209,210,211,212,214,215,216,217,220,221,224,232,233,234,236,238
OX11,74,75,106,107,110,111,114,115,120,121,122,123,126,127,130,131,144,145,148,149,152,153,154,155,156,157,158,159,160,161,164,165,168,169,172,173,174,175,176,177,182,183,184,185,188,189,193,194,195,196,197,202,203,205,206,207,208,209,210,211,214,215,216,217,218,225,226,229,230,231,233,234,236,239
OX12,75,91,97,99,106,107,110,111,115,121,123,126,131,138,141,145,149,151,152,154,157,159,160,161,164,165,167,168,169,171,173,174,175,177,179,181,182,186,187,189,194,196,197,200,202,205,206,210,211,214,215,216,218,220,221,222,224,225,229,230,231,233,234,236,237,239
OX13,90,91,96,97,98,99,106,107,110,111,138,139,140,141,150,151,160,161,164,165,166,167,168,169,170,171,174,175,178,179,180,181,184,185,193,196,197,200,201,204,208,209,210,211,214,215,219,222,223,225,226,228,230,231,232,235,236,238
OX14,83,93,96,114,118,120,134,150,155,159,164,165,168,169,186,191,193,202,205,208,211,215,220,226,230,232,235,238
OX15,96,97,114,115,120,121,122,123,130,131,134,135,138,139,150,151,152,153,154,155,166,167,168,169,172,173,176,177,182,183,186,187,188,189,200,201,202,203,206,207,208,209,212,213,218,219,220,221,228,229,230,231,234,235,236,237
OX16,45,91,98,107,109,111,114,122,128,129,134,135,137,138,139,140,141,143,148,149,150,153,154,156,157,158,160,161,163,164,167,168,169,170,171,172,174,175,176,181,182,184,185,187,188,191,193,194,196,197,199,202,205,206,207,208,210,211,213,214,215,217,218,219,220,223,224,225,228,229,230,231,232,233,235,236,237,238
OX17,98,99,106,107,110,111,136,137,138,139,140,141,142,143,150,151,160,161,166,167,170,171,174,175,178,179,180,181,184,185,193,196,197,200,201,204,208,209,210,211,214,215,219,222,223,225,226,228,230,231,232,235,236,238
OX18,91,97,106,107,114,120,122,129,137,143,148,153,156,160,161,164,169,172,174,175,176,178,181,186,188,190,200,203,204,207,210,211,214,215,217,219,220,223,224,225,228,230,231,232,235,236,237,238
OX19,114,115,120,121,122,123,128,129,148,149,152,153,156,157,172,173,176,177,178,179,180,181,186,187,188,189,190,191,200,201,202,203,204,205,206,207,216,217,218,219,220,221,222,223,228,229,232,233,234,235,238,239
OX20,93,122,148,164,172,176,179,213,222,224,231,233,237,239
OX21,120,121,134,135,162,163,176,177,188,189,198,199,212,213,214,215,222,223,230,231
OX22,115,123,128,129,134,135,152,156,157,162,173,176,177,180,181,186,187,190,191,198,199,200,201,202,203,204,205,206,207,213,215,216,217,219,220,221,222,223,224,225,228,229,231,233,235,236,237,239
OX23,128,129,134,135,148,149,156,157,178,179,180,181,186,187,190,191,198,199,200,201,202,203,204,205,206,207,216,217,220,221,228,229
OX24,121,148,162,176,179,189,193,204,205,213,215,218,222,225,226,228,229,231,232,234,236,238
OX25,134,135,148,149,178,179,198,199,204,205,228,229
OX26,127,129,130,138,139,140,148,149,151,154,155,159,162,167,176,177,178,179,182,183,186,187,188,189,191,195,196,198,199,200,201,202,207,212,214,215,217,219,220,222,224,225,226,227,228,229,231,232,234,235,237,239
OX27,126,129,131,138,139,141,148,149,150,154,155,156,157,158,163,166,176,177,178,179,180,181,182,183,188,189,191,194,197,198,199,202,207,213,214,215,217,218,220,223,224,225,226,227,228,229,230,233,234,235,236,238
OX28,97,106,109,110,129,136,137,142,143,148,149,151,154,158,160,161,164,165,169,175,177,178,179,181,182,188,193,198,203,207,209,211,212,215,217,219,220,222,225,228,234,235
OX29,106,107,108,109,110,111,130,131,138,139,156,157,158,159,166,167,174,175,176,177,188,189,190,191,202,203,204,205,206,207,210,211,214,215,220,221,226,227,228,229,230,231,234,235
OX30,99,111,129,141,148,149,154,156,158,159,162,171,176,177,178,179,180,181,182,184,185,186,188,189,191,193,198,199,202,203,208,209,211,212,214,215,219,220,221,222,224,225,227,228,229,230,231,234,235,237,238,239
OX31,108,109,110,111,130,131,136,137,142,143,150,151,154,155,156,157,158,159,160,161,162,163,176,177,178,179,182,183,184,185,188,189,190,191,193,196,197,204,208,209,210,211,212,213,216,217,219,224,227,228,233,235,236,239
OX32,129,137,143,161,165,168,186,190,193,211,214,220,226,230,232,238
OX33,136,137,142,143,156,157,160,161,164,165,168,169,180,181,200,201,202,203,204,205,206,207,210,211,214,215,216,217,218,219,224,225,228,229,230,231,234,235,236,237
OX34,111,130,135,138,149,150,155,178,180,183,187,199,200,202,203,204,207,208,209,213,222,229,233,237
OX35,110,131,135,139,149,151,154,178,181,182,186,199,201,202,203,204,206,208,209,212,223,229,232,236
OX36,107,109,123,130,137,139,143,148,158,159,161,162,163,164,169,173,174,178,184,185,186,187,188,190,191,193,196,197,198,200,202,205,206,207,208,213,216,223,224,228,229,230,231,232,233,235,237,239
OX37,122,123,130,131,138,139,148,149,150,151,154,155,158,159,166,167,172,173,176,177,178,179,182,183,186,187,190,191,198,199,200,201,202,203,206,207,208,209,220,221,224,225,228,229
OX38,137,138,140,141,143,148,149,155,156,158,159,161,163,165,168,176,177,178,179,181,183,184,185,187,188,189,190,191,193,197,198,199,201,206,208,209,211,213,215,216,218,220,221,223,224,225,227,228,229,232,233,234,235,236
OX39,138,139,154,155,162,163,182,183,186,187,196,197,202,203,212,213,218,219,222,223,230,231,232,233,236,237,238,239
OX40,109,123,131,140,141,148,154,155,158,159,162,163,165,166,168,173,180,182,183,184,188,190,191,196,198,200,201,202,204,206,209,210,211,212,214,219,222,223,225,226,232,237,238,239
OX41,150,151,154,155,162,163,180,181,182,183,193,200,201,202,203,204,208,209,212,213,219,220,221,222,223,225,226,228,230,231,233,234,237,239
OX42,123,135,148,162,173,176,177,179,198,204,215,219,222,223,224,225,228,235,236,237
OX43,130,131,148,149,154,155,158,159,162,163,166,167,176,177,178,179,180,181,182,183,190,191,193,196,197,198,199,202,203,204,206,207,214,215,219,224,226,229,232,235,236,238
OX44,131,139,149,158,162,166,177,178,180,181,186,187,189,190,193,199,200,204,206,214,218,219,220,222,223,226,227,228,229,230,232,237
OX45,162,163,180,181,186,187,188,189,193,200,201,204,212,213,219,220,221,222,223,225,227,228,233,234,237,238
OX46,151,154,163,180,181,182,187,188,189,193,200,201,203,204,209,213,220,221,223,225,227,228,231,232,233,234,238,239
OX47,180,181,186,187,193,200,201,204,218,220,221,225,226,228,232,234,236,238
OX48,154,163,167,181,182,184,187,188,189,193,200,203,204,205,213,219,220,221,223,224,225,227,228,229,231,232,233,234,235,237,238,239
OX49,155,163,166,181,183,185,187,200,202,204,213,223,225,228,230,233,234,238
OX50,135,139,140,148,158,159,163,166,167,177,179,186,189,190,191,193,196,198,201,203,204,209,212,214,215,218,221,223,225,226,227,228,231,234,235,236,238,239
OX51,140,141,166,167,176,177,184,185,193,200,201,202,203,204,208,209,218,224,226,228,230,231,232,234,236,239
OX52,148,159,163,167,176,177,179,191,198,212,215,218,220,223,224,225,228,231,232,235,236,239
OX53,149,158,163,166,176,177,178,188,189,190,199,212,214,218,221,223,224,225,226,227,229,230,232,234,236,238
OX54,163,177,198,218,223,225,228,236
OX55,176,177,188,189,198,199,212,213,224,225,226,227,228,229,232,233
OX56,181,200,204,206,216,218,225,228,234,236
OX57,186,187,193,205,206,207,216,217,219,220,221,224,226,229,232,235,237,238
OX58,139,157,167,184,196,202,207,217,219,235
OX59,156,157,202,203,218,219,234,235
OX60,157,187,202,206,207,216,217,219,221,224,235,237
OX61,193,205,206,207,216,217,219,225,226,229,232,235,236,238
OX62,141,159,166,167,177,185,191,200,202,204,206,208,212,215,216,218,220,225,228,230,232,234,235,238
OX63,158,159,166,167,190,191,212,213,214,215,220,221,232,233,234,235
OX64,159,167,188,191,215,220,226,235
OX65,188,189,212,213,226,227,232,233
OX66,187,206,216,221,224,232,237,238
OX67,206,207,216,217,232,233,238,239
OX68,177,198,225,228
OX69,189,213,227,233
Z0,0,6,8,24,28,62
Z1,1,7,9,25,29,63
Z2,2,12,14,36,40,86
Z3,3,13,15,37,41,87
Z4,4,18,20,48,53,112
Z5,5,19,21,49,52,113
Z6,0,8,12,26,34,36,64,67,80,132
Z7,1,9,13,27,35,37,65,66,81,133
Z8,0,2,4,6,10,12,16,18,30,42
Z9,1,3,5,7,11,13,17,19,31,43
Z10,10,30,32,74,78,144
Z11,11,31,33,75,79,145
Z12,2,14,30,38,72,74,88,91,142,160
Z13,3,15,31,39,73,75,89,90,143,161
Z14,8,28,67,70,73,75,130,138,145,197
Z15,9,29,66,71,72,74,131,139,144,196
Z16,16,42,44,98,103,170
Z17,17,43,45,99,102,171
Z18,4,6,20,22,24,50,54,56,83,118
Z19,5,7,21,23,25,51,55,57,82,119
Z20,14,40,91,94,97,99,158,166,171,185
Z21,15,41,90,95,96,98,159,167,170,184
Z22,22,56,58,101,122,172
Z23,23,57,59,100,123,173
Z24,20,35,37,53,83,85,87,117,155,183
Z25,21,34,36,52,82,84,86,116,154,182
Z26,26,67,68,73,137,143
Z27,27,66,69,72,136,142
Z28,16,18,44,46,48,59,100,104,107,174
Z29,17,19,45,47,49,58,101,105,106,175
Z30,10,32,42,76,96,98,109,146,169,210
Z31,11,33,43,77,97,99,108,147,168,211
Z32,22,24,45,58,60,62,102,124,126,194
Z33,23,25,44,59,61,63,103,125,127,195
Z34,34,51,80,82,115,152
Z35,35,50,81,83,114,153
Z36,32,47,49,78,109,110,113,141,150,208
Z37,38,91,92,97,165,168
Z38,39,90,93,96,164,169
Z39,28,60,62,121,128,130,192,198,200,228
Z40,29,61,63,120,129,131,193,199,201,229
Z41,46,77,107,108,149,178
Z42,47,76,106,109,148,179
Z43,33,46,48,79,108,111,112,140,151,209
Z44,50,114,118,147,165,168,186,188,212,220
Z45,41,85,87,134,157,159,191,205,215,235
Z46,40,84,86,135,156,158,190,204,214,234
Z47,54,118,120,188,193,226
Z48,55,119,121,189,192,227
Z49,39,54,56,93,120,122,129,161,190,214
Z50,38,55,57,92,121,123,128,160,191,215
Z51,52,110,113,177,181,182,186,188,225,226
Z52,60,95,126,128,159,191
Z53,61,94,127,129,158,190
Z54,64,132,134,199,205,229
Z55,65,133,135,198,204,228
Z56,27,69,104,107,133,177,178,181,198,200
Z57,26,68,105,106,132,176,179,180,199,201
Z58,53,111,112,176,180,183,187,189,224,227
Z59,68,92,114,123,137,148,153,165,173,179
Z60,70,110,130,141,181,200
Z61,71,111,131,140,180,201
Z62,51,115,119,146,164,169,187,189,213,221
Z63,64,77,80,134,149,152,157,202,211,230
Z64,69,93,115,122,136,149,152,164,172,178
Z65,78,139,144,163,202,206,208,218,230,238
Z66,84,151,154,156,203,209
Z67,85,150,155,157,202,208
Z68,88,160,162,215,219,235
Z69,89,161,163,214,218,234
Z70,70,94,117,125,127,141,150,155,185,197
Z71,71,95,116,124,126,140,151,154,184,196
Z72,65,76,81,135,148,153,156,203,210,231
Z73,88,101,136,142,162,172,175,207,217,222
Z74,79,138,145,162,203,207,209,219,231,239
Z75,102,166,171,194,213,216,221,223,233,236
Z76,104,174,177,223,225,236
Z77,105,175,176,222,224,237
Z78,116,167,182,184,186,220
Z79,117,166,183,185,187,221
Z80,124,139,194,196,206,216
Z81,125,138,195,197,207,217
Z82,146,210,213,231,233,239
Z83,147,211,212,230,232,238
Z84,89,100,137,143,163,173,174,206,216,223
Z85,103,167,170,195,212,217,220,222,232,237
OZ0,80,81,82,83,92,93,96,97,108,109,110,111,118,119,120,121,122,123,130,131,132,133,138,139,148,149,150,151,154,155,156,157,162,163,166,167,172,173,176,177,180,181,186,187,188,189,200,201,206,207,208,209,212,213,214,215,222,223,226,227,228,229,230,231,232,233,238,239
OZ1,59,72,81,82,92,96,97,109,115,119,121,123,133,135,137,139,142,143,148,151,153,154,156,158,161,162,163,164,165,167,168,174,187,190,193,195,198,202,204,205,208,209,212,213,215,216,217,218,220,221,222,223,224,225,226,229,230,231,233,234,236,239
OZ2,92,93,96,97,114,115,130,131,138,139,148,149,150,151,152,153,154,155,162,163,164,165,166,167,168,169,176,177,178,179,182,183,186,187,198,199,200,201,202,203,206,207,208,209,212,213,214,215,218,219,220,221,224,225,228,229,230,231,232,233,234,235,238,239
OZ3,73,93,96,111,134,138,143,150,155,159,162,163,164,169,176,180,183,187,189,191,202,203,205,207,208,209,214,215,218,219,224,227,231,234,235,239
OZ4,72,93,96,110,114,115,130,131,135,138,142,148,149,150,152,153,155,158,164,166,167,169,176,178,179,181,183,187,188,190,198,199,200,201,204,207,212,213,220,221,224,226,228,229,231,232,233,239
OZ5,44,45,74,75,82,83,98,99,108,109,114,115,118,119,120,121,122,123,126,127,130,131,144,145,154,155,156,157,158,159,160,161,166,167,172,173,174,175,178,179,180,181,184,185,188,189,193,196,197,202,203,205,206,207,208,209,212,213,214,215,218,222,223,224,227,229,233,234,237,238
OZ6,49,81,98,106,111,113,127,129,130,133,139,140,141,153,155,156,158,166,170,179,180,181,183,187,190,195,196,197,198,200,201,203,204,208,210,221,228,231
OZ7,48,81,82,83,99,107,108,109,111,112,114,115,118,119,120,121,122,123,126,128,131,133,138,140,141,153,154,156,159,164,165,167,168,169,171,172,173,179,183,186,188,189,191,194,196,197,198,200,201,203,205,209,211,218,219,221,222,223,224,225,226,227,229,230,234,235
OZ8,81,96,109,110,120,130,131,133,138,139,148,150,153,155,156,158,163,166,167,169,181,183,187,190,193,198,199,200,201,202,203,204,206,207,208,210,212,213,218,220,221,222,228,229,230,232,233,237,238,239
OZ9,82,83,96,97,114,115,118,119,122,123,148,149,150,151,154,155,158,159,162,163,164,165,172,173,178,179,186,187,188,189,190,191,198,199,202,203,208,209,210,211,218,219,220,221,228,229,230,231,232,233,238,239
OZ10,37,45,87,90,109,115,120,121,123,126,128,129,130,133,136,139,140,141,142,148,149,152,154,155,156,157,158,159,160,161,163,164,165,166,168,171,173,175,177,178,180,182,183,185,189,191,193,196,197,198,199,203,205,206,209,210,211,212,214,215,216,217,220,221,224,232,233,234,236,238
OZ11,74,75,106,107,110,111,114,115,120,121,122,123,126,127,130,131,144,145,148,149,152,153,154,155,156,157,158,159,160,161,164,165,168,169,172,173,174,175,176,177,182,183,184,185,188,189,193,194,195,196,197,202,203,205,206,207,208,209,210,211,214,215,216,217,218,225,226,229,230,231,233,234,236,239
OZ12,75,91,97,99,106,107,110,111,115,121,123,126,131,138,141,145,149,151,152,154,157,159,160,161,164,165,167,168,169,171,173,174,175,177,179,181,182,186,187,189,194,196,197,200,202,205,206,210,211,214,215,216,218,220,221,222,224,225,229,230,231,233,234,236,237,239
OZ13,90,91,96,97,98,99,106,107,110,111,138,139,140,141,150,151,160,161,164,165,166,167,168,169,170,171,174,175,178,179,180,181,184,185,193,196,197,200,201,204,208,209,210,211,214,215,219,222,223,225,226,228,230,231,232,235,236,238
OZ14,83,93,96,114,118,120,134,150,155,159,164,165,168,169,186,191,193,202,205,208,211,215,220,226,230,232,235,238
OZ15,96,97,114,115,120,121,122,123,130,131,134,135,138,139,150,151,152,153,154,155,166,167,168,169,172,173,176,177,182,183,186,187,188,189,200,201,202,203,206,207,208,209,212,213,218,219,220,221,228,229,230,231,234,235,236,237
OZ16,45,91,98,107,109,111,114,122,128,129,134,135,137,138,139,140,141,143,148,149,150,153,154,156,157,158,160,161,163,164,167,168,169,170,171,172,174,175,176,181,182,184,185,187,188,191,193,194,196,197,199,202,205,206,207,208,210,211,213,214,215,217,218,219,220,223,224,225,228,229,230,231,232,233,235,236,237,238
OZ17,98,99,106,107,110,111,136,137,138,139,140,141,142,143,150,151,160,161,166,167,170,171,174,175,178,179,180,181,184,185,193,196,197,200,201,204,208,209,210,211,214,215,219,222,223,225,226,228,230,231,232,235,236,238
OZ18,91,97,106,107,114,120,122,129,137,143,148,153,156,160,161,164,169,172,174,175,176,178,181,186,188,190,200,203,204,207,210,211,214,215,217,219,220,223,224,225,228,230,231,232,235,236,237,238
OZ19,114,115,120,121,122,123,128,129,148,149,152,153,156,157,172,173,176,177,178,179,180,181,186,187,188,189,190,191,200,201,202,203,204,205,206,207,216,217,218,219,220,221,222,223,228,229,232,233,234,235,238,239
OZ20,93,122,148,164,172,176,179,213,222,224,231,233,237,239
OZ21,120,121,134,135,162,163,176,177,188,189,198,199,212,213,214,215,222,223,230,231
OZ22,115,123,128,129,134,135,152,156,157,162,173,176,177,180,181,186,187,190,191,198,199,200,201,202,203,204,205,206,207,213,215,216,217,219,220,221,222,223,224,225,228,229,231,233,235,236,237,239
OZ23,128,129,134,135,148,149,156,157,178,179,180,181,186,187,190,191,198,199,200,201,202,203,204,205,206,207,216,217,220,221,228,229
OZ24,121,148,162,176,179,189,193,204,205,213,215,218,222,225,226,228,229,231,232,234,236,238
OZ25,134,135,148,149,178,179,198,199,204,205,228,229
OZ26,127,129,130,138,139,140,148,149,151,154,155,159,162,167,176,177,178,179,182,183,186,187,188,189,191,195,196,198,199,200,201,202,207,212,214,215,217,219,220,222,224,225,226,227,228,229,231,232,234,235,237,239
OZ27,126,129,131,138,139,141,148,149,150,154,155,156,157,158,163,166,176,177,178,179,180,181,182,183,188,189,191,194,197,198,199,202,207,213,214,215,217,218,220,223,224,225,226,227,228,229,230,233,234,235,236,238
OZ28,97,106,109,110,129,136,137,142,143,148,149,151,154,158,160,161,164,165,169,175,177,178,179,181,182,188,193,198,203,207,209,211,212,215,217,219,220,222,225,228,234,235
OZ29,106,107,108,109,110,111,130,131,138,139,156,157,158,159,166,167,174,175,176,177,188,189,190,191,202,203,204,205,206,207,210,211,214,215,220,221,226,227,228,229,230,231,234,235
OZ30,99,111,129,141,148,149,154,156,158,159,162,171,176,177,178,179,180,181,182,184,185,186,188,189,191,193,198,199,202,203,208,209,211,212,214,215,219,220,221,222,224,225,227,228,229,230,231,234,235,237,238,239
OZ31,108,109,110,111,130,131,136,137,142,143,150,151,154,155,156,157,158,159,160,161,162,163,176,177,178,179,182,183,184,185,188,189,190,191,193,196,197,204,208,209,210,211,212,213,216,217,219,224,227,228,233,235,236,239
OZ32,129,137,143,161,165,168,186,190,193,211,214,220,226,230,232,238
OZ33,136,137,142,143,156,157,160,161,164,165,168,169,180,181,200,201,202,203,204,205,206,207,210,211,214,215,216,217,218,219,224,225,228,229,230,231,234,235,236,237
OZ34,111,130,135,138,149,150,155,178,180,183,187,199,200,202,203,204,207,208,209,213,222,229,233,237
OZ35,110,131,135,139,149,151,154,178,181,182,186,199,201,202,203,204,206,208,209,212,223,229,232,236
OZ36,107,109,123,130,137,139,143,148,158,159,161,162,163,164,169,173,174,178,184,185,186,187,188,190,191,193,196,197,198,200,202,205,206,207,208,213,216,223,224,228,229,230,231,232,233,235,237,239
OZ37,122,123,130,131,138,139,148,149,150,151,154,155,158,159,166,167,172,173,176,177,178,179,182,183,186,187,190,191,198,199,200,201,202,203,206,207,208,209,220,221,224,225,228,229
OZ38,137,138,140,141,143,148,149,155,156,158,159,161,163,165,168,176,177,178,179,181,183,184,185,187,188,189,190,191,193,197,198,199,201,206,208,209,211,213,215,216,218,220,221,223,224,225,227,228,229,232,233,234,235,236
OZ39,138,139,154,155,162,163,182,183,186,187,196,197,202,203,212,213,218,219,222,223,230,231,232,233,236,237,238,239
OZ40,109,123,131,140,141,148,154,155,158,159,162,163,165,166,168,173,180,182,183,184,188,190,191,196,198,200,201,202,204,206,209,210,211,212,214,219,222,223,225,226,232,237,238,239
OZ41,150,151,154,155,162,163,180,181,182,183,193,200,201,202,203,204,208,209,212,213,219,220,221,222,223,225,226,228,230,231,233,234,237,239
OZ42,123,135,148,162,173,176,177,179,198,204,215,219,222,223,224,225,228,235,236,237
OZ43,130,131,148,149,154,155,158,159,162,163,166,167,176,177,178,179,180,181,182,183,190,191,193,196,197,198,199,202,203,204,206,207,214,215,219,224,226,229,232,235,236,238
OZ44,131,139,149,158,162,166,177,178,180,181,186,187,189,190,193,199,200,204,206,214,218,219,220,222,223,226,227,228,229,230,232,237
OZ45,162,163,180,181,186,187,188,189,193,200,201,204,212,213,219,220,221,222,223,225,227,228,233,234,237,238
OZ46,151,154,163,180,181,182,187,188,189,193,200,201,203,204,209,213,220,221,223,225,227,228,231,232,233,234,238,239
OZ47,180,181,186,187,193,200,201,204,218,220,221,225,226,228,232,234,236,238
OZ48,154,163,167,181,182,184,187,188,189,193,200,203,204,205,213,219,220,221,223,224,225,227,228,229,231,232,233,234,235,237,238,239
OZ49,155,163,166,181,183,185,187,200,202,204,213,223,225,228,230,233,234,238
OZ50,135,139,140,148,158,159,163,166,167,177,179,186,189,190,191,193,196,198,201,203,204,209,212,214,215,218,221,223,225,226,227,228,231,234,235,236,238,239
OZ51,140,141,166,167,176,177,184,185,193,200,201,202,203,204,208,209,218,224,226,228,230,231,232,234,236,239
OZ52,148,159,163,167,176,177,179,191,198,212,215,218,220,223,224,225,228,231,232,235,236,239
OZ53,149,158,163,166,176,177,178,188,189,190,199,212,214,218,221,223,224,225,226,227,229,230,232,234,236,238
OZ54,163,177,198,218,223,225,228,236
OZ55,176,177,188,189,198,199,212,213,224,225,226,227,228,229,232,233
OZ56,181,200,204,206,216,218,225,228,234,236
OZ57,186,187,193,205,206,207,216,217,219,220,221,224,226,229,232,235,237,238
OZ58,139,157,167,184,196,202,207,217,219,235
OZ59,156,157,202,203,218,219,234,235
OZ60,157,187,202,206,207,216,217,219,221,224,235,237
OZ61,193,205,206,207,216,217,219,225,226,229,232,235,236,238
OZ62,141,159,166,167,177,185,191,200,202,204,206,208,212,215,216,218,220,225,228,230,232,234,235,238
OZ63,158,159,166,167,190,191,212,213,214,215,220,221,232,233,234,235
OZ64,159,167,188,191,215,220,226,235
OZ65,188,189,212,213,226,227,232,233
OZ66,187,206,216,221,224,232,237,238
OZ67,206,207,216,217,232,233,238,239
OZ68,177,198,225,228
OZ69,189,213,227,233
