X0,0,1,2,5,8,100,101,102,105,108
X1,0,25,50,75,100,125,150,178
X2,1,26,51,76,101,126,151,181
X3,3,6,9,13,17,103,106,109,113,117
X4,4,7,10,14,18,104,107,110,114,118
X5,2,27,52,77,102,127,152,184
X6,3,26,50,81,106,125,153,181
X7,4,29,54,79,104,129,154,175
X8,5,30,55,80,105,130,155,188
X9,6,30,51,88,113,126,156,188
X10,7,32,57,82,107,132,157,176
X11,11,15,19,21,23,111,115,119,121,123
X12,12,16,20,22,24,112,116,120,122,124
X13,9,25,52,78,103,127,159,178
X14,10,35,60,85,110,135,160,177
X15,11,31,53,90,115,128,161,190
X16,12,37,62,87,112,137,162,179
X17,13,33,55,92,117,130,163,192
X18,14,39,64,89,114,139,164,180
X19,15,38,56,96,121,131,165,196
X20,16,41,66,91,116,141,166,182
X21,19,28,59,86,111,134,169,186
X22,20,36,69,87,112,144,170,187
X23,21,42,63,98,123,138,171,198
X24,22,47,72,97,122,147,172,189
X25,25,26,27,30,33,125,126,127,130,133
X26,0,32,54,76,101,129,150,176
X27,1,39,57,80,105,132,151,180
X28,28,31,34,38,42,128,131,134,138,142
X29,29,32,35,39,43,129,132,135,139,143
X30,2,29,60,75,100,135,152,175
X31,3,28,53,78,103,128,153,186
X32,4,41,62,82,107,137,154,182
X33,5,43,64,83,108,139,155,183
X34,6,31,56,81,106,131,156,190
X35,7,47,66,89,114,141,157,189
X36,36,40,44,46,48,136,140,144,146,148
X37,37,41,45,47,49,137,141,145,147,149
X38,9,34,59,84,109,134,159,194
X39,10,37,70,79,104,145,160,179
X40,11,36,61,86,111,136,161,187
X41,12,40,61,91,116,136,162,191
X42,13,38,63,88,113,138,163,196
X43,14,49,72,93,118,147,164,193
X44,16,46,65,97,122,140,166,197
X45,19,44,69,94,119,144,169,195
X46,50,53,54,61,62,150,153,154,161,162
X47,51,56,57,65,66,151,156,157,165,166
X48,52,59,60,69,70,152,159,160,169,170
X49,8,33,58,83,108,133,158,192
X50,8,35,68,77,102,143,158,177
X51,55,63,64,71,72,155,163,164,171,172
X52,15,40,65,90,115,140,165,191
X53,20,45,70,95,120,145,170,185
X54,58,67,68,73,74,158,167,168,173,174
X55,22,48,71,99,124,146,172,199
X56,17,42,67,92,117,142,167,198
X57,18,45,74,85,110,149,168,185
X58,21,46,71,96,121,146,171,197
X59,75,78,79,86,87,175,178,179,186,187
X60,76,81,82,90,91,176,181,182,190,191
X61,77,84,85,94,95,177,184,185,194,195
X62,18,43,68,93,118,143,168,183
X63,17,27,58,84,109,133,167,184
X64,80,88,89,96,97,180,188,189,196,197
X65,83,92,93,98,99,183,192,193,198,199
X66,23,48,73,98,123,148,173,199
X67,23,34,67,94,119,142,173,194
OX0,81,82,84,88,90,91,92,96,97,98,102,104,105,106,111,116,117,118,120,121,154,155,156,157,158,162,163,164,169,170,171,173,179,180,183,184,187,189,190,191,192,194,195,197
OX1,82,84,88,89,90,91,92,94,99,100,102,104,105,106,107,108,109,110,111,112,113,115,116,117,118,120,121,122,123,150,151,156,157,158,160,162,164,165,167,169,172,173,174,175,176,181,183,184,185,187,188,191,197,198
OX2,88,90,93,95,96,99,101,102,103,104,114,116,117,119,121,124,150,152,153,156,160,163,164,166,168,171,172,173,175,177,178,181,185,189,190,191,195,197,198,199
OX3,85,91,92,96,97,98,99,100,105,106,107,109,111,118,120,122,123,152,153,155,157,158,159,161,164,165,171,172,174,177,178,180,182,183,184,185,186,189,190,191,192,198
OX4,68,70,71,125,127,129,131,132,134,135,139,144,147,148,149,150,151,152,154,157,159,161,162,164,165,166,169,174,177,179,181,182,183,185,187,189,190,191,197,199
OX5,67,70,71,126,128,129,130,131,134,138,139,144,147,148,149,153,154,155,156,157,161,162,163,164,165,166,169,174,176,179,181,182,185,187,189,191,194,197,198,199
OX6,66,70,74,126,128,129,130,131,132,140,146,150,151,152,155,156,157,158,159,160,161,165,166,167,168,169,170,171,173,174,175,177,178,183,184,186,187,192,194,195,198,199
OX7,65,69,125,127,128,129,131,132,137,145,151,152,165,166,169,170,175,176,178,179,181,182,186,190
OX8,64,69,74,125,131,133,135,137,141,142,143,145,146,147,148,150,151,154,157,158,160,161,162,165,166,167,172,173,175,176,180,181,183,185,187,190,191,193,195,197
OX9,59,72,73,126,129,133,136,138,140,142,143,144,145,146,149,153,154,156,157,158,161,162,165,166,167,168,170,171,176,179,181,182,186,189,190,193,194,195,196,199
OX10,74,125,130,131,132,134,135,136,146,150,151,152,155,158,161,165,167,168,169,171,173,174,176,177,181,183,184,190,191,192,194,195,198,199
OX11,71,125,131,132,133,134,135,137,149,153,154,155,156,157,159,160,163,164,167,168,171,172,175,178,179,180,183,186,188,189,192,193,196,198
OX12,70,126,128,129,133,138,139,140,148,150,151,152,155,158,159,160,161,165,169,170,171,173,175,177,178,180,184,186,187,188,194,195,196,197
OX13,73,126,127,128,129,138,139,141,145,153,154,156,157,158,159,160,163,164,167,168,173,174,176,177,181,182,183,184,185,190,192,193,194,198
OX14,72,126,127,128,129,140,142,143,144,150,151,152,155,158,161,163,164,165,169,171,172,173,175,178,180,183,186,187,188,192,196,197,198,199
OX15,69,125,130,131,132,137,142,143,147,152,153,154,156,157,159,160,163,164,167,168,169,170,175,177,178,179,180,184,185,186,188,189,194,196
OX16,45,46,48,49,84,89,90,98,100,104,106,108,110,113,116,124,130,133,136,137,138,139,140,141,142,143,144,145,146,149,151,158,159,160,164,166,168,171,173,174,175,178,179,180,181,182,187,188,190,192,195,197,198,199
OX17,46,48,49,95,99,100,101,111,112,115,116,120,124,125,128,129,133,140,142,143,144,147,150,151,152,153,154,155,156,157,159,160,161,163,164,165,169,171,176,177,178,179,180,182,183,184,188,189,190,191,192,193,194,196,198,199
OX18,93,95,96,100,102,104,106,107,109,110,114,119,122,123,124,150,153,161,162,164,165,166,168,169,170,171,174,175,176,177,179,182,184,186,187,189,190,191,194,199
OX19,49,84,89,90,91,97,98,99,100,101,102,104,106,108,110,112,113,115,119,124,126,127,131,132,134,135,137,140,141,144,145,147,149,151,152,158,164,166,168,169,171,173,174,175,176,178,181,182,183,184,185,191,193,195,196,197
OX20,48,92,95,96,100,102,103,104,106,109,111,112,113,114,115,116,120,121,123,124,126,127,131,132,134,135,136,140,141,144,145,146,148,150,154,161,162,163,165,166,167,169,170,171,174,176,177,180,181,182,186,187,191,199
OX21,92,95,96,101,103,104,105,106,109,113,114,119,122,123,124,150,154,161,162,163,165,166,167,169,170,171,174,178,179,180,181,182,186,187,188,189,190,191,194,199
OX22,91,95,99,101,103,104,105,106,107,115,121,152,155,158,159,160,163,164,167,168,169,171,173,175,176,177,180,181,182,183,184,185,186,190,191,192,193,194,195,196,198,199
OX23,90,94,100,102,103,104,106,107,112,120,150,152,153,154,159,160,162,170,176,177,190,191,194,195
OX24,89,94,99,100,106,108,110,112,116,117,118,120,121,122,123,150,153,154,157,160,161,164,165,169,172,173,174,175,176,179,182,183,185,186,187,190,191,192,197,198
OX25,84,97,98,101,104,108,111,113,115,117,118,119,120,121,124,150,153,154,156,159,162,166,167,170,171,172,173,178,179,181,182,183,186,187,190,191,192,193,195,196
OX26,99,100,105,106,107,109,110,111,121,150,153,154,155,158,161,163,164,167,168,171,173,175,176,177,180,183,186,190,192,193,194,196,198,199
OX27,96,100,106,107,108,109,110,112,124,151,152,155,156,157,159,160,163,164,166,170,172,178,179,180,181,182,184,185,188,189,192,193,196,197
OX28,95,101,103,104,108,113,114,115,123,151,152,156,157,158,159,160,165,167,168,169,173,175,176,177,180,183,184,185,186,190,194,195,196,198
OX29,98,101,102,103,104,113,114,116,120,150,153,154,155,158,162,163,164,167,168,172,174,178,179,181,182,183,184,185,188,189,192,193,198,199
OX30,97,101,102,103,104,115,117,118,119,151,152,155,156,157,159,160,163,164,165,169,171,175,176,177,180,183,186,188,189,190,194,196,197,198
OX31,94,100,105,106,107,112,117,118,122,151,152,156,157,158,159,160,166,167,168,170,174,177,178,179,181,182,184,185,188,189,192,193,194,195
OX32,107,109,113,115,118,120,122,123,156,157,165,166,167,168,173,174,182,185,189,190,193,194,196,198
OX33,103,110,112,114,117,119,121,124,159,160,163,164,169,170,171,172,179,185,186,189,193,194,196,198
OX34,104,106,111,114,116,117,121,124,153,154,161,162,163,164,171,172,179,182,186,189,190,193,196,198
OX35,101,108,110,114,116,119,121,124,151,157,158,165,166,168,173,174,176,177,180,183,191,195,197,199
OX36,102,105,106,116,117,119,121,124,151,156,158,165,166,167,173,174,181,184,188,191,192,195,197,199
OX37,109,114,117,118,120,121,123,124,163,164,167,168,171,172,173,174,185,189,194,196
OX38,114,118,119,120,122,123,151,152,153,154,155,156,158,160,161,162,163,165,166,167,169,170,173,174,175,177,179,180,181,182,183,184,186,187,188,189,190,191,192,193,196,198
OX39,100,108,111,113,117,119,120,121,123,124,151,153,154,156,158,159,160,161,162,163,164,165,166,168,175,177,178,179,180,181,182,183,185,186,190,191,193,194,195,197,198,199
OX40,105,108,111,112,122,123,150,152,154,156,157,159,161,162,163,164,165,166,167,168,169,170,173,174,175,176,178,180,182,183,184,185,188,189,190,191,192,193,194,195,196,198
OX41,113,115,116,117,122,123,150,151,153,155,157,158,159,160,161,162,164,165,166,168,169,170,173,174,176,177,178,179,180,181,183,185,186,187,188,189,192,193,194,195,196,198
OX42,150,152,154,157,159,166,167,171,172,173,175,176,178,182,184,189,194,197,198,199
OX43,110,111,112,118,119,124,155,156,158,161,162,163,165,169,170,173,177,183,185,188,190,191,192,193,196,199
OX44,106,111,112,115,117,121,122,123,152,153,154,158,160,165,166,167,171,172,175,177,179,182,184,186,187,190,192,199
OX45,151,152,153,154,164,166,167,169,171,174,175,180,181,182,184,186,193,195,197,198
OX46,152,154,158,160,162,163,165,166,167,171,175,177,179,182,184,191,192,196,197,198
OX47,155,156,158,160,161,162,163,165,168,170,177,179,183,185,187,188,190,191,192,196
OX48,132,134,138,140,143,145,147,148,157,160,164,165,168,169,171,173,177,180,185,189,194,195,196,197
OX49,128,135,137,139,142,144,146,149,154,160,161,164,168,169,171,173,175,179,183,186,187,193,198,199
OX50,129,131,136,139,141,142,146,149,154,157,161,164,165,168,171,173,176,182,183,190,191,193,198,199
OX51,126,133,135,139,141,144,146,149,153,154,156,160,161,162,163,164,165,167,168,169,171,172,175,179,181,182,183,186,187,189,190,191,192,193,196,198
OX52,127,130,131,141,142,144,146,149,156,159,163,166,167,170,172,174,184,185,188,189,194,195,196,197
OX53,134,139,142,143,145,146,148,149,160,164,169,171,177,183,185,193,194,195,198,199
OX54,139,143,144,145,147,148,160,164,170,172,177,183,195,199
OX55,125,133,136,138,142,144,145,146,148,149,153,159,162,163,167,169,171,174,178,179,185,186,187,192,194,199
OX56,130,133,136,137,147,148,156,161,162,166,167,171,172,174,182,188,190,192,193,197,198,199
OX57,138,140,141,142,147,148,165,166,173,174,189,193,196,198
OX58,135,136,137,143,144,149,154,162,168,174,175,177,187,195
OX59,131,136,137,140,142,146,147,148,161,162,165,166,171,172,173,174,182,190,193,198
OX60,111,112,115,116,136,137,144,145,161,162,169,170,179,182,187,191
OX61,115,116,121,122,136,137,140,141,161,162,165,166,182,189,191,197
OX62,119,120,121,122,140,141,148,149,165,166,173,174,185,189,195,197
OX63,121,122,123,124,140,141,146,147,165,166,171,172,189,193,197,199
Z0,0,1,2,5,8,100,101,102,105,108
Z1,0,25,50,75,100,125,150,178
Z2,1,26,51,76,101,126,151,181
Z3,3,6,9,13,17,103,106,109,113,117
Z4,4,7,10,14,18,104,107,110,114,118
Z5,2,27,52,77,102,127,152,184
Z6,3,26,50,81,106,125,153,181
Z7,4,29,54,79,104,129,154,175
Z8,5,30,55,80,105,130,155,188
Z9,6,30,51,88,113,126,156,188
Z10,7,32,57,82,107,132,157,176
Z11,11,15,19,21,23,111,115,119,121,123
Z12,12,16,20,22,24,112,116,120,122,124
Z13,9,25,52,78,103,127,159,178
Z14,10,35,60,85,110,135,160,177
Z15,11,31,53,90,115,128,161,190
Z16,12,37,62,87,112,137,162,179
Z17,13,33,55,92,117,130,163,192
Z18,14,39,64,89,114,139,164,180
Z19,15,38,56,96,121,131,165,196
Z20,16,41,66,91,116,141,166,182
Z21,19,28,59,86,111,134,169,186
Z22,20,36,69,87,112,144,170,187
Z23,21,42,63,98,123,138,171,198
Z24,22,47,72,97,122,147,172,189
Z25,25,26,27,30,33,125,126,127,130,133
Z26,0,32,54,76,101,129,150,176
Z27,1,39,57,80,105,132,151,180
Z28,28,31,34,38,42,128,131,134,138,142
Z29,29,32,35,39,43,129,132,135,139,143
Z30,2,29,60,75,100,135,152,175
Z31,3,28,53,78,103,128,153,186
Z32,4,41,62,82,107,137,154,182
Z33,5,43,64,83,108,139,155,183
Z34,6,31,56,81,106,131,156,190
Z35,7,47,66,89,114,141,157,189
Z36,36,40,44,46,48,136,140,144,146,148
Z37,37,41,45,47,49,137,141,145,147,149
Z38,9,34,59,84,109,134,159,194
Z39,10,37,70,79,104,145,160,179
Z40,11,36,61,86,111,136,161,187
Z41,12,40,61,91,116,136,162,191
Z42,13,38,63,88,113,138,163,196
Z43,14,49,72,93,118,147,164,193
Z44,16,46,65,97,122,140,166,197
Z45,19,44,69,94,119,144,169,195
Z46,50,53,54,61,62,150,153,154,161,162
Z47,51,56,57,65,66,151,156,157,165,166
Z48,52,59,60,69,70,152,159,160,169,170
Z49,8,33,58,83,108,133,158,192
Z50,8,35,68,77,102,143,158,177
Z51,55,63,64,71,72,155,163,164,171,172
Z52,15,40,65,90,115,140,165,191
Z53,20,45,70,95,120,145,170,185
Z54,58,67,68,73,74,158,167,168,173,174
Z55,22,48,71,99,124,146,172,199
Z56,17,42,67,92,117,142,167,198
Z57,18,45,74,85,110,149,168,185
Z58,21,46,71,96,121,146,171,197
Z59,75,78,79,86,87,175,178,179,186,187
Z60,76,81,82,90,91,176,181,182,190,191
Z61,77,84,85,94,95,177,184,185,194,195
Z62,18,43,68,93,118,143,168,183
Z63,17,27,58,84,109,133,167,184
Z64,80,88,89,96,97,180,188,189,196,197
Z65,83,92,93,98,99,183,192,193,198,199
Z66,23,48,73,98,123,148,173,199
Z67,23,34,67,94,119,142,173,194
OZ0,81,82,84,88,90,91,92,96,97,98,102,104,105,106,111,116,117,118,120,121,154,155,156,157,158,162,163,164,169,170,171,173,179,180,183,184,187,189,190,191,192,194,195,197
OZ1,82,84,88,89,90,91,92,94,99,100,102,104,105,106,107,108,109,110,111,112,113,115,116,117,118,120,121,122,123,150,151,156,157,158,160,162,164,165,167,169,172,173,174,175,176,181,183,184,185,187,188,191,197,198
OZ2,88,90,93,95,96,99,101,102,103,104,114,116,117,119,121,124,150,152,153,156,160,163,164,166,168,171,172,173,175,177,178,181,185,189,190,191,195,197,198,199
OZ3,85,91,92,96,97,98,99,100,105,106,107,109,111,118,120,122,123,152,153,155,157,158,159,161,164,165,171,172,174,177,178,180,182,183,184,185,186,189,190,191,192,198
OZ4,68,70,71,125,127,129,131,132,134,135,139,144,147,148,149,150,151,152,154,157,159,161,162,164,165,166,169,174,177,179,181,182,183,185,187,189,190,191,197,199
OZ5,67,70,71,126,128,129,130,131,134,138,139,144,147,148,149,153,154,155,156,157,161,162,163,164,165,166,169,174,176,179,181,182,185,187,189,191,194,197,198,199
OZ6,66,70,74,126,128,129,130,131,132,140,146,150,151,152,155,156,157,158,159,160,161,165,166,167,168,169,170,171,173,174,175,177,178,183,184,186,187,192,194,195,198,199
OZ7,65,69,125,127,128,129,131,132,137,145,151,152,165,166,169,170,175,176,178,179,181,182,186,190
OZ8,64,69,74,125,131,133,135,137,141,142,143,145,146,147,148,150,151,154,157,158,160,161,162,165,166,167,172,173,175,176,180,181,183,185,187,190,191,193,195,197
OZ9,59,72,73,126,129,133,136,138,140,142,143,144,145,146,149,153,154,156,157,158,161,162,165,166,167,168,170,171,176,179,181,182,186,189,190,193,194,195,196,199
OZ10,74,125,130,131,132,134,135,136,146,150,151,152,155,158,161,165,167,168,169,171,173,174,176,177,181,183,184,190,191,192,194,195,198,199
OZ11,71,125,131,132,133,134,135,137,149,153,154,155,156,157,159,160,163,164,167,168,171,172,175,178,179,180,183,186,188,189,192,193,196,198
OZ12,70,126,128,129,133,138,139,140,148,150,151,152,155,158,159,160,161,165,169,170,171,173,175,177,178,180,184,186,187,188,194,195,196,197
OZ13,73,126,127,128,129,138,139,141,145,153,154,156,157,158,159,160,163,164,167,168,173,174,176,177,181,182,183,184,185,190,192,193,194,198
OZ14,72,126,127,128,129,140,142,143,144,150,151,152,155,158,161,163,164,165,169,171,172,173,175,178,180,183,186,187,188,192,196,197,198,199
OZ15,69,125,130,131,132,137,142,143,147,152,153,154,156,157,159,160,163,164,167,168,169,170,175,177,178,179,180,184,185,186,188,189,194,196
OZ16,45,46,48,49,84,89,90,98,100,104,106,108,110,113,116,124,130,133,136,137,138,139,140,141,142,143,144,145,146,149,151,158,159,160,164,166,168,171,173,174,175,178,179,180,181,182,187,188,190,192,195,197,198,199
OZ17,46,48,49,95,99,100,101,111,112,115,116,120,124,125,128,129,133,140,142,143,144,147,150,151,152,153,154,155,156,157,159,160,161,163,164,165,169,171,176,177,178,179,180,182,183,184,188,189,190,191,192,193,194,196,198,199
OZ18,93,95,96,100,102,104,106,107,109,110,114,119,122,123,124,150,153,161,162,164,165,166,168,169,170,171,174,175,176,177,179,182,184,186,187,189,190,191,194,199
OZ19,49,84,89,90,91,97,98,99,100,101,102,104,106,108,110,112,113,115,119,124,126,127,131,132,134,135,137,140,141,144,145,147,149,151,152,158,164,166,168,169,171,173,174,175,176,178,181,182,183,184,185,191,193,195,196,197
OZ20,48,92,95,96,100,102,103,104,106,109,111,112,113,114,115,116,120,121,123,124,126,127,131,132,134,135,136,140,141,144,145,146,148,150,154,161,162,163,165,166,167,169,170,171,174,176,177,180,181,182,186,187,191,199
OZ21,92,95,96,101,103,104,105,106,109,113,114,119,122,123,124,150,154,161,162,163,165,166,167,169,170,171,174,178,179,180,181,182,186,187,188,189,190,191,194,199
OZ22,91,95,99,101,103,104,105,106,107,115,121,152,155,158,159,160,163,164,167,168,169,171,173,175,176,177,180,181,182,183,184,185,186,190,191,192,193,194,195,196,198,199
OZ23,90,94,100,102,103,104,106,107,112,120,150,152,153,154,159,160,162,170,176,177,190,191,194,195
OZ24,89,94,99,100,106,108,110,112,116,117,118,120,121,122,123,150,153,154,157,160,161,164,165,169,172,173,174,175,176,179,182,183,185,186,187,190,191,192,197,198
OZ25,84,97,98,101,104,108,111,113,115,117,118,119,120,121,124,150,153,154,156,159,162,166,167,170,171,172,173,178,179,181,182,183,186,187,190,191,192,193,195,196
OZ26,99,100,105,106,107,109,110,111,121,150,153,154,155,158,161,163,164,167,168,171,173,175,176,177,180,183,186,190,192,193,194,196,198,199
OZ27,96,100,106,107,108,109,110,112,124,151,152,155,156,157,159,160,163,164,166,170,172,178,179,180,181,182,184,185,188,189,192,193,196,197
OZ28,95,101,103,104,108,113,114,115,123,151,152,156,157,158,159,160,165,167,168,169,173,175,176,177,180,183,184,185,186,190,194,195,196,198
OZ29,98,101,102,103,104,113,114,116,120,150,153,154,155,158,162,163,164,167,168,172,174,178,179,181,182,183,184,185,188,189,192,193,198,199
OZ30,97,101,102,103,104,115,117,118,119,151,152,155,156,157,159,160,163,164,165,169,171,175,176,177,180,183,186,188,189,190,194,196,197,198
OZ31,94,100,105,106,107,112,117,118,122,151,152,156,157,158,159,160,166,167,168,170,174,177,178,179,181,182,184,185,188,189,192,193,194,195
OZ32,107,109,113,115,118,120,122,123,156,157,165,166,167,168,173,174,182,185,189,190,193,194,196,198
OZ33,103,110,112,114,117,119,121,124,159,160,163,164,169,170,171,172,179,185,186,189,193,194,196,198
OZ34,104,106,111,114,116,117,121,124,153,154,161,162,163,164,171,172,179,182,186,189,190,193,196,198
OZ35,101,108,110,114,116,119,121,124,151,157,158,165,166,168,173,174,176,177,180,183,191,195,197,199
OZ36,102,105,106,116,117,119,121,124,151,156,158,165,166,167,173,174,181,184,188,191,192,195,197,199
OZ37,109,114,117,118,120,121,123,124,163,164,167,168,171,172,173,174,185,189,194,196
OZ38,114,118,119,120,122,123,151,152,153,154,155,156,158,160,161,162,163,165,166,167,169,170,173,174,175,177,179,180,181,182,183,184,186,187,188,189,190,191,192,193,196,198
OZ39,100,108,111,113,117,119,120,121,123,124,151,153,154,156,158,159,160,161,162,163,164,165,166,168,175,177,178,179,180,181,182,183,185,186,190,191,193,194,195,197,198,199
OZ40,105,108,111,112,122,123,150,152,154,156,157,159,161,162,163,164,165,166,167,168,169,170,173,174,175,176,178,180,182,183,184,185,188,189,190,191,192,193,194,195,196,198
OZ41,113,115,116,117,122,123,150,151,153,155,157,158,159,160,161,162,164,165,166,168,169,170,173,174,176,177,178,179,180,181,183,185,186,187,188,189,192,193,194,195,196,198
OZ42,150,152,154,157,159,166,167,171,172,173,175,176,178,182,184,189,194,197,198,199
OZ43,110,111,112,118,119,124,155,156,158,161,162,163,165,169,170,173,177,183,185,188,190,191,192,193,196,199
OZ44,106,111,112,115,117,121,122,123,152,153,154,158,160,165,166,167,171,172,175,177,179,182,184,186,187,190,192,199
OZ45,151,152,153,154,164,166,167,169,171,174,175,180,181,182,184,186,193,195,197,198
OZ46,152,154,158,160,162,163,165,166,167,171,175,177,179,182,184,191,192,196,197,198
OZ47,155,156,158,160,161,162,163,165,168,170,177,179,183,185,187,188,190,191,192,196
OZ48,132,134,138,140,143,145,147,148,157,160,164,165,168,169,171,173,177,180,185,189,194,195,196,197
OZ49,128,135,137,139,142,144,146,149,154,160,161,164,168,169,171,173,175,179,183,186,187,193,198,199
OZ50,129,131,136,139,141,142,146,149,154,157,161,164,165,168,171,173,176,182,183,190,191,193,198,199
OZ51,126,133,135,139,141,144,146,149,153,154,156,160,161,162,163,164,165,167,168,169,171,172,175,179,181,182,183,186,187,189,190,191,192,193,196,198
OZ52,127,130,131,141,142,144,146,149,156,159,163,166,167,170,172,174,184,185,188,189,194,195,196,197
OZ53,134,139,142,143,145,146,148,149,160,164,169,171,177,183,185,193,194,195,198,199
OZ54,139,143,144,145,147,148,160,164,170,172,177,183,195,199
OZ55,125,133,136,138,142,144,145,146,148,149,153,159,162,163,167,169,171,174,178,179,185,186,187,192,194,199
OZ56,130,133,136,137,147,148,156,161,162,166,167,171,172,174,182,188,190,192,193,197,198,199
OZ57,138,140,141,142,147,148,165,166,173,174,189,193,196,198
OZ58,135,136,137,143,144,149,154,162,168,174,175,177,187,195
OZ59,131,136,137,140,142,146,147,148,161,162,165,166,171,172,173,174,182,190,193,198
OZ60,111,112,115,116,136,137,144,145,161,162,169,170,179,182,187,191
OZ61,115,116,121,122,136,137,140,141,161,162,165,166,182,189,191,197
OZ62,119,120,121,122,140,141,148,149,165,166,173,174,185,189,195,197
OZ63,121,122,123,124,140,141,146,147,165,166,171,172,189,193,197,199
