X0,0,39,130,137,185,213,257,276
X1,1,18,24,83,107,161,207,286
X2,2,3,13,84,108,164,165,230
X3,2,26,177,182,208,316,346,407
X4,4,48,134,157,181,264,265,366
X5,5,54,67,110,143,171,273,284
X6,6,27,45,51,63,158,254,403
X7,7,40,71,128,135,183,249,370
X8,8,26,39,205,211,256,296,340
X9,9,59,115,172,229,253,289,400
X10,10,37,55,62,134,204,271,364
X11,11,93,137,246,280,297,361,415
X12,12,25,46,98,142,146,248,338
X13,13,14,20,70,313,317,338,370
X14,4,14,38,47,109,196,283,287
X15,0,15,21,35,74,75,123,178
X16,16,131,231,301,324,357,365,390
X17,17,27,66,211,215,238,289,295
X18,18,132,160,187,223,228,264,395
X19,19,57,113,118,150,325,328,331
X20,20,212,213,215,239,304,333,390
X21,21,204,221,229,279,298,354,384
X22,22,23,37,235,280,281,311,355
X23,16,22,76,245,268,339,384,393
X24,24,103,149,200,250,282,348,381
X25,12,50,51,74,250,270,321,322
X26,8,71,72,94,124,217,283,284
X27,17,23,77,79,86,209,286,291
X28,28,43,80,162,210,226,322,418
X29,29,33,69,126,214,251,270,294
X30,30,82,163,180,189,323,413,424
X31,31,36,217,292,299,300,301,389
X32,32,68,152,153,207,219,242,272
X33,33,40,187,195,239,261,303,371
X34,34,41,94,139,148,240,295,354
X35,35,191,205,223,269,339,341,372
X36,9,31,95,99,103,126,312,314
X37,5,6,85,111,119,285,361,398
X38,32,38,43,262,296,302,319,376
X39,3,73,115,120,173,174,377,383
X40,41,65,136,152,162,169,306,374
X41,42,139,164,184,263,275,282,337
X42,28,193,209,212,288,364,389,428
X43,44,61,83,124,144,274,315,365
X44,45,52,108,132,143,155,271,399
X45,46,58,144,154,297,343,349,387
X46,15,77,92,104,121,199,232,248
X47,48,49,104,119,182,275,277,312
X48,49,76,80,91,135,158,194,266
X49,50,131,157,169,177,186,310,329
X50,19,25,55,78,252,334,340,394
X51,52,97,276,278,323,362,373,416
X52,53,57,183,246,348,397,417,421
X53,54,56,149,159,167,304,318,335
X54,56,244,260,303,311,316,353,396
X55,53,96,111,138,193,372,388,413
X56,58,90,91,120,133,151,159,366
X57,59,67,123,247,249,272,320,363
X58,60,87,114,173,184,191,234,288
X59,44,142,202,253,277,342,362,378
X60,62,176,200,255,256,375,386,411
X61,63,100,127,218,292,331,336,402
X62,64,85,232,319,357,377,409,423
X63,65,73,195,285,307,394,401,425
X64,66,95,163,170,326,347,349,359
X65,11,34,36,97,133,188,203,219
X66,10,61,68,69,96,125,175,230
X67,7,29,81,86,112,166,179,373
X68,30,70,127,190,206,327,346,375
X69,72,125,129,140,199,335,352,382
X70,75,79,90,118,156,190,274,307
X71,78,82,106,107,167,168,194,419
X72,1,81,105,130,174,181,218,243
X73,84,93,122,145,287,291,294,356
X74,64,113,148,160,168,214,216,308
X75,87,101,106,128,293,329,415,422
X76,88,116,151,171,259,344,385,388
X77,89,116,121,175,238,293,336,412
X78,92,136,155,180,198,231,267,417
X79,60,98,141,242,245,251,273,327
X80,99,203,220,233,236,317,334,341
X81,100,224,225,235,247,332,337,368
X82,101,102,145,237,298,344,345,386
X83,102,105,129,198,220,227,254,414
X84,109,114,172,267,325,369,396,420
X85,110,165,243,268,328,359,410,418
X86,112,305,306,387,398,405,411,420
X87,89,117,233,290,392,395,405,406
X88,117,122,176,266,324,363,379,429
X89,88,262,281,342,371,414,427,430
X90,42,141,147,156,185,227,290,367
X91,140,197,241,379,380,391,408,425
X92,146,224,228,237,258,299,347,401
X93,147,210,300,330,353,360,404,412
X94,150,170,234,310,352,416,427,429
X95,153,178,196,222,244,326,358,403
X96,154,179,197,269,350,399,404,426
X97,161,188,201,321,369,380,385,407
X98,166,208,221,258,302,318,392,397
X99,189,261,263,279,343,376,391,402
X100,192,252,265,309,320,356,360,424
X101,192,201,305,332,333,382,393,431
X102,202,222,255,308,330,383,421,431
X103,206,240,309,350,351,381,423,430
X104,216,241,257,259,313,314,355,374
X105,225,226,236,260,278,315,345,409
X106,351,358,378,406,408,410,422,428
OX0,55,71,76,77,79,82,86,90,93,96,103,105,106,111,113,114,118,119,120,126,128,130,132,133,134,136,142,144,145,149,152,155,157,158,159,160,162,167,168,170,171,172,174,175,176,178,180,182,186,188,195,197,198,199,200,208,209,210,213,214,215,218,219,221,222,223,224,226,231,232,233,234,237,238,242,243,244,246,249,250,251,259,261,269,270,272,275,277,281,282,283,286,288,290,291,293,296,297,299,303,304,306,309,310,312,313,317,318,319,320,321,322,324,326,328,331,332,334,336,340,342,343,344,347,349,350,352,358,360,363,364,367,368,372,373,376,379,380,381,382,389,390,393,394,396,398,399,400,401,403,404,406,407,411,412,413,414,416,418,421,424,428,430,431
OX1,77,79,122,124,125,142,144,151,171,175,176,222,233,238,253,255,259,262,266,274,277,281,290,293,308,315,324,330,336,344,362,363,365,371,378,379,383,385,388,392,395,405,406,412,414,421,427,429,430,431
OX2,73,90,104,113,142,144,148,160,168,214,232,241,257,259,308,313,314,319,355,357,374,377,409,423
OX3,71,80,90,94,104,113,124,125,129,136,141,142,144,156,160,164,168,169,184,185,193,195,197,199,209,212,214,217,226,227,232,240,257,259,262,263,275,282,283,284,285,288,290,295,296,300,302,306,307,308,313,314,322,330,335,337,352,353,354,355,357,360,364,367,376,377,379,380,382,389,391,394,401,404,408,409,412,418,423,428
OX4,76,80,86,93,94,103,104,106,107,113,120,122,126,129,130,131,132,134,136,138,142,144,152,156,162,164,167,168,172,173,174,177,178,179,182,183,185,188,191,194,198,200,208,210,212,213,215,217,218,219,220,221,223,228,232,234,237,240,241,243,245,249,252,253,254,255,257,258,259,260,261,263,266,267,272,273,274,284,285,286,288,290,291,293,295,298,300,302,307,309,310,311,312,314,315,316,317,319,320,322,325,326,327,332,335,337,338,342,344,345,348,354,355,357,358,362,365,368,371,373,377,378,380,381,382,383,385,386,387,390,392,393,394,395,397,398,400,401,403,404,405,407,409,411,412,414,415,419,421,422,423,424,425,426
OX5,86,90,91,93,94,103,106,107,113,119,122,126,129,130,131,132,134,135,136,138,152,156,158,162,164,167,168,172,173,174,177,178,179,182,183,185,188,191,198,200,208,210,212,213,215,217,218,219,220,221,223,228,232,234,237,240,241,243,245,249,252,253,254,255,257,258,259,260,261,263,267,272,273,274,284,285,286,288,290,291,293,295,298,300,302,307,309,310,311,312,314,315,316,317,319,320,322,325,326,327,332,335,337,338,342,344,345,348,354,355,357,358,362,365,366,368,371,373,377,378,380,381,382,383,385,386,387,390,392,393,394,395,397,398,400,401,403,404,405,407,409,411,412,414,415,419,421,422,423,424,425,426
OX6,80,90,94,104,105,113,124,125,128,129,130,132,135,136,141,142,144,156,160,164,168,169,174,179,181,183,184,185,193,197,199,208,209,212,214,217,218,221,223,226,227,228,232,239,240,243,249,257,258,259,261,262,263,264,275,282,283,284,285,288,290,295,296,300,303,305,307,308,313,314,318,322,330,335,337,352,353,354,355,357,360,364,367,370,371,373,376,377,379,380,382,387,389,391,392,394,395,397,398,401,404,405,408,409,411,412,418,420,423,428
OX7,74,82,90,93,95,97,103,104,106,111,113,114,118,119,120,126,127,131,132,133,135,142,144,145,149,152,155,157,158,159,160,162,163,167,168,171,172,178,179,181,182,183,186,188,197,204,210,211,213,214,218,219,222,228,231,233,234,236,237,239,242,244,245,246,247,248,250,251,254,255,256,258,259,260,264,267,268,269,270,272,275,276,277,280,282,283,288,289,290,292,293,295,296,297,299,301,302,304,305,309,310,311,312,313,315,317,319,320,321,322,323,328,334,337,339,340,342,343,344,345,350,352,355,357,358,359,360,362,363,365,367,370,371,372,373,375,376,379,380,381,382,384,386,387,389,392,394,395,396,397,400,401,402,404,405,406,407,409,411,412,413,414,417,418,420,421,424,428,430,431
OX8,91,93,97,104,106,107,119,122,124,125,130,131,132,134,135,138,141,155,158,160,163,167,169,170,172,173,177,179,181,182,183,184,187,191,195,197,198,199,208,212,213,215,220,221,222,227,230,234,237,241,242,244,245,249,250,251,258,261,264,265,267,270,271,273,275,276,277,278,284,288,291,292,293,294,298,299,300,301,302,303,304,305,306,310,312,313,317,318,321,322,323,325,327,333,335,338,344,345,347,349,352,356,358,359,362,366,367,368,369,371,379,380,382,386,387,389,390,391,392,396,397,398,399,400,405,408,411,414,415,416,419,422,425,426
OX9,90,93,97,106,107,111,113,119,120,122,124,125,130,131,132,134,135,138,141,142,144,148,155,158,159,163,167,168,169,170,171,172,173,177,179,181,182,183,184,187,191,195,197,198,199,208,212,213,214,215,220,221,222,227,230,232,234,237,242,244,245,249,250,251,257,258,259,261,264,265,267,270,271,273,275,276,277,278,284,285,288,291,292,293,294,298,299,300,301,302,303,304,305,306,308,310,312,314,317,318,319,321,322,323,325,327,333,335,338,344,345,347,349,352,355,356,357,358,359,361,362,367,368,369,371,374,377,379,380,382,386,387,389,390,391,392,396,397,399,400,405,408,409,411,414,415,416,419,422,423,425,426
OX10,93,94,95,97,103,104,111,113,120,123,126,133,136,137,138,141,149,152,156,157,159,160,162,164,167,168,169,171,174,182,184,185,186,188,195,210,214,217,219,220,227,229,232,233,236,240,241,243,244,246,247,249,253,257,259,260,263,268,272,273,277,280,282,284,289,290,292,295,297,299,301,303,304,306,307,308,311,313,316,317,318,319,320,328,330,334,335,337,341,354,355,357,359,360,363,368,383,389,394,396,398,401,404,409,410,412,415,418,419,423,425,426
OX11,104,113,115,138,148,157,160,168,172,182,186,214,232,241,257,259,275,277,308,312,313,314,319,355,357,367,368,374,383,400,409,419,423,426
OX12,82,94,95,97,103,108,114,115,118,120,122,124,125,126,127,129,130,131,133,134,145,152,156,157,162,163,164,165,169,172,173,177,178,180,181,185,186,188,191,197,199,204,208,211,212,215,217,219,220,221,223,230,233,236,239,240,241,243,244,246,247,249,255,256,257,261,263,264,265,267,268,269,272,273,275,276,280,283,284,289,291,292,294,296,297,298,299,300,301,304,307,308,309,310,313,314,315,316,320,323,325,326,327,328,329,330,333,334,335,338,339,340,342,343,350,352,354,356,359,361,362,363,365,369,370,372,375,376,379,380,381,382,383,384,389,390,396,400,402,403,406,407,413,415,418,420,421,422,423,424,425,428,430,431
OX13,94,95,103,105,106,108,111,113,119,120,122,123,124,125,126,131,132,133,134,135,136,137,149,152,155,156,157,158,159,160,162,163,164,165,167,168,170,171,172,173,174,177,179,183,185,186,188,191,197,198,199,208,210,212,213,214,215,217,218,219,221,222,223,228,229,230,232,233,234,236,237,240,242,245,246,247,250,251,253,257,258,259,260,261,263,265,267,268,270,272,275,276,278,280,282,288,289,290,291,293,294,295,297,298,300,302,305,307,308,310,311,312,316,319,320,321,322,323,325,327,328,330,333,334,337,338,341,344,345,347,349,352,354,355,356,357,358,360,362,363,367,369,371,373,379,380,382,383,386,387,390,391,392,394,395,397,400,401,404,405,408,409,410,411,412,414,416,418,422,423
OX14,96,97,105,107,130,132,138,159,160,167,171,174,180,181,187,193,218,223,228,243,264,276,278,323,362,372,388,395,413,416
OX15,105,108,130,132,165,218,243,271,373,399
OX16,138,157,164,172,173,182,186,367,368,400,419,426
OX17,107,118,120,124,125,129,132,141,149,160,164,181,184,187,190,197,199,222,223,228,241,244,253,255,260,264,275,303,304,307,308,311,312,315,316,318,330,342,352,353,362,365,378,379,380,382,383,391,395,396,408,421,425,431
OX18,108,111,115,118,120,124,125,129,130,132,149,156,159,164,165,167,171,173,174,185,190,197,199,222,241,244,253,255,260,271,275,285,303,304,307,308,311,312,315,316,318,330,342,352,353,361,362,365,373,377,378,379,380,382,391,396,398,399,408,421,425,431
OX19,106,128,130,141,156,157,164,179,182,183,184,185,186,208,221,258,302,305,306,318,373,387,392,397,398,405,411,420
OX20,103,149,151,159,167,200,250,252,265,282,305,309,320,321,332,333,348,356,360,369,380,381,382,385,393,407,424,431
OX21,97,111,113,114,118,120,124,125,127,129,130,132,149,156,159,160,163,164,167,168,170,171,173,180,181,183,185,187,190,197,199,222,223,228,241,244,246,253,255,260,261,263,264,275,276,278,279,303,304,307,308,311,312,315,316,318,323,325,328,330,331,342,343,348,352,353,365,376,378,379,380,382,383,395,396,397,402,408,416,417,425,431
OX22,114,127,141,163,173,184,190,234,261,263,279,310,343,352,376,391,402,416,427,429
OX23,113,115,127,130,132,145,149,159,160,163,167,168,170,171,172,174,175,179,181,187,197,198,199,208,218,220,221,223,227,228,234,237,241,243,244,246,254,258,260,261,263,264,279,285,288,293,298,302,303,304,305,306,311,316,325,328,329,331,343,344,345,348,352,353,361,367,368,372,373,376,377,379,380,382,383,386,387,388,392,395,396,400,402,405,408,411,413,414,415,417,419,420,421,422,425,426
OX24,111,115,128,130,141,156,159,171,173,179,183,184,185,194,208,221,258,285,302,305,306,318,361,373,377,383,387,392,397,405,411,420
OX25,95,115,118,119,120,122,123,126,127,128,129,132,133,134,135,137,141,148,149,151,152,156,157,158,159,162,163,164,167,170,172,177,180,181,183,184,185,186,187,188,190,191,195,198,200,212,213,214,215,218,219,222,227,229,230,232,233,234,236,237,241,242,245,247,251,252,254,255,257,259,263,264,268,270,271,272,275,276,278,279,280,282,285,288,289,291,292,293,294,297,298,299,300,301,303,304,305,307,309,315,319,322,323,325,327,329,330,331,332,334,338,341,342,343,344,345,355,357,359,360,363,365,369,371,373,374,376,377,378,380,381,382,383,385,386,389,390,391,393,397,398,399,400,402,407,409,410,414,416,417,418,422,423,424
OX26,118,120,124,125,127,130,145,149,155,159,163,164,167,171,172,173,174,175,179,180,183,197,208,218,220,221,222,227,237,241,243,244,253,254,255,258,260,261,263,275,279,288,293,298,302,303,304,305,306,307,308,310,311,312,315,316,329,330,342,343,344,345,353,362,365,367,368,372,373,376,378,379,380,382,383,386,387,388,392,396,397,398,400,402,405,408,411,413,414,415,416,419,420,421,422,425,426,427,429,431
OX27,128,130,131,141,151,152,156,157,159,162,164,169,179,182,183,184,185,186,188,194,208,219,221,258,302,305,306,310,318,329,373,387,392,397,398,405,411,420
OX28,83,124,125,129,142,144,149,151,159,167,188,197,199,207,222,241,244,253,255,260,274,277,303,304,308,311,315,316,318,330,342,352,353,362,365,378,379,380,382,383,391,396,408,421,425,431
OX29,119,122,124,125,126,129,132,134,135,141,148,149,152,156,157,158,162,163,167,172,173,177,178,183,184,185,186,188,190,191,194,195,199,212,213,215,219,220,223,227,228,232,234,237,241,244,245,246,249,250,257,260,261,262,265,272,273,281,284,285,292,298,299,300,301,308,310,311,314,316,317,318,319,321,322,325,326,327,328,331,333,335,338,342,345,347,348,349,352,353,355,356,357,359,361,367,368,372,374,377,385,386,389,390,395,396,397,398,400,403,409,413,416,417,419,421,423,426,429,430
OX30,115,120,127,129,136,137,141,145,148,151,152,155,162,163,164,169,171,172,174,175,179,180,183,184,188,190,195,199,208,210,211,213,218,219,220,221,237,240,243,254,257,258,261,275,276,279,282,285,288,290,293,295,298,300,302,305,307,310,318,329,330,337,343,344,345,352,353,354,360,368,372,373,374,376,377,383,386,387,388,391,392,394,397,398,400,401,402,404,405,411,412,413,414,415,416,419,420,422,425,426,427,429
OX31,127,129,131,132,137,145,151,152,155,156,157,162,163,164,169,171,172,173,174,175,179,180,181,182,183,185,186,188,190,195,199,208,212,213,215,218,219,220,221,223,227,228,237,243,254,257,258,263,264,276,279,288,293,298,302,303,304,305,306,318,333,343,344,345,352,367,368,371,372,373,376,386,387,388,390,391,392,395,397,398,400,402,405,411,413,414,415,416,419,420,422,426,427,429
OX32,120,122,123,130,132,133,136,145,148,149,151,152,155,156,159,162,163,164,167,169,172,173,174,176,178,185,187,188,190,197,200,210,212,213,214,215,218,219,222,224,226,229,230,234,235,237,240,241,242,243,244,246,249,250,251,252,253,254,257,260,265,266,267,268,270,271,273,275,279,280,284,285,291,292,293,294,297,298,300,303,304,305,306,307,309,310,312,314,315,317,321,323,324,325,326,328,330,331,334,335,341,343,344,348,353,354,356,358,359,361,362,367,368,371,373,374,376,377,381,383,385,386,390,392,393,394,395,396,399,400,401,403,404,405,406,407,408,409,410,414,415,418,420,424,427,431
OX33,141,148,156,164,184,185,187,195,210,211,212,214,215,227,240,241,257,259,261,263,275,282,290,295,300,303,304,313,314,330,333,337,353,354,355,360,367,371,374,390,404,412
OX34,124,125,129,130,131,145,151,152,155,157,162,163,164,169,170,171,172,173,175,179,180,182,183,186,188,198,208,219,220,221,222,227,234,237,244,258,267,288,292,293,298,299,300,301,302,305,306,310,318,325,344,345,347,349,358,359,367,368,369,372,373,386,387,388,389,392,396,397,398,400,405,411,413,414,415,419,422,426
OX35,129,136,149,151,152,155,159,162,167,169,180,188,197,198,219,241,244,260,267,303,304,311,316,318,352,353,379,380,382,391,396,408,417,425
OX36,130,136,137,148,156,170,183,185,187,190,195,212,213,214,215,231,234,241,246,259,261,267,276,285,303,304,308,310,313,314,319,325,328,331,333,348,352,355,357,361,371,374,377,390,397,398,409,416,421,423,427,429
OX37,131,137,148,151,152,155,162,164,169,171,172,173,175,180,187,188,193,195,198,199,209,210,211,212,213,214,219,223,233,240,241,259,261,263,275,276,282,290,295,300,303,304,310,313,314,329,330,333,337,353,354,355,360,364,368,371,372,373,374,388,390,399,400,404,412,413,419,426
OX38,126,132,133,148,164,172,173,178,179,180,183,208,210,211,213,220,221,222,230,234,236,240,241,242,244,246,251,258,262,263,267,270,271,272,275,278,280,281,282,288,290,291,293,294,295,297,300,302,305,306,313,314,318,323,325,326,329,330,337,342,344,353,354,355,358,360,361,362,368,369,371,372,374,385,387,392,396,397,398,399,400,403,404,405,411,412,413,414,416,419,422,426,427,430
OX39,122,136,137,145,149,151,155,159,163,164,167,170,172,173,176,179,180,197,208,210,211,213,218,220,221,224,226,231,233,234,235,236,237,240,241,244,246,247,254,257,258,259,261,262,266,267,275,276,278,279,281,282,285,288,292,295,298,300,302,303,304,305,306,308,311,315,316,319,324,325,328,329,330,332,342,343,348,352,354,357,360,361,363,371,372,373,376,377,380,382,385,386,387,395,396,400,404,406,408,411,413,415,419,420,421,422,423,425,426,427,429,430
OX40,133,134,136,145,148,157,163,164,170,172,173,176,178,180,182,183,186,187,193,209,213,214,215,220,222,224,226,228,230,231,235,241,244,247,260,261,262,263,265,266,268,271,272,273,279,280,281,285,290,291,292,293,294,297,308,313,314,315,319,323,324,326,332,337,342,343,344,345,348,355,356,357,358,359,362,363,364,367,369,371,372,374,376,377,379,385,391,392,396,397,398,400,403,405,406,410,412,413,414,415,416,418,419,420,421,423,426,427,429,430
OX41,123,132,134,137,149,152,157,159,162,163,167,169,170,171,175,176,182,183,186,187,188,193,197,198,199,200,209,210,213,214,215,218,219,220,224,226,228,229,231,233,235,236,237,240,241,242,244,246,249,250,251,252,253,254,255,257,260,261,266,267,270,272,275,276,278,279,284,285,292,293,298,300,305,309,312,314,315,317,319,321,324,328,333,334,335,341,343,344,352,353,354,357,361,364,372,373,376,377,381,383,385,386,388,392,393,396,397,398,399,404,405,406,407,408,413,414,417,419,420,423,424,425,426,429
OX42,132,136,137,148,156,170,174,181,183,185,187,190,191,193,209,213,214,215,227,228,231,233,234,241,243,245,246,259,264,267,268,276,285,308,310,313,314,319,325,331,348,352,355,357,359,361,364,373,374,377,395,397,398,399,409,410,416,418,421,423,427,429
OX43,136,145,148,149,151,152,155,157,159,162,167,169,180,182,186,187,188,191,195,197,210,211,212,214,215,218,219,220,234,237,240,245,246,254,255,257,259,260,261,263,268,275,282,285,288,290,293,295,298,300,308,311,313,314,316,318,325,328,329,333,337,344,345,352,354,355,359,360,361,367,369,371,374,377,379,380,382,386,390,391,398,404,408,410,412,414,415,417,418,420,421,422,425,431
OX44,135,145,151,152,155,156,157,159,162,169,170,178,179,180,182,185,186,188,190,193,194,197,208,209,210,211,215,218,219,220,221,222,223,227,231,233,237,240,241,244,246,249,254,258,263,267,268,272,273,275,282,284,285,288,290,293,295,298,300,302,305,306,308,310,318,319,326,329,330,331,335,337,344,345,348,353,354,357,358,359,360,361,364,367,369,377,379,380,382,386,387,391,392,396,399,403,404,405,408,409,410,411,412,414,415,416,417,418,421,422,423,425,427,429
OX45,134,148,149,152,157,159,162,163,164,167,169,170,171,172,173,174,175,176,179,181,182,186,187,188,193,195,197,198,199,208,209,212,214,218,219,220,221,223,224,226,231,235,236,237,242,243,247,250,251,252,254,255,257,258,259,263,264,266,267,268,270,273,278,279,290,292,293,298,302,306,309,311,313,314,315,316,319,320,321,324,330,337,343,344,348,352,353,355,357,359,360,363,364,367,371,372,374,376,385,386,387,388,390,393,395,398,399,400,406,407,408,410,411,412,413,414,417,418,419,423,424,425,426,429
OX46,156,178,179,183,185,191,193,208,209,213,215,221,222,223,227,233,245,246,255,258,272,273,285,302,305,306,308,313,317,318,326,327,330,338,358,361,364,377,387,392,397,399,403,405,411,420,421,431
OX47,137,145,151,155,157,163,171,175,176,177,179,183,186,187,190,191,198,199,200,204,211,212,214,215,223,224,226,228,233,234,235,236,239,240,242,249,250,251,253,255,256,257,258,261,263,266,267,268,269,270,273,276,278,282,283,284,288,290,292,295,296,298,302,303,306,308,311,312,313,314,315,321,323,324,325,327,328,329,330,331,334,335,337,338,339,340,343,345,348,350,353,354,358,359,360,367,370,373,375,376,378,379,380,382,383,384,385,387,388,390,391,393,397,398,408,409,411,412,415,418,421,423,426,428,429,430
OX48,149,155,157,159,164,167,171,172,173,175,179,180,182,183,186,187,193,195,198,199,200,208,209,212,214,221,223,246,253,258,261,282,285,302,303,304,305,306,312,314,317,318,333,334,341,348,361,364,367,368,371,372,377,381,383,387,388,390,392,397,399,400,405,411,413,419,420,426
OX49,145,148,157,179,182,183,186,193,197,200,208,209,210,211,215,220,221,223,234,237,240,253,255,257,258,259,260,263,267,275,288,290,293,295,298,300,302,303,304,305,306,308,311,312,313,316,317,325,329,334,337,341,344,345,348,352,354,355,360,364,367,369,374,379,380,381,382,383,386,387,391,392,397,398,399,404,405,408,411,412,414,415,421,422,425,431
OX50,148,152,157,162,164,169,172,173,174,176,177,181,186,187,188,200,208,214,219,221,223,226,228,230,231,233,235,240,241,243,244,247,252,255,256,257,259,260,262,263,264,265,266,269,271,275,279,280,281,282,288,290,291,294,298,300,301,302,303,304,305,309,310,313,314,316,319,324,328,329,330,332,337,340,341,356,357,359,363,365,367,369,372,374,375,376,380,382,385,386,389,395,396,400,404,407,410,411,412,424,428,431
OX51,151,152,157,162,163,164,169,171,172,173,174,175,181,182,186,188,190,197,198,199,200,204,210,212,213,215,218,219,224,230,231,233,237,239,240,241,242,243,244,245,247,249,250,251,252,254,255,261,262,263,264,265,270,271,273,279,280,281,283,284,288,290,291,292,293,294,296,298,301,302,303,309,310,313,315,317,319,321,327,328,329,331,332,335,337,338,339,343,344,350,352,353,355,356,357,358,359,362,363,365,367,370,372,378,380,381,382,384,388,389,390,392,393,395,396,400,405,407,409,411,412,414,416,422,423,424,425,426,429,430
OX52,152,155,162,163,169,178,179,180,183,188,190,191,197,200,204,208,210,212,213,215,218,219,221,222,223,224,226,231,233,236,239,240,241,244,246,247,249,254,260,261,262,263,268,272,273,278,279,283,284,285,288,290,292,293,296,298,301,303,306,308,310,311,313,317,318,319,320,326,327,329,330,331,333,335,337,338,339,343,344,345,350,352,353,357,360,361,362,363,365,368,369,370,377,378,381,384,385,387,389,390,396,397,399,403,410,412,413,414,416,418,419,420,421,422,423,425,429,430
OX53,155,157,164,170,172,173,176,177,178,179,180,186,190,200,212,213,215,218,222,233,234,235,239,240,242,244,247,250,251,254,256,258,263,266,269,270,272,275,279,282,283,288,290,296,298,300,301,302,303,305,306,311,313,316,317,318,319,320,321,324,325,326,327,329,331,337,338,340,341,348,352,358,359,360,363,365,367,370,372,375,386,387,389,390,392,393,396,398,399,400,403,404,405,409,410,412,416,417,420,423,427,428,429,431
OX54,195,211,212,215,226,228,235,236,237,247,258,260,261,263,278,295,303,304,315,332,333,337,345,354,368,371,390,409
OX55,178,179,183,191,193,208,209,212,221,222,223,236,237,239,245,246,255,262,272,273,278,283,285,296,304,305,306,308,315,318,319,326,330,333,345,358,361,364,370,376,377,387,390,392,395,397,399,403,405,409,411,420,421,431
OX56,170,180,190,212,213,215,220,233,234,237,239,258,262,283,296,302,304,310,313,315,317,319,323,325,327,328,331,333,338,345,352,362,370,376,390,395,409,417,427,429
OX57,163,174,177,180,181,182,183,190,191,193,197,200,204,209,210,211,212,213,220,224,226,230,233,236,237,241,243,244,246,247,249,252,255,261,264,265,271,275,278,279,280,281,282,284,285,291,292,293,294,295,298,300,301,303,304,308,309,310,313,315,317,319,323,327,329,330,331,332,333,335,338,339,343,344,348,350,352,354,355,356,358,360,361,363,364,365,367,368,376,377,378,380,381,382,384,392,393,395,396,397,398,404,405,407,410,411,413,414,419,421,422,424,425,428,429,430
OX58,164,172,173,177,182,193,209,210,211,215,223,235,236,237,239,242,247,250,251,258,260,262,263,268,269,270,273,278,283,288,295,296,302,304,315,319,321,332,333,337,345,354,364,367,370,376,389,390,395,400,409,418,426,428
OX59,174,181,191,193,209,211,215,230,235,243,245,247,263,264,268,271,280,281,291,294,295,311,328,332,337,354,355,359,364,368,410,418
OX60,157,176,182,183,186,193,200,208,209,210,212,221,226,233,235,240,244,246,247,255,256,262,263,266,275,279,282,285,290,298,300,301,302,303,304,308,310,311,316,320,324,329,330,333,337,340,341,348,360,361,363,364,365,368,372,375,376,377,386,393,396,397,398,404,409,411,412,421,423,426
OX61,211,212,215,226,235,239,247,260,262,263,283,295,296,302,304,319,332,333,337,354,368,370,376,390
OX62,179,193,197,200,204,208,209,212,221,223,224,234,235,237,239,241,242,244,245,249,250,251,252,253,255,258,261,262,263,265,270,273,279,282,283,284,288,293,296,298,299,303,305,306,308,309,311,312,318,321,325,329,330,335,337,339,342,343,344,347,348,349,350,356,360,363,364,367,370,380,381,382,383,384,387,390,393,395,396,398,399,404,407,413,414,417,419,420,421,422,424,425,427,430
OX63,177,182,183,187,197,200,204,210,214,224,226,228,234,235,236,239,241,244,245,246,249,252,255,258,261,262,263,265,268,275,278,279,282,283,284,285,293,296,298,299,302,303,308,309,311,314,315,317,325,329,330,334,335,337,339,341,342,343,344,345,347,348,349,350,356,360,361,363,367,370,377,380,381,382,384,389,390,392,393,395,396,397,398,404,405,407,409,411,413,414,417,418,419,421,422,424,425,427,428,430
OX64,187,214,228,314,317,334,341,395
OX65,183,193,197,200,204,209,212,220,222,224,233,234,235,236,237,239,241,242,244,245,246,249,250,251,252,253,261,262,263,265,270,273,278,279,282,283,284,285,288,293,296,298,299,302,303,309,311,312,321,325,329,335,337,339,343,344,347,348,349,350,356,360,361,362,363,364,367,370,377,378,380,381,382,383,384,390,392,393,395,396,397,398,404,405,407,411,413,414,417,419,422,424,425,427,430,431
OX66,221,226,235,236,237,247,260,263,278,279,315,332,337,345,368,409
OX67,212,213,215,226,239,257,260,262,281,283,296,302,304,311,319,333,355,370,376,390
OX68,210,226,233,235,236,237,247,258,260,278,290,300,315,330,332,345,353,360,367,368,395,404,409,412
OX69,180,197,200,220,233,236,241,244,253,257,260,262,267,278,281,282,285,303,304,306,311,312,313,316,317,318,323,334,341,342,348,352,353,355,362,371,377,379,380,381,382,383,391,396,408,416,417,425,427,430
OX70,200,220,222,223,233,236,244,247,249,253,255,260,269,278,282,284,303,304,308,311,312,316,318,320,330,335,342,348,353,362,363,367,368,378,381,383,396,421,426,431
OX71,191,193,197,209,213,215,223,224,233,235,237,241,244,245,249,255,258,261,262,263,268,269,279,284,285,290,299,300,301,306,308,311,313,315,317,320,330,332,334,335,337,341,343,347,349,352,358,362,363,364,365,367,369,371,376,377,378,379,380,382,389,395,396,408,410,412,418,420,421,425,426,427,430,431
OX72,208,239,244,260,283,296,303,311,316,353,370,396
OX73,176,193,197,204,209,213,215,220,222,223,224,235,236,237,241,245,247,253,255,256,258,260,261,262,263,268,269,278,279,282,285,290,299,300,301,303,304,306,312,313,315,316,317,318,332,334,337,339,340,342,343,347,348,349,352,353,358,364,365,368,369,371,372,375,376,377,379,380,381,382,383,384,386,389,395,408,410,411,412,418,420,425,427,430
OX74,220,224,233,236,237,258,278,292,300,301,315,365,389,395
OX75,224,233,235,237,247,258,260,290,292,330,332,353,360,367,368,395,404,412
OX76,233,235,236,237,239,247,258,260,262,278,283,290,296,300,302,304,315,319,330,332,333,345,353,360,367,368,370,376,389,390,395,404,409,412
OX77,226,235,247,260,262,263,279,319,332,337,368,376
OX78,197,223,236,237,239,241,247,249,258,269,278,283,284,296,302,303,315,319,320,335,342,345,352,363,367,368,370,371,376,379,380,382,391,395,408,409,425,426,427,430
OX79,236,237,239,257,258,262,278,281,283,296,302,303,313,315,317,319,334,341,345,355,370,376,395,409
OX80,193,209,213,215,223,235,240,242,249,250,251,252,253,255,257,263,265,266,267,268,269,270,273,279,281,282,284,285,288,293,303,304,306,309,310,311,312,315,316,318,319,320,321,324,329,332,335,337,342,344,348,350,352,355,356,358,362,364,367,371,376,377,378,379,383,392,395,405,407,408,409,410,411,413,414,417,418,419,422,423,424,426
OX81,235,239,247,263,279,283,296,302,303,311,332,337,368,370
OX82,223,247,249,257,269,281,284,303,304,313,317,320,334,335,341,355,363,367,368,426
OX83,239,283,296,302,303,370,371,376
OX84,204,222,240,242,245,247,250,251,252,256,258,261,263,265,267,270,273,279,288,292,298,299,300,301,309,310,315,320,321,329,330,337,339,340,341,343,347,349,350,352,356,360,362,365,368,369,372,375,376,378,381,384,389,391,395,404,406,407,408,413,417,419,420,422,423,424,426,427,429,430
OX85,240,242,244,250,251,252,253,257,260,261,263,265,266,267,268,270,273,279,281,282,292,293,299,300,301,308,309,310,311,312,313,316,317,318,319,321,324,329,334,337,341,343,344,347,348,349,350,352,353,355,356,360,363,365,367,369,376,379,383,389,391,392,395,396,404,405,407,408,409,411,413,414,417,418,419,420,421,422,423,424,428,431
OX86,222,234,244,267,310,325,342,352,369,378,396,420,427,429
OX87,249,266,284,301,315,324,333,335,352,362,365,390,427,429
OX88,244,255,285,306,308,330,369,377,396,420,421,431
OX89,190,257,260,261,263,279,281,292,299,300,301,311,313,315,317,327,328,330,331,337,338,342,343,347,349,353,355,358,359,360,362,365,367,376,378,389,391,404
OX90,234,252,255,265,266,267,285,306,308,309,310,324,325,356,360,363,377,421,424,431
OX91,247,263,266,279,301,303,304,315,320,324,333,337,352,362,363,365,368,371,376,390,427,429
OX92,252,253,255,256,261,265,282,285,288,292,293,299,300,301,303,304,306,309,312,316,318,319,320,332,333,340,341,343,344,347,348,349,352,356,358,365,369,371,372,375,377,378,379,381,383,389,391,392,393,395,404,405,406,409,410,411,414,420,424,426,428,430
OX93,260,261,266,288,292,299,300,311,320,324,330,332,342,343,347,349,352,353,358,360,363,371,372,378,389,390,391,393,404,410,426,427,428,429
OX94,261,263,266,279,288,292,299,300,320,324,332,337,342,343,347,349,352,358,363,367,372,376,378,389,390,391,393,410,426,427,428,429
OX95,266,301,315,320,324,332,352,362,363,365,390,393,427,429
OX96,241,262,288,292,299,300,301,303,304,315,343,347,349,350,352,358,362,365,371,372,378,379,380,382,389,391,404,408,410,425,426,427,428,430
OX97,242,250,251,255,259,263,267,268,270,273,279,281,285,288,301,305,306,308,310,315,321,329,333,337,352,362,365,367,369,371,372,376,377,380,382,390,407,413,417,418,419,421,426,427,428,429
OX98,262,301,303,304,319,333,365,371,390,409
OX99,259,263,267,279,281,301,305,310,315,329,333,337,352,360,362,365,367,371,376,380,382,390,404,413,417,419,420,427,429,431
OX100,267,305,310,315,319,329,342,350,360,362,379,408,409,413,417,419,420,429,430,431
OX101,257,263,279,281,285,293,306,308,313,315,316,317,318,319,334,337,341,342,344,348,352,355,360,362,367,369,371,376,377,379,392,395,404,405,406,409,411,414,420,421,430,431
OX102,263,279,288,301,303,304,315,333,337,342,358,362,365,367,371,372,376,378,390,410,426,428
OX103,255,285,288,305,306,308,315,319,350,352,358,362,372,377,378,379,404,408,409,410,420,421,426,427,428,430
OX104,253,256,282,285,288,293,305,306,312,340,341,342,344,350,358,372,375,377,378,381,383,392,395,404,405,406,408,410,411,414,420,426,427,428
OX105,285,306,308,316,318,348,369,377,420,421
OX106,293,315,319,344,358,362,378,409,410,414,422,427,428,430
OX107,288,350,372,404,406,408,422,426
OX108,315,319,352,358,362,378,379,406,409,410,422,427,428,430
OX109,342,352,358,378,379,406,410,422,427,428
Z0,0,35,39,205
Z1,1,18,181,264
Z2,2,13,70,346
Z3,3,165,174,243
Z4,4,265,287,356
Z5,5,6,45,143
Z6,5,111,171,388
Z7,7,29,33,40
Z8,8,94,211,295
Z9,9,253,277,312
Z10,10,108,230,271
Z11,11,58,133,297
Z12,12,15,74,248
Z13,13,14,84,287
Z14,2,164,182,275
Z15,15,75,77,79
Z16,16,333,390,393
Z17,17,209,212,215
Z18,1,81,86,286
Z19,19,78,113,168
Z20,20,40,239,370
Z21,21,35,339,384
Z22,22,37,204,384
Z23,23,37,209,364
Z24,24,107,149,167
Z25,25,317,334,338
Z26,26,256,346,375
Z27,27,66,326,403
Z28,28,210,300,389
Z29,7,166,183,397
Z30,30,206,309,424
Z31,31,95,299,347
Z32,32,38,153,196
Z33,29,86,291,294
Z34,34,41,152,219
Z35,0,75,156,185
Z36,34,36,94,217
Z37,22,235,332,393
Z38,8,38,283,296
Z39,39,211,213,215
Z40,33,160,187,214
Z41,41,148,216,374
Z42,42,60,141,184
Z43,32,43,152,162
Z44,44,46,142,144
Z45,45,155,198,254
Z46,46,146,347,349
Z47,47,109,172,400
Z48,48,157,177,182
Z49,6,49,119,158
Z50,50,177,321,407
Z51,51,74,178,403
Z52,52,179,373,399
Z53,53,180,413,417
Z54,54,72,284,335
Z55,55,62,256,340
Z56,56,239,303,304
Z57,57,113,308,421
Z58,11,97,137,276
Z59,59,247,368,400
Z60,60,191,245,339
Z61,61,72,124,125
Z62,62,204,298,386
Z63,63,105,218,254
Z64,64,148,240,423
Z65,65,241,374,425
Z66,9,66,95,289
Z67,67,71,249,284
Z68,68,69,242,251
Z69,61,68,83,207
Z70,70,98,327,338
Z71,14,71,283,370
Z72,54,151,159,171
Z73,73,85,285,377
Z74,51,80,158,322
Z75,21,59,123,229
Z76,16,76,266,324
Z77,17,77,121,238
Z78,78,82,252,424
Z79,12,98,251,270
Z80,76,80,268,418
Z81,81,130,276,373
Z82,82,138,413,419
Z83,69,84,230,294
Z84,67,242,272,273
Z85,85,104,119,232
Z86,18,107,160,168
Z87,87,288,422,428
Z88,88,102,344,414
Z89,89,293,406,422
Z90,58,90,144,274
Z91,91,159,167,194
Z92,92,129,198,199
Z93,93,101,145,415
Z94,43,226,319,409
Z95,27,63,238,336
Z96,96,116,175,388
Z97,97,203,236,278
Z98,99,313,314,317
Z99,100,263,337,402
Z100,23,93,280,291
Z101,102,220,236,345
Z102,103,126,250,270
Z103,104,142,248,277
Z104,105,130,185,227
Z105,106,186,329,419
Z106,24,161,250,321
Z107,108,110,143,165
Z108,109,196,244,396
Z109,110,245,268,273
Z110,53,111,246,361
Z111,112,154,179,387
Z112,19,118,307,394
Z113,114,150,234,325
Z114,114,115,172,173
Z115,10,96,193,364
Z116,117,379,406,408
Z117,118,127,190,331
Z118,73,90,120,307
Z119,120,174,181,366
Z120,121,125,175,199
Z121,122,320,356,363
Z122,123,153,178,272
Z123,124,217,301,365
Z124,126,214,216,314
Z125,30,127,189,402
Z126,106,128,135,194
Z127,129,352,414,427
Z128,31,36,99,203
Z129,131,310,324,429
Z130,132,223,269,399
Z131,133,151,188,385
Z132,55,134,252,265
Z133,135,249,266,363
Z134,136,267,306,420
Z135,137,257,280,355
Z136,138,269,372,426
Z137,139,240,282,381
Z138,140,201,380,382
Z139,141,156,190,327
Z140,44,278,315,362
Z141,101,116,293,344
Z142,122,145,176,386
Z143,25,146,394,401
Z144,147,367,404,426
Z145,20,213,257,313
Z146,149,318,348,397
Z147,150,170,328,359
Z148,79,83,274,286
Z149,64,308,377,383
Z150,154,197,343,391
Z151,52,155,180,323
Z152,42,337,367,368
Z153,4,47,157,186
Z154,161,188,207,219
Z155,50,162,169,322
Z156,163,189,343,349
Z157,3,164,173,184
Z158,112,166,392,405
Z159,48,49,91,366
Z160,131,136,169,231
Z161,115,202,253,383
Z162,163,170,323,416
Z163,117,176,405,411
Z164,128,183,246,415
Z165,187,195,228,401
Z166,191,193,288,372
Z167,192,247,320,332
Z168,195,261,391,425
Z169,197,350,351,408
Z170,92,231,232,357
Z171,200,255,348,421
Z172,201,305,369,420
Z173,202,222,358,378
Z174,132,134,264,271
Z175,205,334,340,341
Z176,200,206,375,381
Z177,56,208,316,318
Z178,210,226,260,353
Z179,212,301,389,390
Z180,103,275,282,312
Z181,218,243,328,331
Z182,220,227,233,290
Z183,221,237,258,298
Z184,222,244,330,353
Z185,223,233,341,395
Z186,224,225,237,345
Z187,225,235,260,311
Z188,28,410,418,428
Z189,88,259,281,355
Z190,228,258,392,395
Z191,229,289,295,354
Z192,87,234,310,329
Z193,100,224,292,299
Z194,221,279,302,376
Z195,26,208,296,302
Z196,139,263,279,354
Z197,241,259,380,385
Z198,192,330,360,431
Z199,255,305,411,431
Z200,65,285,306,398
Z201,261,262,371,376
Z202,262,319,423,430
Z203,281,303,311,371
Z204,89,147,290,412
Z205,292,300,336,412
Z206,297,361,387,398
Z207,304,333,335,382
Z208,140,352,379,429
Z209,309,350,360,404
Z210,315,357,365,409
Z211,316,369,396,407
Z212,326,358,359,410
Z213,342,362,416,427
Z214,342,351,378,430
OZ0,98,158,167,179,181,185,186,188,189,190,194,207,213,215,216,219,236,238,243,246,249,251,254,256,257,258,265,267,268,271,275,276,282,285,286,291,293,294,296,301,302,306,307,308,311,312,313,314,317,319,321,322,324,325,328,329,334,335,336,338,341,343,344,345,346,352,355,360,362,363,364,367,370,372,373,374,376,378,379,381,385,387,389,393,394,396,398,399,401,402,405,406,407,408,411,412,413,414,415,416,417,418,420,422,423,427,429,431
OZ1,152,158,160,167,177,179,181,185,186,188,189,190,194,207,215,219,231,236,238,242,243,246,249,250,254,256,260,265,268,270,271,276,285,286,291,293,294,296,300,301,303,307,308,310,311,317,318,319,325,327,328,329,333,334,336,341,343,344,345,352,353,355,360,362,363,364,367,369,370,371,372,373,374,378,379,381,382,385,387,391,392,393,394,395,398,399,402,405,406,407,408,409,410,411,412,413,414,415,416,417,422,425,427,428,430,431
OZ2,144,159,160,165,171,173,174,175,177,179,180,181,182,185,188,190,193,196,207,209,211,216,217,219,230,232,233,236,238,242,248,249,250,251,252,253,254,258,260,264,265,267,268,269,270,272,273,276,277,278,280,282,283,285,286,288,289,295,300,302,303,307,310,318,321,322,323,324,327,333,337,338,340,352,353,354,355,357,361,365,366,367,368,369,370,371,372,373,376,382,384,385,387,390,391,392,396,401,403,409,410,414,418,420,423,425,427,428,429,430
OZ3,165,167,173,174,175,179,181,182,184,185,186,188,189,190,193,194,196,207,209,213,215,216,219,230,236,238,242,246,249,251,254,256,257,260,263,265,266,267,270,271,272,276,279,280,282,285,286,287,289,295,296,299,300,301,306,307,308,312,313,314,319,321,325,328,329,330,333,334,335,337,339,343,352,354,355,356,362,364,367,368,370,372,373,374,375,378,381,385,387,388,389,390,393,394,396,398,399,400,401,403,407,413,414,416,417,420,422,423,427,429
OZ4,158,159,177,179,181,185,186,188,189,190,196,203,207,211,213,217,231,233,236,238,242,243,246,251,252,253,254,256,257,258,260,263,264,265,266,268,269,273,275,276,277,279,284,285,286,287,291,293,294,298,299,300,302,307,310,311,320,324,325,327,328,329,330,332,333,335,336,339,341,343,344,345,346,347,352,353,355,356,358,359,362,363,366,367,368,372,373,375,376,377,378,379,383,385,386,387,389,394,395,396,398,400,401,402,405,406,408,409,411,412,413,414,415,416,417,422,427,428
OZ5,125,175,199,215,233,238,248,252,264,265,269,271,301,317,334,338,341,364,389,390,395,399
OZ6,160,167,179,181,185,186,188,189,190,194,196,207,215,219,236,238,243,246,250,251,254,256,260,265,266,267,268,271,273,276,283,284,285,286,289,291,293,294,295,296,298,300,301,303,306,307,308,311,318,319,320,321,325,328,329,330,332,334,336,339,343,344,345,352,353,354,355,362,363,364,367,368,369,371,372,373,374,375,378,379,381,382,385,386,387,390,391,392,394,395,398,399,400,402,403,405,406,408,409,410,411,412,413,414,415,416,417,420,422,425,427,428,429,430
OZ7,177,196,203,211,215,216,217,219,231,233,253,256,260,263,264,265,267,269,271,272,277,279,282,283,296,299,300,301,306,308,310,312,313,314,317,319,320,321,322,324,330,332,334,339,340,347,348,350,352,353,358,359,364,368,369,374,377,379,380,382,383,384,390,395,399,400,404,407,409,411,418,421,423,428
OZ8,207,242,251,286,291,294
OZ9,159,179,181,185,186,188,189,190,196,209,213,215,216,219,233,236,238,243,246,249,254,256,257,258,264,265,267,269,270,272,275,276,282,285,287,289,291,293,294,295,296,298,301,302,306,307,308,311,312,313,314,319,320,321,324,325,328,329,330,332,334,335,336,339,341,343,344,345,346,348,350,354,355,356,360,362,363,366,367,368,369,370,372,373,374,376,378,380,382,385,386,387,389,393,394,395,396,398,400,401,402,403,404,405,406,407,408,412,413,414,415,416,417,421,422,423,427,431
OZ10,171,180,185,186,189,190,193,196,203,209,211,213,215,219,231,232,233,242,245,246,248,249,256,264,265,267,269,270,271,274,275,278,283,284,291,294,312,313,314,317,320,321,323,324,325,328,329,332,337,338,339,341,343,346,348,349,350,352,353,357,358,359,361,362,364,365,367,369,370,372,377,378,379,380,381,382,383,388,395,396,398,399,404,407,409,411,413,416,417,421,422,428
OZ11,167,180,184,186,188,189,193,194,196,199,215,217,219,231,232,236,238,242,246,249,257,258,260,263,266,267,270,275,276,279,283,288,293,294,298,299,300,302,311,312,313,314,321,323,325,327,328,329,333,334,335,336,337,343,344,345,346,347,353,355,356,357,358,359,360,362,363,368,370,376,377,378,379,383,385,386,387,389,394,396,401,402,405,406,407,408,409,411,412,413,415,416,417,420,422,428,429,431
OZ12,173,174,181,182,185,190,193,196,213,216,217,233,236,242,245,251,253,257,258,264,268,269,271,272,275,276,277,278,282,283,285,288,294,296,298,301,302,306,307,308,311,312,313,314,317,319,320,327,330,334,336,340,345,346,347,348,350,352,353,355,356,358,359,364,367,369,372,374,375,376,377,379,380,382,383,384,390,393,395,398,399,400,402,404,409,411,412,420,421,423,428,429
OZ13,179,180,181,184,185,190,193,196,199,209,213,215,216,231,232,236,243,251,252,253,254,257,258,260,265,268,271,276,277,278,282,285,287,288,289,291,294,299,300,302,306,307,308,311,312,313,314,317,323,327,332,334,336,341,345,348,350,355,356,357,360,364,367,368,369,372,373,374,376,377,379,380,382,383,386,393,398,399,402,403,404,411,412,414,420,421,423,427,429,431
OZ14,196,209,217,233,242,251,252,256,260,264,265,268,269,271,272,283,289,291,294,295,296,298,299,300,319,320,330,332,334,339,347,353,354,358,359,360,364,368,386,389,395,399,400,409,428,431
OZ15,180,189,190,193,233,252,264,265,267,269,271,307,325,331,341,348,350,352,360,364,369,375,379,380,381,382,394,395,399,402,404,411,413,420,421,424,429,431
OZ16,189,190,193,199,209,217,231,232,252,254,256,257,258,263,267,268,276,279,283,287,291,296,298,302,307,311,319,323,325,331,332,336,337,345,347,352,353,355,357,358,359,375,376,389,393,394,403,409,412,413,414,424,427,428
OZ17,188,209,215,219,242,250,251,253,275,277,282,289,291,294,301,321,389,390
OZ18,174,181,184,186,190,193,199,203,209,215,219,232,233,252,254,256,257,258,260,263,264,268,269,271,272,274,275,276,278,279,285,288,291,295,298,299,300,301,302,311,312,313,314,317,320,321,322,324,328,329,331,334,336,337,339,340,343,345,346,348,349,350,353,354,355,356,358,359,362,364,365,368,369,376,378,379,380,381,382,383,384,389,390,393,394,395,396,398,399,403,404,407,409,411,412,413,414,416,418,421,422,424,427,428
OZ19,181,184,186,190,194,213,215,216,242,243,245,246,249,252,253,256,258,264,266,269,272,276,277,278,280,282,285,288,293,295,296,298,299,302,306,307,308,311,312,313,314,319,329,330,334,336,341,343,350,353,354,360,362,370,374,375,376,377,378,379,381,383,386,387,389,391,392,393,395,397,398,400,402,404,409,410,411,416,419,423,426,427,430,431
OZ20,186,193,209,215,236,242,245,249,253,256,257,258,260,263,269,272,273,276,277,278,279,283,284,287,289,291,299,300,301,302,311,312,313,314,327,329,332,334,336,337,339,340,345,348,350,352,355,360,369,370,375,376,379,380,381,382,384,386,389,390,393,402,404,411,412,413,420,421,422,424,426,428,429,431
OZ21,184,190,193,194,199,209,231,232,233,238,245,246,250,253,260,264,265,266,268,269,270,271,273,275,277,278,283,284,287,288,291,293,294,295,296,299,300,301,307,318,319,320,323,328,330,331,333,334,335,340,343,344,346,348,354,356,357,362,363,364,372,377,378,379,383,384,385,386,387,389,390,393,395,396,397,399,400,401,402,405,406,407,408,411,415,416,417,419,420,424,428,429
OZ22,185,194,215,233,242,246,253,256,258,263,266,268,269,271,272,273,276,277,278,279,280,283,284,287,289,293,296,298,299,301,302,311,312,313,314,317,319,320,332,336,337,343,348,352,353,356,360,362,364,367,369,372,376,378,380,381,382,386,387,390,391,392,393,397,399,402,409,410,413,416,419,420,421,422,424,427,428,429,430,431
OZ23,194,203,209,211,213,217,219,231,232,236,242,248,251,257,264,265,266,269,270,273,274,275,278,280,284,291,293,295,299,301,307,312,313,314,321,323,324,327,328,331,332,337,338,339,340,345,346,347,349,350,353,354,355,356,357,360,361,365,377,379,383,384,386,387,389,390,391,392,394,395,396,397,398,402,404,407,409,410,411,412,417,419,420,422,424,426,427,429,430,431
OZ24,193,199,215,217,231,236,242,248,249,251,253,254,256,260,270,272,273,277,278,284,289,296,299,300,301,312,313,314,317,319,322,323,327,338,347,352,353,357,358,359,370,375,377,383,390,403,409,413,414,417,418,421,427,428
OZ25,190,199,231,232,233,244,245,249,251,252,254,257,258,260,263,264,265,267,269,271,273,276,279,283,284,287,289,294,295,299,300,302,307,310,311,317,320,327,328,329,330,331,336,337,343,345,348,349,350,354,355,357,359,364,368,369,370,372,376,379,380,381,382,386,393,394,395,396,399,400,403,404,411,412,413,414,416,420,421,422,424,427,428,429
OZ26,211,215,216,233,244,246,253,256,263,264,265,269,271,279,282,289,295,301,306,308,330,341,348,350,352,353,354,358,360,361,364,369,374,377,378,379,380,382,383,389,390,395,398,399,404,411,420,423,429,431
OZ27,199,209,213,215,216,231,232,233,238,242,244,246,250,252,253,256,258,260,269,270,271,272,275,276,280,282,291,294,298,300,301,302,306,308,311,312,313,314,317,318,323,327,328,331,332,333,334,335,336,339,340,341,344,346,352,357,358,360,361,363,364,368,369,372,374,376,378,379,380,382,384,385,390,391,392,394,396,398,399,400,401,405,406,407,408,409,410,411,413,415,417,422,423,427,430,431
OZ28,209,215,236,242,249,251,252,253,257,258,260,263,268,270,272,273,276,277,278,279,283,284,287,289,291,298,299,300,301,302,311,312,313,314,322,327,332,334,336,337,345,348,350,352,355,360,369,370,375,376,379,380,381,382,389,390,393,402,404,411,412,418,420,421,429,431
OZ29,215,233,244,246,252,253,264,265,269,271,285,289,301,330,341,353,358,361,364,378,389,390,394,395,399,421
OZ30,238,242,244,246,249,251,252,253,256,268,270,272,273,283,284,285,287,289,293,298,317,320,322,327,330,334,340,348,350,352,353,356,358,360,361,363,369,370,375,378,380,381,382,384,386,394,404,408,411,418,420,422,429,431
OZ31,244,246,252,253,256,285,289,295,330,334,339,340,341,348,350,352,353,354,358,360,361,369,378,379,380,381,382,384,394,404,411,420,429,431
OZ32,217,242,249,251,256,260,270,272,273,274,284,296,300,301,307,317,319,322,327,334,353,365,370,375,389,394,409,410,418,428
OZ33,236,242,249,250,251,252,257,258,260,263,268,272,273,275,276,278,279,282,283,284,287,294,298,299,300,302,311,312,313,314,322,327,332,334,336,337,345,348,350,352,355,360,369,370,375,376,379,380,381,382,393,402,404,411,412,418,420,421,429,431
OZ34,213,216,232,242,245,246,248,249,251,254,257,263,264,265,272,273,277,279,280,283,284,287,294,298,299,306,308,310,312,313,314,317,318,320,323,325,329,330,331,332,333,334,335,336,337,338,343,344,345,346,348,349,350,352,355,358,359,360,361,363,370,374,375,377,378,381,383,385,386,389,391,392,393,394,395,398,401,403,404,405,406,407,408,409,410,412,414,415,416,420,423,424,428,429,430,431
OZ35,203,219,231,233,245,246,251,252,253,254,257,258,260,263,264,265,268,269,271,272,275,276,279,282,285,289,293,294,295,299,300,302,310,311,312,313,314,317,318,320,321,322,324,325,328,329,330,332,333,334,335,337,343,344,345,347,350,353,354,355,356,357,358,359,360,364,369,372,376,377,378,380,381,382,383,385,387,390,395,396,397,398,399,401,403,404,405,406,408,412,413,414,415,416,417,418,420,421,422,424,427,428,429,431
OZ36,231,246,249,253,254,257,258,260,263,268,270,273,276,279,283,284,287,293,294,298,299,300,302,303,306,310,317,320,322,325,327,328,329,334,337,343,345,348,349,350,352,353,357,358,359,361,368,369,370,371,374,375,376,377,378,379,381,382,383,385,388,393,394,396,398,400,403,404,411,412,413,414,416,417,418,420,421,424,425,429
OZ37,232,242,245,246,248,250,251,254,258,260,263,264,265,268,271,272,274,275,279,280,289,293,294,295,299,300,302,307,311,312,313,314,318,320,322,327,328,330,331,332,333,335,336,338,343,344,346,347,350,353,354,356,358,359,360,362,364,365,368,369,376,378,380,381,382,385,386,387,390,395,396,397,399,400,401,403,406,407,408,409,411,414,416,418,422,427,428,431
OZ38,233,242,245,246,250,252,253,254,256,257,258,260,263,264,265,267,268,269,270,271,272,276,279,289,293,294,295,298,299,300,302,310,311,318,320,321,322,324,325,328,329,330,332,334,335,337,340,343,344,345,347,350,353,354,355,356,357,358,359,360,364,369,372,376,377,378,380,381,382,383,384,385,386,387,393,394,395,396,397,399,401,403,404,405,406,408,412,413,414,415,416,417,418,421,422,424,427,428,429,431
OZ39,245,246,250,251,254,256,258,260,263,268,270,275,277,279,280,282,299,300,302,303,306,310,320,323,325,329,330,331,332,336,337,340,343,344,345,349,353,355,358,359,361,363,371,374,376,378,379,380,384,385,393,394,396,398,403,405,406,408,411,412,414,415,416,421,424,425
OZ40,242,249,250,251,253,256,258,260,263,268,272,273,275,277,279,280,282,283,284,287,289,294,295,298,299,300,302,311,317,322,327,332,336,337,339,340,341,345,347,349,354,361,370,375,376,384,387,393,394,398,401,402,412,418
OZ41,250,253,258,260,263,270,275,277,279,280,282,289,294,295,299,300,302,311,332,334,336,337,339,341,345,347,348,349,350,352,354,356,360,361,369,376,379,380,381,382,386,387,393,394,398,401,402,404,411,412,420,421,429,431
OZ42,249,251,260,270,296,298,300,317,319,322,324,327,333,334,340,353,363,370,375,384,386,389,390,393,409,410,418,428
OZ43,246,251,253,254,257,258,260,263,264,265,267,270,271,274,276,277,279,282,285,289,295,299,300,302,307,311,312,313,314,317,318,320,322,323,327,333,334,335,343,346,347,350,353,354,355,358,359,362,363,364,365,369,376,377,378,379,380,381,382,383,385,387,388,390,394,395,396,397,398,399,401,403,405,407,409,413,414,415,416,417,418,420,421,422,427,428
OZ44,252,257,267,271,274,275,276,277,280,282,285,289,295,298,299,301,303,306,307,310,311,318,321,322,324,325,329,331,332,334,335,341,353,354,357,362,364,365,368,369,371,372,374,377,381,382,383,386,391,392,396,398,399,400,401,402,404,405,410,411,413,415,417,418,421,424,425,428,429,430
OZ45,182,253,256,257,258,263,264,265,267,273,274,276,278,279,282,283,284,287,293,296,298,301,302,303,306,307,310,312,313,314,317,318,319,321,322,323,327,328,329,330,331,332,333,335,336,341,344,346,347,349,356,357,360,361,362,365,368,369,371,372,374,376,377,379,381,382,383,387,388,389,390,391,392,395,396,398,400,405,406,408,409,411,415,417,418,420,421,422,424,425,428,429,430,431
OZ46,216,254,256,257,260,264,265,267,269,270,271,273,274,275,276,278,280,283,284,285,287,293,294,296,299,300,301,306,307,308,312,313,314,317,318,319,320,321,325,327,328,333,335,337,339,341,345,347,348,352,353,355,357,358,359,363,364,365,368,372,374,375,379,381,385,386,388,389,390,393,395,397,398,399,403,404,405,408,409,411,412,414,415,417,421,423,426,427
OZ47,254,260,264,265,268,270,273,274,275,283,284,285,287,293,294,296,298,300,303,306,307,311,312,313,314,317,319,320,321,327,328,331,332,337,340,341,345,346,348,349,352,355,357,358,359,361,363,365,369,371,372,374,379,381,382,384,385,387,388,389,391,392,394,395,396,397,402,403,407,408,410,412,414,415,425,427,428,430
OZ48,256,257,260,264,265,267,269,270,273,274,276,277,278,280,282,283,284,285,287,289,293,294,295,296,298,299,300,301,307,310,312,313,314,317,319,322,323,324,327,328,329,331,332,333,334,337,339,345,348,352,354,355,362,365,369,375,377,380,382,383,389,390,391,392,393,394,395,396,397,398,400,401,402,409,412,415,417,418,420,421,422,423,424,426,427,428,429,430
OZ49,253,260,264,265,269,270,271,273,277,278,282,283,284,285,287,293,294,296,298,300,312,313,314,317,319,321,323,324,325,327,328,330,332,337,339,340,341,344,345,353,357,360,364,372,375,379,381,384,385,386,389,394,395,398,399,400,404,406,408,409,410,412,413,420,422,423,426,431
OZ50,257,258,263,264,265,267,268,273,275,276,279,283,284,285,287,293,296,301,302,311,312,313,314,317,319,323,327,328,331,333,336,340,341,344,346,347,348,349,352,355,356,361,369,372,376,377,380,381,382,383,384,385,386,387,389,390,391,392,394,395,396,397,405,406,407,411,413,415,417,420,421,427,428,430
OZ51,258,263,264,265,269,271,273,275,278,279,280,283,284,287,293,296,299,302,303,306,312,313,314,317,318,319,323,325,327,328,332,333,335,336,339,340,341,344,348,352,353,355,356,357,364,368,371,372,374,375,376,380,381,384,385,386,389,390,394,395,397,399,402,404,406,409,410,413,415,420,423,425,426,427
OZ52,260,264,265,269,270,273,274,277,278,282,283,284,287,289,293,294,295,296,299,300,301,307,310,312,313,314,317,319,322,324,327,328,329,331,332,334,337,339,340,344,345,348,352,354,357,362,365,369,375,380,382,384,388,389,391,392,395,396,397,400,401,402,405,406,409,411,412,413,418,423,424,426,427,428,429,430
OZ53,251,267,268,270,293,320,322,325,327,331,333,336,348,350,352,357,360,363,369,375,377,380,381,382,383,390,393,404,408,411,417,418,420,422,429,431
OZ54,271,274,275,277,282,289,295,298,299,301,303,306,307,311,318,321,322,323,325,331,332,334,335,341,353,354,355,362,364,365,368,369,371,372,374,381,382,386,391,392,394,396,399,400,401,402,404,405,410,411,413,418,420,425,428,430
OZ55,268,269,275,277,278,282,289,293,295,298,299,301,310,320,321,322,324,329,334,336,339,341,343,346,354,361,362,363,372,375,379,381,386,387,394,398,400,401,402,407,408,409,413,415,418,422,423,424,426,429
OZ56,269,289,295,298,310,324,329,333,334,339,341,347,348,349,350,352,354,360,361,369,372,379,380,381,382,386,387,390,393,394,398,400,401,404,411,413,415,420,421,424,426,431
OZ57,267,293,310,320,324,325,328,329,336,343,344,349,357,359,363,377,379,383,386,388,402,405,406,408,411,413,417,421,424,429
OZ58,270,274,293,294,299,301,307,320,321,336,343,344,356,361,363,365,379,385,386,387,398,401,402,405,406,408,411,415
OZ59,298,310,320,324,329,333,344,363,379,384,388,390,393,408,413,422,424,429
OZ60,275,277,278,282,293,299,301,310,320,324,329,336,343,344,347,349,362,363,379,381,386,388,402,405,406,408,409,411,413,423,424,429
OZ61,264,265,274,277,278,282,289,293,295,299,301,307,312,313,314,317,324,330,334,337,339,343,344,345,347,348,352,353,354,357,359,360,361,362,365,368,369,372,379,380,382,384,387,388,391,392,394,395,396,397,398,400,408,410,412,415,423,427,430,431
OZ62,274,278,289,295,303,306,307,310,311,318,320,323,324,325,328,329,332,334,335,339,341,344,347,349,350,353,354,355,361,362,363,365,368,369,371,374,378,379,382,384,385,386,387,392,394,396,398,400,401,404,405,409,410,411,415,416,420,423,424,425,427,429
OZ63,285,293,320,325,328,336,343,344,347,359,361,363,379,386,387,388,401,402,405,406,408,411,413,415,420,424
OZ64,278,289,293,295,299,301,303,306,311,318,323,325,328,332,334,335,336,339,341,343,347,349,350,353,354,355,357,361,362,368,369,371,374,377,378,382,383,384,385,388,394,396,397,398,400,402,404,405,406,408,409,410,413,415,416,420,421,423,425,427
OZ65,277,306,312,314,323,324,325,328,330,344,353,357,361,374,377,378,383,386,388,396,398,405,406,410,411,413,415,416,422,429
OZ66,328,331,343,349,359,402
OZ67,293,310,321,322,324,329,333,334,336,339,341,343,347,348,350,352,359,360,361,369,379,380,381,382,385,387,388,390,393,394,398,401,402,404,405,406,413,415,418,420,421,422,424,431
OZ68,310,320,321,322,324,329,334,341,346,347,349,357,363,372,375,377,379,383,387,392,394,397,401,406,407,408,410,411,413,418,421,422,424,429
OZ69,263,273,279,280,282,283,284,287,289,295,296,301,302,303,313,317,318,319,320,324,327,330,332,333,335,340,341,348,350,352,354,355,356,357,363,368,371,372,375,376,379,380,385,388,389,390,391,394,396,400,404,411,415,420,421,422,425,428,429,430
OZ70,303,306,311,321,322,325,331,333,334,339,341,344,348,349,350,352,355,357,359,360,369,371,374,377,381,382,383,386,387,388,390,391,392,393,394,397,402,404,405,411,413,418,424,425,427,431
OZ71,289,295,318,321,322,324,330,332,335,339,343,344,346,348,350,352,354,357,368,372,375,377,381,383,384,386,387,388,391,392,400,404,405,407,408,410,418,421,429,431
OZ72,320,333,334,339,341,347,348,349,350,352,357,360,363,369,377,380,381,382,383,387,390,392,393,394,397,401,404,406,408,420,429,431
OZ73,296,302,333,334,339,340,341,357,377,383,390,393,397,421
OZ74,282,300,333,337,339,344,357,368,372,381,386,388,389,390,393,404,405,406,411,423,426,428
OZ75,273,280,283,284,287,301,306,311,313,317,319,325,327,331,333,334,343,346,347,356,359,374,376,379,385,387,388,389,390,391,392,394,396,397,401,402,406,407,410,413,415,421,422,423,424,427,428,429,430,431
OZ76,280,313,317,334,347,349,355,361,387,394,398,401
OZ77,299,301,324,330,345,347,348,352,353,359,362,369,378,379,380,381,382,386,392,396,397,405,409,410,411,416,423,431
OZ78,279,302,333,357,376,377,383,384,390,393,397,421
OZ79,323,324,330,333,334,339,341,347,349,350,353,360,377,383,387,390,393,394,396,401,404,416,420,423,424,429
OZ80,318,321,322,324,330,332,335,346,348,352,357,361,362,368,375,377,378,381,383,392,398,404,406,407,410,411,415,416,418,421,422,426,427,429,430,431
OZ81,300,301,321,322,324,330,336,343,344,345,348,352,353,361,362,369,378,379,380,381,382,385,387,392,396,397,398,402,406,409,410,412,415,416,418,422,423,431
OZ82,302,311,313,317,321,322,332,333,334,343,344,347,353,355,357,359,361,368,376,377,383,385,386,387,390,394,397,398,401,404,405,406,411,415,418,421,422,426
OZ83,301,324,330,333,339,344,345,348,349,352,353,357,359,362,369,372,377,378,379,380,381,382,383,387,388,389,390,393,396,405,406,409,410,416,421,423,428,431
OZ84,330,333,334,339,341,344,347,349,350,353,357,360,361,386,387,388,390,392,393,394,396,397,398,401,404,406,411,413,415,420,421,422,423,424
OZ85,311,313,317,321,322,334,336,343,344,347,353,355,359,361,385,386,387,394,398,401,402,405,406,411,412,415,418,422
OZ86,306,313,317,321,322,325,331,334,343,347,348,350,352,359,360,369,374,379,380,381,382,385,387,388,394,401,402,404,413,418,421,424,429,431
OZ87,319,321,322,332,333,334,336,341,344,345,346,347,349,357,368,372,375,376,377,383,387,388,390,392,394,397,401,402,404,406,407,409,410,411,412,418,421,426
OZ88,321,322,333,339,344,346,348,352,357,369,372,375,379,380,381,382,386,388,390,393,405,406,407,410,418,420,421,423,429,431
OZ89,343,347,349,391,401,425
OZ90,344,346,348,352,361,369,375,377,379,380,381,382,383,385,386,392,397,398,406,407,415,420,422,423,429,431
OZ91,325,331,334,341,348,349,359,361,369,372,377,381,383,385,387,388,391,394,398,402,410,415,421,422,423,425
OZ92,332,339,346,347,348,349,350,352,362,368,369,372,375,377,378,379,380,381,382,383,385,387,388,392,393,397,401,405,407,408,411,416,420,423,425,426,427,429,430,431
OZ93,324,333,346,353,360,375,379,385,388,390,392,396,397,406,407,408,411,413,420,421,424,431
OZ94,333,334,339,341,347,349,352,353,357,360,377,379,380,382,383,385,387,388,390,393,394,396,401,413,420,424,429,431
OZ95,352,353,360,379,380,382,385,388,392,396,397,405,413,420,421,424,429,431
OZ96,350,360,369,377,383,385,388,392,397,404,405,413,420,421,423,424
OZ97,348,353,360,369,377,381,383,385,388,396,413,421,423,424
OZ98,346,347,349,375,380,387,401,407,411,425
OZ99,334,336,341,349,359,360,361,372,387,391,394,398,402,410,412,413,415,422,424,425
OZ100,336,360,380,385,388,391,402,412,413,424
OZ101,345,347,349,361,379,386,387,398,401,405,406,409,411,415,422,423,425,427,429,430
OZ102,349,359,361,362,369,377,378,380,383,387,392,397,398,405,408,410,415,416,420,421,422,423,427,430
OZ103,339,353,360,362,369,372,377,378,380,383,393,396,408,413,416,423,424,427,430,431
OZ104,347,359,361,362,377,378,383,392,397,398,401,405,408,410,415,416,421,422,423,425,427,430
OZ105,353,360,369,385,388,396,413,424
OZ106,362,369,377,378,380,383,392,397,405,408,416,420,421,423,427,430
OZ107,361,398,405,406,415,422
OZ108,369,377,379,380,383,392,397,405,420,421,423,427,429,430
OZ109,377,379,383,392,397,406,408,421,423,427,429,430
