X0,0,6,22,38,108,109
X1,1,17,54,55,86,88
X2,2,19,20,57,58,105
X3,3,21,52,56,97,116
X4,4,9,17,29,46,72
X5,5,27,41,44,49,81
X6,0,14,30,68,102,117
X7,7,39,46,48,59,69
X8,8,37,47,59,95,108
X9,9,14,20,77,110,114
X10,10,64,68,89,92,93
X11,11,38,79,90,113,115
X12,5,12,22,54,58,112
X13,13,31,51,95,105,107
X14,15,45,55,76,107,111
X15,8,16,18,36,93,98
X16,4,6,21,71,87,100
X17,16,43,56,75,110,111
X18,2,40,61,64,83,119
X19,19,33,34,69,94,99
X20,1,3,47,73,83,101
X21,18,23,28,57,85,100
X22,13,24,25,72,90,92
X23,24,34,66,84,97,104
X24,26,43,48,61,79,81
X25,12,36,63,67,91,104
X26,11,28,45,50,53,80
X27,29,32,40,53,63,118
X28,30,31,41,96,116,118
X29,23,25,27,42,101,103
X30,33,65,86,96,98,113
X31,35,60,62,65,87,119
X32,37,49,60,66,80,114
X33,10,39,50,52,70,112
X34,26,82,84,85,88,102
X35,44,71,76,78,89,94
X36,7,15,62,67,103,117
X37,32,42,75,99,106,109
X38,73,74,77,78,91,115
OX0,36,42,46,49,53,54,55,59,60,61,63,64,66,72,74,75,77,78,80,86,88,91,93,95,98,99,101,106,108,109,114,115,118,119
OX1,38,46,53,55,58,59,61,62,64,65,66,67,70,71,72,75,76,77,80,81,82,86,87,88,89,93,94,96,98,99,103,104,105,107,112,114,115,116
OX2,34,42,48,49,50,52,53,57,58,59,60,61,63,65,66,68,70,72,75,80,83,86,89,92,93,94,96,98,105,106,109,112,113,114,118,119
OX3,46,50,52,53,55,58,59,61,62,64,65,66,67,72,75,76,77,80,81,82,86,88,89,93,94,96,98,99,100,103,104,105,107,108,109,114,115,116
OX4,42,47,48,49,52,53,54,56,58,60,61,62,66,68,69,71,72,75,76,78,80,83,91,92,94,95,97,98,99,103,104,106,108,109,112,114,116,117,118,119
OX5,48,49,50,52,59,60,64,66,69,70,72,77,80,89,90,93,102,110,112,117
OX6,31,50,52,53,54,58,59,60,61,64,66,67,70,75,76,78,80,81,83,87,89,90,91,92,93,94,95,96,98,99,100,101,103,104,106,108,109,114,116,119
OX7,47,50,53,54,56,58,59,62,65,66,67,74,75,76,78,79,80,83,84,85,88,90,91,94,96,97,98,99,100,101,103,104,105,107,108,109,114,117
OX8,49,53,54,58,59,60,61,64,66,67,71,75,76,78,79,80,81,83,89,90,91,93,94,95,98,99,101,103,104,106,112,113,114,115,118,119
OX9,50,52,53,54,67,69,72,76,77,82,83,84,85,86,89,91,95,97,98,99,101,103,104,106,107,113,114,115,116,117,118,119
OX10,52,53,54,57,58,59,60,63,65,67,69,70,71,72,84,85,86,87,91,93,94,97,99,105,107,108,113,114,116,118
OX11,53,54,58,61,64,65,66,67,68,70,76,80,81,83,84,85,88,90,91,92,93,94,95,96,100,101,102,103,105,106,107,108,109,110,112,113,116,117,118,119
OX12,54,60,62,65,70,77,78,82,83,86,87,88,91,95,101,105,106,107,115,119
OX13,57,59,60,61,63,64,66,68,69,72,75,76,80,81,83,86,88,90,92,95,96,101,102,103,110,112,114,116,117,119
OX14,60,61,62,64,65,68,71,74,75,77,79,81,84,85,88,89,92,93,97,99,100,102,105,109,110,114,116,119
OX15,67,68,69,71,72,74,75,76,77,78,82,84,85,87,88,89,90,92,98,100,102,103,104,109,110,113,118,119
OX16,58,68,69,70,71,72,75,78,86,88,89,90,92,94,97,102,107,110,116,117
OX17,59,62,65,68,74,75,77,79,80,82,87,92,97,99,102,105,108,110,113,114,115,116,117,119
OX18,61,64,65,66,68,70,75,77,78,80,81,84,85,87,88,92,93,96,98,99,104,105,107,113,114,116
OX19,63,69,72,76,77,79,81,90,95,99,101,103,106,108,112,113,114,115
OX20,65,66,70,71,77,78,80,81,83,84,85,88,89,96,98,100,104,105,106,107,109,113,114,116,118,119
OX21,75,77,79,80,82,97,98,99,100,102,104,106,109,110,113,116
OX22,66,70,74,77,78,83,86,95,97,98,101,104,107,113,114,115
OX23,71,74,78,82,83,84,85,87,88,89,95,98,100,101,102,104,109,110,113,114
OX24,77,78,79,81,83,86,96,105,106,114,115,119
OX25,74,78,79,81,82,83,86,96,97,102,110,115,116,118
OX26,78,79,80,82,83,84,85,86,88,95,96,98,100,101,102,104,109,110,113,114,115,119
OX27,68,69,72,82,83,90,92,95,97,99,101,105,116,117,118,119
OX28,83,84,85,88,95,97,98,101,104,113,114,116,118,119
OX29,80,81,95,100,101,105,106,109
OX30,79,81,95,98,101,104,113,114
OX31,70,84,85,86,88,107
OX32,69,72,84,85,86,88,90,96,97,99,106,115,116,118
OX33,84,85,86,88,96,97,116,118
Z0,0,4,6,9,14
Z1,1,12,54,73,91
Z2,2,18,57,64,93
Z3,3,8,16,47,56
Z4,0,5,22,30,41
Z5,5,19,44,58,94
Z6,6,23,42,100,109
Z7,7,15,17,46,55
Z8,8,38,98,108,113
Z9,2,9,20,29,40
Z10,10,21,52,71,89
Z11,11,29,53,72,90
Z12,12,50,53,63,112
Z13,13,25,47,95,101
Z14,14,26,43,102,110
Z15,15,27,44,76,103
Z16,16,18,28,45,111
Z17,7,37,59,60,62
Z18,19,51,99,105,106
Z19,20,37,95,105,114
Z20,10,39,48,61,64
Z21,22,39,59,108,112
Z22,23,24,25,84,85
Z23,24,34,46,69,72
Z24,13,30,31,68,92
Z25,26,79,86,88,113
Z26,27,61,81,83,101
Z27,28,60,80,87,100
Z28,11,49,79,80,81
Z29,31,55,86,96,107
Z30,32,56,75,116,118
Z31,33,65,71,87,94
Z32,33,34,36,98,104
Z33,35,73,74,83,119
Z34,36,67,68,93,117
Z35,38,74,106,109,115
Z36,40,65,96,118,119
Z37,41,49,66,97,116
Z38,32,42,63,67,103
Z39,43,48,69,75,99
Z40,45,50,51,70,107
Z41,52,70,82,84,97
Z42,54,57,58,85,88
Z43,35,62,82,102,117
Z44,66,77,91,104,114
Z45,76,77,78,110,111
Z46,78,89,90,92,115
OZ0,47,49,55,61,77,81,83,86,91,95,96,97,104,107,114,116
OZ1,37,46,48,51,68,72,75,79,86,88,92,95,102,106,110,113,114
OZ2,18,30,44,46,49,50,51,53,58,63,65,68,69,71,72,77,84,85,87,91,92,97,98,99,105,106,112,114,116
OZ3,30,39,44,46,51,58,59,60,65,67,69,71,72,74,77,79,81,84,85,91,92,93,97,98,99,100,105,108,109,112,114,115,116,117
OZ4,44,50,53,57,58,61,64,67,71,81,83,84,85,87,93,96,98,101,103,104,112,118,119
OZ5,39,48,50,51,53,58,60,63,67,68,70,73,75,77,79,82,83,86,88,89,94,95,99,105,106,107,108,109,111,112,113,114,117,119
OZ6,48,53,57,59,60,61,63,75,80,82,85,89,93,94,96,97,98,99,104,105,106,107,108,109,111,116,119
OZ7,46,50,51,58,61,63,64,67,68,69,71,72,73,74,75,77,79,80,83,84,86,87,88,90,94,95,97,105,107,108,109,111,112,113,114,115,116,117,118,119
OZ8,49,50,51,53,58,59,60,61,63,67,68,69,73,75,77,81,82,89,90,92,93,94,98,101,102,103,105,108,109,110,112,113,119
OZ9,50,57,58,59,61,67,68,69,73,75,77,79,80,83,85,86,88,93,95,96,97,98,99,104,107,111,112,113,114,116,117
OZ10,51,56,82,84,97,107,111
OZ11,53,56,57,58,60,61,64,67,68,70,71,73,74,77,79,80,85,87,89,90,92,96,97,101,102,103,104,110,112,113,115,118
OZ12,55,58,63,64,70,71,84,87,88,93,94,96,98,99,104,105,106,107,112,118,119
OZ13,56,57,65,67,68,71,82,85,87,93,94,97,98,99,104,105,106,107,111,117
OZ14,59,60,61,63,64,65,69,73,75,77,79,83,85,86,87,88,93,95,97,98,99,100,104,107,111,113,114,116,118,119
OZ15,60,65,71,82,83,84,86,87,88,89,90,92,95,96,97,101,102,103,106,107,108,109,110,111,113,114,116,117,119
OZ16,57,58,63,64,67,68,70,71,73,74,77,82,84,85,87,89,90,91,92,95,96,101,102,103,104,106,107,108,109,110,111,112,113,118,119
OZ17,61,64,65,67,68,71,74,75,79,82,84,87,89,91,93,95,96,97,98,107,108,109,111,113,116,117
OZ18,63,64,65,67,68,96,117,118,119
OZ19,64,68,71,74,75,82,83,85,89,91,93,95,96,97,98,100,101,103,104,107,108,109,111,116,117
OZ20,67,68,71,77,82,83,84,86,87,88,89,90,91,92,93,95,96,97,98,101,102,103,106,107,108,109,110,111,113,116,119
OZ21,58,70,77,89,90,92,94,99,105,106,107,110,111,112,115
OZ22,75,77,89,93,94,98,99,110,113,115
OZ23,90,92,93,98,113
OZ24,84,86,88,96,97,116
OZ25,68,71,73,74,82,83,87,89,102,119
OZ26,73,77,82,95,101,102,103,106,107,108,109,110,111,117
OZ27,65,71,74,77,82,83,85,86,88,91,94,95,96,97,99,100,101,102,103,104,107,108,109,110,111,113,115,116,117,119
OZ28,71,74,77,85,86,88,89,91,93,95,96,97,98,100,104,106,107,108,109,110,111,113,115,116
OZ29,74,82,83,85,86,87,88,91,96,97,100,101,102,103,104,116,117,119
OZ30,83,85,87,91,96,97,100,101,102,103,104,113,115,116,117,119
OZ31,82,86,88,89,93,94,98,99,106
OZ32,77,89,93,94,95,98,99,107,108,109,110,111,113,115
OZ33,91,96,97,104,113,115,116
