X0,0,44,193,241,317,326
X1,1,172,187,205,272,317
X2,2,173,220,299,320,344
X3,3,51,174,305,309,352
X4,4,140,175,194,333,343
X5,5,69,131,199,200,236
X6,2,6,81,153,213,227
X7,7,76,139,143,152,176
X8,8,130,137,302,344,348
X9,9,57,168,240,286,305
X10,10,20,131,247,295,339
X11,11,67,81,132,217,218
X12,12,31,73,120,248,355
X13,13,32,196,243,249,327
X14,14,30,54,72,210,249
X15,15,34,61,68,133,250
X16,16,35,37,147,148,284
X17,0,17,33,271,323,328
X18,18,190,266,277,296,340
X19,19,48,157,251,252,357
X20,20,26,85,100,253,273
X21,21,60,92,151,298,333
X22,22,45,194,235,279,285
X23,23,25,254,261,270,359
X24,24,179,220,269,284,335
X25,25,49,73,150,347,352
X26,26,47,51,189,258,355
X27,27,58,135,228,308,312
X28,28,55,80,186,189,358
X29,29,229,230,234,294,315
X30,30,41,90,269,295,318
X31,12,142,167,239,288,325
X32,29,32,44,222,349,353
X33,1,33,80,94,225,267
X34,34,42,60,110,209,356
X35,35,43,45,240,261,340
X36,36,38,77,144,150,255
X37,16,96,221,262,292,328
X38,37,38,97,185,241,254
X39,39,179,190,227,258,310
X40,40,123,166,214,229,325
X41,41,191,256,259,292,350
X42,42,159,165,282,301,331
X43,43,198,208,262,297,316
X44,17,55,65,121,310,353
X45,18,22,93,116,251,264
X46,46,110,206,283,289,354
X47,47,108,204,239,335,339
X48,48,95,118,188,279,359
X49,11,49,109,125,245,307
X50,50,68,154,161,246,337
X51,3,82,99,184,268,273
X52,52,63,126,233,285,318
X53,53,89,169,192,303,321
X54,24,54,166,185,222,263
X55,28,71,105,141,216,309
X56,56,64,118,183,250,311
X57,57,75,147,149,204,207
X58,58,167,170,223,242,315
X59,59,141,165,168,211,297
X60,15,103,187,303,319,331
X61,61,180,197,219,275,290
X62,62,124,160,313,334,356
X63,63,115,195,237,247,324
X64,56,127,175,203,209,304
X65,65,79,113,213,244,342
X66,66,128,136,172,349,358
X67,53,67,91,248,275,351
X68,50,86,98,116,181,308
X69,5,138,163,176,202,346
X70,70,123,159,232,321,345
X71,13,83,202,294,304,314
X72,46,72,157,214,215,314
X73,31,40,192,270,296,357
X74,74,145,170,177,181,257
X75,75,96,182,211,267,283
X76,76,89,111,153,277,338
X77,36,74,142,151,206,207
X78,78,107,145,149,152,205
X79,79,88,146,291,311,323
X80,6,8,174,245,265,287
X81,82,88,154,265,276,280
X82,4,83,93,139,257,278
X83,84,112,203,221,291,346
X84,85,91,162,322,336,341
X85,86,101,156,256,271,276
X86,87,102,143,169,272,336
X87,71,128,130,301,306,313
X88,7,84,140,148,238,320
X89,14,124,144,191,330,354
X90,10,117,138,182,215,226
X91,21,77,160,260,268,341
X92,9,92,99,235,246,324
X93,94,100,102,117,178,252
X94,52,95,119,210,274,332
X95,87,97,104,238,260,329
X96,19,98,133,212,225,289
X97,101,109,177,193,255,281
X98,103,107,111,286,287,337
X99,104,164,263,299,306,345
X100,105,114,122,330,332,347
X101,106,126,173,217,300,343
X102,66,78,108,137,199,242
X103,39,90,155,156,253,264
X104,112,200,259,280,334,348
X105,113,129,163,201,293,338
X106,114,120,186,197,212,228
X107,106,115,232,288,298,351
X108,119,134,164,171,216,342
X109,121,129,198,230,266,312
X110,122,135,158,208,233,350
X111,59,70,134,201,226,237
X112,62,136,180,236,322,327
X113,127,224,231,234,282,316
X114,27,69,161,195,219,293
X115,132,155,162,243,278,281
X116,146,171,178,184,188,329
X117,158,223,224,300,302,307
X118,183,196,218,244,274,290
OX0,99,108,109,128,130,134,142,143,144,150,154,159,160,161,162,164,165,166,168,169,170,171,172,174,176,180,182,185,187,188,191,192,195,198,199,200,202,204,205,208,211,212,213,214,215,216,224,225,229,230,231,232,233,236,237,238,241,242,244,245,247,252,253,258,260,261,263,265,266,267,268,271,276,280,288,290,291,295,296,297,299,300,301,302,305,308,310,311,315,317,319,321,322,326,328,332,334,335,338,341,342,346,350,351,353,354,356,357,358,359
OX1,96,109,116,139,140,142,145,147,148,150,151,170,175,177,181,190,193,196,198,202,206,207,208,221,222,229,230,231,234,235,240,241,243,245,249,251,254,264,266,270,277,278,279,284,285,292,296,297,304,307,314,315,316,317,319,327,328,333,343,347,349,352,353,359
OX2,109,116,118,130,133,134,137,156,157,161,164,168,171,173,177,181,184,188,193,195,210,212,216,217,225,232,233,235,237,240,245,247,251,252,255,256,268,271,273,274,279,280,281,285,286,287,288,289,298,300,302,308,309,318,332,337,342,343,344,348,351,352,357,359
OX3,116,130,134,136,137,138,139,140,144,145,149,152,155,156,160,161,163,164,166,168,171,173,176,180,184,185,188,191,194,195,203,205,209,216,217,220,222,224,227,231,232,233,234,235,236,237,240,245,247,249,251,253,257,258,263,266,268,269,273,274,276,277,278,279,280,282,284,285,286,287,288,294,296,298,300,302,309,310,313,314,316,318,322,327,330,332,333,334,335,337,340,342,344,346,348,351,352,354,356,359
OX4,111,126,130,133,134,135,136,137,138,142,143,145,148,149,150,157,162,163,164,167,169,171,174,175,177,179,181,192,193,194,195,196,197,200,203,205,210,212,213,216,219,220,221,225,228,231,232,236,237,238,239,243,244,247,249,250,252,253,254,255,256,257,258,259,261,265,266,270,271,274,275,276,280,287,289,291,294,296,298,299,300,302,303,304,307,310,311,312,314,319,321,322,324,325,326,327,333,334,338,340,342,347,351,352,357,359
OX5,108,117,118,120,128,134,136,137,139,140,143,145,147,151,152,155,157,161,162,163,164,167,168,169,170,171,174,177,181,184,188,191,192,193,194,195,198,199,200,202,203,205,206,207,208,210,211,213,215,216,220,222,226,227,229,230,232,233,234,237,238,239,241,242,244,247,249,250,251,252,256,257,261,265,267,268,269,272,273,276,277,278,281,283,284,287,290,291,294,295,297,298,299,300,309,311,315,316,319,321,325,326,327,328,331,332,334,338,340,342,343,344,348,350,351,352,353,357,358,359
OX6,117,120,130,138,139,140,142,143,145,147,148,150,151,159,165,167,169,172,173,174,176,179,182,190,191,192,199,200,203,206,207,209,213,214,220,221,222,226,238,242,245,251,252,255,258,259,260,265,268,272,277,280,282,283,286,288,289,291,298,299,301,302,313,314,317,319,321,325,330,333,335,337,338,339,341,346,349,357
OX7,102,118,125,126,128,130,133,134,135,136,137,138,139,140,142,143,144,145,148,149,150,157,159,160,161,162,163,165,168,169,170,171,173,176,180,182,184,185,186,190,191,193,195,197,198,199,203,208,210,211,214,215,216,218,221,222,224,225,231,232,234,236,237,238,239,241,242,243,247,249,251,253,254,259,261,263,266,267,269,271,272,273,277,279,280,284,285,286,287,288,294,295,296,297,299,300,307,309,310,312,313,318,322,327,328,329,330,331,332,335,336,337,339,341,342,345,346,347,349,350,351,352,354,356
OX8,118,120,125,126,134,135,142,144,150,164,166,167,171,173,175,179,185,186,191,195,196,197,203,209,212,216,217,218,220,222,224,232,234,237,239,244,247,250,254,261,263,269,270,274,282,284,290,298,300,304,308,311,312,316,319,324,325,326,332,335,342,343,351,352,354,359
OX9,80,120,128,129,134,136,142,143,147,149,150,151,155,156,159,160,163,165,166,167,169,171,172,173,175,176,178,180,186,187,188,189,190,191,193,195,196,198,199,202,203,205,206,207,211,214,216,217,220,221,222,224,225,226,227,229,231,232,233,236,237,238,242,243,251,254,255,258,262,264,266,268,271,273,274,279,284,285,289,292,294,299,300,302,304,312,313,314,315,316,322,323,324,325,326,329,330,331,332,333,336,341,342,343,344,345,346,348,351,353,356,357,358,359
OX10,100,120,126,129,130,135,136,140,144,145,147,148,149,151,152,159,160,162,163,164,165,170,172,173,174,175,178,179,180,182,185,186,188,189,192,193,198,199,200,205,206,207,213,214,220,221,222,224,226,228,230,233,234,236,239,241,242,243,249,253,256,258,259,261,263,265,268,270,274,276,279,280,283,285,286,289,291,294,296,298,301,302,306,307,316,317,318,321,322,323,326,327,328,329,332,333,334,335,336,337,338,339,340,341,345,347,349,352,354,356,357,358
OX11,120,136,137,143,144,155,157,159,160,161,165,166,167,168,169,170,173,174,175,176,179,180,182,184,185,187,190,191,192,196,198,199,200,202,203,205,208,209,210,211,212,213,214,215,222,225,227,229,230,231,234,236,238,241,242,243,245,251,253,254,260,263,265,266,267,270,271,273,278,279,281,282,285,287,288,291,295,296,297,298,299,301,304,307,308,309,310,315,316,317,318,321,322,324,325,328,334,338,339,341,343,344,346,347,348,350,353,354,356,359
OX12,133,134,140,142,145,150,156,157,164,167,170,171,173,181,188,193,194,195,196,203,209,210,212,216,224,225,228,232,233,234,237,239,244,245,247,250,251,252,254,255,256,257,261,270,271,276,279,281,282,285,289,290,298,300,304,307,308,311,312,316,318,319,324,325,326,332,333,342,347,351,352,357
OX13,125,128,130,139,143,148,149,156,169,170,173,174,175,176,179,181,186,187,190,192,193,194,197,199,200,203,205,213,217,218,220,221,222,225,238,242,255,256,257,258,259,265,271,276,277,280,281,286,289,291,299,301,306,307,308,312,313,319,321,330,331,332,333,334,337,338,343,344,346,347,348,349
OX14,128,130,134,135,136,138,141,143,144,148,152,155,156,160,163,164,166,169,171,172,174,179,180,181,185,186,188,190,191,192,194,195,197,199,200,205,208,209,213,216,217,221,223,227,231,232,234,236,237,238,242,245,247,249,251,253,257,259,263,265,266,267,269,272,274,278,279,280,282,284,285,286,288,289,291,294,296,298,299,301,302,306,307,310,312,314,316,317,318,319,321,322,324,327,331,333,335,337,338,340,342,344,347,348,349,350,351,354,356,359
OX15,126,134,135,136,155,156,157,164,167,171,173,179,180,190,191,195,209,210,214,215,216,217,227,228,232,236,237,239,247,249,253,256,258,259,264,269,292,295,298,300,308,310,312,314,318,322,324,325,327,342,343,350,351,356
OX16,130,137,138,142,143,144,145,147,148,149,150,151,152,155,156,160,161,162,164,166,167,168,171,172,177,184,185,187,190,191,194,196,198,199,202,206,207,208,209,211,212,214,216,220,221,222,225,226,227,228,229,230,231,234,239,241,242,249,252,254,255,256,257,258,263,264,267,268,269,270,271,272,273,279,280,283,285,286,287,288,289,292,297,302,304,307,308,309,312,313,315,316,319,324,325,327,328,330,334,335,337,340,342,344,347,348,353,354,357,359
OX17,139,140,143,145,147,149,151,155,162,167,175,176,179,181,194,199,205,206,207,222,227,228,239,242,243,258,266,277,278,281,288,296,312,325,333,340,343,349
OX18,134,135,137,138,143,144,145,148,152,155,157,159,160,165,166,168,169,170,172,174,175,179,181,182,184,185,188,190,192,194,198,199,202,208,210,213,214,217,219,221,222,223,224,226,227,231,232,233,234,236,237,238,242,243,247,251,256,257,261,262,263,264,265,266,268,269,272,273,274,276,281,283,287,289,291,292,293,294,296,297,299,300,301,308,309,313,315,317,318,319,321,322,325,330,332,333,336,338,339,341,343,344,346,348,350,351,352,359
OX19,137,141,144,148,149,159,162,163,164,165,166,167,168,169,171,172,173,174,177,182,184,185,186,191,192,194,195,197,198,202,203,213,215,216,219,221,224,226,228,233,236,238,239,257,258,259,261,262,263,265,266,267,268,272,273,276,279,282,283,285,287,291,293,295,296,297,298,299,300,301,302,307,308,309,315,316,317,318,319,321,322,324,332,333,334,336,338,339,341,342,344,347,348,349,350,352
OX20,135,141,142,147,149,150,151,159,160,165,167,186,191,197,207,208,223,224,228,233,239,255,260,267,268,282,283,288,298,300,301,302,307,325,331,332,333,341,347,350
OX21,136,140,142,144,145,147,150,151,152,156,157,159,160,162,165,166,170,175,177,179,180,181,185,191,194,199,207,209,210,214,215,220,236,242,243,249,253,255,256,257,259,260,263,264,268,278,281,282,283,284,289,292,295,298,301,310,314,318,322,327,331,335,341,343,349,350,354,356
OX22,138,140,142,143,144,145,147,149,150,151,155,156,160,161,162,164,166,167,168,171,172,173,174,177,179,184,185,187,191,194,196,198,200,202,203,206,207,208,209,211,212,213,214,216,225,226,227,228,229,230,231,234,238,239,241,245,249,252,254,255,256,257,259,263,264,265,267,268,269,270,271,272,273,279,283,285,286,288,289,291,292,297,299,304,307,308,309,312,313,315,316,319,324,325,327,328,330,335,337,340,342,344,346,347,348,349,353,354,357,359
OX23,141,144,149,152,154,163,164,166,168,170,171,173,174,175,177,181,184,185,186,190,193,195,197,198,199,200,202,203,205,211,213,215,216,217,219,222,223,224,226,229,230,233,234,238,241,242,243,244,249,256,257,258,261,263,265,268,273,274,276,279,283,285,286,289,290,291,293,294,295,297,299,300,302,307,308,309,311,312,315,316,317,318,324,326,327,328,332,333,334,335,337,340,342,343,344,347,348,352,353,354
OX24,143,145,147,148,151,154,161,162,167,168,170,172,173,174,176,177,179,184,187,190,191,193,194,196,198,199,202,203,206,207,208,209,212,213,214,215,217,220,221,223,225,228,231,236,238,242,244,245,252,253,254,256,257,258,259,260,262,265,269,270,271,272,273,274,278,279,281,284,285,286,289,290,291,294,295,297,299,304,307,308,309,310,311,312,313,315,316,317,318,319,322,324,326,330,336,337,340,344,346,347,348,354,357,359
OX25,140,142,145,147,150,151,152,155,159,162,165,170,175,177,179,181,190,194,199,207,209,214,215,222,227,242,243,251,255,256,257,258,259,260,264,268,269,278,281,282,283,289,292,295,298,301,313,314,318,330,331,334,341,343,349,350
OX26,159,165,169,180,191,192,197,206,209,214,215,219,232,251,256,259,264,269,275,282,283,289,290,292,295,301,303,314,318,331,345,350,354,356
OX27,148,152,154,160,161,167,168,172,173,174,179,181,184,187,190,191,193,194,196,198,199,202,203,208,212,213,217,220,221,223,225,228,231,236,238,242,244,245,251,252,253,254,255,258,260,262,264,265,270,271,272,273,274,278,279,281,284,285,286,289,290,291,292,294,297,299,304,307,308,309,310,311,312,314,315,316,317,319,322,324,326,334,336,337,340,344,346,347,348,350,357,359
OX28,129,154,162,163,165,167,168,169,170,171,172,173,174,175,178,179,180,181,182,186,187,188,190,192,195,196,198,200,202,203,204,206,212,213,220,222,223,224,225,228,229,230,231,232,233,234,238,239,240,241,243,245,249,251,252,253,254,255,256,258,259,260,264,265,270,271,272,273,275,278,279,281,283,284,285,288,290,292,293,298,299,300,302,303,304,305,309,310,311,313,314,315,316,319,323,324,325,327,328,329,330,332,337,340,341,343,344,345,346,348,349,350,353,356,357,359
OX29,142,144,150,154,155,161,162,164,166,167,168,169,172,174,175,179,180,181,184,185,187,192,193,196,197,198,200,202,208,209,212,213,214,215,217,219,220,223,225,227,228,231,232,236,243,244,245,252,253,254,256,262,263,265,268,270,271,272,273,274,275,279,280,285,286,289,294,295,297,298,303,304,307,308,309,310,311,312,315,316,317,318,319,322,324,326,335,336,337,340,341,343,345,347,349,356,357,359
OX30,144,145,154,155,156,160,161,162,164,165,166,167,168,170,172,174,175,179,180,184,185,186,191,196,198,200,202,206,208,209,212,213,214,215,217,219,220,223,227,228,231,236,243,244,252,253,254,257,260,262,263,265,270,272,273,274,275,276,279,280,281,283,285,286,289,294,295,297,303,304,309,310,311,315,316,317,318,322,324,326,331,332,333,335,336,337,340,343,349,356,357,359
OX31,145,147,149,151,156,161,162,167,168,169,172,173,174,175,179,182,184,186,190,191,192,193,196,197,198,200,202,203,204,207,208,209,211,212,213,214,215,220,222,228,229,230,231,232,234,238,239,240,241,243,249,252,253,254,256,257,258,260,265,267,269,270,272,273,276,278,279,283,284,285,288,291,295,297,298,299,304,305,309,310,313,315,316,318,324,325,327,328,330,331,332,337,340,341,343,344,345,346,348,349,350,353,357,359
OX32,155,160,164,165,166,167,168,169,170,172,173,175,177,182,184,186,191,192,195,197,198,200,201,203,204,206,213,216,219,222,223,224,227,228,233,239,240,241,243,244,245,253,254,255,257,258,259,260,261,263,264,265,266,268,269,273,278,279,280,281,283,285,286,288,289,291,292,296,299,300,302,305,307,308,316,317,319,321,324,325,328,329,331,332,333,334,335,336,342,343,344,346,347,348,350,352,353,354
OX33,147,151,152,156,164,166,167,168,169,172,173,175,177,179,180,182,184,187,190,191,192,195,197,198,199,200,201,203,204,206,207,213,216,223,224,225,228,233,239,240,241,242,244,253,254,256,259,260,261,263,264,265,266,268,269,271,273,275,276,278,279,280,285,286,288,289,290,291,292,296,299,300,302,303,305,312,313,316,317,321,324,325,328,329,330,333,335,336,342,343,344,346,348,349,350,352,353,356
OX34,149,152,154,160,161,162,163,164,165,166,167,168,171,172,173,175,177,179,181,184,187,191,196,198,199,200,203,206,208,211,212,215,217,225,226,228,231,239,240,241,242,244,245,251,252,255,257,260,263,267,268,270,271,273,274,276,279,280,285,288,290,291,294,295,297,299,304,307,308,310,311,312,314,316,317,318,319,324,325,326,328,329,333,334,335,336,337,340,343,344,347,348,349,350,352,354,357,359
OX35,154,156,157,160,165,166,169,174,175,180,188,190,191,192,193,197,202,203,206,209,210,213,216,219,220,224,229,230,231,232,238,239,240,243,244,249,254,255,257,258,263,265,268,269,272,275,276,278,279,280,282,283,284,286,288,289,298,300,303,309,310,311,313,314,315,316,317,325,326,327,329,330,332,333,334,335,336,341,342,343,345,349,352,353,356,359
OX36,161,162,164,165,166,167,170,172,179,186,187,191,193,195,196,197,201,202,205,208,209,211,212,213,214,215,219,220,223,224,225,228,229,230,231,233,234,238,239,240,243,244,245,249,252,255,259,260,261,263,264,265,267,270,271,280,284,286,288,292,295,297,300,302,304,310,313,315,318,319,325,327,329,330,332,334,335,336,338,349,357,359
OX37,156,160,164,165,166,168,169,173,174,175,177,181,182,184,187,190,192,193,195,198,200,201,203,204,206,209,214,215,219,222,223,224,225,232,233,241,244,245,251,253,254,258,261,263,271,272,273,276,278,279,280,281,283,285,286,291,295,298,299,300,302,305,309,313,314,316,318,319,324,328,329,330,331,335,336,337,338,340,341,343,344,345,346,348,353,354
OX38,157,162,164,166,168,177,179,180,181,182,184,186,188,191,192,193,195,198,200,201,202,203,206,210,213,214,215,216,217,220,221,231,232,233,234,236,238,241,244,247,251,252,253,254,255,260,261,264,265,268,269,272,274,275,276,278,280,281,282,285,286,290,292,294,295,298,299,302,303,306,307,308,312,315,322,324,328,329,335,337,338,339,340,341,342,347,349,350,352,353,356,359
OX39,162,163,164,165,167,169,171,172,173,181,182,186,187,190,191,193,197,202,203,206,209,214,216,220,221,222,223,225,226,228,232,236,238,247,251,252,253,255,257,263,264,266,269,271,272,273,281,283,286,291,292,296,298,306,307,308,310,313,314,315,317,318,321,322,330,332,333,336,337,338,339,340,341,342,344,347,348,349,350,354
OX40,163,164,165,166,167,172,173,179,181,186,187,190,197,202,203,205,206,209,211,214,215,223,225,228,232,236,241,251,254,255,256,257,259,260,262,263,264,266,267,271,284,286,291,292,295,296,298,299,307,308,310,313,314,315,317,318,321,322,328,329,330,332,333,335,337,338,340,341,344,345,347,348,349,354
OX41,160,166,168,171,175,177,179,180,181,182,184,186,192,193,195,196,198,200,201,202,206,213,215,217,220,221,224,226,232,233,236,238,239,241,247,251,252,253,254,260,261,264,265,268,269,272,274,275,276,279,280,281,285,286,288,292,294,295,298,299,300,302,303,304,306,307,308,312,313,314,315,316,322,324,325,328,329,330,332,334,335,337,338,339,340,341,343,347,349,350,352,353,354,356
OX42,164,166,167,168,171,172,174,175,182,184,187,193,195,196,198,200,201,202,206,209,214,216,217,219,220,221,224,225,226,228,232,233,236,238,240,241,247,254,258,259,260,261,263,266,271,274,279,280,281,285,286,289,290,294,296,298,300,302,304,309,310,312,313,315,316,317,318,321,322,324,328,329,330,334,335,339,341,342,343,345,349,353
OX43,166,168,170,171,173,175,180,184,186,187,190,191,195,196,198,200,201,202,203,205,206,209,211,212,213,214,221,222,223,224,225,226,229,230,231,232,233,234,243,244,249,252,256,259,262,264,265,266,267,269,270,271,272,273,275,276,278,279,280,281,283,284,285,289,290,291,296,298,299,300,302,303,304,310,312,315,316,317,321,324,327,329,331,332,334,335,336,341,343,344,345,346,348,349,350,356,357,359
OX44,165,167,168,169,171,173,175,177,181,182,188,192,193,195,200,202,203,205,209,211,214,216,217,220,221,222,223,224,226,228,229,231,232,233,234,238,239,240,241,243,244,245,247,249,251,253,254,255,256,259,260,262,266,267,268,269,270,274,275,276,279,280,284,285,288,289,293,294,298,299,300,302,303,312,313,314,315,316,317,318,319,324,325,327,328,329,330,332,337,339,340,341,342,343,344,345,348,349,350,352,353,359
OX45,168,169,177,180,181,184,186,188,191,192,193,195,198,200,201,202,203,205,206,211,213,214,215,216,217,222,231,232,233,234,243,244,249,255,261,262,265,267,268,269,272,273,274,275,276,278,280,282,283,284,285,286,290,294,295,298,302,303,307,308,312,315,317,318,324,327,336,337,338,340,341,342,345,347,349,350,352,353,356,359
OX46,167,173,174,175,177,179,181,186,187,188,191,193,196,197,198,201,202,205,211,212,214,215,216,219,220,222,223,224,225,228,230,231,232,234,239,243,245,249,251,252,253,255,257,258,259,260,262,264,267,269,271,272,275,276,278,279,282,283,286,288,289,292,293,295,296,298,299,300,303,304,309,310,313,314,315,316,317,318,319,321,325,327,330,331,332,333,336,337,340,341,342,343,344,345,348,349,353,354,357,359
OX47,169,170,171,172,173,174,177,179,186,187,190,192,196,197,202,203,206,213,215,217,220,221,223,225,226,232,236,238,240,244,245,247,251,253,255,256,257,258,259,265,268,271,272,273,274,278,286,288,289,290,291,294,295,298,299,301,302,304,306,307,308,309,310,312,313,314,315,317,319,322,325,330,331,332,333,334,335,336,341,345,346,347,349,352
OX48,170,173,180,181,182,184,187,188,190,191,192,196,197,200,202,203,205,211,212,213,216,219,220,225,229,230,231,234,241,243,247,249,251,254,256,259,261,262,264,265,266,267,268,269,270,271,273,276,280,281,283,286,289,290,291,292,296,304,306,307,308,310,313,314,315,317,318,321,327,328,329,330,331,337,338,339,340,341,342,344,345,346,347,348,349,351,352,353,354,356,357,359
OX49,191,193,205,211,255,267,281,283
OX50,172,174,179,181,187,196,200,202,205,209,211,212,214,215,216,217,223,225,236,239,244,252,254,255,256,258,264,266,267,269,270,271,272,274,275,278,280,283,284,288,289,290,294,295,296,299,303,304,306,307,308,309,310,313,315,317,318,321,322,325,330,334,336,337,338,341,342,345,347,349,351,354,357,359
OX51,171,173,174,175,181,182,187,188,193,198,200,201,204,205,211,213,214,217,219,220,221,224,225,226,229,232,236,240,241,243,244,245,247,249,253,254,257,258,259,260,261,264,265,267,268,269,270,271,272,273,274,279,280,282,283,284,288,289,290,293,296,298,299,300,301,302,305,306,309,310,315,316,318,319,321,322,325,327,328,333,335,337,340,343,345,349,351,352,353,354
OX52,173,179,182,193,196,200,204,209,217,220,222,224,229,230,232,238,239,241,244,247,253,259,260,261,262,264,269,273,274,280,281,282,286,290,291,292,294,298,301,302,304,305,313,315,316,317,318,328,330,331,334,335,340,341,343,346,349,354
OX53,174,177,179,180,181,182,184,187,188,197,198,200,201,203,204,214,215,222,223,224,225,229,232,236,240,241,243,244,245,247,249,254,258,261,268,270,271,273,276,278,280,281,282,288,289,291,293,295,296,298,301,302,305,306,309,310,313,316,317,319,321,322,325,327,328,329,330,332,335,336,337,340,341,343,344,345,346,348,352,353,356,359
OX54,175,178,179,181,184,186,187,190,197,200,202,204,212,215,216,217,219,221,223,225,226,229,234,239,241,243,249,252,254,255,256,257,260,262,264,268,269,270,271,272,274,275,278,279,280,281,289,290,291,292,294,295,296,299,300,301,302,303,305,307,308,310,312,313,318,321,323,326,327,328,329,330,332,333,335,336,337,338,339,342,344,345,346,347,348,352,354,357
OX55,178,180,186,192,193,196,200,213,215,217,221,226,229,232,234,236,238,241,243,244,249,251,252,253,257,262,264,265,266,269,274,275,276,278,280,290,291,292,295,298,299,303,304,306,312,313,314,315,317,318,322,323,326,327,328,330,333,334,336,346,349,351,354,356
OX56,180,186,187,192,193,200,202,203,204,205,206,209,211,213,217,219,223,224,225,231,232,234,239,240,243,244,245,247,249,251,252,253,259,264,265,267,269,271,273,274,280,282,283,286,288,289,292,294,298,299,305,306,307,308,310,312,313,314,315,316,318,319,325,327,330,331,332,334,339,343,347,349,350,351,353,356
OX57,177,181,187,190,193,198,201,202,209,213,214,215,217,219,221,223,225,230,232,236,238,239,240,244,245,251,254,255,256,257,259,262,264,265,268,269,270,271,274,278,281,284,286,288,289,291,295,296,298,299,306,310,313,314,315,318,319,322,325,330,331,332,333,334,336,337,338,346,349,350,351,352,353,359
OX58,179,181,184,186,187,188,190,193,196,197,198,200,201,202,205,211,216,221,222,225,232,240,243,245,249,251,253,254,255,256,257,259,260,262,266,267,268,270,271,276,280,283,286,289,291,294,296,298,299,304,306,310,312,314,319,327,329,331,332,333,337,338,341,342,346,350,352,353,354,359
OX59,182,186,187,192,197,205,206,211,222,223,224,225,229,230,236,238,240,241,243,245,249,252,253,255,256,257,261,262,267,271,276,278,281,282,283,284,288,289,291,292,294,301,302,306,307,308,310,312,313,316,317,319,322,325,327,328,330,332,333,335,336,339,340,343,344,346,347,348
OX60,181,184,188,190,193,200,202,204,205,206,209,211,212,214,215,216,217,219,221,224,230,231,232,234,239,240,243,245,249,251,252,253,254,264,267,269,270,274,276,280,282,283,284,286,291,293,295,296,298,299,301,302,305,314,316,318,319,327,329,331,332,334,335,337,339,342,343,344,346,348,351,354,357,359
OX61,187,192,200,206,209,213,214,215,217,224,225,231,232,234,239,240,244,247,251,252,261,265,271,273,274,275,276,280,282,284,289,290,292,295,298,299,301,302,303,310,314,334,335,340,343,344,348,351,353,354
OX62,192,193,198,200,201,202,205,209,211,212,213,217,221,222,224,231,234,238,240,243,244,249,251,253,255,256,257,259,261,262,265,267,274,275,276,280,282,283,284,290,291,292,294,299,303,306,313,314,321,327,330,333,334,340,341,343,345,346,350,351,353,357
OX63,193,236,243,249,272,317,322,327
OX64,184,188,196,200,203,205,209,211,212,213,214,215,216,219,221,223,224,230,231,232,234,244,245,247,252,253,255,256,261,265,266,267,268,272,273,275,278,280,282,283,284,286,288,290,291,292,293,294,295,298,301,302,303,304,306,307,308,313,315,317,319,321,325,329,330,331,332,335,336,338,340,341,342,343,344,345,346,347,348,349,352,357
OX65,186,197,200,203,204,209,213,214,215,217,219,222,223,232,236,240,243,244,245,249,251,254,255,256,257,260,261,264,265,268,269,270,274,278,280,281,286,288,292,295,298,299,301,302,305,307,308,312,313,314,315,316,318,319,322,325,327,330,331,333,335,336,339,344,347,348,349,351,352,353,354,359
OX66,196,198,201,209,214,215,219,221,223,230,238,240,244,245,247,259,260,262,266,268,273,275,276,286,288,290,291,293,294,295,301,302,303,304,306,307,308,315,319,325,331,332,334,335,338,344,346,347,348,349,350,352
OX67,190,198,200,201,202,203,205,211,213,220,222,223,231,232,234,236,238,239,240,244,245,257,259,261,262,265,266,267,269,272,275,280,282,283,284,286,288,293,294,296,298,299,301,303,306,307,308,313,317,319,322,329,330,331,333,334,335,338,347,350,351,353,354,359
OX68,203,204,209,212,214,215,219,223,230,245,251,252,253,259,261,264,266,269,275,276,284,286,288,290,294,295,301,302,303,305,306,307,308,313,314,315,316,318,319,325,330,331,332,335,339,340,344,347,348,349,350,357
OX69,198,201,204,209,212,221,224,231,232,234,236,238,240,243,247,249,251,252,253,260,261,262,264,268,269,273,278,281,282,284,291,298,305,313,314,318,321,322,327,330,334,336,339,340,341,343,345,346,352,357
OX70,204,205,211,212,217,219,223,224,230,231,232,234,239,245,252,253,255,256,261,266,267,272,274,275,276,278,282,283,284,286,292,293,294,298,300,301,302,303,305,306,307,308,313,315,317,319,321,330,331,332,335,336,338,339,340,341,344,345,347,348,349,357
OX71,195,200,201,208,212,213,217,219,222,223,224,230,232,233,236,240,243,244,249,252,253,254,255,256,257,259,260,265,266,268,270,274,275,276,278,280,281,284,290,292,293,294,297,298,299,300,302,303,306,307,308,322,327,333,336,338,340,347,351,352,353,354,357,359
OX72,200,201,202,205,208,209,211,212,213,219,220,222,231,232,234,236,240,244,245,251,252,254,259,261,265,267,270,272,280,282,283,285,286,290,293,294,297,298,299,301,314,315,317,318,319,322,331,332,334,338,344,348,349,351,353,354,357,359
OX73,202,212,214,215,217,219,221,229,230,231,232,234,236,238,240,241,247,252,253,254,255,256,257,259,261,262,270,272,273,274,275,286,288,291,293,295,298,300,301,302,303,306,313,315,321,322,325,328,330,331,332,333,335,338,341,343,344,345,346,348,349,350,357,359
OX74,201,205,208,209,211,212,214,215,217,220,231,234,236,239,243,245,249,251,252,253,257,259,260,261,264,267,268,269,272,274,275,276,281,282,283,284,285,286,288,290,293,295,297,300,301,303,306,314,315,317,319,322,325,327,331,333,334,338,340,341,343,344,348,349,351,352,354,357
OX75,219,221,222,229,230,231,232,234,236,238,239,240,241,243,244,247,249,253,254,257,261,262,264,269,270,272,273,275,281,286,290,291,292,293,294,298,301,302,303,306,313,318,321,322,327,328,330,331,332,333,335,338,341,344,345,346,348,353,354,359
OX76,205,209,211,212,214,215,221,223,229,238,240,241,245,247,251,252,254,259,260,262,266,267,268,270,273,276,282,283,284,288,291,292,295,302,307,308,313,314,317,319,325,328,330,334,335,340,344,346,347,348,350,352,357,359
OX77,206,209,221,223,229,236,238,240,241,243,245,247,249,251,254,255,256,260,262,264,266,268,269,270,272,273,276,281,282,284,288,289,291,302,307,308,313,314,318,319,322,325,327,328,330,334,335,340,344,346,347,348,352,359
OX78,212,214,215,220,221,222,231,232,234,238,239,244,247,252,253,255,256,257,259,269,273,282,291,292,293,295,298,302,315,316,321,325,333,338,341,344,345,346,348,349,350,353,354,357
OX79,209,214,215,217,229,230,232,239,240,251,255,256,257,259,260,264,268,269,274,282,286,288,290,292,293,294,295,298,300,301,313,314,318,321,325,330,331,333,334,338,341,343,345,350,352,354
OX80,217,220,222,229,230,231,234,239,240,244,261,269,274,284,288,290,294,300,315,335,340,343,349,353
OX81,213,221,223,224,229,231,232,234,236,238,239,240,241,243,245,247,249,253,254,260,261,262,264,265,266,269,270,272,273,281,286,291,292,298,299,300,301,307,308,313,318,319,322,327,328,330,331,335,341,344,346,347,348,350,354,359
OX82,220,221,222,223,224,230,232,238,241,244,247,253,254,257,262,264,266,270,272,273,275,278,284,286,288,291,292,293,294,298,301,303,306,307,308,313,318,321,328,330,331,333,336,338,340,343,344,345,346,347,348,350,351,353,354,359
OX83,221,222,223,230,236,239,241,243,244,245,249,253,254,255,256,262,264,266,269,270,272,276,281,284,286,288,290,291,294,301,302,307,308,315,318,319,322,327,328,329,331,332,335,340,344,346,347,348,349,353
OX84,222,223,229,232,239,240,241,244,247,253,254,261,262,264,266,269,270,272,273,275,278,282,286,292,293,298,300,301,303,306,307,308,313,316,318,321,328,330,331,335,336,338,343,344,345,347,348,350,351,353,354,359
OX85,223,229,231,234,238,240,245,247,255,256,257,261,266,273,275,276,284,288,292,303,306,307,308,313,315,319,329,330,333,340,341,347,349,351,354,359
OX86,214,215,231,234,236,241,243,249,255,256,259,262,272,281,282,295,302,316,322,325,327,328,335,344,348,350
OX87,231,234,236,238,241,243,249,254,257,262,270,272,275,281,282,284,286,292,301,303,306,313,315,316,322,327,328,329,330,331,333,340,341,349,351,354
OX88,229,232,240,241,245,247,254,255,256,261,262,266,270,272,273,276,278,282,286,288,290,293,298,300,301,308,316,319,321,328,331,332,336,338,341,343,345,359
OX89,224,230,232,236,238,243,249,257,266,278,281,290,293,294,298,302,308,321,322,327,329,332,333,336,338,341,343,345,350,359
OX90,230,232,238,255,256,257,266,290,293,294,298,308,321,329,332,333,338,341,345,359
OX91,232,236,239,243,245,249,253,254,264,269,270,276,278,281,284,286,288,290,293,298,300,301,302,318,319,321,322,327,331,332,335,336,338,340,341,343,344,345,348,359
OX92,236,240,241,243,249,255,256,261,262,272,281,286,301,302,316,322,327,328,331,350
OX93,238,239,247,253,254,255,256,257,264,269,270,273,275,292,303,306,313,315,318,329,330,333,335,341,344,348,349,350,351,354
OX94,239,247,253,264,269,273,284,286,301,302,318,331,335,340,344,348
OX95,240,241,247,253,261,262,264,269,272,273,278,284,288,300,316,318,328,336,340,343
OX96,245,253,255,256,257,260,264,269,275,276,284,286,301,302,303,306,315,318,319,331,333,340,341,349,350,351
OX97,257,260,306,315,333,349
Z0,0,16,37,241,328
Z1,1,15,133,187,225
Z2,2,7,76,153,320
Z3,3,171,184,216,309
Z4,4,74,151,257,333
Z5,5,13,202,236,327
Z6,6,79,88,213,265
Z7,2,164,213,299,342
Z8,8,71,130,174,309
Z9,9,59,168,237,324
Z10,10,75,182,204,339
Z11,11,49,67,73,248
Z12,12,58,120,167,228
Z13,5,78,152,176,199
Z14,14,62,124,249,327
Z15,15,53,61,275,303
Z16,0,64,311,323,326
Z17,17,39,156,271,310
Z18,18,116,266,308,312
Z19,19,31,120,212,357
Z20,20,85,131,236,322
Z21,21,91,298,341,351
Z22,22,50,116,235,246
Z23,23,43,231,261,316
Z24,24,166,239,325,335
Z25,25,95,332,347,359
Z26,26,85,91,248,355
Z27,27,58,69,199,242
Z28,28,80,141,211,267
Z29,29,44,231,234,326
Z30,10,30,72,215,295
Z31,31,190,258,296,355
Z32,32,44,193,243,281
Z33,33,86,98,225,271
Z34,34,61,62,180,356
Z35,35,179,190,284,340
Z36,36,37,38,147,207
Z37,16,41,269,284,292
Z38,14,38,54,144,185
Z39,17,121,198,262,328
Z40,40,166,185,254,270
Z41,41,131,200,259,295
Z42,42,110,165,211,283
Z43,43,45,208,233,285
Z44,29,66,242,315,349
Z45,35,45,140,148,194
Z46,46,142,206,214,325
Z47,47,51,57,204,305
Z48,48,72,95,157,210
Z49,49,122,158,307,347
Z50,50,107,145,181,337
Z51,47,66,108,189,358
Z52,52,126,217,218,274
Z53,1,75,149,205,267
Z54,54,119,164,210,263
Z55,28,55,65,216,342
Z56,13,56,183,196,304
Z57,6,51,174,227,258
Z58,27,63,135,195,233
Z59,9,57,92,151,207
Z60,34,60,68,92,246
Z61,53,67,81,89,153
Z62,42,60,159,232,298
Z63,52,63,119,134,237
Z64,12,36,73,142,150
Z65,55,121,186,228,312
Z66,32,65,196,244,353
Z67,68,88,154,250,311
Z68,69,154,161,200,280
Z69,70,89,201,321,338
Z70,71,105,124,313,330
Z71,19,48,118,133,250
Z72,74,98,181,206,289
Z73,30,90,155,243,249
Z74,18,76,93,139,277
Z75,77,162,255,281,341
Z76,56,118,175,194,279
Z77,79,113,163,291,346
Z78,26,80,94,100,189
Z79,39,81,132,155,227
Z80,82,156,253,273,276
Z81,83,170,257,294,315
Z82,84,112,320,344,348
Z83,20,99,247,273,324
Z84,33,94,146,178,323
Z85,87,97,241,272,317
Z86,11,64,125,183,218
Z87,70,123,214,215,226
Z88,22,90,264,285,318
Z89,59,129,198,201,297
Z90,83,93,157,251,314
Z91,86,135,256,308,350
Z92,25,240,261,305,352
Z93,96,138,182,221,346
Z94,97,188,254,329,359
Z95,4,132,217,278,343
Z96,99,184,188,235,279
Z97,100,251,252,253,264
Z98,101,109,245,265,276
Z99,102,169,192,252,357
Z100,103,125,245,287,319
Z101,104,160,260,306,313
Z102,105,122,141,208,297
Z103,106,173,232,299,345
Z104,8,78,107,137,287
Z105,108,137,220,335,344
Z106,109,170,177,223,307
Z107,46,110,209,304,314
Z108,111,240,277,286,340
Z109,112,203,209,334,356
Z110,113,219,244,290,293
Z111,114,197,274,290,332
Z112,115,239,247,288,339
Z113,7,147,148,149,152
Z114,117,134,171,178,226
Z115,123,159,229,234,282
Z116,103,165,168,286,331
Z117,126,173,220,269,318
Z118,127,175,224,300,343
Z119,128,222,263,306,349
Z120,129,163,202,230,294
Z121,130,224,282,301,302
Z122,102,117,138,143,176
Z123,136,180,186,197,358
Z124,96,191,283,292,354
Z125,139,143,162,278,336
Z126,23,192,270,303,319
Z127,101,144,191,255,256
Z128,145,177,193,205,317
Z129,84,146,238,291,329
Z130,3,77,150,268,352
Z131,82,160,268,280,334
Z132,158,259,302,348,350
Z133,87,104,169,321,345
Z134,111,161,293,337,338
Z135,24,179,222,310,353
Z136,106,167,223,288,300
Z137,128,172,187,301,331
Z138,127,203,221,262,316
Z139,40,229,230,266,296
Z140,136,172,272,322,336
Z141,115,195,219,275,351
Z142,114,212,289,330,354
OZ0,131,148,178,184,185,186,188,189,190,192,194,198,203,208,209,222,228,229,230,231,233,235,236,239,247,248,251,252,253,254,260,261,262,264,266,273,279,284,285,291,296,298,303,310,312,316,319,320,322,323,324,325,328,329,333,334,335,340,341,344,348,351,353,355,356
OZ1,73,119,122,124,133,135,137,141,142,148,149,151,153,154,155,162,164,169,170,174,177,181,183,186,188,189,190,192,193,194,196,198,202,204,205,208,209,210,212,213,215,216,217,218,219,220,223,226,232,233,237,238,239,242,243,246,248,249,250,253,257,258,259,261,266,268,273,274,275,278,280,282,284,285,286,287,291,292,293,294,296,297,298,301,302,304,305,308,313,314,315,316,317,322,323,324,327,328,329,330,332,334,336,338,340,341,342,343,344,345,346,347,348,356,359
OZ2,67,119,120,121,124,135,141,142,149,151,153,154,162,163,164,165,170,177,178,181,182,183,189,191,192,193,194,196,200,201,204,205,208,216,217,219,221,223,224,226,227,228,230,231,232,233,234,236,238,239,240,241,244,245,246,247,248,252,254,257,258,259,262,265,266,269,272,274,275,278,279,282,283,292,293,300,301,305,306,307,308,311,312,318,319,320,321,323,324,327,328,329,330,331,333,334,335,336,338,339,340,342,344,346,347,348,349,350,351,352,353,354,357,358,359
OZ3,132,135,141,151,169,171,174,181,184,186,188,189,198,206,211,213,217,225,227,228,241,254,256,257,258,260,262,265,267,268,271,272,278,280,289,306,308,309,312,313,317,321,328,329,333,334,342,343,345,350,359
OZ4,122,124,137,141,143,147,149,153,162,164,169,170,174,176,177,181,184,186,188,189,192,194,198,199,200,202,205,208,213,224,228,238,243,246,247,248,251,253,257,259,260,262,264,266,269,272,273,277,278,279,281,282,284,287,292,294,295,297,298,299,301,302,308,309,313,315,320,322,324,327,330,333,336,337,341,342,351,355,357
OZ5,120,121,143,147,148,153,154,155,162,163,164,165,168,169,170,176,177,181,182,183,184,186,187,190,194,199,202,203,204,210,212,213,215,219,221,224,225,228,231,234,236,240,241,242,249,251,254,257,258,260,261,262,264,266,267,268,272,277,278,280,281,285,286,290,291,293,294,295,296,299,300,304,305,306,308,311,313,314,316,318,320,321,326,327,329,331,332,334,336,337,339,342,343,345,346,347,349,352,353,355,357,358
OZ6,92,118,119,121,124,133,141,142,143,147,148,152,154,155,163,168,169,177,181,186,190,193,194,196,198,200,201,203,205,207,208,209,210,212,213,215,216,217,218,219,221,223,224,226,227,230,231,232,233,234,235,236,239,241,243,244,245,246,247,249,250,251,254,256,259,261,264,269,274,275,276,277,279,282,285,286,287,291,293,294,295,296,299,300,301,306,307,308,312,314,315,317,320,321,323,324,326,327,328,330,332,333,335,338,340,346,349,351,353,356,357,358
OZ7,119,124,142,148,162,164,168,169,170,177,178,187,189,190,191,194,198,201,203,206,208,210,211,212,215,223,226,228,230,231,232,233,234,239,240,241,245,248,249,252,254,256,260,261,262,265,266,274,275,276,277,281,282,283,284,285,289,290,291,296,298,301,304,306,307,310,312,314,316,317,319,320,321,322,323,327,328,329,330,332,333,334,335,336,338,341,344,348,349,353,354,355,357,358
OZ8,118,141,148,151,152,153,155,165,168,176,177,184,189,192,199,200,202,203,205,206,211,216,217,218,221,224,225,227,231,234,238,240,241,242,243,244,246,247,248,251,254,257,259,262,264,265,267,268,269,277,278,280,281,284,287,289,292,295,298,300,304,306,310,311,313,315,316,317,319,321,322,323,324,327,328,329,331,334,337,340,341,342,345,349,351,353,355,357,358,359
OZ9,121,133,147,153,154,162,163,164,165,168,169,170,177,181,184,187,189,191,193,194,196,198,199,200,202,204,213,219,221,225,231,234,238,241,242,248,250,254,257,259,262,266,267,268,269,277,278,279,280,283,284,286,290,291,293,294,295,298,299,306,308,311,312,313,317,320,321,322,326,327,329,331,333,334,336,337,339,341,342,345,349,351,353,354,355,358,359
OZ10,124,149,154,165,171,174,178,184,187,188,191,198,201,202,203,204,205,208,209,211,219,220,224,230,237,238,240,241,244,245,246,252,254,259,260,261,265,268,270,271,276,280,282,283,286,287,290,292,293,294,301,303,306,307,319,320,321,324,326,328,330,331,335,342,345,346,347,350,352,354,356,357,359
OZ11,133,137,147,148,153,154,155,162,164,165,170,174,177,178,181,182,183,184,187,188,190,192,193,194,196,198,199,201,204,208,209,210,211,215,219,220,224,227,230,236,237,238,243,244,245,247,249,250,252,253,257,259,262,266,270,271,272,273,276,277,278,285,286,289,290,293,295,296,299,300,302,303,304,305,307,308,312,314,315,316,318,319,326,327,328,329,330,331,332,334,335,336,337,342,343,350,354,356,357,359
OZ12,137,141,143,147,153,154,162,164,168,169,170,171,176,177,178,181,186,187,189,191,194,199,200,201,203,204,209,211,213,219,220,228,230,237,241,243,244,247,248,251,252,253,254,257,259,262,264,265,266,268,269,271,272,273,276,277,278,279,280,281,283,284,287,290,293,295,297,298,299,305,306,308,309,313,315,319,321,322,326,327,328,333,335,336,337,341,345,346,348,351,354,355,356,359
OZ13,142,143,148,149,154,162,164,165,168,170,173,174,176,177,178,182,184,188,189,190,191,192,194,202,204,205,206,209,210,212,215,217,218,219,220,221,223,224,228,231,233,234,238,244,246,247,248,249,252,256,259,262,266,268,270,271,275,277,280,281,283,284,285,286,287,288,289,291,293,294,296,298,299,303,304,310,312,314,316,317,322,323,324,326,327,329,331,332,333,334,336,338,339,341,342,344,347,348,349,350,352,353,354,355,356,357,358,359
OZ14,141,149,154,168,169,178,187,189,191,192,198,201,202,203,204,205,209,211,213,219,220,222,224,227,230,237,238,244,246,252,258,263,271,272,276,282,283,290,292,293,294,297,301,302,305,306,309,317,319,320,324,326,328,329,334,335,346,348,349,354,356,357,358
OZ15,163,169,171,174,184,186,188,189,202,213,216,219,227,228,230,241,244,254,258,260,265,268,272,280,290,293,294,306,309,312,313,317,321,329,334,345,359
OZ16,143,148,153,168,171,176,178,184,188,189,192,194,200,201,203,209,213,216,219,220,221,222,224,235,236,237,240,241,244,248,252,254,259,262,263,265,268,269,272,277,280,282,284,286,287,290,291,292,293,295,297,298,301,302,305,309,313,317,320,321,322,323,324,328,333,335,339,340,341,345,346,348,349,351,355,356,357,358,359
OZ17,135,147,148,151,153,155,162,164,170,171,177,183,184,187,188,189,191,192,193,196,199,202,204,206,213,217,218,221,225,231,234,236,241,242,244,246,247,251,254,256,258,260,264,265,266,267,268,271,272,277,280,283,287,289,292,294,299,306,310,311,312,313,319,320,321,323,324,327,329,333,334,336,337,339,343,345,346,349,350,353,354,357,358,359
OZ18,148,149,151,152,153,155,165,173,176,177,178,186,187,189,190,191,198,199,200,201,202,204,206,209,213,214,215,216,219,220,221,222,225,226,228,229,230,231,232,234,235,239,242,243,246,248,251,252,257,259,260,261,262,263,264,265,266,267,269,271,274,276,277,278,279,281,282,283,284,287,288,289,290,291,293,295,297,298,299,300,301,302,304,306,309,310,312,315,316,317,320,322,323,326,327,329,331,332,334,335,337,339,340,341,342,345,347,348,351,352,353,354,355,356,359
OZ19,151,152,153,155,165,168,171,173,174,176,177,184,185,186,188,194,199,203,205,206,211,213,214,215,216,219,220,221,222,224,225,226,228,230,234,235,236,237,240,241,242,243,244,251,257,259,260,262,264,267,268,274,275,278,279,281,285,286,287,288,289,291,292,293,294,295,296,297,300,303,304,305,306,309,312,313,315,317,318,321,323,324,325,327,328,329,331,332,333,334,335,338,339,340,345,346,347,349,351,352,357,358
OZ20,152,153,155,157,159,162,164,165,168,169,170,173,174,176,178,182,184,194,198,199,200,201,202,203,204,205,206,207,208,209,212,213,214,215,216,221,223,224,228,230,232,233,235,237,240,241,242,243,244,245,246,247,252,253,254,256,257,259,266,269,271,272,273,275,278,279,282,283,285,286,288,289,290,295,298,299,300,305,306,307,309,312,313,314,315,319,321,322,325,326,327,328,330,331,333,335,337,338,340,345,347,351,352,354,356,359
OZ21,149,155,169,171,182,183,184,185,187,192,193,194,196,198,202,203,204,205,208,210,213,215,219,220,221,222,224,225,227,229,231,232,239,240,245,246,247,249,253,254,261,265,266,267,270,272,273,275,277,279,280,281,286,289,291,292,293,294,299,300,302,304,307,310,311,314,317,319,324,325,330,332,335,337,338,339,342,343,345,346,348,350,351,353,354,359
OZ22,153,154,168,171,173,183,185,188,189,192,194,196,198,200,201,203,208,213,214,215,216,217,218,219,220,226,230,231,232,233,236,244,246,247,254,258,259,262,263,265,269,274,277,282,285,286,287,288,290,291,292,293,294,295,296,297,299,300,301,302,303,304,306,309,310,311,319,324,325,327,332,343,344,345,347,349,352,353,358,359
OZ23,147,154,155,157,159,165,168,174,178,182,183,185,187,188,191,193,194,196,198,199,201,202,206,207,208,209,211,212,216,217,218,219,220,221,222,223,226,228,230,231,232,233,236,238,241,242,244,245,246,247,248,251,252,256,258,259,260,262,264,265,266,272,274,276,279,280,281,282,284,286,287,289,290,292,293,294,295,296,297,303,304,306,307,309,310,311,312,313,314,318,319,320,321,323,324,327,328,330,331,332,336,341,342,343,345,346,351,353,355,356,357
OZ24,157,159,162,165,169,177,178,181,182,186,189,190,192,193,200,202,204,206,207,208,209,212,216,219,220,221,222,223,224,226,229,231,233,234,236,237,238,239,243,244,245,247,248,251,252,253,256,259,261,262,263,264,266,268,269,272,273,274,275,276,277,279,280,283,285,286,287,289,293,294,295,297,299,301,302,304,305,306,307,308,309,310,312,314,315,316,317,319,320,325,327,329,330,331,332,334,338,340,341,342,344,345,346,353,354,355,356,357,359
OZ25,154,155,168,171,178,182,183,184,185,186,190,191,193,194,196,198,208,209,210,211,214,216,219,221,225,226,228,231,232,237,238,239,240,245,247,249,252,253,254,261,263,265,267,270,271,273,275,276,277,279,280,281,282,283,286,289,291,293,299,300,301,304,305,306,307,309,310,311,312,314,320,325,326,328,329,330,332,334,337,338,339,343,345,349,350,351,353,356,357,358,359
OZ26,164,165,169,170,173,181,183,185,189,192,193,194,196,198,201,202,203,204,206,207,211,214,215,217,218,221,225,226,230,231,235,238,243,244,246,251,253,254,258,259,260,261,262,263,264,266,267,268,270,271,272,273,274,275,276,277,279,280,281,282,285,286,288,289,290,291,292,295,296,299,300,301,302,304,305,306,308,310,311,312,315,317,318,319,320,325,328,331,332,337,338,339,340,342,343,344,346,347,349,351,352,353,357,358,359
OZ27,155,162,170,182,183,185,186,189,191,194,196,198,200,202,203,210,211,215,222,224,225,228,229,230,231,233,236,239,243,245,249,251,254,257,258,261,264,265,266,267,269,270,271,272,276,278,279,283,289,294,297,300,302,304,307,310,311,312,314,315,317,318,323,325,326,327,330,332,335,336,340,343,346,348,350,353,357,359
OZ28,165,170,173,174,178,181,182,187,188,191,193,200,202,204,206,207,208,210,211,213,214,215,216,217,218,220,221,222,224,225,227,231,232,233,236,238,241,243,249,251,252,253,254,259,260,263,264,265,266,267,268,269,270,271,272,273,274,276,279,281,282,283,285,288,289,294,295,296,302,308,309,310,312,315,316,319,320,322,325,328,336,339,342,344,345,346,353,354
OZ29,168,171,174,177,178,183,184,185,189,190,191,192,193,194,196,199,202,208,213,215,216,217,218,220,221,224,225,226,227,231,234,235,236,237,238,242,243,244,245,251,252,253,254,257,258,259,263,264,267,271,272,273,276,278,279,280,282,283,285,289,292,295,296,297,299,305,306,307,309,310,311,313,314,315,317,318,319,320,321,322,323,324,329,330,331,334,335,336,339,343,344,345,346,347,348,349,350,352,353,358,359
OZ30,170,171,173,178,181,182,185,186,187,188,190,191,193,200,201,208,210,213,214,215,216,217,218,220,221,222,227,228,229,233,236,237,238,239,240,243,244,247,249,252,254,261,262,269,270,272,274,275,277,281,283,288,290,291,292,299,301,303,305,308,309,313,315,318,319,320,321,322,323,326,328,329,331,334,336,338,339,345,349,351,354,357,358,359
OZ31,162,169,173,177,181,185,188,191,193,194,199,201,208,209,214,219,221,222,224,225,229,230,231,232,234,236,237,239,240,241,242,243,245,246,248,258,259,260,265,267,270,271,272,274,276,283,285,286,288,289,290,291,292,293,295,296,298,300,301,302,303,304,306,307,308,310,312,314,315,316,317,318,323,324,326,327,329,330,331,332,333,334,337,339,340,341,344,345,350,351,353,355,356,359
OZ32,171,173,174,181,187,192,199,200,209,211,215,221,224,225,226,229,230,232,233,234,235,237,241,242,243,244,245,246,247,251,253,254,257,260,262,264,267,268,269,272,273,274,278,279,286,288,289,291,292,297,300,301,302,303,304,305,306,307,308,312,314,315,318,319,322,323,325,326,327,328,329,330,331,332,334,335,336,337,339,342,344,345,350,354,356,357,359
OZ33,173,178,181,182,183,184,185,186,190,191,196,199,200,203,209,210,211,214,216,221,222,225,226,228,230,232,233,234,235,237,238,240,241,242,243,244,245,246,247,248,249,251,252,253,257,258,260,261,264,265,266,267,269,273,274,278,279,280,283,286,288,289,294,297,298,299,302,303,306,307,308,309,311,313,314,315,316,318,319,320,321,322,323,325,326,327,328,330,333,335,337,339,341,342,343,344,347,349,350,351,352,355,356,358,359
OZ34,169,174,178,181,182,184,186,188,189,191,196,200,203,208,210,214,215,217,218,222,224,228,230,231,233,236,238,239,240,243,246,247,249,251,252,253,257,258,259,261,262,263,264,265,266,269,270,272,273,278,279,280,283,285,286,291,294,295,296,299,300,304,306,308,310,313,317,320,321,323,324,325,326,327,328,329,332,334,335,337,345,347,352,353,354
OZ35,177,178,181,186,187,188,189,191,194,198,201,202,204,206,207,208,211,213,215,220,221,222,226,227,228,229,230,231,232,238,239,240,241,243,244,245,246,247,248,252,254,260,263,270,271,275,276,277,279,280,281,283,287,290,297,298,302,305,307,308,310,314,316,317,319,320,322,324,325,327,328,330,333,335,337,338,339,340,341,345,346,347,348,350,352,353,355,357
OZ36,178,181,182,183,184,185,186,187,189,191,196,199,200,203,209,211,215,216,217,218,221,225,228,229,233,234,235,238,239,240,241,242,243,244,245,246,248,251,252,253,257,260,261,263,264,265,267,269,272,273,278,279,280,283,286,289,294,297,298,301,302,303,307,308,309,311,313,314,315,316,318,319,320,321,323,325,326,328,330,331,333,335,336,337,341,342,343,344,345,347,350,351,352,355,356,359
OZ37,159,181,185,189,192,193,194,199,202,203,204,206,207,210,211,213,217,218,219,220,222,224,225,227,229,235,236,239,240,242,244,246,249,254,257,258,259,262,265,266,267,275,277,278,279,280,281,282,285,287,289,292,293,295,296,297,298,299,300,303,304,305,308,312,315,318,319,325,326,327,332,333,335,337,338,339,340,345,346,347,349,351,352,358,359
OZ38,183,184,186,189,193,194,201,202,203,209,215,216,217,218,220,222,223,225,226,228,229,231,232,235,239,241,243,244,245,246,251,253,254,256,258,259,260,262,263,264,265,266,267,270,273,275,276,277,281,283,286,289,290,301,305,307,309,310,311,312,313,314,315,316,319,322,323,325,327,328,329,331,335,337,338,341,342,343,344,345,346,348,351,353,356,357
OZ39,174,181,184,189,190,193,194,198,199,200,201,203,204,206,207,210,211,214,215,217,218,219,224,225,226,229,231,234,235,240,241,242,247,248,249,251,253,254,257,260,262,264,267,270,273,278,281,286,287,289,290,291,293,294,297,298,300,303,304,306,308,310,312,313,315,316,319,321,322,323,324,327,328,329,332,333,334,339,340,341,345,347,349,351,352,353,355,357,358
OZ40,181,182,185,186,187,189,191,192,194,196,198,199,202,211,215,216,221,225,228,229,230,233,234,235,236,239,240,242,243,244,245,246,248,251,253,254,257,261,262,263,264,265,267,268,269,273,278,280,283,286,289,297,298,301,302,303,306,307,308,309,314,315,316,317,318,319,322,325,326,330,331,333,335,337,341,342,346,347,348,350,351,352,355,357
OZ41,182,184,185,186,188,189,191,193,194,202,208,213,215,216,221,222,223,225,227,228,229,231,233,239,240,243,245,248,251,253,254,256,259,264,265,266,267,269,270,272,273,276,279,281,289,292,298,301,305,307,309,310,312,313,314,315,316,317,318,319,322,325,327,331,333,334,335,336,340,342,346,351,353,354,355,357
OZ42,184,186,190,192,193,196,199,200,202,204,206,207,211,213,219,220,221,222,225,227,228,229,232,234,239,240,242,243,244,259,260,261,263,265,266,267,268,275,277,279,280,281,285,286,287,289,292,293,294,295,296,297,299,303,306,312,313,315,316,318,319,325,326,329,334,335,338,339,345,346,349,351,358,359
OZ43,186,188,189,192,193,196,198,199,200,214,215,216,220,221,222,224,226,228,229,231,237,241,242,243,244,247,251,253,254,258,260,262,263,264,265,268,271,273,276,281,286,287,291,301,302,305,309,310,312,313,315,319,321,323,329,331,334,335,339,342,344,345,353,357,359
OZ44,185,190,193,200,201,203,209,215,216,220,222,223,225,226,229,230,231,232,235,236,239,243,244,245,246,251,253,254,256,259,262,264,265,266,267,268,272,273,275,276,277,279,281,283,286,289,290,291,294,296,301,305,306,307,309,310,314,315,316,317,319,323,325,327,328,331,334,335,336,337,338,341,342,344,345,348,351,353,356,357,359
OZ45,188,190,192,194,196,199,200,201,202,203,204,206,207,208,209,212,213,214,216,219,220,222,224,227,228,229,231,235,237,240,242,246,247,248,256,258,260,262,263,265,266,271,279,280,285,287,289,290,293,295,296,298,299,301,302,305,306,309,310,312,314,315,318,319,321,322,327,328,329,331,333,334,335,337,340,341,342,345,346,348,350,351,353,355,356
OZ46,187,189,190,193,194,196,198,201,202,204,206,207,208,209,210,212,213,214,217,218,219,222,224,227,228,229,237,243,244,246,248,249,251,253,256,261,262,263,264,268,270,273,276,280,281,285,286,289,290,291,293,294,295,298,299,300,301,304,305,312,313,314,316,317,318,322,323,324,327,328,331,332,333,337,339,340,341,344,346,347,348,349,350,351,352,355,356,357,358
OZ47,189,190,193,196,199,201,204,206,207,208,211,216,219,220,221,225,231,233,234,236,237,240,241,242,243,244,247,248,251,253,254,261,264,267,268,269,273,275,281,289,291,293,296,297,299,303,305,309,310,315,318,319,321,322,323,328,339,341,342,345,349,353,355,357,358
OZ48,190,192,193,199,200,201,204,206,207,208,213,216,219,220,221,222,223,225,227,229,230,231,235,237,239,241,242,243,248,254,256,258,261,263,266,267,272,275,276,280,281,283,285,289,291,293,295,296,299,301,302,303,309,310,313,316,317,318,322,323,324,325,326,327,328,330,331,334,335,336,339,340,342,347,348,350,352,353,354,355
OZ49,193,194,196,199,200,203,209,221,224,229,235,239,240,242,243,246,259,262,270,271,275,276,279,280,281,285,286,290,292,295,296,298,301,302,313,315,316,318,319,325,326,328,331,333,337,339,340,348,351,356,359
OZ50,192,194,196,199,202,203,209,211,213,215,216,220,222,225,226,227,231,233,234,235,236,237,242,245,246,247,259,262,263,267,269,270,271,275,276,279,280,285,287,289,290,295,297,298,301,302,307,309,310,313,314,315,319,321,327,328,330,331,333,337,342,344,345,346,347,350,351,352,353,354,356,359
OZ51,194,196,198,200,203,208,209,212,213,214,215,216,221,222,224,226,227,228,229,230,231,232,233,236,237,238,239,241,245,246,251,253,254,256,259,260,261,263,264,266,268,269,270,271,273,275,279,287,288,289,290,298,299,301,303,307,309,310,312,313,318,320,321,324,326,327,328,330,331,333,335,337,340,342,347,351,352,353,354,356,357,359
OZ52,196,199,200,202,208,211,212,213,215,216,220,225,226,227,228,229,230,234,237,239,241,242,246,248,251,253,254,256,258,259,262,264,267,268,270,271,273,275,286,290,291,292,297,299,301,305,306,309,312,314,315,316,319,322,323,324,325,326,327,331,335,337,341,342,346,350,355,357
OZ53,198,199,200,201,202,203,204,206,207,208,212,213,215,217,218,219,221,226,227,228,229,230,239,242,244,248,251,253,256,258,259,264,266,268,271,272,273,275,289,291,292,293,294,296,299,300,301,302,304,306,312,314,315,317,319,323,325,326,331,336,341,344,346,350,355,357
OZ54,201,202,208,215,216,221,224,225,226,230,232,233,234,235,240,244,246,251,253,256,262,264,265,266,267,268,269,271,272,273,275,277,280,283,285,287,289,290,292,295,296,299,301,302,305,309,313,314,317,319,326,328,331,334,335,336,337,338,339,340,341,342,344,345,346,351,357
OZ55,199,200,202,203,204,206,207,212,213,216,217,218,219,224,225,227,228,229,230,232,233,234,235,239,240,242,246,248,258,259,265,267,269,277,280,283,285,287,290,293,295,300,304,305,306,309,312,313,315,325,334,335,337,338,339,340,342,345,346,350,351,355
OZ56,202,204,206,207,209,214,215,217,218,219,220,221,222,223,225,226,230,233,237,238,240,241,246,248,251,253,254,256,258,260,261,263,264,265,266,267,268,269,270,271,273,277,279,280,283,285,287,288,289,290,293,295,300,303,304,305,310,315,319,320,321,324,325,326,328,330,334,337,338,339,345,346,347,350,351,352,353,354,355,356,357,359
OZ57,200,203,209,212,215,216,220,225,226,228,229,231,232,235,236,237,238,240,244,246,247,251,253,256,259,260,262,264,265,266,267,268,270,272,273,274,276,279,283,287,288,291,294,299,301,303,305,306,309,312,314,316,317,320,321,322,323,325,326,328,330,331,332,334,335,336,337,339,340,342,344,348,354,356,357,359
OZ58,204,206,207,208,212,214,219,223,224,228,230,231,234,238,240,241,245,246,247,251,253,254,256,259,260,264,265,268,270,271,273,275,277,280,286,288,289,292,293,294,302,307,312,314,315,316,320,324,325,326,328,337,338,339,340,344,350,351,357
OZ59,203,208,209,211,212,213,214,216,221,222,223,225,227,228,229,230,241,245,246,247,254,256,261,263,265,267,270,271,279,280,285,286,294,295,296,297,299,303,305,306,307,309,310,312,313,314,315,318,319,321,324,326,328,337,340,342,344,345,348,350,353,356,359
OZ60,211,212,213,215,216,222,223,225,226,227,228,229,230,231,233,237,238,239,241,245,246,251,253,254,256,259,260,263,264,265,267,268,269,270,271,273,280,286,292,294,297,299,305,307,309,310,312,314,315,316,318,320,324,325,326,328,335,337,342,350,353,357
OZ61,212,214,215,219,220,221,222,226,228,229,230,232,233,237,241,246,248,254,256,258,263,265,269,270,274,276,277,287,289,290,291,293,296,299,303,310,312,318,319,321,323,324,326,328,330,332,337,338,350,351,353,354,355
OZ62,208,209,214,217,218,220,224,225,229,231,233,234,241,245,246,247,254,259,261,265,267,269,270,271,274,276,279,283,285,286,289,292,295,296,300,302,304,305,307,314,316,324,326,328,332,334,337,340,344,347,352,356,359
OZ63,214,215,226,229,230,237,240,246,266,286,324,337,340
OZ64,191,215,217,218,220,224,226,229,230,234,237,239,241,247,251,253,254,261,264,266,268,270,271,272,273,274,276,279,280,285,292,294,295,300,314,317,318,325,328,330,332,335,336,340,341,344,348,357,359
OZ65,209,217,218,219,224,229,230,233,234,240,241,245,251,253,254,264,265,266,268,269,271,272,273,274,275,276,277,279,285,288,292,293,294,295,296,299,300,301,302,303,304,305,307,313,317,321,325,328,331,332,335,336,338,339,340,341,344,345,347,350,351,352,356,357,359
OZ66,210,217,218,222,223,225,229,238,239,245,246,247,248,249,258,260,261,263,265,267,270,275,280,283,286,289,290,296,299,300,302,305,307,310,315,320,322,324,325,327,332,337,339,340,341,347,348,352,353,355
OZ67,219,239,240,246,247,275,277,286,288,293,324,337,338,339,340,351
OZ68,213,217,218,223,227,231,234,238,240,241,244,245,248,254,258,260,270,272,286,287,296,298,299,301,306,307,315,317,319,320,331,333,336,340,341,343,351,355
OZ69,216,217,218,220,221,222,223,224,229,238,239,240,241,244,245,248,254,258,259,260,261,262,263,265,269,272,280,291,292,295,298,299,301,302,303,305,306,307,309,310,315,316,317,320,321,323,325,328,331,333,336,339,341,342,343,344,345,351,353,355
OZ70,220,222,232,233,239,245,246,247,248,258,259,261,263,265,269,270,274,275,280,286,288,290,296,302,305,307,310,318,324,332,337,339,340,344,345,347,350,352,353,355
OZ71,222,233,235,245,246,248,258,259,261,263,265,270,274,275,280,285,286,290,296,299,302,305,307,310,332,337,340,344,347,350,352,353,355
OZ72,221,223,224,233,234,238,241,245,246,247,251,253,254,256,260,261,264,268,269,273,276,280,287,291,296,299,302,303,307,315,318,319,320,321,323,324,326,328,335,337,339,340,345,348,350,357
OZ73,215,217,218,224,225,226,231,233,234,235,237,241,245,246,247,254,256,259,261,262,265,267,270,274,276,279,283,286,289,292,294,295,296,300,302,305,307,314,316,318,326,332,337,340,347,348,350,352,359
OZ74,217,218,230,231,232,234,239,240,245,251,253,256,259,261,262,264,265,266,268,269,271,272,273,274,279,280,282,285,288,296,299,300,301,305,307,313,316,317,318,326,328,332,334,335,336,341,344,345,347,348,352,357,359
OZ75,224,225,229,230,231,232,240,261,262,265,266,267,270,271,276,282,283,286,287,288,289,296,301,302,303,313,316,319,321,325,328,334,348
OZ76,225,267,283,289
OZ77,230,232,234,235,239,241,246,254,259,261,265,266,271,276,282,285,287,288,292,295,301,303,313,318,319,321,326,328,334,337,339,340
OZ78,229,231,234,239,240,246,247,251,253,256,259,262,264,268,269,271,272,273,282,286,295,296,301,313,316,317,324,325,326,328,334,335,336,337,340,341,357
OZ79,232,239,246,247,265,280,287,288,299,324,337,339,344,345,348
OZ80,240,241,254,259,265,270,271,276,286,287,292,296,301,313,319,326,328,331,334,340
OZ81,231,233,235,238,241,246,251,253,254,256,260,262,264,268,269,270,271,273,274,275,285,286,290,295,298,299,300,301,302,303,305,313,316,320,321,326,328,331,332,333,334,335,337,339,343,345,347,348,350,351,352,357
OZ82,223,234,235,238,239,246,260,272,274,275,282,285,286,288,290,295,302,305,315,317,318,319,320,326,331,332,336,337,339,341,344,347,351,352
OZ83,233,235,238,246,260,261,269,270,271,272,274,275,276,280,285,286,290,292,295,296,298,300,301,302,305,313,317,319,320,326,328,331,332,333,334,335,336,337,339,340,341,343,344,347,350,351,352
OZ84,235,239,241,245,247,254,256,259,265,269,276,279,288,295,298,300,303,306,307,313,319,321,324,326,333,334,335,343,345,359
OZ85,238,246,247,251,253,259,260,261,262,264,268,269,273,274,275,279,282,285,286,290,292,296,298,300,301,302,305,313,316,318,320,324,332,333,334,335,337,339,340,343,344,347,351,352,357,359
OZ86,239,241,246,247,251,253,254,256,259,262,264,265,268,269,270,271,272,273,280,282,287,288,295,298,300,302,303,306,313,316,317,321,324,328,331,333,334,335,336,337,341,343,345,348,357
OZ87,246,247,251,253,261,262,264,268,271,272,273,274,275,276,279,280,282,285,286,290,295,296,298,299,300,302,305,306,313,316,317,318,319,324,326,328,331,332,333,334,336,337,340,341,343,344,347,351,352,357,359
OZ88,245,259,265,269,271,276,292,295,302,307,328,335,339,348
OZ89,256,269,271,292,295,328,335,339
OZ90,241,251,253,254,264,265,268,270,272,273,274,275,280,286,287,290,298,300,301,302,303,305,306,317,321,331,332,333,336,341,343,345,347,348,351,352,357
OZ91,259,261,265,269,270,271,274,275,276,286,287,290,292,295,296,298,300,301,302,303,305,306,321,328,331,332,333,335,339,340,343,345,347,348,351,352
OZ92,261,262,269,270,271,276,280,282,295,296,301,313,316,328,334,335,339,340
OZ93,262,265,269,271,274,275,276,282,286,287,290,295,298,300,302,303,305,306,313,316,321,328,331,332,333,334,335,339,343,345,347,348,351,352
OZ94,265,274,275,280,286,287,290,298,299,300,302,305,306,313,332,333,334,343,344,347,351,352
OZ95,269,295,299,301,303,313,321,331,334,335,339,344,345,348
OZ96,299,301,303,313,321,331,334,344,345,348
OZ97,301,303,306,321,331,345
