X0,0,24,32,96,112,128
X1,1,25,33,97,113,129
X2,2,26,34,98,115,130
X3,3,27,35,99,114,131
X4,4,28,37,100,116,133
X5,5,29,36,101,117,132
X6,6,30,39,103,118,134
X7,7,31,38,102,119,135
X8,8,20,40,104,120,136
X9,9,21,41,105,121,137
X10,10,22,42,106,122,138
X11,11,23,43,107,123,139
X12,12,16,45,108,124,141
X13,13,17,44,109,125,140
X14,14,18,47,110,126,142
X15,15,19,46,111,127,143
X16,0,12,64,76,112,124,144,156
X17,1,13,65,77,113,125,145,157
X18,2,14,66,79,115,126,147,159
X19,3,15,67,78,114,127,146,158
X20,0,8,48,56,96,104,144,152
X21,1,9,49,57,97,105,145,153
X22,3,10,50,59,99,106,146,155
X23,2,11,51,58,98,107,147,154
X24,4,8,68,72,116,120,148,152
X25,4,13,52,61,100,109,148,157
X26,6,14,54,62,103,110,150,159
X27,6,10,71,74,118,122,150,155
X28,5,9,69,73,117,121,149,153
X29,16,30,64,74,118,124,160,172
X30,7,11,70,75,119,123,151,154
X31,21,24,85,92,128,137,167,168
X32,20,25,84,93,129,136,166,169
X33,21,26,69,79,115,121,164,168
X34,20,27,68,78,114,120,165,169
X35,17,29,80,88,132,140,162,173
X36,16,28,81,89,133,141,163,172
X37,17,31,65,75,119,125,161,173
X38,18,28,66,72,116,126,163,174
X39,22,25,71,77,113,122,166,171
X40,22,26,86,95,130,138,164,171
X41,23,24,70,76,112,123,167,170
X42,32,44,80,92,128,140,182,186
X43,18,31,83,90,135,142,161,174
X44,32,42,50,56,96,106,176,186
X45,19,29,67,73,117,127,162,175
X46,48,64,82,144,160,184
X47,49,65,83,145,161,185
X48,50,67,80,146,162,186
X49,51,66,81,147,163,187
X50,52,68,87,148,165,189
X51,53,69,86,149,164,188
X52,54,71,84,150,166,190
X53,55,70,85,151,167,191
X54,56,72,90,152,174,176
X55,57,73,91,153,175,177
X56,58,75,88,154,173,178
X57,59,74,89,155,172,179
X58,60,76,94,156,170,180
X59,61,77,95,157,171,181
X60,62,79,92,159,168,182
X61,63,78,93,158,169,183
X62,19,30,82,91,134,143,160,175
X63,33,45,81,93,129,141,183,187
X64,34,40,48,58,98,104,178,184
X65,34,46,82,95,130,143,181,184
X66,23,27,87,94,131,139,165,170
X67,35,47,83,94,131,142,180,185
X68,33,43,51,57,97,107,177,187
X69,36,40,84,88,132,136,178,190
X70,36,47,54,60,101,110,180,190
X71,38,45,53,63,102,108,183,188
X72,37,46,55,61,100,111,181,191
X73,38,42,86,90,135,138,176,188
X74,7,15,55,63,102,111,151,158
X75,5,12,53,60,101,108,149,156
X76,35,41,49,59,99,105,179,185
X77,37,41,85,89,133,137,179,191
OX0,144,145,146,147,148,149,150,151,152,153,154,155,156,157,158,159,160,161,162,163,164,165,166,167,168,169,170,171,172,173,174,175
OX1,160,161,162,163,164,165,166,167,168,169,170,171,172,173,174,175,176,177,178,179,180,181,182,183,184,185,186,187,188,189,190,191
OX2,104,105,106,107,108,109,110,111,120,121,122,123,124,125,126,127,146,147,150,151,152,153,156,157,162,163,164,165,170,171,172,173,176,177,178,179,188,189,190,191
OX3,100,101,102,103,108,109,110,111,112,113,114,115,120,121,122,123,128,129,130,131,132,133,134,135,136,137,138,139,140,141,142,143,148,149,150,151,156,157,158,159,164,165,166,167,168,169,170,171
OX4,96,97,102,103,106,107,108,109,114,115,116,117,120,121,126,127,128,129,130,131,132,133,134,135,136,137,138,139,140,141,142,143,146,147,148,149,152,153,158,159,176,177,182,183,186,187,188,189
OX5,98,99,102,103,106,107,110,111,114,115,118,119,122,123,126,127,162,163,166,167,168,169,172,173,178,179,182,183,186,187,190,191
OX6,86,87,90,91,92,93,94,95,105,107,108,111,112,113,114,115,116,117,118,119,120,122,124,126,128,129,130,131,132,133,134,135,136,137,138,139,142,143,145,149,154,158,163,165,168,169,170,173,174,175,181,183,185,187
OX7,106,107,110,111,112,113,114,115,116,117,118,119,120,121,126,127,128,129,130,131,132,133,134,135,136,137,138,139,145,147,149,151,153,155,156,159,161,162,164,167,168,171,172,175,180,181,186,187
OX8,108,109,110,111,112,113,114,115,116,117,118,119,122,123,126,127,128,129,130,131,132,133,134,135,138,139,140,141,145,147,148,151,153,154,156,159,162,163,164,165,166,167,170,171,172,173,174,175,176,179,181,182,185,186,188,190
OX9,81,83,85,87,89,90,93,95,102,103,114,115,120,123,125,126,130,131,134,135,136,139,140,142,146,148,150,151,155,157,161,162,168,170,174,175,177,180,182,183,187,190
OX10,120,121,122,123,124,125,126,127,136,137,138,139,140,141,142,143,146,147,148,149,154,155,156,157,164,165,166,167,172,173,174,175,176,177,180,181,186,187,190,191
OX11,97,99,101,103,105,107,109,110,113,114,116,118,121,123,124,126,132,133,140,141,145,147,148,151,153,155,156,158,166,167,168,169,177,179,180,182,185,187,189,190
OX12,92,93,94,95,99,103,105,109,110,111,112,113,114,116,118,119,123,124,126,127,128,129,133,135,137,139,140,141,145,146,148,150,158,159,161,162,164,166,168,169,180,181,182,183,188,189
OX13,116,117,118,119,124,125,126,127,132,133,134,135,140,141,142,143,148,149,150,151,156,157,158,159,180,181,182,183,188,189,190,191
OX14,90,91,94,95,99,101,107,109,110,111,112,114,122,123,125,126,128,132,138,143,154,155,156,157,158,159,166,167,169,170,173,174,177,179,180,182,190,191
OX15,114,115,118,119,122,123,126,127,130,131,134,135,138,139,142,143,146,147,150,151,154,155,158,159,162,163,166,167,168,169,172,173
OX16,102,103,110,111,113,115,117,119,121,122,125,127,129,130,132,134,137,138,140,142,146,147,154,155,161,162,164,166,168,171,173,175,177,179,181,182,185,187,188,190
OX17,112,113,118,119,122,123,124,125,128,129,134,135,138,139,140,141,162,163,164,165,168,169,174,175,176,177,182,183,186,187,188,189
OX18,77,83,85,91,94,95,101,103,105,107,109,110,113,115,117,119,123,124,125,126,127,129,130,134,135,137,141,143,151,153,154,156,157,158,161,162,165,167,168,169,172,173,174,175,176,177,179,181,182,186,189,191
OX19,89,91,93,94,110,111,113,115,117,118,121,122,125,126,129,130,132,134,137,138,140,143,146,150,155,158,161,167,170,172,174,175,176,179,185,186,190,191
OX20,79,83,85,91,93,94,109,110,115,118,122,123,125,130,134,138,139,142,146,150,151,155,157,158,161,163,166,167,172,174,176,177,180,181,182,186,187,191
OX21,101,103,105,107,113,117,123,127,129,134,137,143,145,147,149,151,158,159,164,165,168,169,170,171,180,181,185,187,189,191
OX22,75,83,85,93,94,95,109,110,113,117,121,129,132,137,140,142,146,150,151,155,157,158,162,167,168,170,171,173,179,181,182,185,190,191
OX23,99,103,105,109,110,111,115,117,122,125,126,127,130,131,132,134,137,138,153,155,157,158,161,162,165,166,168,169,174,175,176,179,181,182,185,186,189,190
OX24,94,95,118,119,121,122,125,127,134,135,137,138,140,143,145,151,153,158,162,163,164,167,170,171,172,174,176,177,179,183,185,186,187,188
OX25,71,87,109,111,113,115,118,122,126,129,130,134,138,140,142,143,147,150,151,154,157,159,161,163,164,165,169,171,172,173,179,182,183,185,188,191
OX26,110,111,118,119,121,123,125,127,134,135,137,139,140,142,145,146,147,151,153,154,155,159,161,163,168,170,172,173,174,175,176,180,186,191
OX27,83,85,91,93,105,107,109,111,115,119,122,126,130,135,137,138,139,140,142,143,145,146,154,155,157,158,164,165,169,171,173,174,176,177,179,183,186,188,189,191
OX28,85,87,93,95,105,107,109,111,113,119,122,125,129,135,137,138,139,143,145,146,154,155,157,158,161,162,173,175,177,179,189,191
OX29,105,107,109,111,113,115,117,119,121,122,125,126,129,130,132,135,138,139,142,143,145,146,154,155,157,158,161,164,166,167,168,170,171,173,174,175,176,177,179,180,182,183,186,188,190,191
OX30,95,107,109,111,113,115,117,119,123,124,127,129,130,132,135,140,141,147,149,156,157,158,161,166,167,168,172,179,180,182,183,185,187,188,190,191
OX31,93,107,118,119,121,122,123,124,127,134,135,137,138,141,143,149,151,154,156,158,162,163,165,168,169,170,171,173,174,176,181,182,183,186,187,188,189,191
OX32,91,109,118,119,121,122,126,134,135,137,138,140,142,145,147,153,154,157,163,168,171,172,173,179,182,185
OX33,87,103,107,109,113,117,119,124,127,129,132,134,135,139,140,141,143,147,149,151,156,157,158,159,161,166,172,179,180,181,182,183,185,187,188,189,190,191
OX34,31,47,113,115,118,119,121,122,123,126,129,130,134,137,138,139,145,146,147,150,151,153,154,155,158,159,161,162,163,164,166,168,170,171,172,173,175,180,181,183,188,191
OX35,47,103,109,111,117,119,123,124,125,132,134,135,139,141,142,143,146,149,150,155,156,157,158,162,170,172,181,183,188,190
Z0,0,24,32,96,112,128
Z1,1,25,33,97,113,129
Z2,2,26,34,98,115,130
Z3,3,27,35,99,114,131
Z4,4,28,37,100,116,133
Z5,5,29,36,101,117,132
Z6,6,30,39,103,118,134
Z7,7,31,38,102,119,135
Z8,8,20,40,104,120,136
Z9,9,21,41,105,121,137
Z10,10,22,42,106,122,138
Z11,11,23,43,107,123,139
Z12,12,16,45,108,124,141
Z13,13,17,44,109,125,140
Z14,14,18,47,110,126,142
Z15,15,19,46,111,127,143
Z16,0,12,64,76,112,124,144,156
Z17,1,13,65,77,113,125,145,157
Z18,2,14,66,79,115,126,147,159
Z19,3,15,67,78,114,127,146,158
Z20,0,8,48,56,96,104,144,152
Z21,1,9,49,57,97,105,145,153
Z22,3,10,50,59,99,106,146,155
Z23,2,11,51,58,98,107,147,154
Z24,4,8,68,72,116,120,148,152
Z25,4,13,52,61,100,109,148,157
Z26,6,14,54,62,103,110,150,159
Z27,6,10,71,74,118,122,150,155
Z28,5,9,69,73,117,121,149,153
Z29,16,30,64,74,118,124,160,172
Z30,7,11,70,75,119,123,151,154
Z31,21,24,85,92,128,137,167,168
Z32,20,25,84,93,129,136,166,169
Z33,21,26,69,79,115,121,164,168
Z34,20,27,68,78,114,120,165,169
Z35,17,29,80,88,132,140,162,173
Z36,16,28,81,89,133,141,163,172
Z37,17,31,65,75,119,125,161,173
Z38,18,28,66,72,116,126,163,174
Z39,22,25,71,77,113,122,166,171
Z40,22,26,86,95,130,138,164,171
Z41,23,24,70,76,112,123,167,170
Z42,32,44,80,92,128,140,182,186
Z43,18,31,83,90,135,142,161,174
Z44,32,42,50,56,96,106,176,186
Z45,19,29,67,73,117,127,162,175
Z46,48,64,82,144,160,184
Z47,49,65,83,145,161,185
Z48,50,67,80,146,162,186
Z49,51,66,81,147,163,187
Z50,52,68,87,148,165,189
Z51,53,69,86,149,164,188
Z52,54,71,84,150,166,190
Z53,55,70,85,151,167,191
Z54,56,72,90,152,174,176
Z55,57,73,91,153,175,177
Z56,58,75,88,154,173,178
Z57,59,74,89,155,172,179
Z58,60,76,94,156,170,180
Z59,61,77,95,157,171,181
Z60,62,79,92,159,168,182
Z61,63,78,93,158,169,183
Z62,19,30,82,91,134,143,160,175
Z63,33,45,81,93,129,141,183,187
Z64,34,40,48,58,98,104,178,184
Z65,34,46,82,95,130,143,181,184
Z66,23,27,87,94,131,139,165,170
Z67,35,47,83,94,131,142,180,185
Z68,33,43,51,57,97,107,177,187
Z69,36,40,84,88,132,136,178,190
Z70,36,47,54,60,101,110,180,190
Z71,38,45,53,63,102,108,183,188
Z72,37,46,55,61,100,111,181,191
Z73,38,42,86,90,135,138,176,188
Z74,7,15,55,63,102,111,151,158
Z75,5,12,53,60,101,108,149,156
Z76,35,41,49,59,99,105,179,185
Z77,37,41,85,89,133,137,179,191
OZ0,144,145,146,147,148,149,150,151,152,153,154,155,156,157,158,159,160,161,162,163,164,165,166,167,168,169,170,171,172,173,174,175
OZ1,160,161,162,163,164,165,166,167,168,169,170,171,172,173,174,175,176,177,178,179,180,181,182,183,184,185,186,187,188,189,190,191
OZ2,104,105,106,107,108,109,110,111,120,121,122,123,124,125,126,127,146,147,150,151,152,153,156,157,162,163,164,165,170,171,172,173,176,177,178,179,188,189,190,191
OZ3,100,101,102,103,108,109,110,111,112,113,114,115,120,121,122,123,128,129,130,131,132,133,134,135,136,137,138,139,140,141,142,143,148,149,150,151,156,157,158,159,164,165,166,167,168,169,170,171
OZ4,96,97,102,103,106,107,108,109,114,115,116,117,120,121,126,127,128,129,130,131,132,133,134,135,136,137,138,139,140,141,142,143,146,147,148,149,152,153,158,159,176,177,182,183,186,187,188,189
OZ5,98,99,102,103,106,107,110,111,114,115,118,119,122,123,126,127,162,163,166,167,168,169,172,173,178,179,182,183,186,187,190,191
OZ6,86,87,90,91,92,93,94,95,105,107,108,111,112,113,114,115,116,117,118,119,120,122,124,126,128,129,130,131,132,133,134,135,136,137,138,139,142,143,145,149,154,158,163,165,168,169,170,173,174,175,181,183,185,187
OZ7,106,107,110,111,112,113,114,115,116,117,118,119,120,121,126,127,128,129,130,131,132,133,134,135,136,137,138,139,145,147,149,151,153,155,156,159,161,162,164,167,168,171,172,175,180,181,186,187
OZ8,108,109,110,111,112,113,114,115,116,117,118,119,122,123,126,127,128,129,130,131,132,133,134,135,138,139,140,141,145,147,148,151,153,154,156,159,162,163,164,165,166,167,170,171,172,173,174,175,176,179,181,182,185,186,188,190
OZ9,81,83,85,87,89,90,93,95,102,103,114,115,120,123,125,126,130,131,134,135,136,139,140,142,146,148,150,151,155,157,161,162,168,170,174,175,177,180,182,183,187,190
OZ10,120,121,122,123,124,125,126,127,136,137,138,139,140,141,142,143,146,147,148,149,154,155,156,157,164,165,166,167,172,173,174,175,176,177,180,181,186,187,190,191
OZ11,97,99,101,103,105,107,109,110,113,114,116,118,121,123,124,126,132,133,140,141,145,147,148,151,153,155,156,158,166,167,168,169,177,179,180,182,185,187,189,190
OZ12,92,93,94,95,99,103,105,109,110,111,112,113,114,116,118,119,123,124,126,127,128,129,133,135,137,139,140,141,145,146,148,150,158,159,161,162,164,166,168,169,180,181,182,183,188,189
OZ13,116,117,118,119,124,125,126,127,132,133,134,135,140,141,142,143,148,149,150,151,156,157,158,159,180,181,182,183,188,189,190,191
OZ14,90,91,94,95,99,101,107,109,110,111,112,114,122,123,125,126,128,132,138,143,154,155,156,157,158,159,166,167,169,170,173,174,177,179,180,182,190,191
OZ15,114,115,118,119,122,123,126,127,130,131,134,135,138,139,142,143,146,147,150,151,154,155,158,159,162,163,166,167,168,169,172,173
OZ16,102,103,110,111,113,115,117,119,121,122,125,127,129,130,132,134,137,138,140,142,146,147,154,155,161,162,164,166,168,171,173,175,177,179,181,182,185,187,188,190
OZ17,112,113,118,119,122,123,124,125,128,129,134,135,138,139,140,141,162,163,164,165,168,169,174,175,176,177,182,183,186,187,188,189
OZ18,77,83,85,91,94,95,101,103,105,107,109,110,113,115,117,119,123,124,125,126,127,129,130,134,135,137,141,143,151,153,154,156,157,158,161,162,165,167,168,169,172,173,174,175,176,177,179,181,182,186,189,191
OZ19,89,91,93,94,110,111,113,115,117,118,121,122,125,126,129,130,132,134,137,138,140,143,146,150,155,158,161,167,170,172,174,175,176,179,185,186,190,191
OZ20,79,83,85,91,93,94,109,110,115,118,122,123,125,130,134,138,139,142,146,150,151,155,157,158,161,163,166,167,172,174,176,177,180,181,182,186,187,191
OZ21,101,103,105,107,113,117,123,127,129,134,137,143,145,147,149,151,158,159,164,165,168,169,170,171,180,181,185,187,189,191
OZ22,75,83,85,93,94,95,109,110,113,117,121,129,132,137,140,142,146,150,151,155,157,158,162,167,168,170,171,173,179,181,182,185,190,191
OZ23,99,103,105,109,110,111,115,117,122,125,126,127,130,131,132,134,137,138,153,155,157,158,161,162,165,166,168,169,174,175,176,179,181,182,185,186,189,190
OZ24,94,95,118,119,121,122,125,127,134,135,137,138,140,143,145,151,153,158,162,163,164,167,170,171,172,174,176,177,179,183,185,186,187,188
OZ25,71,87,109,111,113,115,118,122,126,129,130,134,138,140,142,143,147,150,151,154,157,159,161,163,164,165,169,171,172,173,179,182,183,185,188,191
OZ26,110,111,118,119,121,123,125,127,134,135,137,139,140,142,145,146,147,151,153,154,155,159,161,163,168,170,172,173,174,175,176,180,186,191
OZ27,83,85,91,93,105,107,109,111,115,119,122,126,130,135,137,138,139,140,142,143,145,146,154,155,157,158,164,165,169,171,173,174,176,177,179,183,186,188,189,191
OZ28,85,87,93,95,105,107,109,111,113,119,122,125,129,135,137,138,139,143,145,146,154,155,157,158,161,162,173,175,177,179,189,191
OZ29,105,107,109,111,113,115,117,119,121,122,125,126,129,130,132,135,138,139,142,143,145,146,154,155,157,158,161,164,166,167,168,170,171,173,174,175,176,177,179,180,182,183,186,188,190,191
OZ30,95,107,109,111,113,115,117,119,123,124,127,129,130,132,135,140,141,147,149,156,157,158,161,166,167,168,172,179,180,182,183,185,187,188,190,191
OZ31,93,107,118,119,121,122,123,124,127,134,135,137,138,141,143,149,151,154,156,158,162,163,165,168,169,170,171,173,174,176,181,182,183,186,187,188,189,191
OZ32,91,109,118,119,121,122,126,134,135,137,138,140,142,145,147,153,154,157,163,168,171,172,173,179,182,185
OZ33,87,103,107,109,113,117,119,124,127,129,132,134,135,139,140,141,143,147,149,151,156,157,158,159,161,166,172,179,180,181,182,183,185,187,188,189,190,191
OZ34,31,47,113,115,118,119,121,122,123,126,129,130,134,137,138,139,145,146,147,150,151,153,154,155,158,159,161,162,163,164,166,168,170,171,172,173,175,180,181,183,188,191
OZ35,47,103,109,111,117,119,123,124,125,132,134,135,139,141,142,143,146,149,150,155,156,157,158,162,170,172,181,183,188,190
