X0,0,3,6,108,111,114
X1,1,4,7,109,112,115
X2,2,5,8,110,113,116
X3,0,27,54,81,108,135,162,198
X4,1,28,55,82,109,136,163,199
X5,2,29,56,83,110,137,164,200
X6,3,32,57,86,111,140,165,206
X7,4,30,58,84,112,138,166,204
X8,5,31,59,85,113,139,167,205
X9,9,16,21,117,124,131
X10,10,17,22,118,125,129
X11,11,15,23,119,123,130
X12,12,20,24,120,126,132
X13,13,18,25,121,127,133
X14,14,19,26,122,128,134
X15,11,30,54,96,123,135,171,204
X16,9,31,55,97,124,136,172,205
X17,10,32,56,98,125,137,173,206
X18,13,40,67,94,121,148,175,191
X19,14,41,68,95,122,149,176,189
X20,12,39,66,93,120,147,174,190
X21,16,34,57,103,131,140,179,211
X22,17,35,58,104,129,138,177,212
X23,15,33,59,102,130,139,178,210
X24,20,47,73,101,126,154,181,194
X25,18,45,74,99,127,155,182,192
X26,19,46,72,100,128,153,180,193
X27,27,30,35,135,138,141
X28,28,31,33,136,139,142
X29,29,32,34,137,140,143
X30,0,45,66,86,111,147,162,192
X31,1,46,67,84,112,148,163,193
X32,2,47,68,85,113,149,164,194
X33,5,52,74,89,116,155,167,197
X34,3,53,72,87,114,153,165,195
X35,4,51,73,88,115,154,166,196
X36,36,42,48,144,150,158
X37,37,43,49,145,151,156
X38,38,44,50,146,152,157
X39,39,45,52,147,155,160
X40,40,46,53,148,153,161
X41,41,47,51,149,154,159
X42,11,36,63,92,119,144,171,203
X43,9,37,64,90,117,145,172,201
X44,10,38,65,91,118,146,173,202
X45,6,33,60,87,114,142,168,210
X46,6,41,78,81,108,159,168,189
X47,12,42,63,101,126,144,174,207
X48,13,43,64,99,127,145,175,208
X49,14,44,65,100,128,146,176,209
X50,7,39,79,82,109,160,169,190
X51,7,34,61,88,115,143,169,211
X52,54,63,66,162,171,174
X53,55,64,67,163,172,175
X54,56,65,68,164,173,176
X55,57,70,72,165,179,180
X56,58,71,73,166,177,181
X57,59,69,74,167,178,182
X58,60,75,78,168,184,186
X59,61,76,79,169,185,187
X60,62,77,80,170,183,188
X61,8,35,62,89,116,141,170,212
X62,16,42,70,97,124,150,179,207
X63,15,44,69,96,123,152,178,209
X64,8,40,80,83,110,161,170,191
X65,18,50,69,105,133,152,182,214
X66,19,48,70,106,134,150,180,215
X67,17,43,71,98,125,151,177,208
X68,21,27,62,90,117,141,183,198
X69,21,50,77,103,131,157,183,214
X70,20,49,71,107,132,151,181,213
X71,22,28,60,91,118,142,184,199
X72,22,48,75,104,129,158,184,215
X73,24,38,77,93,120,157,188,202
X74,24,53,80,107,132,161,188,195
X75,25,36,75,94,121,158,186,203
X76,25,51,78,105,133,159,186,196
X77,81,90,95,189,198,201
X78,82,91,93,190,199,202
X79,83,92,94,191,200,203
X80,84,96,100,193,204,209
X81,85,97,101,194,205,207
X82,86,98,99,192,206,208
X83,87,102,107,195,210,213
X84,88,103,105,196,211,214
X85,89,104,106,197,212,215
X86,23,49,76,102,130,156,185,213
X87,23,29,61,92,119,143,185,200
OX0,96,97,98,105,106,107,111,112,113,114,115,116,117,118,119,120,121,122,123,124,125,132,133,134,162,163,164,168,169,170,171,172,173,186,187,188,189,190,191,195,196,197,198,199,200,204,205,206
OX1,99,100,101,102,103,104,105,106,107,108,109,110,114,115,116,120,121,122,123,124,125,126,127,128,129,130,131,168,169,170,171,172,173,174,175,176,183,184,185,195,196,197,198,199,200,201,202,203,207,208,209,213,214,215
OX2,80,91,92,94,95,103,104,105,107,111,113,114,116,117,118,120,121,126,127,129,131,137,143,147,151,155,156,164,165,168,172,173,175,177,179,181,183,186,189,191,202,203,205,207,211,212,213,214
OX3,77,91,94,102,103,105,109,111,112,113,114,116,119,124,125,128,129,130,131,134,140,143,145,147,151,160,163,165,167,170,171,172,174,177,178,180,181,184,186,191,194,202,204,206,207,208,209,210,211,214
OX4,109,110,115,116,118,119,123,125,126,127,132,133,135,136,141,142,147,149,151,152,154,155,156,157,162,164,168,169,172,173,174,175,183,185,186,188,189,191,201,203
OX5,108,110,114,116,117,119,123,124,127,128,133,134,136,137,142,143,147,148,150,152,153,155,157,158,162,163,169,170,171,173,175,176,183,184,186,187,189,190,201,202
OX6,111,113,114,116,117,119,121,122,127,128,130,131,136,137,139,140,144,146,153,155,157,158,160,161,162,164,168,170,172,173,174,175,184,185,187,188,189,190,198,199
OX7,112,113,115,116,118,119,120,121,126,127,129,130,135,136,138,139,145,146,154,155,156,157,159,160,163,164,169,170,171,172,174,176,183,184,186,187,189,191,198,200
OX8,50,53,91,94,98,100,101,102,104,105,106,113,116,119,120,121,122,123,125,127,129,132,134,136,137,142,143,144,145,146,147,150,151,153,155,162,164,166,167,168,169,170,172,173,174,175,178,181,183,184,187,189,190,191,196,197,198,199,202,204,207,208,213,215
OX9,120,122,123,125,129,130,132,134,135,136,138,140,142,143,147,148,150,152,153,154,157,158,159,160,165,166,168,169,172,173,175,176,178,179,181,182,183,185,186,188,192,193,198,199,201,202,208,209
OX10,121,122,124,125,129,131,133,134,135,137,139,140,141,142,147,149,151,152,153,155,156,157,159,161,165,167,168,170,171,172,174,175,177,178,180,181,184,185,187,188,192,194,198,200,201,203,207,208
OX11,53,91,94,95,100,101,104,105,106,107,113,116,118,119,122,123,125,127,128,133,135,137,139,141,142,143,149,150,153,154,155,158,160,165,169,170,173,176,180,184,185,186,188,191,195,196,198,200,202,203,206,207,208,209,210,212,213,215
OX12,117,118,124,125,127,128,133,134,135,136,138,140,142,143,145,146,148,149,154,155,156,157,160,161,162,163,166,167,168,169,171,172,177,179,180,182,183,185,186,188,189,191,192,194,201,203,205,206
OX13,118,119,123,125,126,128,132,134,136,137,138,139,141,143,144,146,147,149,153,155,157,158,159,161,163,164,165,167,169,170,172,173,177,178,180,181,183,184,186,187,189,190,192,193,201,202,204,206
OX14,105,106,107,110,116,122,123,126,130,132,134,135,136,138,139,147,148,151,152,154,155,156,157,159,161,164,166,167,168,169,172,175,176,178,179,180,181,183,184,187,188,190,192,193,194,197,198,199,201,207,208,209,210,211,212,215
OX15,124,125,127,128,129,131,133,134,135,137,139,140,141,142,144,145,148,149,150,151,154,155,160,161,162,163,165,166,168,170,174,175,177,178,180,182,183,185,186,187,189,190,192,194,195,197,199,200,201,203,204,205,208,209,213,215
OX16,123,125,126,128,129,130,132,134,135,136,138,140,142,143,145,146,147,149,151,152,153,155,159,161,163,164,166,167,168,169,175,176,178,179,180,181,183,184,187,188,190,191,192,193,195,196,198,200,201,202,205,206,207,209,213,214
OX17,102,103,104,113,116,119,122,125,126,127,129,130,132,133,134,135,136,139,140,141,143,144,145,147,148,150,151,160,161,163,168,169,171,172,174,186,187,189,191,192,194,197,198,203,206,207,210,214
OX18,126,128,132,134,144,145,147,149,150,152,153,155,156,157,159,161,165,167,168,169,172,173,175,176,178,179,186,187,190,191,192,194,202,203,205,206,210,211,213,214
OX19,127,128,133,134,144,146,148,149,151,152,154,155,156,158,160,161,166,167,168,170,171,172,174,175,177,178,186,188,189,190,193,194,201,202,204,205,210,212,213,215
OX20,92,94,97,106,113,116,119,122,128,130,135,137,138,140,144,145,147,148,150,152,156,157,160,161,162,163,164,166,167,170,171,172,176,177,178,179,180,184,186,188,190,196,199,206,207,208,214,215
OX21,91,94,95,97,98,106,107,110,116,122,125,128,129,139,140,142,143,144,145,148,149,153,154,156,158,162,164,165,166,167,171,172,175,176,180,181,182,183,185,187,188,191,192,193,198,202,204,207,210,211,212,214
OX22,113,116,119,122,128,130,135,137,138,140,147,148,150,152,157,158,160,161,166,167,168,169,171,174,181,182,183,186,187,188,189,191,192,193,194,196,198,200,206,207,209,210,211,212,213,215
OX23,94,97,101,104,110,116,119,125,128,129,130,134,136,137,138,140,141,142,144,145,150,152,153,155,156,157,160,161,162,163,164,166,173,174,175,177,179,180,184,186,190,192,193,194,195,196,198,200,201,202,206,207,209,210,214,215
OX24,95,98,100,101,103,104,110,116,119,125,128,129,130,134,136,137,138,140,141,142,145,146,153,155,156,157,160,161,166,168,169,170,172,175,178,179,180,181,182,183,185,186,189,191,195,196,199,202,203,206,207,209,211,212,213,214
OX25,110,116,119,125,128,129,130,134,136,137,138,140,141,142,151,152,153,155,156,157,160,161,165,167,171,174,179,182,183,185,187,188,190,197,199,204,205,207,209,210,213,215
OX26,100,101,103,106,107,125,128,129,134,136,137,138,139,141,143,144,146,147,149,151,152,153,154,156,158,160,161,163,164,165,167,168,169,170,171,172,173,174,179,182,183,185,186,189,192,193,196,197,201,204,206,207,209,210
OX27,101,103,104,107,119,122,125,128,129,130,144,145,148,149,151,152,153,155,157,158,159,160,163,169,173,175,176,178,182,184,185,186,189,194,195,197,199,201,202,211
OX28,162,163,164,168,169,170,174,175,176,177,178,179,180,181,182,183,184,185,189,190,191,192,193,194,198,199,200,207,208,209,210,211,212,213,214,215
OX29,97,104,107,135,136,141,142,145,146,147,148,150,151,157,158,160,161,169,171,174,178,179,180,182,187,191,192,193,198,199,201,202,203,207,208,209,210,211,212,214
OX30,98,103,104,106,107,119,122,125,128,129,130,136,137,142,143,145,146,147,148,150,152,153,155,156,158,169,172,173,175,176,179,180,185,190,192,193,195,197,199,200,203,209,210,213,214,215
OX31,104,125,128,129,134,135,137,138,139,142,143,145,146,147,148,151,152,154,155,159,161,167,168,169,177,178,181,183,184,187,188,190,191,192,193,196,198,200,201,202,204,208,214,215
OX32,103,125,128,129,134,135,136,138,139,147,148,153,155,164,166,167,171,172,173,174,175,178,179,180,181,183,184,185,186,187,188,192,193,194,195,196,198,199,200,201,202,203,207,208,209,213
OX33,165,166,167,168,169,170,171,172,173,174,175,176,177,178,179,186,187,188,189,190,191,195,196,197,201,202,203,204,205,206,207,208,209,210,211,212
OX34,106,119,122,130,134,136,137,142,143,144,146,147,149,151,152,153,154,156,158,160,161,168,172,173,175,176,178,179,180,182,185,186,187,189,190,191,192,194,195,196,199,200,201,207,208,211,213,215
OX35,107,119,122,130,134,136,137,138,140,141,142,151,152,153,155,156,157,160,161,163,164,166,167,169,175,176,181,182,183,184,185,186,188,191,193,194,195,196,203,205,206,208,209,210,211,212,213,215
OX36,138,139,140,141,142,143,144,145,146,147,148,149,153,154,155,156,157,158,171,172,173,174,175,176,183,184,185,186,187,188,192,193,194,195,196,197,204,205,206,210,211,212
OX37,135,136,137,141,142,143,144,145,146,150,151,152,153,154,155,159,160,161,171,172,173,174,175,176,177,178,179,180,181,182,189,190,191,195,196,197,198,199,200,210,211,212
OX38,119,122,125,128,129,130,146,148,150,151,153,155,156,157,158,160,169,170,173,176,178,179,180,182,185,188,191,193,195,197,203,209,211,212,213,214
OX39,125,128,129,134,136,137,140,142,144,146,147,148,151,153,154,156,157,158,159,160,163,166,169,170,171,172,173,174,176,178,181,182,184,185,186,188,189,191,192,195,200,201,204,206,209,210,211,212,214,215
Z0,0,3,6,108,111,114
Z1,1,4,7,109,112,115
Z2,2,5,8,110,113,116
Z3,0,27,54,81,108,135,162,198
Z4,1,28,55,82,109,136,163,199
Z5,2,29,56,83,110,137,164,200
Z6,3,32,57,86,111,140,165,206
Z7,4,30,58,84,112,138,166,204
Z8,5,31,59,85,113,139,167,205
Z9,9,16,21,117,124,131
Z10,10,17,22,118,125,129
Z11,11,15,23,119,123,130
Z12,12,20,24,120,126,132
Z13,13,18,25,121,127,133
Z14,14,19,26,122,128,134
Z15,11,30,54,96,123,135,171,204
Z16,9,31,55,97,124,136,172,205
Z17,10,32,56,98,125,137,173,206
Z18,13,40,67,94,121,148,175,191
Z19,14,41,68,95,122,149,176,189
Z20,12,39,66,93,120,147,174,190
Z21,16,34,57,103,131,140,179,211
Z22,17,35,58,104,129,138,177,212
Z23,15,33,59,102,130,139,178,210
Z24,20,47,73,101,126,154,181,194
Z25,18,45,74,99,127,155,182,192
Z26,19,46,72,100,128,153,180,193
Z27,27,30,35,135,138,141
Z28,28,31,33,136,139,142
Z29,29,32,34,137,140,143
Z30,0,45,66,86,111,147,162,192
Z31,1,46,67,84,112,148,163,193
Z32,2,47,68,85,113,149,164,194
Z33,5,52,74,89,116,155,167,197
Z34,3,53,72,87,114,153,165,195
Z35,4,51,73,88,115,154,166,196
Z36,36,42,48,144,150,158
Z37,37,43,49,145,151,156
Z38,38,44,50,146,152,157
Z39,39,45,52,147,155,160
Z40,40,46,53,148,153,161
Z41,41,47,51,149,154,159
Z42,11,36,63,92,119,144,171,203
Z43,9,37,64,90,117,145,172,201
Z44,10,38,65,91,118,146,173,202
Z45,6,33,60,87,114,142,168,210
Z46,6,41,78,81,108,159,168,189
Z47,12,42,63,101,126,144,174,207
Z48,13,43,64,99,127,145,175,208
Z49,14,44,65,100,128,146,176,209
Z50,7,39,79,82,109,160,169,190
Z51,7,34,61,88,115,143,169,211
Z52,54,63,66,162,171,174
Z53,55,64,67,163,172,175
Z54,56,65,68,164,173,176
Z55,57,70,72,165,179,180
Z56,58,71,73,166,177,181
Z57,59,69,74,167,178,182
Z58,60,75,78,168,184,186
Z59,61,76,79,169,185,187
Z60,62,77,80,170,183,188
Z61,8,35,62,89,116,141,170,212
Z62,16,42,70,97,124,150,179,207
Z63,15,44,69,96,123,152,178,209
Z64,8,40,80,83,110,161,170,191
Z65,18,50,69,105,133,152,182,214
Z66,19,48,70,106,134,150,180,215
Z67,17,43,71,98,125,151,177,208
Z68,21,27,62,90,117,141,183,198
Z69,21,50,77,103,131,157,183,214
Z70,20,49,71,107,132,151,181,213
Z71,22,28,60,91,118,142,184,199
Z72,22,48,75,104,129,158,184,215
Z73,24,38,77,93,120,157,188,202
Z74,24,53,80,107,132,161,188,195
Z75,25,36,75,94,121,158,186,203
Z76,25,51,78,105,133,159,186,196
Z77,81,90,95,189,198,201
Z78,82,91,93,190,199,202
Z79,83,92,94,191,200,203
Z80,84,96,100,193,204,209
Z81,85,97,101,194,205,207
Z82,86,98,99,192,206,208
Z83,87,102,107,195,210,213
Z84,88,103,105,196,211,214
Z85,89,104,106,197,212,215
Z86,23,49,76,102,130,156,185,213
Z87,23,29,61,92,119,143,185,200
OZ0,96,97,98,105,106,107,111,112,113,114,115,116,117,118,119,120,121,122,123,124,125,132,133,134,162,163,164,168,169,170,171,172,173,186,187,188,189,190,191,195,196,197,198,199,200,204,205,206
OZ1,99,100,101,102,103,104,105,106,107,108,109,110,114,115,116,120,121,122,123,124,125,126,127,128,129,130,131,168,169,170,171,172,173,174,175,176,183,184,185,195,196,197,198,199,200,201,202,203,207,208,209,213,214,215
OZ2,80,91,92,94,95,103,104,105,107,111,113,114,116,117,118,120,121,126,127,129,131,137,143,147,151,155,156,164,165,168,172,173,175,177,179,181,183,186,189,191,202,203,205,207,211,212,213,214
OZ3,77,91,94,102,103,105,109,111,112,113,114,116,119,124,125,128,129,130,131,134,140,143,145,147,151,160,163,165,167,170,171,172,174,177,178,180,181,184,186,191,194,202,204,206,207,208,209,210,211,214
OZ4,109,110,115,116,118,119,123,125,126,127,132,133,135,136,141,142,147,149,151,152,154,155,156,157,162,164,168,169,172,173,174,175,183,185,186,188,189,191,201,203
OZ5,108,110,114,116,117,119,123,124,127,128,133,134,136,137,142,143,147,148,150,152,153,155,157,158,162,163,169,170,171,173,175,176,183,184,186,187,189,190,201,202
OZ6,111,113,114,116,117,119,121,122,127,128,130,131,136,137,139,140,144,146,153,155,157,158,160,161,162,164,168,170,172,173,174,175,184,185,187,188,189,190,198,199
OZ7,112,113,115,116,118,119,120,121,126,127,129,130,135,136,138,139,145,146,154,155,156,157,159,160,163,164,169,170,171,172,174,176,183,184,186,187,189,191,198,200
OZ8,50,53,91,94,98,100,101,102,104,105,106,113,116,119,120,121,122,123,125,127,129,132,134,136,137,142,143,144,145,146,147,150,151,153,155,162,164,166,167,168,169,170,172,173,174,175,178,181,183,184,187,189,190,191,196,197,198,199,202,204,207,208,213,215
OZ9,120,122,123,125,129,130,132,134,135,136,138,140,142,143,147,148,150,152,153,154,157,158,159,160,165,166,168,169,172,173,175,176,178,179,181,182,183,185,186,188,192,193,198,199,201,202,208,209
OZ10,121,122,124,125,129,131,133,134,135,137,139,140,141,142,147,149,151,152,153,155,156,157,159,161,165,167,168,170,171,172,174,175,177,178,180,181,184,185,187,188,192,194,198,200,201,203,207,208
OZ11,53,91,94,95,100,101,104,105,106,107,113,116,118,119,122,123,125,127,128,133,135,137,139,141,142,143,149,150,153,154,155,158,160,165,169,170,173,176,180,184,185,186,188,191,195,196,198,200,202,203,206,207,208,209,210,212,213,215
OZ12,117,118,124,125,127,128,133,134,135,136,138,140,142,143,145,146,148,149,154,155,156,157,160,161,162,163,166,167,168,169,171,172,177,179,180,182,183,185,186,188,189,191,192,194,201,203,205,206
OZ13,118,119,123,125,126,128,132,134,136,137,138,139,141,143,144,146,147,149,153,155,157,158,159,161,163,164,165,167,169,170,172,173,177,178,180,181,183,184,186,187,189,190,192,193,201,202,204,206
OZ14,105,106,107,110,116,122,123,126,130,132,134,135,136,138,139,147,148,151,152,154,155,156,157,159,161,164,166,167,168,169,172,175,176,178,179,180,181,183,184,187,188,190,192,193,194,197,198,199,201,207,208,209,210,211,212,215
OZ15,124,125,127,128,129,131,133,134,135,137,139,140,141,142,144,145,148,149,150,151,154,155,160,161,162,163,165,166,168,170,174,175,177,178,180,182,183,185,186,187,189,190,192,194,195,197,199,200,201,203,204,205,208,209,213,215
OZ16,123,125,126,128,129,130,132,134,135,136,138,140,142,143,145,146,147,149,151,152,153,155,159,161,163,164,166,167,168,169,175,176,178,179,180,181,183,184,187,188,190,191,192,193,195,196,198,200,201,202,205,206,207,209,213,214
OZ17,102,103,104,113,116,119,122,125,126,127,129,130,132,133,134,135,136,139,140,141,143,144,145,147,148,150,151,160,161,163,168,169,171,172,174,186,187,189,191,192,194,197,198,203,206,207,210,214
OZ18,126,128,132,134,144,145,147,149,150,152,153,155,156,157,159,161,165,167,168,169,172,173,175,176,178,179,186,187,190,191,192,194,202,203,205,206,210,211,213,214
OZ19,127,128,133,134,144,146,148,149,151,152,154,155,156,158,160,161,166,167,168,170,171,172,174,175,177,178,186,188,189,190,193,194,201,202,204,205,210,212,213,215
OZ20,92,94,97,106,113,116,119,122,128,130,135,137,138,140,144,145,147,148,150,152,156,157,160,161,162,163,164,166,167,170,171,172,176,177,178,179,180,184,186,188,190,196,199,206,207,208,214,215
OZ21,91,94,95,97,98,106,107,110,116,122,125,128,129,139,140,142,143,144,145,148,149,153,154,156,158,162,164,165,166,167,171,172,175,176,180,181,182,183,185,187,188,191,192,193,198,202,204,207,210,211,212,214
OZ22,113,116,119,122,128,130,135,137,138,140,147,148,150,152,157,158,160,161,166,167,168,169,171,174,181,182,183,186,187,188,189,191,192,193,194,196,198,200,206,207,209,210,211,212,213,215
OZ23,94,97,101,104,110,116,119,125,128,129,130,134,136,137,138,140,141,142,144,145,150,152,153,155,156,157,160,161,162,163,164,166,173,174,175,177,179,180,184,186,190,192,193,194,195,196,198,200,201,202,206,207,209,210,214,215
OZ24,95,98,100,101,103,104,110,116,119,125,128,129,130,134,136,137,138,140,141,142,145,146,153,155,156,157,160,161,166,168,169,170,172,175,178,179,180,181,182,183,185,186,189,191,195,196,199,202,203,206,207,209,211,212,213,214
OZ25,110,116,119,125,128,129,130,134,136,137,138,140,141,142,151,152,153,155,156,157,160,161,165,167,171,174,179,182,183,185,187,188,190,197,199,204,205,207,209,210,213,215
OZ26,100,101,103,106,107,125,128,129,134,136,137,138,139,141,143,144,146,147,149,151,152,153,154,156,158,160,161,163,164,165,167,168,169,170,171,172,173,174,179,182,183,185,186,189,192,193,196,197,201,204,206,207,209,210
OZ27,101,103,104,107,119,122,125,128,129,130,144,145,148,149,151,152,153,155,157,158,159,160,163,169,173,175,176,178,182,184,185,186,189,194,195,197,199,201,202,211
OZ28,162,163,164,168,169,170,174,175,176,177,178,179,180,181,182,183,184,185,189,190,191,192,193,194,198,199,200,207,208,209,210,211,212,213,214,215
OZ29,97,104,107,135,136,141,142,145,146,147,148,150,151,157,158,160,161,169,171,174,178,179,180,182,187,191,192,193,198,199,201,202,203,207,208,209,210,211,212,214
OZ30,98,103,104,106,107,119,122,125,128,129,130,136,137,142,143,145,146,147,148,150,152,153,155,156,158,169,172,173,175,176,179,180,185,190,192,193,195,197,199,200,203,209,210,213,214,215
OZ31,104,125,128,129,134,135,137,138,139,142,143,145,146,147,148,151,152,154,155,159,161,167,168,169,177,178,181,183,184,187,188,190,191,192,193,196,198,200,201,202,204,208,214,215
OZ32,103,125,128,129,134,135,136,138,139,147,148,153,155,164,166,167,171,172,173,174,175,178,179,180,181,183,184,185,186,187,188,192,193,194,195,196,198,199,200,201,202,203,207,208,209,213
OZ33,165,166,167,168,169,170,171,172,173,174,175,176,177,178,179,186,187,188,189,190,191,195,196,197,201,202,203,204,205,206,207,208,209,210,211,212
OZ34,106,119,122,130,134,136,137,142,143,144,146,147,149,151,152,153,154,156,158,160,161,168,172,173,175,176,178,179,180,182,185,186,187,189,190,191,192,194,195,196,199,200,201,207,208,211,213,215
OZ35,107,119,122,130,134,136,137,138,140,141,142,151,152,153,155,156,157,160,161,163,164,166,167,169,175,176,181,182,183,184,185,186,188,191,193,194,195,196,203,205,206,208,209,210,211,212,213,215
OZ36,138,139,140,141,142,143,144,145,146,147,148,149,153,154,155,156,157,158,171,172,173,174,175,176,183,184,185,186,187,188,192,193,194,195,196,197,204,205,206,210,211,212
OZ37,135,136,137,141,142,143,144,145,146,150,151,152,153,154,155,159,160,161,171,172,173,174,175,176,177,178,179,180,181,182,189,190,191,195,196,197,198,199,200,210,211,212
OZ38,119,122,125,128,129,130,146,148,150,151,153,155,156,157,158,160,169,170,173,176,178,179,180,182,185,188,191,193,195,197,203,209,211,212,213,214
OZ39,125,128,129,134,136,137,140,142,144,146,147,148,151,153,154,156,157,158,159,160,163,166,169,170,171,172,173,174,176,178,181,182,184,185,186,188,189,191,192,195,200,201,204,206,209,210,211,212,214,215
