X0,0,1,2,3,4,5
X1,0,5,115,163,166,184,196,245
X2,0,1,117,162,166,180,195,244
X3,1,2,114,162,165,183,194,243
X4,2,3,116,164,165,182,192,240
X5,6,12,18,24,30,36
X6,7,14,21,28,35,37
X7,8,15,22,29,31,38
X8,9,16,23,25,32,39
X9,10,17,19,26,33,40
X10,11,13,20,27,34,41
X11,6,36,94,137,155,200,202,251
X12,11,41,93,136,151,199,203,248
X13,7,37,92,135,150,198,201,250
X14,8,38,90,132,153,200,202,249
X15,9,39,91,134,152,198,201,246
X16,10,40,95,133,154,199,203,247
X17,6,12,106,131,155,169,189,238
X18,10,17,105,126,154,168,191,236
X19,11,13,103,129,151,172,190,239
X20,7,14,102,128,150,171,188,237
X21,8,15,104,127,153,170,186,234
X22,9,16,107,130,152,173,187,235
X23,12,18,88,131,149,183,194,232
X24,16,23,87,130,145,185,193,230
X25,17,19,84,126,147,184,196,233
X26,13,20,86,129,144,182,192,231
X27,14,21,85,128,146,180,195,228
X28,15,22,89,127,148,181,197,229
X29,18,24,100,143,149,171,188,214
X30,22,29,99,139,148,173,187,211
X31,23,25,97,141,145,172,190,215
X32,19,26,98,138,147,170,186,213
X33,20,27,96,140,144,169,189,212
X34,21,28,101,142,146,168,191,210
X35,42,43,44,45,46,47
X36,42,47,106,238,265,287,313,316
X37,42,43,102,237,267,286,312,316
X38,43,44,105,236,264,285,312,315
X39,44,45,104,234,266,282,314,315
X40,48,54,60,66,72,78
X41,49,56,63,70,77,79
X42,50,57,64,71,73,80
X43,51,58,65,67,74,81
X44,52,59,61,68,75,82
X45,53,55,62,69,76,83
X46,48,78,117,244,259,293,302,327
X47,53,83,115,245,262,290,305,325
X48,49,79,114,243,261,292,304,324
X49,50,80,118,242,258,291,300,328
X50,51,81,116,240,260,288,303,326
X51,52,82,119,241,263,289,301,329
X52,48,54,86,231,278,280,296,327
X53,52,59,84,233,278,280,294,329
X54,53,55,88,232,277,281,298,325
X55,49,56,87,230,276,279,297,324
X56,50,57,85,228,276,279,295,328
X57,51,58,89,229,277,281,299,326
X58,54,60,111,225,253,274,296,321
X59,58,65,109,227,256,272,299,319
X60,59,61,112,226,252,275,294,322
X61,55,62,108,224,255,273,298,318
X62,56,63,110,222,254,270,297,320
X63,57,64,113,223,257,271,295,323
X64,60,66,98,213,256,272,308,321
X65,64,71,97,215,253,274,307,323
X66,65,67,100,214,257,271,310,319
X67,61,68,96,212,255,273,306,322
X68,62,69,99,211,254,270,309,318
X69,63,70,101,210,252,275,311,320
X70,84,126,168,210,252,294
X71,85,128,171,214,257,295
X72,86,129,172,215,253,296
X73,87,130,173,211,254,297
X74,88,131,169,212,255,298
X75,89,127,170,213,256,299
X76,90,132,174,216,258,300
X77,91,134,177,220,263,301
X78,92,135,178,221,259,302
X79,93,136,179,217,260,303
X80,94,137,175,218,261,304
X81,95,133,176,219,262,305
X82,96,144,192,240,288,306
X83,97,145,193,241,289,307
X84,98,147,196,245,290,308
X85,99,148,197,242,291,309
X86,100,149,194,243,292,310
X87,101,146,195,244,293,311
X88,102,150,198,246,264,312
X89,103,151,199,247,265,313
X90,104,153,202,251,269,314
X91,105,154,203,248,266,315
X92,106,155,200,249,267,316
X93,107,152,201,250,268,317
X94,108,156,204,222,270,318
X95,109,157,205,223,271,319
X96,110,159,208,226,275,320
X97,111,160,209,227,272,321
X98,112,161,206,224,273,322
X99,113,158,207,225,274,323
X100,114,162,180,228,276,324
X101,115,163,181,229,277,325
X102,116,165,183,232,281,326
X103,117,166,184,233,278,327
X104,118,167,185,230,279,328
X105,119,164,182,231,280,329
X106,120,138,186,234,282,330
X107,121,139,187,235,283,331
X108,122,140,189,238,287,332
X109,123,141,190,239,284,333
X110,124,142,191,236,285,334
X111,125,143,188,237,286,335
X112,33,40,110,133,159,176,204,222
X113,31,38,111,132,160,174,207,225
X114,35,37,109,135,157,178,209,227
X115,34,41,113,136,158,179,205,223
X116,32,39,108,134,156,177,206,224
X117,30,36,112,137,161,175,208,226
X118,73,80,90,249,267,286,300,335
X119,74,81,93,248,266,282,303,330
X120,75,82,91,246,264,285,301,334
X121,72,78,92,250,268,284,302,333
X122,67,74,120,218,261,292,310,330
X123,70,77,121,221,259,293,311,331
X124,69,76,122,216,258,291,309,332
X125,66,72,123,219,262,290,308,333
X126,68,75,124,217,260,288,306,334
X127,71,73,125,220,263,289,307,335
X128,27,34,122,140,158,174,207,216
X129,25,32,123,141,156,176,204,219
X130,28,35,124,142,157,179,205,217
X131,26,33,120,138,159,175,208,218
X132,29,31,121,139,160,178,209,221
X133,24,30,125,143,161,177,206,220
X134,46,47,103,239,268,284,313,317
X135,45,46,107,235,269,283,314,317
X136,4,5,118,163,167,181,197,242
X137,3,4,119,164,167,185,193,241
OX0,155,163,168,173,181,183,184,185,192,195,197,198,199,200,210,211,228,230,231,232,233,235,236,238,240,241,242,243,244,246,247,248,249,250,252,254,261,263,264,265,266,267,268,269,276,278,279,280,281,283,285,287,289,292,294,297,301,304,312,313,314,326,327,328
OX1,170,171,172,180,181,182,193,194,196,200,201,203,213,214,215,228,229,230,231,232,233,234,237,239,240,241,242,243,244,245,246,247,248,249,250,251,253,256,257,258,259,260,264,265,266,267,268,269,276,277,278,279,280,281,282,284,286,288,291,293,295,296,299,300,302,303,315,316,317,324,325,329
OX2,168,169,173,183,184,185,192,195,197,198,199,202,210,211,212,228,229,230,231,232,233,235,236,238,240,241,242,243,244,245,246,247,248,249,250,251,252,254,255,261,262,263,264,265,266,267,268,269,276,277,278,279,280,281,283,285,287,289,290,292,294,297,298,301,304,305,312,313,314,326,327,328
OX3,173,175,176,184,186,190,192,199,205,209,211,213,215,217,218,219,221,222,223,226,227,231,233,234,235,239,240,245,247,248,252,253,256,259,260,262,266,269,270,271,272,275,278,280,282,283,284,290,294,305,314,319,321,327,330,333
OX4,169,176,177,185,188,190,195,198,207,209,212,214,215,216,219,220,221,222,224,225,227,228,230,237,238,239,241,244,246,250,253,254,257,258,259,263,265,268,270,272,273,274,276,279,284,286,287,289,297,301,313,321,323,328,333,335
OX5,171,174,179,182,189,191,196,203,204,206,210,212,214,216,217,219,220,222,223,224,225,231,233,236,237,238,240,245,247,248,252,253,255,260,262,263,265,267,270,271,273,274,278,280,285,286,287,288,296,303,316,318,322,329,332,334
OX6,134,137,151,153,157,160,166,175,177,180,181,182,184,193,194,196,199,200,202,203,204,205,208,209,219,220,222,223,225,226,228,229,230,231,232,234,239,240,241,242,243,245,246,248,249,251,256,257,258,260,262,263,264,266,268,269,270,271,273,274,276,277,279,280,281,282,284,288,289,290,291,295,299,300,303,307,308,315,317,318,322,324,325,329
OX7,172,178,179,180,182,187,193,194,196,204,211,215,217,219,221,222,223,227,228,230,231,232,233,235,239,240,241,243,244,245,253,254,257,259,262,271,272,276,277,278,279,280,281,283,284,288,290,293,295,296,302,308,324,325,329,331
OX8,175,176,183,184,185,186,192,195,202,207,213,216,218,219,222,225,226,228,230,231,232,233,234,240,241,243,244,245,249,251,252,254,255,256,258,261,263,264,267,270,271,274,275,276,278,279,280,282,288,289,290,292,294,297,298,301,304,306,312,319,323,327,328,330
OX9,176,177,186,188,195,197,198,202,207,209,213,214,216,219,220,221,222,224,225,227,228,229,234,237,242,244,246,249,250,251,256,257,258,259,261,262,264,265,267,268,270,271,272,273,276,277,279,281,282,286,288,291,304,305,306,309,312,313,319,321,326,328,330,335
OX10,178,179,187,189,193,194,200,201,206,208,211,212,217,218,220,221,223,224,226,227,230,232,235,238,241,243,246,249,250,251,254,255,258,260,261,263,264,266,268,269,270,271,272,273,276,277,279,281,283,287,290,292,300,303,308,310,315,317,318,322,324,325,331,332
OX11,183,184,185,186,188,190,198,199,202,205,207,209,213,214,215,216,217,221,223,225,227,230,232,233,234,237,239,241,243,245,246,247,248,249,250,251,252,253,254,255,256,257,258,259,260,264,265,266,267,268,269,282,284,286,288,289,290,291,292,293,294,297,298,306,309,311,312,313,314,330,333,335
OX12,180,181,182,187,189,191,200,201,203,204,206,208,210,211,212,218,219,220,222,224,226,228,229,231,235,236,238,240,242,244,246,247,248,249,250,251,252,253,254,255,256,257,261,262,263,264,265,266,267,268,269,283,285,287,288,289,290,291,292,293,295,296,299,307,308,310,315,316,317,331,332,334
OX13,174,179,200,201,206,208,216,217,218,220,223,224,225,226,246,249,250,251,253,257,259,260,261,263,264,266,267,269,270,271,274,275,276,280,283,287,295,296,302,303,315,316,318,320,324,329,331,332
OX14,187,189,193,194,201,203,204,206,211,212,219,220,222,224,230,232,235,238,241,243,246,247,248,250,254,255,256,257,259,260,262,263,264,265,279,281,283,285,290,292,295,299,302,303,308,310,331,334
OX15,186,188,195,197,198,199,205,209,213,214,217,221,223,227,228,229,234,237,242,244,246,247,248,250,254,255,256,257,259,260,262,263,266,268,276,277,284,286,288,291,297,298,301,305,306,309,333,335
OX16,188,190,192,195,199,202,205,207,214,215,216,217,223,225,228,231,237,239,240,244,247,248,249,251,252,253,254,257,258,260,261,262,266,267,276,280,282,284,291,293,294,297,304,305,309,311,330,333
OX17,137,153,158,177,181,182,191,193,194,196,198,199,202,203,204,205,207,209,210,217,219,220,221,222,224,225,226,227,229,230,231,232,233,234,236,240,241,242,243,245,246,250,255,258,260,264,265,266,267,269,271,272,273,276,279,282,283,284,285,286,288,289,291,292,294,298,300,302,304,305,307,310,312,314,316,317,320,321,323,324,326,327,331,333,334,335
OX18,153,157,158,166,181,184,189,191,193,194,196,202,205,207,210,212,225,227,229,230,232,234,236,238,241,242,243,244,245,251,252,255,256,257,266,269,270,272,274,275,277,279,281,282,283,287,289,291,292,293,295,299,307,310,315,318,320,325,331,332
OX19,136,156,159,161,179,184,185,190,197,198,204,206,208,209,215,217,221,227,229,230,233,239,241,242,245,246,248,250,252,253,255,259,260,262,263,266,268,269,272,277,279,288,289,290,293,294,298,301,305,306,311,314,321,328
OX20,154,159,161,199,202,203,205,206,207,208,216,217,222,223,224,225,236,247,249,251,254,255,258,260,262,263,265,267,270,271,272,273,279,281,284,285,286,297,298,301,305,313,319,321,326,328,333,335
OX21,156,159,163,164,181,182,184,190,192,197,202,204,207,208,215,216,224,225,226,233,239,240,241,242,249,251,252,253,258,261,262,267,269,273,275,282,284,286,288,289,294,304,305,306,314,330,333,335
OX22,151,157,160,167,182,185,189,191,196,199,201,203,204,205,206,209,210,212,219,220,222,223,224,225,230,231,233,236,238,239,240,242,245,246,248,250,252,253,255,257,259,260,262,263,264,268,270,271,273,274,278,279,280,283,284,287,288,291,295,296,302,303,317,318,322,329,331,332
OX23,163,164,181,182,198,199,205,209,217,221,223,227,229,231,241,245,246,247,248,250,252,254,259,260,264,266,268,269,271,277,279,280,281,284,286,289,290,291,293,294,297,309,311,312,314,319,326,328,333,335
OX24,157,158,182,189,203,204,205,207,212,219,222,225,227,231,238,240,247,248,253,255,256,257,259,260,262,265,268,270,272,274,276,277,283,288,292,295,296,299,302,303,310,317,318,324,325,331
OX25,158,160,181,189,193,194,200,201,203,204,206,207,208,209,212,218,219,220,222,223,224,226,227,229,230,232,238,241,242,243,246,247,248,249,250,251,253,255,258,259,261,262,263,264,265,266,269,270,271,272,273,276,279,280,281,283,289,290,291,292,296,300,302,307,308,310,315,318,322,324,329,331
OX26,270,273,275,318,320,322
OX27,159,161,184,185,192,197,199,202,205,206,207,208,216,217,222,223,224,225,229,230,231,233,240,241,242,245,247,248,249,251,252,255,258,260,262,263,264,266,267,269,274,275,277,278,279,280,289,290,291,293,294,298,301,305,309,311,312,314,318,320,322,323,327,328
OX28,271,272,274,319,321,323
OX29,161,184,190,192,197,198,199,202,205,206,207,209,215,216,217,221,223,224,225,226,227,229,231,233,239,240,242,245,246,247,248,249,250,251,252,253,254,255,258,259,260,262,263,266,267,268,269,272,273,274,275,277,278,279,280,286,290,291,294,297,298,301,305,309,314,321,323,327,328,335
OX30,254,255,262,263,264,265,279,281,284,286,288,291,297,298,301,305,306,309,312,313,326,328,333,335
OX31,252,255,261,263,264,269,278,281,282,286,288,293,294,298,301,304,306,311,312,314,326,327,330,335
OX32,160,182,191,194,196,200,201,203,204,206,208,209,210,218,219,220,222,224,225,226,227,231,232,233,236,240,243,245,246,247,248,249,250,251,253,255,262,265,266,267,268,272,273,274,275,277,280,282,285,286,290,293,294,296,298,301,304,306,308,311,312,314,315,316,317,320,322,325,326,327,329,330,334,335
OX33,253,256,258,259,267,268,277,280,283,287,289,290,296,299,300,302,307,308,316,317,325,329,331,332
OX34,189,191,194,196,200,201,206,208,210,212,218,220,224,226,232,233,236,238,243,245,246,249,250,251,256,257,259,260,266,267,276,280,282,283,285,286,288,290,292,293,294,295,298,299,301,302,303,304,306,308,310,311,312,314,315,316,324,326,327,329,330,331,334,335
OX35,166,182,184,194,200,203,204,208,218,219,222,226,231,232,233,240,243,244,247,248,249,251,256,257,258,259,261,262,265,266,268,269,275,276,278,281,285,287,288,290,292,293,295,299,300,302,308,310,315,317,320,324,332,334
OX36,164,182,184,185,190,197,199,205,215,217,223,229,230,231,233,239,242,245,247,248,255,256,258,259,260,261,263,264,266,267,268,274,279,282,283,284,286,287,288,289,296,298,299,300,301,302,304,306,307,308,312,316,317,323,325,328,329,330,331,332,333,335
OX37,167,181,182,185,191,193,194,196,200,201,203,204,206,208,210,218,219,220,222,224,226,229,231,232,233,236,240,241,243,245,246,247,248,249,250,251,255,256,258,259,262,265,266,273,275,277,282,283,285,286,287,290,293,294,298,299,300,301,302,304,306,308,311,312,314,315,320,322,325,326,327,330,331,332,334,335
OX38,185,190,202,207,215,216,225,230,239,241,249,251,255,256,259,262,263,264,268,277,279,280,281,283,284,287,288,290,296,298,299,300,301,302,305,306,307,308,312,316,317,325,326,328,329,331,332,333
OX39,256,258,259,267,268,277,283,287,290,299,300,302,308,316,317,325,331,332
OX40,255,262,263,264,265,281,284,286,288,298,301,305,306,312,313,326,333,335
OX41,262,263,264,265,284,286,301,305,312,313,333,335
OX42,257,276,292,295,310,324
OX43,261,263,264,269,282,286,301,304,312,314,330,335
OX44,258,259,267,268,283,287,300,302,316,317,331,332
OX45,259,268,283,302,317,331
OX46,260,266,285,303,315,334
OX47,263,264,286,301,312,335
OX48,182,191,194,200,201,203,204,206,208,210,218,219,220,222,224,226,231,232,236,240,243,246,247,248,249,250,251,266,267,268,273,275,277,278,280,281,282,284,285,286,288,293,294,301,304,305,311,312,313,314,315,316,317,320,322,325,327,329,330,333,334,335
OX49,184,190,197,198,199,202,205,207,209,215,216,217,221,223,225,227,229,233,239,242,245,246,247,248,249,250,251,264,265,269,272,274,277,278,280,281,283,284,285,287,289,290,296,300,302,303,307,312,313,314,315,316,317,321,323,326,327,329,331,332,333,334
OX50,181,191,203,204,210,219,222,229,236,242,247,248,266,275,277,278,284,287,291,293,294,305,311,313,315,320,325,327,332,333
OX51,193,194,196,230,232,233,241,243,245,276,277,278,279,280,281,324,325,329
OX52,192,197,198,202,207,209,216,221,225,227,229,231,240,242,246,249,250,251,264,265,272,277,278,280,281,283,287,300,302,312,313,316,317,321,326,327,331,332
OX53,195,198,202,207,209,216,221,225,227,228,244,246,249,250,251,264,265,272,276,279,283,287,300,302,312,313,316,317,321,328,331,332
OX54,197,199,205,207,216,217,223,225,229,242,247,248,267,269,274,277,281,285,287,300,303,314,315,316,323,326,332,334
OX55,198,202,246,249,250,251,264,265,267,268,312,313
OX56,199,247,248,266,269,314
OX57,196,200,201,203,204,206,219,220,222,224,233,245,246,247,248,249,250,251,266,267,268,269,273,275,278,280,284,286,301,305,312,313,315,316,317,320,322,329,333,335
OX58,194,204,208,218,219,222,226,232,243,265,269,275,277,281,282,284,304,305,313,314,320,325,330,333
OX59,200,201,203,246,247,248,249,250,251,264,265,266,267,268,269,315,316,317
OX60,177,190,202,205,215,217,220,223,224,239,249,251,265,266,267,273,274,280,285,286,288,289,296,303,306,307,313,315,323,329,334,335
OX61,179,191,208,210,217,218,223,226,236,269,272,274,278,282,285,292,293,294,304,310,311,314,319,321,323,327,330,334
Z0,0,1,2,3,4,5
Z1,0,5,115,163,166,184,196,245
Z2,0,1,117,162,166,180,195,244
Z3,1,2,114,162,165,183,194,243
Z4,2,3,116,164,165,182,192,240
Z5,6,12,18,24,30,36
Z6,7,14,21,28,35,37
Z7,8,15,22,29,31,38
Z8,9,16,23,25,32,39
Z9,10,17,19,26,33,40
Z10,11,13,20,27,34,41
Z11,6,36,94,137,155,200,202,251
Z12,11,41,93,136,151,199,203,248
Z13,7,37,92,135,150,198,201,250
Z14,8,38,90,132,153,200,202,249
Z15,9,39,91,134,152,198,201,246
Z16,10,40,95,133,154,199,203,247
Z17,6,12,106,131,155,169,189,238
Z18,10,17,105,126,154,168,191,236
Z19,11,13,103,129,151,172,190,239
Z20,7,14,102,128,150,171,188,237
Z21,8,15,104,127,153,170,186,234
Z22,9,16,107,130,152,173,187,235
Z23,12,18,88,131,149,183,194,232
Z24,16,23,87,130,145,185,193,230
Z25,17,19,84,126,147,184,196,233
Z26,13,20,86,129,144,182,192,231
Z27,14,21,85,128,146,180,195,228
Z28,15,22,89,127,148,181,197,229
Z29,18,24,100,143,149,171,188,214
Z30,22,29,99,139,148,173,187,211
Z31,23,25,97,141,145,172,190,215
Z32,19,26,98,138,147,170,186,213
Z33,20,27,96,140,144,169,189,212
Z34,21,28,101,142,146,168,191,210
Z35,42,43,44,45,46,47
Z36,42,47,106,238,265,287,313,316
Z37,42,43,102,237,267,286,312,316
Z38,43,44,105,236,264,285,312,315
Z39,44,45,104,234,266,282,314,315
Z40,48,54,60,66,72,78
Z41,49,56,63,70,77,79
Z42,50,57,64,71,73,80
Z43,51,58,65,67,74,81
Z44,52,59,61,68,75,82
Z45,53,55,62,69,76,83
Z46,48,78,117,244,259,293,302,327
Z47,53,83,115,245,262,290,305,325
Z48,49,79,114,243,261,292,304,324
Z49,50,80,118,242,258,291,300,328
Z50,51,81,116,240,260,288,303,326
Z51,52,82,119,241,263,289,301,329
Z52,48,54,86,231,278,280,296,327
Z53,52,59,84,233,278,280,294,329
Z54,53,55,88,232,277,281,298,325
Z55,49,56,87,230,276,279,297,324
Z56,50,57,85,228,276,279,295,328
Z57,51,58,89,229,277,281,299,326
Z58,54,60,111,225,253,274,296,321
Z59,58,65,109,227,256,272,299,319
Z60,59,61,112,226,252,275,294,322
Z61,55,62,108,224,255,273,298,318
Z62,56,63,110,222,254,270,297,320
Z63,57,64,113,223,257,271,295,323
Z64,60,66,98,213,256,272,308,321
Z65,64,71,97,215,253,274,307,323
Z66,65,67,100,214,257,271,310,319
Z67,61,68,96,212,255,273,306,322
Z68,62,69,99,211,254,270,309,318
Z69,63,70,101,210,252,275,311,320
Z70,84,126,168,210,252,294
Z71,85,128,171,214,257,295
Z72,86,129,172,215,253,296
Z73,87,130,173,211,254,297
Z74,88,131,169,212,255,298
Z75,89,127,170,213,256,299
Z76,90,132,174,216,258,300
Z77,91,134,177,220,263,301
Z78,92,135,178,221,259,302
Z79,93,136,179,217,260,303
Z80,94,137,175,218,261,304
Z81,95,133,176,219,262,305
Z82,96,144,192,240,288,306
Z83,97,145,193,241,289,307
Z84,98,147,196,245,290,308
Z85,99,148,197,242,291,309
Z86,100,149,194,243,292,310
Z87,101,146,195,244,293,311
Z88,102,150,198,246,264,312
Z89,103,151,199,247,265,313
Z90,104,153,202,251,269,314
Z91,105,154,203,248,266,315
Z92,106,155,200,249,267,316
Z93,107,152,201,250,268,317
Z94,108,156,204,222,270,318
Z95,109,157,205,223,271,319
Z96,110,159,208,226,275,320
Z97,111,160,209,227,272,321
Z98,112,161,206,224,273,322
Z99,113,158,207,225,274,323
Z100,114,162,180,228,276,324
Z101,115,163,181,229,277,325
Z102,116,165,183,232,281,326
Z103,117,166,184,233,278,327
Z104,118,167,185,230,279,328
Z105,119,164,182,231,280,329
Z106,120,138,186,234,282,330
Z107,121,139,187,235,283,331
Z108,122,140,189,238,287,332
Z109,123,141,190,239,284,333
Z110,124,142,191,236,285,334
Z111,125,143,188,237,286,335
Z112,33,40,110,133,159,176,204,222
Z113,31,38,111,132,160,174,207,225
Z114,35,37,109,135,157,178,209,227
Z115,34,41,113,136,158,179,205,223
Z116,32,39,108,134,156,177,206,224
Z117,30,36,112,137,161,175,208,226
Z118,73,80,90,249,267,286,300,335
Z119,74,81,93,248,266,282,303,330
Z120,75,82,91,246,264,285,301,334
Z121,72,78,92,250,268,284,302,333
Z122,67,74,120,218,261,292,310,330
Z123,70,77,121,221,259,293,311,331
Z124,69,76,122,216,258,291,309,332
Z125,66,72,123,219,262,290,308,333
Z126,68,75,124,217,260,288,306,334
Z127,71,73,125,220,263,289,307,335
Z128,27,34,122,140,158,174,207,216
Z129,25,32,123,141,156,176,204,219
Z130,28,35,124,142,157,179,205,217
Z131,26,33,120,138,159,175,208,218
Z132,29,31,121,139,160,178,209,221
Z133,24,30,125,143,161,177,206,220
Z134,46,47,103,239,268,284,313,317
Z135,45,46,107,235,269,283,314,317
Z136,4,5,118,163,167,181,197,242
Z137,3,4,119,164,167,185,193,241
OZ0,155,163,168,173,181,183,184,185,192,195,197,198,199,200,210,211,228,230,231,232,233,235,236,238,240,241,242,243,244,246,247,248,249,250,252,254,261,263,264,265,266,267,268,269,276,278,279,280,281,283,285,287,289,292,294,297,301,304,312,313,314,326,327,328
OZ1,170,171,172,180,181,182,193,194,196,200,201,203,213,214,215,228,229,230,231,232,233,234,237,239,240,241,242,243,244,245,246,247,248,249,250,251,253,256,257,258,259,260,264,265,266,267,268,269,276,277,278,279,280,281,282,284,286,288,291,293,295,296,299,300,302,303,315,316,317,324,325,329
OZ2,168,169,173,183,184,185,192,195,197,198,199,202,210,211,212,228,229,230,231,232,233,235,236,238,240,241,242,243,244,245,246,247,248,249,250,251,252,254,255,261,262,263,264,265,266,267,268,269,276,277,278,279,280,281,283,285,287,289,290,292,294,297,298,301,304,305,312,313,314,326,327,328
OZ3,173,175,176,184,186,190,192,199,205,209,211,213,215,217,218,219,221,222,223,226,227,231,233,234,235,239,240,245,247,248,252,253,256,259,260,262,266,269,270,271,272,275,278,280,282,283,284,290,294,305,314,319,321,327,330,333
OZ4,169,176,177,185,188,190,195,198,207,209,212,214,215,216,219,220,221,222,224,225,227,228,230,237,238,239,241,244,246,250,253,254,257,258,259,263,265,268,270,272,273,274,276,279,284,286,287,289,297,301,313,321,323,328,333,335
OZ5,171,174,179,182,189,191,196,203,204,206,210,212,214,216,217,219,220,222,223,224,225,231,233,236,237,238,240,245,247,248,252,253,255,260,262,263,265,267,270,271,273,274,278,280,285,286,287,288,296,303,316,318,322,329,332,334
OZ6,134,137,151,153,157,160,166,175,177,180,181,182,184,193,194,196,199,200,202,203,204,205,208,209,219,220,222,223,225,226,228,229,230,231,232,234,239,240,241,242,243,245,246,248,249,251,256,257,258,260,262,263,264,266,268,269,270,271,273,274,276,277,279,280,281,282,284,288,289,290,291,295,299,300,303,307,308,315,317,318,322,324,325,329
OZ7,172,178,179,180,182,187,193,194,196,204,211,215,217,219,221,222,223,227,228,230,231,232,233,235,239,240,241,243,244,245,253,254,257,259,262,271,272,276,277,278,279,280,281,283,284,288,290,293,295,296,302,308,324,325,329,331
OZ8,175,176,183,184,185,186,192,195,202,207,213,216,218,219,222,225,226,228,230,231,232,233,234,240,241,243,244,245,249,251,252,254,255,256,258,261,263,264,267,270,271,274,275,276,278,279,280,282,288,289,290,292,294,297,298,301,304,306,312,319,323,327,328,330
OZ9,176,177,186,188,195,197,198,202,207,209,213,214,216,219,220,221,222,224,225,227,228,229,234,237,242,244,246,249,250,251,256,257,258,259,261,262,264,265,267,268,270,271,272,273,276,277,279,281,282,286,288,291,304,305,306,309,312,313,319,321,326,328,330,335
OZ10,178,179,187,189,193,194,200,201,206,208,211,212,217,218,220,221,223,224,226,227,230,232,235,238,241,243,246,249,250,251,254,255,258,260,261,263,264,266,268,269,270,271,272,273,276,277,279,281,283,287,290,292,300,303,308,310,315,317,318,322,324,325,331,332
OZ11,183,184,185,186,188,190,198,199,202,205,207,209,213,214,215,216,217,221,223,225,227,230,232,233,234,237,239,241,243,245,246,247,248,249,250,251,252,253,254,255,256,257,258,259,260,264,265,266,267,268,269,282,284,286,288,289,290,291,292,293,294,297,298,306,309,311,312,313,314,330,333,335
OZ12,180,181,182,187,189,191,200,201,203,204,206,208,210,211,212,218,219,220,222,224,226,228,229,231,235,236,238,240,242,244,246,247,248,249,250,251,252,253,254,255,256,257,261,262,263,264,265,266,267,268,269,283,285,287,288,289,290,291,292,293,295,296,299,307,308,310,315,316,317,331,332,334
OZ13,174,179,200,201,206,208,216,217,218,220,223,224,225,226,246,249,250,251,253,257,259,260,261,263,264,266,267,269,270,271,274,275,276,280,283,287,295,296,302,303,315,316,318,320,324,329,331,332
OZ14,187,189,193,194,201,203,204,206,211,212,219,220,222,224,230,232,235,238,241,243,246,247,248,250,254,255,256,257,259,260,262,263,264,265,279,281,283,285,290,292,295,299,302,303,308,310,331,334
OZ15,186,188,195,197,198,199,205,209,213,214,217,221,223,227,228,229,234,237,242,244,246,247,248,250,254,255,256,257,259,260,262,263,266,268,276,277,284,286,288,291,297,298,301,305,306,309,333,335
OZ16,188,190,192,195,199,202,205,207,214,215,216,217,223,225,228,231,237,239,240,244,247,248,249,251,252,253,254,257,258,260,261,262,266,267,276,280,282,284,291,293,294,297,304,305,309,311,330,333
OZ17,137,153,158,177,181,182,191,193,194,196,198,199,202,203,204,205,207,209,210,217,219,220,221,222,224,225,226,227,229,230,231,232,233,234,236,240,241,242,243,245,246,250,255,258,260,264,265,266,267,269,271,272,273,276,279,282,283,284,285,286,288,289,291,292,294,298,300,302,304,305,307,310,312,314,316,317,320,321,323,324,326,327,331,333,334,335
OZ18,153,157,158,166,181,184,189,191,193,194,196,202,205,207,210,212,225,227,229,230,232,234,236,238,241,242,243,244,245,251,252,255,256,257,266,269,270,272,274,275,277,279,281,282,283,287,289,291,292,293,295,299,307,310,315,318,320,325,331,332
OZ19,136,156,159,161,179,184,185,190,197,198,204,206,208,209,215,217,221,227,229,230,233,239,241,242,245,246,248,250,252,253,255,259,260,262,263,266,268,269,272,277,279,288,289,290,293,294,298,301,305,306,311,314,321,328
OZ20,154,159,161,199,202,203,205,206,207,208,216,217,222,223,224,225,236,247,249,251,254,255,258,260,262,263,265,267,270,271,272,273,279,281,284,285,286,297,298,301,305,313,319,321,326,328,333,335
OZ21,156,159,163,164,181,182,184,190,192,197,202,204,207,208,215,216,224,225,226,233,239,240,241,242,249,251,252,253,258,261,262,267,269,273,275,282,284,286,288,289,294,304,305,306,314,330,333,335
OZ22,151,157,160,167,182,185,189,191,196,199,201,203,204,205,206,209,210,212,219,220,222,223,224,225,230,231,233,236,238,239,240,242,245,246,248,250,252,253,255,257,259,260,262,263,264,268,270,271,273,274,278,279,280,283,284,287,288,291,295,296,302,303,317,318,322,329,331,332
OZ23,163,164,181,182,198,199,205,209,217,221,223,227,229,231,241,245,246,247,248,250,252,254,259,260,264,266,268,269,271,277,279,280,281,284,286,289,290,291,293,294,297,309,311,312,314,319,326,328,333,335
OZ24,157,158,182,189,203,204,205,207,212,219,222,225,227,231,238,240,247,248,253,255,256,257,259,260,262,265,268,270,272,274,276,277,283,288,292,295,296,299,302,303,310,317,318,324,325,331
OZ25,158,160,181,189,193,194,200,201,203,204,206,207,208,209,212,218,219,220,222,223,224,226,227,229,230,232,238,241,242,243,246,247,248,249,250,251,253,255,258,259,261,262,263,264,265,266,269,270,271,272,273,276,279,280,281,283,289,290,291,292,296,300,302,307,308,310,315,318,322,324,329,331
OZ26,270,273,275,318,320,322
OZ27,159,161,184,185,192,197,199,202,205,206,207,208,216,217,222,223,224,225,229,230,231,233,240,241,242,245,247,248,249,251,252,255,258,260,262,263,264,266,267,269,274,275,277,278,279,280,289,290,291,293,294,298,301,305,309,311,312,314,318,320,322,323,327,328
OZ28,271,272,274,319,321,323
OZ29,161,184,190,192,197,198,199,202,205,206,207,209,215,216,217,221,223,224,225,226,227,229,231,233,239,240,242,245,246,247,248,249,250,251,252,253,254,255,258,259,260,262,263,266,267,268,269,272,273,274,275,277,278,279,280,286,290,291,294,297,298,301,305,309,314,321,323,327,328,335
OZ30,254,255,262,263,264,265,279,281,284,286,288,291,297,298,301,305,306,309,312,313,326,328,333,335
OZ31,252,255,261,263,264,269,278,281,282,286,288,293,294,298,301,304,306,311,312,314,326,327,330,335
OZ32,160,182,191,194,196,200,201,203,204,206,208,209,210,218,219,220,222,224,225,226,227,231,232,233,236,240,243,245,246,247,248,249,250,251,253,255,262,265,266,267,268,272,273,274,275,277,280,282,285,286,290,293,294,296,298,301,304,306,308,311,312,314,315,316,317,320,322,325,326,327,329,330,334,335
OZ33,253,256,258,259,267,268,277,280,283,287,289,290,296,299,300,302,307,308,316,317,325,329,331,332
OZ34,189,191,194,196,200,201,206,208,210,212,218,220,224,226,232,233,236,238,243,245,246,249,250,251,256,257,259,260,266,267,276,280,282,283,285,286,288,290,292,293,294,295,298,299,301,302,303,304,306,308,310,311,312,314,315,316,324,326,327,329,330,331,334,335
OZ35,166,182,184,194,200,203,204,208,218,219,222,226,231,232,233,240,243,244,247,248,249,251,256,257,258,259,261,262,265,266,268,269,275,276,278,281,285,287,288,290,292,293,295,299,300,302,308,310,315,317,320,324,332,334
OZ36,164,182,184,185,190,197,199,205,215,217,223,229,230,231,233,239,242,245,247,248,255,256,258,259,260,261,263,264,266,267,268,274,279,282,283,284,286,287,288,289,296,298,299,300,301,302,304,306,307,308,312,316,317,323,325,328,329,330,331,332,333,335
OZ37,167,181,182,185,191,193,194,196,200,201,203,204,206,208,210,218,219,220,222,224,226,229,231,232,233,236,240,241,243,245,246,247,248,249,250,251,255,256,258,259,262,265,266,273,275,277,282,283,285,286,287,290,293,294,298,299,300,301,302,304,306,308,311,312,314,315,320,322,325,326,327,330,331,332,334,335
OZ38,185,190,202,207,215,216,225,230,239,241,249,251,255,256,259,262,263,264,268,277,279,280,281,283,284,287,288,290,296,298,299,300,301,302,305,306,307,308,312,316,317,325,326,328,329,331,332,333
OZ39,256,258,259,267,268,277,283,287,290,299,300,302,308,316,317,325,331,332
OZ40,255,262,263,264,265,281,284,286,288,298,301,305,306,312,313,326,333,335
OZ41,262,263,264,265,284,286,301,305,312,313,333,335
OZ42,257,276,292,295,310,324
OZ43,261,263,264,269,282,286,301,304,312,314,330,335
OZ44,258,259,267,268,283,287,300,302,316,317,331,332
OZ45,259,268,283,302,317,331
OZ46,260,266,285,303,315,334
OZ47,263,264,286,301,312,335
OZ48,182,191,194,200,201,203,204,206,208,210,218,219,220,222,224,226,231,232,236,240,243,246,247,248,249,250,251,266,267,268,273,275,277,278,280,281,282,284,285,286,288,293,294,301,304,305,311,312,313,314,315,316,317,320,322,325,327,329,330,333,334,335
OZ49,184,190,197,198,199,202,205,207,209,215,216,217,221,223,225,227,229,233,239,242,245,246,247,248,249,250,251,264,265,269,272,274,277,278,280,281,283,284,285,287,289,290,296,300,302,303,307,312,313,314,315,316,317,321,323,326,327,329,331,332,333,334
OZ50,181,191,203,204,210,219,222,229,236,242,247,248,266,275,277,278,284,287,291,293,294,305,311,313,315,320,325,327,332,333
OZ51,193,194,196,230,232,233,241,243,245,276,277,278,279,280,281,324,325,329
OZ52,192,197,198,202,207,209,216,221,225,227,229,231,240,242,246,249,250,251,264,265,272,277,278,280,281,283,287,300,302,312,313,316,317,321,326,327,331,332
OZ53,195,198,202,207,209,216,221,225,227,228,244,246,249,250,251,264,265,272,276,279,283,287,300,302,312,313,316,317,321,328,331,332
OZ54,197,199,205,207,216,217,223,225,229,242,247,248,267,269,274,277,281,285,287,300,303,314,315,316,323,326,332,334
OZ55,198,202,246,249,250,251,264,265,267,268,312,313
OZ56,199,247,248,266,269,314
OZ57,196,200,201,203,204,206,219,220,222,224,233,245,246,247,248,249,250,251,266,267,268,269,273,275,278,280,284,286,301,305,312,313,315,316,317,320,322,329,333,335
OZ58,194,204,208,218,219,222,226,232,243,265,269,275,277,281,282,284,304,305,313,314,320,325,330,333
OZ59,200,201,203,246,247,248,249,250,251,264,265,266,267,268,269,315,316,317
OZ60,177,190,202,205,215,217,220,223,224,239,249,251,265,266,267,273,274,280,285,286,288,289,296,303,306,307,313,315,323,329,334,335
OZ61,179,191,208,210,217,218,223,226,236,269,272,274,278,282,285,292,293,294,304,310,311,314,319,321,323,327,330,334
