X0,0,48,64,192,224,256
X1,1,49,65,193,225,257
X2,2,51,67,195,227,259
X3,3,50,66,194,226,258
X4,4,52,68,197,228,260
X5,5,53,69,196,229,261
X6,6,54,70,198,230,262
X7,7,55,71,199,231,263
X8,8,56,72,200,232,264
X9,9,57,73,201,233,265
X10,10,59,75,203,235,267
X11,11,58,74,202,234,266
X12,12,60,76,204,236,268
X13,13,61,77,205,237,269
X14,14,62,78,206,238,270
X15,15,63,79,207,239,271
X16,16,32,86,212,240,278
X17,17,33,87,213,241,279
X18,18,34,85,214,242,277
X19,19,35,84,215,243,276
X20,20,36,82,208,245,274
X21,21,37,83,209,244,275
X22,22,38,80,210,246,272
X23,23,39,81,211,247,273
X24,24,44,88,216,252,280
X25,25,45,89,217,253,281
X26,26,46,90,218,254,282
X27,27,47,91,219,255,283
X28,28,40,92,220,248,284
X29,29,41,93,221,249,285
X30,30,42,94,223,250,286
X31,31,43,95,222,251,287
X32,0,16,128,144,224,240,288,304
X33,1,17,129,145,225,241,289,305
X34,3,18,130,147,226,242,290,306
X35,2,19,131,146,227,243,291,307
X36,4,20,133,149,228,245,293,309
X37,5,21,132,148,229,244,292,308
X38,7,22,134,151,231,246,294,311
X39,6,23,135,150,230,247,295,310
X40,8,28,136,158,232,248,296,312
X41,9,29,137,159,233,249,297,313
X42,10,30,139,156,235,250,299,315
X43,11,31,138,157,234,251,298,314
X44,12,24,141,155,236,252,300,317
X45,13,25,140,154,237,253,301,316
X46,15,26,142,153,239,254,302,319
X47,14,27,143,152,238,255,303,318
X48,0,8,96,104,192,200,288,296
X49,1,9,97,105,193,201,289,297
X50,3,10,98,107,194,203,290,299
X51,2,11,99,106,195,202,291,298
X52,4,12,101,109,197,204,293,300
X53,5,13,100,108,196,205,292,301
X54,6,15,102,111,198,207,295,302
X55,7,14,103,110,199,206,294,303
X56,16,29,116,125,212,221,304,313
X57,32,44,166,170,278,280,338,344
X58,18,31,119,126,214,222,306,314
X59,34,47,165,169,277,283,337,347
X60,20,25,113,120,208,217,309,316
X61,32,62,128,152,238,240,320,344
X62,22,26,115,123,210,218,311,319
X63,46,48,142,144,224,254,334,336
X64,47,49,143,145,225,255,335,337
X65,45,50,140,147,226,253,332,339
X66,44,51,141,146,227,252,333,338
X67,43,52,138,149,228,251,330,341
X68,42,53,139,148,229,250,331,340
X69,40,54,136,150,230,248,328,342
X70,41,55,137,151,231,249,329,343
X71,38,56,134,158,232,246,326,350
X72,39,57,135,159,233,247,327,351
X73,37,58,132,157,234,244,324,349
X74,36,59,133,156,235,245,325,348
X75,34,60,130,155,236,242,322,347
X76,35,61,131,154,237,243,323,346
X77,33,63,129,153,239,241,321,345
X78,64,80,160,178,256,272,362,376
X79,38,42,160,172,272,286,340,350
X80,39,43,161,173,273,287,341,351
X81,36,40,162,175,274,284,342,348
X82,37,41,163,174,275,285,343,349
X83,35,46,164,168,276,282,336,346
X84,64,88,104,112,192,216,352,376
X85,33,45,167,171,279,281,339,345
X86,66,91,107,114,194,219,355,378
X87,50,62,176,188,258,270,320,332
X88,66,82,162,176,258,274,360,378
X89,48,60,178,190,256,268,322,334
X90,54,58,180,184,262,266,324,328
X91,52,56,182,186,260,264,326,330
X92,96,128,176,288,320,360
X93,97,129,177,289,321,361
X94,98,130,178,290,322,362
X95,99,131,179,291,323,363
X96,100,132,180,292,324,364
X97,101,133,181,293,325,365
X98,102,135,183,295,327,367
X99,103,134,182,294,326,366
X100,104,136,184,296,328,352
X101,105,137,185,297,329,353
X102,106,138,186,298,330,354
X103,107,139,187,299,331,355
X104,108,140,188,301,332,356
X105,109,141,189,300,333,357
X106,110,143,191,303,335,359
X107,111,142,190,302,334,358
X108,112,148,160,308,340,376
X109,113,149,161,309,341,377
X110,114,150,162,310,342,378
X111,115,151,163,311,343,379
X112,116,144,164,304,336,380
X113,117,145,165,305,337,381
X114,118,146,166,307,338,382
X115,119,147,167,306,339,383
X116,120,154,168,316,346,368
X117,121,155,169,317,347,369
X118,122,152,170,318,344,370
X119,123,153,171,319,345,371
X120,124,158,172,312,350,373
X121,125,159,173,313,351,372
X122,126,157,174,314,349,374
X123,127,156,175,315,348,375
X124,51,63,177,189,259,271,321,333
X125,65,89,105,113,193,217,353,377
X126,49,61,179,191,257,269,323,335
X127,65,81,161,179,257,273,363,377
X128,55,59,181,185,263,267,325,329
X129,67,83,163,177,259,275,361,379
X130,53,57,183,187,261,265,327,331
X131,67,90,106,115,195,218,354,379
X132,68,92,109,117,197,220,357,381
X133,69,93,108,116,196,221,356,380
X134,70,95,111,119,198,222,358,383
X135,68,85,165,182,260,277,366,381
X136,69,84,164,183,261,276,367,380
X137,71,86,166,181,263,278,365,382
X138,70,87,167,180,262,279,364,383
X139,71,94,110,118,199,223,359,382
X140,72,82,96,120,200,208,360,368
X141,72,90,168,186,264,282,354,368
X142,21,24,112,121,209,216,308,317
X143,74,81,99,122,202,211,363,370
X144,23,27,114,122,211,219,310,318
X145,17,28,117,124,213,220,305,312
X146,19,30,118,127,215,223,307,315
X147,74,88,170,184,266,280,352,370
X148,76,95,173,190,268,287,358,372
X149,78,93,174,188,270,285,356,374
X150,78,85,103,126,206,214,366,374
X151,76,86,101,125,204,212,365,372
X152,73,83,97,121,201,209,361,369
X153,73,91,169,187,265,283,355,369
X154,75,89,171,185,267,281,353,371
X155,75,80,98,123,203,210,362,371
X156,77,87,100,124,205,213,364,373
X157,77,94,172,191,269,286,359,373
OX0,200,201,202,203,204,205,206,207,208,209,210,211,212,213,214,215,232,233,234,235,236,237,238,239,248,249,250,251,252,253,254,255,272,273,274,275,276,277,278,279,280,281,282,283,284,285,286,287,290,291,292,293,296,297,302,303,306,307,308,309,312,313,318,319,322,323,326,327,330,331,334,335,338,339,342,343,344,345,348,349,352,353,354,355,364,365,366,367,372,373,374,375,376,377,378,379
OX1,208,209,210,211,212,213,214,215,216,217,218,219,220,221,222,223,232,233,234,235,236,237,238,239,240,241,242,243,244,245,246,247,264,265,266,267,268,269,270,271,280,281,282,283,284,285,286,287,290,291,294,295,298,299,302,303,304,305,308,309,312,313,316,317,324,325,326,327,332,333,334,335,336,337,338,339,348,349,350,351,354,355,356,357,362,363,364,365,368,369,374,375,376,377,382,383
OX2,165,167,173,174,177,179,184,187,188,189,193,197,202,206,210,214,216,218,219,221,227,229,230,231,232,234,235,236,237,238,241,246,248,249,250,252,254,255,257,259,260,261,262,263,264,267,268,269,277,279,284,286,289,291,293,294,308,309,310,311,313,314,316,319,322,324,325,326,328,329,330,332,333,335,336,338,339,341,342,343,344,345,346,350,353,354,355,359,362,364,370,373,376,380,381,382
OX3,154,155,158,159,163,167,169,173,174,175,179,183,184,188,190,191,193,197,198,199,202,207,211,215,216,221,222,223,225,226,227,229,230,231,235,238,240,241,243,246,249,250,251,252,258,259,260,261,266,267,270,271,272,273,278,279,289,290,291,292,294,295,299,300,301,302,304,305,307,311,312,314,315,317,318,319,321,323,325,326,332,333,334,335,336,338,341,342,346,347,350,351,352,355,356,358,362,363,364,365,370,371,372,373,377,378,381,383
OX4,232,233,234,235,236,237,238,239,248,249,250,251,252,253,254,255,264,265,266,267,268,269,270,271,280,281,282,283,284,285,286,287,322,323,326,327,328,329,332,333,336,337,340,341,344,345,348,349,352,353,356,357,362,363,366,367,370,371,374,375,376,377,380,381
OX5,163,167,171,174,179,180,181,183,184,185,187,191,195,197,198,199,201,206,209,215,219,220,222,223,225,226,236,238,240,242,244,245,246,247,248,249,250,251,253,255,257,258,259,260,262,263,265,268,272,273,274,276,277,278,281,285,289,291,292,293,301,302,304,307,310,311,312,313,314,315,317,319,324,325,326,327,332,333,334,335,336,337,338,339,340,341,342,343,352,353,355,357,361,364,365,366,369,372,373,375,376,377,379,381
OX6,210,211,214,215,218,219,222,223,234,235,236,237,240,241,242,243,244,245,246,247,248,249,254,255,266,267,268,269,274,275,278,279,284,285,286,287,290,291,292,293,298,299,300,301,304,305,310,311,312,313,318,319,326,327,328,329,330,331,334,335,340,341,344,345,352,353,356,357,358,359,362,363,364,365,366,367,372,373,376,377,378,379,380,381
OX7,156,157,158,159,169,171,173,174,177,179,180,182,186,187,190,191,195,197,198,199,201,207,211,212,216,222,227,228,229,231,233,236,240,242,243,244,248,249,250,255,261,262,268,271,273,275,276,277,280,283,284,285,286,287,292,294,297,298,300,301,304,306,308,309,316,318,321,324,326,327,328,330,331,333,337,340,344,345,346,348,349,351,352,353,354,356,358,359,363,364,366,367,369,372,373,374,377,380,381,383
OX8,240,241,242,243,244,245,246,247,248,249,250,251,252,253,254,255,272,273,274,275,276,277,278,279,280,281,282,283,284,285,286,287,290,291,294,295,298,299,302,303,304,305,308,309,312,313,316,317,336,337,338,339,340,341,342,343,344,345,346,347,348,349,350,351,354,355,358,359,362,363,366,367,370,371,374,375,378,379,382,383
OX9,193,195,197,198,201,202,204,207,209,211,213,214,216,219,220,222,225,226,228,231,233,234,236,239,241,242,245,246,249,251,252,254,258,259,262,263,272,273,274,275,282,283,284,285,292,293,294,295,300,301,302,303,308,309,310,311,316,317,318,319,322,323,326,327,328,329,330,331,332,333,334,335,340,341,342,343,346,347,348,349,352,353,354,355,362,363,364,365,370,371,374,375
OX10,142,143,150,151,182,183,184,185,186,187,188,189,195,198,203,204,205,207,211,212,213,214,216,217,219,220,221,223,225,226,227,228,229,230,233,236,237,238,241,244,245,246,249,250,251,252,253,254,257,258,260,261,265,267,270,271,272,273,274,275,277,278,282,283,284,287,292,293,294,295,298,299,302,303,306,307,308,309,310,311,318,319,322,323,324,325,326,327,329,331,332,334,336,339,340,343,344,345,352,355,357,358,362,363,366,367,377,379,380,382
OX11,226,227,230,231,234,235,238,239,242,243,246,247,250,251,254,255,258,259,262,263,266,267,270,271,272,273,276,277,282,283,286,287,322,323,326,327,330,331,334,335,338,339,342,343,344,345,348,349,354,355,358,359,362,363,366,367,370,371,374,375,378,379,382,383
OX12,150,151,158,159,174,175,177,179,181,183,185,186,188,190,195,198,201,205,206,207,211,215,216,221,227,231,233,237,242,244,245,247,248,250,251,253,254,255,262,263,270,271,274,275,276,277,280,281,282,283,284,285,286,287,291,294,297,301,306,308,309,311,313,314,315,316,318,319,322,324,329,330,331,335,336,338,339,343,346,348,350,351,353,355,358,359,361,362,364,365,366,367,370,371,372,375,376,377,378,379,380,382
OX13,228,229,230,231,236,237,238,239,244,245,246,247,252,253,254,255,260,261,262,263,268,269,270,271,272,273,274,275,280,281,282,283,322,323,324,325,330,331,332,333,336,337,342,343,344,345,350,351,354,355,356,357,362,363,364,365,370,371,372,373,378,379,380,381
OX14,198,199,202,203,212,213,216,217,230,231,236,237,242,243,244,245,246,247,248,249,252,253,254,255,266,267,268,269,272,273,274,275,276,277,278,279,282,283,284,285,292,293,298,299,300,301,302,303,306,307,312,313,314,315,316,317,322,323,328,329,336,337,338,339,342,343,346,347,348,349,350,351,352,353,354,355,356,357,358,359,362,363,364,365,378,379,380,381
OX15,147,151,155,159,167,169,171,175,179,182,183,185,186,187,188,189,190,191,199,203,205,207,209,218,219,220,221,223,227,230,231,233,235,236,237,239,242,243,245,246,247,251,252,253,254,255,259,262,265,268,272,273,274,275,276,277,280,281,284,285,286,287,289,291,292,293,295,297,298,299,300,303,305,307,308,310,311,313,321,325,326,327,328,330,332,333,336,337,338,339,347,348,352,354,357,358,364,367,369,371,376,378,380,383
OX16,135,143,149,153,157,159,173,174,177,182,185,186,187,189,190,191,203,205,206,207,211,214,217,218,220,221,230,233,243,245,246,248,249,255,262,265,267,269,270,271,272,273,274,276,277,281,282,283,290,291,294,295,298,301,306,310,312,313,316,319,321,324,332,334,336,339,341,343,346,348,350,351,353,355,357,362,363,364,375,378,379,380
OX17,184,185,186,187,188,189,190,191,202,203,206,207,218,219,222,223,234,235,236,237,242,243,244,245,268,269,270,271,274,275,276,277,282,283,286,287,290,291,302,303,308,309,314,315,316,317,318,319,322,323,328,329,330,331,334,335,336,337,340,341,342,343,346,347,356,357,358,359,370,371,374,375,378,379,380,381
OX18,177,179,181,183,185,186,189,190,195,199,201,204,209,213,216,217,218,223,230,231,233,234,237,238,241,243,244,247,248,249,250,251,252,253,254,255,259,262,266,268,269,270,273,276,283,284,285,287,289,291,293,295,302,303,308,309,310,311,312,315,317,318,321,324,326,327,328,332,336,337,338,340,341,342,344,349,350,351,352,353,354,356,357,359,361,364,366,367,369,372,374,375,379,380,381,382
OX19,180,181,182,183,188,189,190,191,202,203,206,207,212,213,214,215,216,217,222,223,225,227,229,230,233,235,236,239,241,242,244,246,248,250,253,254,257,259,261,262,265,266,268,270,272,275,276,278,280,282,284,287,292,293,298,299,300,301,302,303,306,307,308,309,310,311,312,313,314,315,318,319,321,322,325,326,328,331,333,334,337,339,340,342,345,347,349,351,352,354,357,358,361,362,365,367,369,370,373,375,377,379,381,382
OX20,234,235,238,239,242,243,244,245,248,249,250,251,266,267,270,271,274,275,276,277,284,285,286,287,289,291,293,295,297,298,300,302,305,306,308,310,312,314,317,318,322,323,326,327,328,329,330,331,332,333,334,335,336,337,338,339,344,345,350,351,352,355,356,359,361,362,365,366,369,371,372,374,376,378,380,382
OX21,182,183,186,187,201,203,204,207,209,211,213,214,216,217,218,219,222,223,227,230,233,236,238,239,242,244,245,246,248,250,251,252,259,262,267,270,272,273,274,279,281,282,283,284,294,295,297,299,300,303,306,307,308,309,312,314,317,319,322,326,328,329,330,332,333,334,336,338,339,340,342,343,344,345,347,348,349,351,352,356,358,359,362,366,370,372,373,375,377,378,379,380
OX22,290,291,292,293,298,299,300,301,306,307,308,309,314,315,316,317,322,323,326,327,330,331,334,335,336,337,340,341,346,347,350,351,356,357,358,359,364,365,366,367,372,373,374,375,380,381,382,383
OX23,169,171,173,174,185,186,189,190,201,203,205,207,209,211,213,215,216,217,218,219,220,221,227,229,230,231,233,239,241,246,248,249,250,252,254,255,259,261,262,263,267,269,272,273,275,276,281,286,292,293,297,299,300,302,305,307,309,310,312,313,318,319,322,325,326,327,328,335,336,342,347,348,352,354,355,359,362,364,366,367,370,373,374,375,377,380,381,382
OX24,202,203,204,205,216,217,222,223,236,237,238,239,244,245,246,247,248,249,250,251,252,253,254,255,266,267,270,271,272,273,274,275,282,283,284,285,289,291,293,294,297,299,301,303,305,307,308,310,312,314,316,318,321,322,325,326,328,330,332,334,337,338,340,343,344,346,349,351,352,353,354,355,358,359,362,363,372,373,378,379
OX25,171,175,179,181,186,187,188,190,199,203,206,207,209,213,215,216,218,220,222,223,225,227,229,239,242,245,247,248,250,251,252,253,257,259,261,263,267,270,273,274,275,276,277,279,281,282,291,294,298,299,302,303,305,306,308,309,310,311,312,316,317,318,321,323,324,325,326,327,328,331,334,335,336,339,340,341,346,347,349,350,352,355,356,358,361,363,364,367,370,371,374,375,378,379,380,381
OX26,204,205,206,207,212,213,214,215,242,243,246,247,250,251,254,255,268,269,270,271,272,273,278,279,282,283,286,287,289,291,292,295,297,298,300,303,305,306,308,311,313,315,317,319,322,323,332,333,336,337,338,339,340,341,350,351,353,354,356,359,361,362,364,367,369,371,373,375,377,379,380,382
OX27,174,175,188,189,195,197,203,205,206,207,211,213,214,215,216,217,219,221,225,227,229,230,236,237,248,251,252,255,257,260,261,262,267,268,270,271,273,276,277,279,281,284,285,287,289,291,293,294,297,299,301,302,308,309,310,311,312,313,314,315,318,319,323,325,326,327,328,334,336,340,341,342,347,348,350,351,352,353,355,357,361,367,369,370,371,375,379,380
OX28,292,293,294,295,300,301,302,303,308,309,310,311,316,317,318,319,322,323,324,325,328,329,334,335,336,337,342,343,346,347,348,349,352,353,356,357,362,363,366,367,370,371,374,375,376,377,380,381
OX29,167,175,181,186,187,188,190,191,195,197,201,207,211,213,216,218,219,223,227,233,236,238,241,243,246,253,260,268,270,271,272,273,276,280,281,282,283,286,291,293,295,297,305,307,309,310,311,316,317,318,322,324,326,327,328,329,330,333,334,335,336,337,339,341,342,343,344,345,346,349,352,355,356,357,362,363,364,366,369,371,374,375,380,382
OX30,225,227,229,231,233,235,237,239,241,243,244,246,249,250,253,254,257,259,261,263,265,267,269,271,272,275,276,279,281,282,285,286,321,322,325,326,329,330,333,334,337,339,341,343,345,347,349,351,353,354,357,358,361,362,365,366,369,371,372,374,377,379,381,383
OX31,195,197,203,205,206,207,211,212,216,217,219,220,222,223,227,231,233,237,238,239,242,244,245,247,248,250,251,253,260,263,265,267,274,275,277,278,280,283,293,295,298,299,301,303,306,307,308,311,312,313,316,319,322,325,329,330,331,334,336,338,339,342,344,345,346,349,353,356,358,359,362,367,370,372,373,374,376,378,379,380
OX32,197,199,205,206,213,214,220,223,227,229,235,236,238,239,242,245,248,249,250,252,259,260,261,263,267,268,269,271,274,279,280,285,289,294,297,300,301,303,305,306,307,308,309,311,312,316,317,319,323,326,331,334,336,340,342,343,344,345,346,350,353,355,356,357,358,359,361,363,369,370,377,378,380,381,382,383
OX33,230,231,236,237,244,245,248,249,250,251,252,253,262,263,268,269,274,275,280,281,284,285,286,287,289,291,293,295,297,298,300,302,305,307,308,311,312,315,317,319,322,323,326,327,328,329,330,331,338,339,342,343,348,349,350,351,352,355,357,358,361,362,365,366,369,371,372,374,376,378,381,383
OX34,153,155,157,159,185,187,188,190,203,207,209,214,217,219,222,223,235,236,238,239,242,243,245,247,248,253,254,255,268,270,273,274,275,276,282,284,286,287,289,293,294,295,297,299,300,303,305,306,307,311,312,314,316,317,318,319,321,325,326,327,330,333,336,337,338,339,341,342,344,345,346,347,348,349,350,351,354,356,358,359,369,371,374,375,377,378,379,380
OX35,186,187,190,191,209,211,212,215,216,218,220,223,227,231,235,236,237,239,241,242,243,244,246,247,249,253,254,255,259,263,267,268,269,271,272,277,278,279,280,281,283,284,285,286,291,294,298,303,305,306,307,308,310,311,313,314,315,317,321,322,324,325,328,329,330,331,333,334,337,339,340,341,342,343,345,347,350,351,352,353,354,357,361,362,363,364,365,366,371,373,374,375,377,382
OX36,188,189,190,191,206,207,212,213,218,219,222,223,229,231,233,235,236,237,241,242,244,245,246,247,248,249,252,254,261,263,265,267,268,269,270,271,272,273,274,275,277,278,280,283,284,285,286,287,289,294,297,302,306,309,310,311,312,313,315,316,321,324,328,333,336,340,346,350,352,353,356,359,364,366,372,375,376,377,378,379,380,383
OX37,158,159,190,191,203,207,209,214,217,218,227,231,233,235,236,237,242,245,246,247,248,251,253,254,259,263,265,268,269,271,272,273,274,275,284,287,291,295,298,299,306,309,317,319,321,322,323,325,326,327,330,333,334,335,337,339,342,343,345,347,348,350,355,357,361,362,365,366,372,375,377,378,379,381
OX38,216,217,218,219,220,221,222,223,236,237,238,239,242,243,246,247,248,249,254,255,268,269,270,271,272,273,276,277,280,281,286,287,306,307,310,311,312,313,316,317,321,323,325,327,329,331,332,334,337,339,340,342,344,346,348,350,353,355,356,358,361,363,365,367,369,370,372,375,376,379,381,382
OX39,91,93,143,149,151,155,173,183,185,189,190,191,199,201,205,207,209,211,213,214,215,217,221,222,227,229,231,233,235,236,237,239,241,246,247,249,251,252,253,254,259,261,267,268,272,275,276,277,280,282,283,285,291,293,297,298,300,301,302,303,305,308,310,311,313,315,316,319,321,324,327,328,331,333,335,336,338,339,342,343,345,346,348,349,350,351,352,354,355,356,357,361,363,364,365,369,372,373,374,376,377,379,380,381,382,383
OX40,209,211,212,215,217,218,220,222,227,229,233,238,241,244,245,247,248,249,250,253,259,261,265,270,274,276,278,279,282,285,286,287,289,291,293,294,297,298,300,303,310,311,312,313,314,315,316,317,322,323,324,327,328,331,332,333,334,335,336,337,340,343,344,345,346,347,348,351,352,353,354,355,356,358,361,362,364,365,366,367,370,371,373,374,376,378,380,381
OX41,179,183,187,191,211,212,217,218,219,220,221,222,227,229,231,233,235,236,237,238,243,244,245,246,247,248,249,252,253,255,259,261,263,265,267,268,269,270,272,274,275,276,278,280,282,287,291,295,298,302,307,309,312,314,315,319,322,327,331,332,333,335,338,342,344,349,350,351,354,356,357,358,362,367,370,371,372,375,377,378
OX42,212,213,214,215,220,221,222,223,242,243,244,245,250,251,252,253,274,275,278,279,280,281,284,285,306,307,308,309,314,315,316,317,321,322,324,327,328,331,333,334,336,339,341,342,345,346,348,351,352,355,357,358,361,362,364,367,369,371,372,374,376,378,380,382
OX43,181,183,189,191,199,201,203,205,206,207,211,213,215,218,220,223,227,229,237,239,242,245,246,247,248,251,252,253,254,255,259,261,263,265,267,270,272,274,276,277,279,280,281,283,286,287,289,295,299,301,305,306,307,308,309,311,312,314,315,316,317,318,321,322,325,327,332,333,334,335,338,340,341,342,346,350,355,358,362,367,369,370,374,375,378,379,381,383
OX44,214,215,218,219,229,231,233,235,236,237,242,243,245,247,249,250,261,263,265,267,268,269,273,274,282,283,285,286,294,295,302,303,306,307,308,309,316,317,318,319,322,323,324,326,328,330,341,342,346,347,349,350,352,354,358,359,362,363,364,367,370,371,373,374,376,378,382,383
OX45,93,95,143,149,151,159,173,175,199,201,203,205,206,207,218,219,220,223,229,231,235,237,239,242,245,246,247,248,250,251,252,255,261,265,270,272,273,274,277,280,282,285,294,295,297,299,301,303,306,308,312,314,315,317,318,319,322,323,325,326,327,329,330,331,332,334,335,336,337,338,339,340,341,342,343,345,348,351,354,358,359,362,363,365,369,370,372,373,374,375,378,380,381,382
OX46,201,203,205,207,217,219,221,222,233,235,236,239,241,242,244,247,248,249,250,251,254,255,268,269,273,275,277,279,281,282,284,286,291,294,297,298,299,301,302,303,305,306,307,308,310,311,312,313,315,316,317,319,323,325,329,334,337,340,341,342,346,349,354,355,356,359,365,366,369,371,372,373,374,375,377,379,382,383
OX47,149,151,157,159,185,187,189,190,205,207,213,215,217,218,221,222,227,229,235,237,238,239,241,244,248,249,250,254,259,261,267,270,275,276,281,284,286,287,289,294,297,301,302,303,307,309,312,313,314,319,322,323,324,327,328,331,332,335,336,337,338,339,340,341,344,347,348,349,352,357,361,362,363,364,366,367,369,370,371,373,374,375,376,377,379,380,381,383
OX48,203,207,211,213,218,219,220,222,227,229,231,235,236,239,244,245,246,252,253,255,259,261,263,268,272,273,274,275,279,280,281,282,284,287,291,295,298,299,309,310,314,316,318,319,322,323,329,331,333,335,338,339,345,346,349,350,353,354,357,359,362,367,370,373,377,378,382,383
OX49,206,207,218,219,220,221,222,223,227,229,233,236,237,238,241,242,243,247,251,253,254,255,259,261,265,268,269,271,273,276,277,279,281,284,285,286,291,294,298,302,305,306,307,308,310,311,313,317,322,324,326,327,328,330,331,335,336,338,339,342,344,345,347,349,350,351,352,355,358,359,362,363,364,367,370,371,373,374,376,379,380,381
OX50,199,207,213,218,219,221,222,223,227,233,237,238,241,242,247,253,254,255,259,263,265,269,270,271,273,277,281,285,286,287,294,302,305,306,307,310,311,313,322,323,324,325,328,331,332,334,337,338,340,342,344,345,348,349,352,355,356,362,363,364,365,366,370,371,372,374,375,376,379,383
OX51,236,237,238,239,242,243,246,247,250,251,252,253,268,269,270,271,272,273,276,277,280,281,286,287,306,307,310,311,314,315,318,319,324,325,328,329,332,333,334,335,336,337,340,341,342,343,344,345,348,349,350,351,352,353,356,357,358,359,364,365,372,373,376,377,380,381,382,383
OX52,248,249,250,251,252,253,254,255,280,281,282,283,284,285,286,287,289,291,293,294,297,298,300,303,305,307,309,311,312,315,316,319,322,323,324,325,328,329,334,335,338,339,340,341,346,347,348,349,352,354,357,358,361,362,364,366,369,371,373,374,376,379,381,383
OX53,185,187,189,191,205,207,211,215,219,221,222,223,229,239,242,243,244,245,247,249,251,252,253,255,261,269,274,275,277,280,281,286,291,293,298,300,301,302,306,310,313,318,321,323,326,327,329,330,331,335,338,339,347,348,349,350,356,358,361,365,366,367,369,370,372,373,374,375,378,382
OX54,155,157,187,191,211,215,218,220,233,238,242,244,245,247,250,252,254,255,265,270,274,275,276,277,280,283,284,286,289,293,297,300,305,306,308,310,314,315,317,319,321,325,329,332,333,335,336,339,340,343,344,345,355,356,370,375,378,379,380,381
OX55,233,235,237,238,241,242,245,247,265,267,269,270,273,274,277,279,289,291,294,295,297,298,302,303,306,307,309,311,314,315,316,319,321,322,324,326,328,329,330,331,332,333,334,335,336,337,338,339,340,341,342,343,344,346,349,350,352,355,356,357,362,363,364,367,370,371,373,375,376,378,380,381
OX56,157,159,173,175,187,191,219,222,229,231,235,239,242,243,244,245,249,251,253,255,261,263,267,271,274,275,276,277,281,285,294,295,302,303,306,307,309,310,315,316,321,327,331,335,339,341,346,347,358,359,361,366,369,374,378,382
OX57,241,243,244,247,249,250,253,255,273,275,276,279,281,283,285,286,289,293,294,295,297,300,302,303,307,308,309,311,315,316,317,319,337,339,340,343,345,346,349,351,353,357,358,359,361,365,366,367,369,372,374,375,377,381,382,383
OX58,190,191,205,207,211,215,217,222,231,237,238,239,242,243,245,246,247,252,253,254,263,270,272,274,277,280,282,287,293,295,300,301,306,307,316,318,321,323,324,325,326,327,328,330,331,332,333,334,340,341,342,343,344,346,347,349,352,354,355,359,361,363,364,366,369,374,376,377,378,379,382,383
OX59,143,151,175,187,189,191,205,207,211,213,215,217,227,235,238,242,243,247,249,251,254,255,259,267,269,270,271,277,279,281,282,283,285,287,289,294,297,301,302,303,305,306,310,314,315,316,321,322,324,325,326,328,330,331,332,334,338,339,340,342,344,345,346,349,350,351,352,353,354,357,359,362,364,365,370,371,372,373,376,379,381,382
OX60,227,231,235,239,242,244,245,246,251,252,253,254,259,263,267,271,272,274,275,277,280,281,282,287,294,295,302,303,306,307,308,309,310,311,314,315,316,317,318,319,321,322,323,325,326,327,329,330,331,333,334,335,337,338,339,340,346,348,349,351,353,354,355,357,361,362,363,365,369,370,371,372,377,378,379,381
OX61,173,175,189,191,211,213,218,221,231,237,242,243,246,252,263,269,272,273,276,277,279,280,282,285,289,291,293,294,297,298,300,303,305,306,309,311,313,314,316,318,321,322,323,325,334,335,336,337,338,343,345,346,348,350,353,354,358,359,362,366,370,371,373,374,377,380,382,383
OX62,218,219,220,221,229,231,235,237,243,246,252,253,254,255,261,263,267,269,272,276,280,281,284,285,289,294,295,297,302,303,305,307,308,310,311,313,315,317,324,325,328,329,331,335,336,338,339,342,349,350,352,355,358,361,364,365,366,367,369,372,373,374,375,376,379,380,381,383
OX63,151,159,175,183,187,189,205,213,215,222,229,231,237,238,239,242,243,246,252,255,261,263,270,271,272,277,279,280,283,287,289,294,295,297,301,302,303,305,306,307,308,310,317,318,321,324,328,329,331,332,333,337,339,342,343,344,347,349,350,351,352,358,359,364,366,373,374,375,376,382
OX64,229,231,237,238,245,247,250,251,253,254,261,263,269,270,273,274,281,282,286,287,291,293,298,300,307,308,310,311,315,317,318,319,321,323,329,331,332,333,336,338,340,341,344,345,348,351,353,354,355,356,361,365,369,372,377,378,379,380
OX65,220,221,222,223,231,235,238,239,246,251,252,253,254,255,263,267,270,271,272,280,281,282,283,284,285,286,289,293,297,300,305,309,313,314,315,316,322,323,326,330,332,333,334,335,343,344,345,346,347,348,353,354,356,358,359,361,362,363,365,366,369,370,371,372,374,377,379,381
OX66,175,183,187,191,211,219,221,223,238,244,245,246,247,249,250,255,270,272,274,275,293,295,300,302,308,311,313,315,317,319,321,324,327,328,331,332,333,335,338,339,342,343,344,345,348,350,352,356,358,361,364,365,367,369,370,372,373,375,376,378,382,383
OX67,183,191,207,217,219,222,235,237,239,245,246,247,250,251,253,255,267,269,272,273,274,286,295,309,311,314,318,319,323,324,327,328,329,335,339,340,341,342,343,345,349,350,352,353,363,364,367,370,373,376,378,383
Z0,0,48,64,192,224,256
Z1,1,49,65,193,225,257
Z2,2,51,67,195,227,259
Z3,3,50,66,194,226,258
Z4,4,52,68,197,228,260
Z5,5,53,69,196,229,261
Z6,6,54,70,198,230,262
Z7,7,55,71,199,231,263
Z8,8,56,72,200,232,264
Z9,9,57,73,201,233,265
Z10,10,59,75,203,235,267
Z11,11,58,74,202,234,266
Z12,12,60,76,204,236,268
Z13,13,61,77,205,237,269
Z14,14,62,78,206,238,270
Z15,15,63,79,207,239,271
Z16,16,32,86,212,240,278
Z17,17,33,87,213,241,279
Z18,18,34,85,214,242,277
Z19,19,35,84,215,243,276
Z20,20,36,82,208,245,274
Z21,21,37,83,209,244,275
Z22,22,38,80,210,246,272
Z23,23,39,81,211,247,273
Z24,24,44,88,216,252,280
Z25,25,45,89,217,253,281
Z26,26,46,90,218,254,282
Z27,27,47,91,219,255,283
Z28,28,40,92,220,248,284
Z29,29,41,93,221,249,285
Z30,30,42,94,223,250,286
Z31,31,43,95,222,251,287
Z32,0,16,128,144,224,240,288,304
Z33,1,17,129,145,225,241,289,305
Z34,3,18,130,147,226,242,290,306
Z35,2,19,131,146,227,243,291,307
Z36,4,20,133,149,228,245,293,309
Z37,5,21,132,148,229,244,292,308
Z38,7,22,134,151,231,246,294,311
Z39,6,23,135,150,230,247,295,310
Z40,8,28,136,158,232,248,296,312
Z41,9,29,137,159,233,249,297,313
Z42,10,30,139,156,235,250,299,315
Z43,11,31,138,157,234,251,298,314
Z44,12,24,141,155,236,252,300,317
Z45,13,25,140,154,237,253,301,316
Z46,15,26,142,153,239,254,302,319
Z47,14,27,143,152,238,255,303,318
Z48,0,8,96,104,192,200,288,296
Z49,1,9,97,105,193,201,289,297
Z50,3,10,98,107,194,203,290,299
Z51,2,11,99,106,195,202,291,298
Z52,4,12,101,109,197,204,293,300
Z53,5,13,100,108,196,205,292,301
Z54,6,15,102,111,198,207,295,302
Z55,7,14,103,110,199,206,294,303
Z56,16,29,116,125,212,221,304,313
Z57,32,44,166,170,278,280,338,344
Z58,18,31,119,126,214,222,306,314
Z59,34,47,165,169,277,283,337,347
Z60,20,25,113,120,208,217,309,316
Z61,32,62,128,152,238,240,320,344
Z62,22,26,115,123,210,218,311,319
Z63,46,48,142,144,224,254,334,336
Z64,47,49,143,145,225,255,335,337
Z65,45,50,140,147,226,253,332,339
Z66,44,51,141,146,227,252,333,338
Z67,43,52,138,149,228,251,330,341
Z68,42,53,139,148,229,250,331,340
Z69,40,54,136,150,230,248,328,342
Z70,41,55,137,151,231,249,329,343
Z71,38,56,134,158,232,246,326,350
Z72,39,57,135,159,233,247,327,351
Z73,37,58,132,157,234,244,324,349
Z74,36,59,133,156,235,245,325,348
Z75,34,60,130,155,236,242,322,347
Z76,35,61,131,154,237,243,323,346
Z77,33,63,129,153,239,241,321,345
Z78,64,80,160,178,256,272,362,376
Z79,38,42,160,172,272,286,340,350
Z80,39,43,161,173,273,287,341,351
Z81,36,40,162,175,274,284,342,348
Z82,37,41,163,174,275,285,343,349
Z83,35,46,164,168,276,282,336,346
Z84,64,88,104,112,192,216,352,376
Z85,33,45,167,171,279,281,339,345
Z86,66,91,107,114,194,219,355,378
Z87,50,62,176,188,258,270,320,332
Z88,66,82,162,176,258,274,360,378
Z89,48,60,178,190,256,268,322,334
Z90,54,58,180,184,262,266,324,328
Z91,52,56,182,186,260,264,326,330
Z92,96,128,176,288,320,360
Z93,97,129,177,289,321,361
Z94,98,130,178,290,322,362
Z95,99,131,179,291,323,363
Z96,100,132,180,292,324,364
Z97,101,133,181,293,325,365
Z98,102,135,183,295,327,367
Z99,103,134,182,294,326,366
Z100,104,136,184,296,328,352
Z101,105,137,185,297,329,353
Z102,106,138,186,298,330,354
Z103,107,139,187,299,331,355
Z104,108,140,188,301,332,356
Z105,109,141,189,300,333,357
Z106,110,143,191,303,335,359
Z107,111,142,190,302,334,358
Z108,112,148,160,308,340,376
Z109,113,149,161,309,341,377
Z110,114,150,162,310,342,378
Z111,115,151,163,311,343,379
Z112,116,144,164,304,336,380
Z113,117,145,165,305,337,381
Z114,118,146,166,307,338,382
Z115,119,147,167,306,339,383
Z116,120,154,168,316,346,368
Z117,121,155,169,317,347,369
Z118,122,152,170,318,344,370
Z119,123,153,171,319,345,371
Z120,124,158,172,312,350,373
Z121,125,159,173,313,351,372
Z122,126,157,174,314,349,374
Z123,127,156,175,315,348,375
Z124,51,63,177,189,259,271,321,333
Z125,65,89,105,113,193,217,353,377
Z126,49,61,179,191,257,269,323,335
Z127,65,81,161,179,257,273,363,377
Z128,55,59,181,185,263,267,325,329
Z129,67,83,163,177,259,275,361,379
Z130,53,57,183,187,261,265,327,331
Z131,67,90,106,115,195,218,354,379
Z132,68,92,109,117,197,220,357,381
Z133,69,93,108,116,196,221,356,380
Z134,70,95,111,119,198,222,358,383
Z135,68,85,165,182,260,277,366,381
Z136,69,84,164,183,261,276,367,380
Z137,71,86,166,181,263,278,365,382
Z138,70,87,167,180,262,279,364,383
Z139,71,94,110,118,199,223,359,382
Z140,72,82,96,120,200,208,360,368
Z141,72,90,168,186,264,282,354,368
Z142,21,24,112,121,209,216,308,317
Z143,74,81,99,122,202,211,363,370
Z144,23,27,114,122,211,219,310,318
Z145,17,28,117,124,213,220,305,312
Z146,19,30,118,127,215,223,307,315
Z147,74,88,170,184,266,280,352,370
Z148,76,95,173,190,268,287,358,372
Z149,78,93,174,188,270,285,356,374
Z150,78,85,103,126,206,214,366,374
Z151,76,86,101,125,204,212,365,372
Z152,73,83,97,121,201,209,361,369
Z153,73,91,169,187,265,283,355,369
Z154,75,89,171,185,267,281,353,371
Z155,75,80,98,123,203,210,362,371
Z156,77,87,100,124,205,213,364,373
Z157,77,94,172,191,269,286,359,373
OZ0,200,201,202,203,204,205,206,207,208,209,210,211,212,213,214,215,232,233,234,235,236,237,238,239,248,249,250,251,252,253,254,255,272,273,274,275,276,277,278,279,280,281,282,283,284,285,286,287,290,291,292,293,296,297,302,303,306,307,308,309,312,313,318,319,322,323,326,327,330,331,334,335,338,339,342,343,344,345,348,349,352,353,354,355,364,365,366,367,372,373,374,375,376,377,378,379
OZ1,208,209,210,211,212,213,214,215,216,217,218,219,220,221,222,223,232,233,234,235,236,237,238,239,240,241,242,243,244,245,246,247,264,265,266,267,268,269,270,271,280,281,282,283,284,285,286,287,290,291,294,295,298,299,302,303,304,305,308,309,312,313,316,317,324,325,326,327,332,333,334,335,336,337,338,339,348,349,350,351,354,355,356,357,362,363,364,365,368,369,374,375,376,377,382,383
OZ2,165,167,173,174,177,179,184,187,188,189,193,197,202,206,210,214,216,218,219,221,227,229,230,231,232,234,235,236,237,238,241,246,248,249,250,252,254,255,257,259,260,261,262,263,264,267,268,269,277,279,284,286,289,291,293,294,308,309,310,311,313,314,316,319,322,324,325,326,328,329,330,332,333,335,336,338,339,341,342,343,344,345,346,350,353,354,355,359,362,364,370,373,376,380,381,382
OZ3,154,155,158,159,163,167,169,173,174,175,179,183,184,188,190,191,193,197,198,199,202,207,211,215,216,221,222,223,225,226,227,229,230,231,235,238,240,241,243,246,249,250,251,252,258,259,260,261,266,267,270,271,272,273,278,279,289,290,291,292,294,295,299,300,301,302,304,305,307,311,312,314,315,317,318,319,321,323,325,326,332,333,334,335,336,338,341,342,346,347,350,351,352,355,356,358,362,363,364,365,370,371,372,373,377,378,381,383
OZ4,232,233,234,235,236,237,238,239,248,249,250,251,252,253,254,255,264,265,266,267,268,269,270,271,280,281,282,283,284,285,286,287,322,323,326,327,328,329,332,333,336,337,340,341,344,345,348,349,352,353,356,357,362,363,366,367,370,371,374,375,376,377,380,381
OZ5,163,167,171,174,179,180,181,183,184,185,187,191,195,197,198,199,201,206,209,215,219,220,222,223,225,226,236,238,240,242,244,245,246,247,248,249,250,251,253,255,257,258,259,260,262,263,265,268,272,273,274,276,277,278,281,285,289,291,292,293,301,302,304,307,310,311,312,313,314,315,317,319,324,325,326,327,332,333,334,335,336,337,338,339,340,341,342,343,352,353,355,357,361,364,365,366,369,372,373,375,376,377,379,381
OZ6,210,211,214,215,218,219,222,223,234,235,236,237,240,241,242,243,244,245,246,247,248,249,254,255,266,267,268,269,274,275,278,279,284,285,286,287,290,291,292,293,298,299,300,301,304,305,310,311,312,313,318,319,326,327,328,329,330,331,334,335,340,341,344,345,352,353,356,357,358,359,362,363,364,365,366,367,372,373,376,377,378,379,380,381
OZ7,156,157,158,159,169,171,173,174,177,179,180,182,186,187,190,191,195,197,198,199,201,207,211,212,216,222,227,228,229,231,233,236,240,242,243,244,248,249,250,255,261,262,268,271,273,275,276,277,280,283,284,285,286,287,292,294,297,298,300,301,304,306,308,309,316,318,321,324,326,327,328,330,331,333,337,340,344,345,346,348,349,351,352,353,354,356,358,359,363,364,366,367,369,372,373,374,377,380,381,383
OZ8,240,241,242,243,244,245,246,247,248,249,250,251,252,253,254,255,272,273,274,275,276,277,278,279,280,281,282,283,284,285,286,287,290,291,294,295,298,299,302,303,304,305,308,309,312,313,316,317,336,337,338,339,340,341,342,343,344,345,346,347,348,349,350,351,354,355,358,359,362,363,366,367,370,371,374,375,378,379,382,383
OZ9,193,195,197,198,201,202,204,207,209,211,213,214,216,219,220,222,225,226,228,231,233,234,236,239,241,242,245,246,249,251,252,254,258,259,262,263,272,273,274,275,282,283,284,285,292,293,294,295,300,301,302,303,308,309,310,311,316,317,318,319,322,323,326,327,328,329,330,331,332,333,334,335,340,341,342,343,346,347,348,349,352,353,354,355,362,363,364,365,370,371,374,375
OZ10,142,143,150,151,182,183,184,185,186,187,188,189,195,198,203,204,205,207,211,212,213,214,216,217,219,220,221,223,225,226,227,228,229,230,233,236,237,238,241,244,245,246,249,250,251,252,253,254,257,258,260,261,265,267,270,271,272,273,274,275,277,278,282,283,284,287,292,293,294,295,298,299,302,303,306,307,308,309,310,311,318,319,322,323,324,325,326,327,329,331,332,334,336,339,340,343,344,345,352,355,357,358,362,363,366,367,377,379,380,382
OZ11,226,227,230,231,234,235,238,239,242,243,246,247,250,251,254,255,258,259,262,263,266,267,270,271,272,273,276,277,282,283,286,287,322,323,326,327,330,331,334,335,338,339,342,343,344,345,348,349,354,355,358,359,362,363,366,367,370,371,374,375,378,379,382,383
OZ12,150,151,158,159,174,175,177,179,181,183,185,186,188,190,195,198,201,205,206,207,211,215,216,221,227,231,233,237,242,244,245,247,248,250,251,253,254,255,262,263,270,271,274,275,276,277,280,281,282,283,284,285,286,287,291,294,297,301,306,308,309,311,313,314,315,316,318,319,322,324,329,330,331,335,336,338,339,343,346,348,350,351,353,355,358,359,361,362,364,365,366,367,370,371,372,375,376,377,378,379,380,382
OZ13,228,229,230,231,236,237,238,239,244,245,246,247,252,253,254,255,260,261,262,263,268,269,270,271,272,273,274,275,280,281,282,283,322,323,324,325,330,331,332,333,336,337,342,343,344,345,350,351,354,355,356,357,362,363,364,365,370,371,372,373,378,379,380,381
OZ14,198,199,202,203,212,213,216,217,230,231,236,237,242,243,244,245,246,247,248,249,252,253,254,255,266,267,268,269,272,273,274,275,276,277,278,279,282,283,284,285,292,293,298,299,300,301,302,303,306,307,312,313,314,315,316,317,322,323,328,329,336,337,338,339,342,343,346,347,348,349,350,351,352,353,354,355,356,357,358,359,362,363,364,365,378,379,380,381
OZ15,147,151,155,159,167,169,171,175,179,182,183,185,186,187,188,189,190,191,199,203,205,207,209,218,219,220,221,223,227,230,231,233,235,236,237,239,242,243,245,246,247,251,252,253,254,255,259,262,265,268,272,273,274,275,276,277,280,281,284,285,286,287,289,291,292,293,295,297,298,299,300,303,305,307,308,310,311,313,321,325,326,327,328,330,332,333,336,337,338,339,347,348,352,354,357,358,364,367,369,371,376,378,380,383
OZ16,135,143,149,153,157,159,173,174,177,182,185,186,187,189,190,191,203,205,206,207,211,214,217,218,220,221,230,233,243,245,246,248,249,255,262,265,267,269,270,271,272,273,274,276,277,281,282,283,290,291,294,295,298,301,306,310,312,313,316,319,321,324,332,334,336,339,341,343,346,348,350,351,353,355,357,362,363,364,375,378,379,380
OZ17,184,185,186,187,188,189,190,191,202,203,206,207,218,219,222,223,234,235,236,237,242,243,244,245,268,269,270,271,274,275,276,277,282,283,286,287,290,291,302,303,308,309,314,315,316,317,318,319,322,323,328,329,330,331,334,335,336,337,340,341,342,343,346,347,356,357,358,359,370,371,374,375,378,379,380,381
OZ18,177,179,181,183,185,186,189,190,195,199,201,204,209,213,216,217,218,223,230,231,233,234,237,238,241,243,244,247,248,249,250,251,252,253,254,255,259,262,266,268,269,270,273,276,283,284,285,287,289,291,293,295,302,303,308,309,310,311,312,315,317,318,321,324,326,327,328,332,336,337,338,340,341,342,344,349,350,351,352,353,354,356,357,359,361,364,366,367,369,372,374,375,379,380,381,382
OZ19,180,181,182,183,188,189,190,191,202,203,206,207,212,213,214,215,216,217,222,223,225,227,229,230,233,235,236,239,241,242,244,246,248,250,253,254,257,259,261,262,265,266,268,270,272,275,276,278,280,282,284,287,292,293,298,299,300,301,302,303,306,307,308,309,310,311,312,313,314,315,318,319,321,322,325,326,328,331,333,334,337,339,340,342,345,347,349,351,352,354,357,358,361,362,365,367,369,370,373,375,377,379,381,382
OZ20,234,235,238,239,242,243,244,245,248,249,250,251,266,267,270,271,274,275,276,277,284,285,286,287,289,291,293,295,297,298,300,302,305,306,308,310,312,314,317,318,322,323,326,327,328,329,330,331,332,333,334,335,336,337,338,339,344,345,350,351,352,355,356,359,361,362,365,366,369,371,372,374,376,378,380,382
OZ21,182,183,186,187,201,203,204,207,209,211,213,214,216,217,218,219,222,223,227,230,233,236,238,239,242,244,245,246,248,250,251,252,259,262,267,270,272,273,274,279,281,282,283,284,294,295,297,299,300,303,306,307,308,309,312,314,317,319,322,326,328,329,330,332,333,334,336,338,339,340,342,343,344,345,347,348,349,351,352,356,358,359,362,366,370,372,373,375,377,378,379,380
OZ22,290,291,292,293,298,299,300,301,306,307,308,309,314,315,316,317,322,323,326,327,330,331,334,335,336,337,340,341,346,347,350,351,356,357,358,359,364,365,366,367,372,373,374,375,380,381,382,383
OZ23,169,171,173,174,185,186,189,190,201,203,205,207,209,211,213,215,216,217,218,219,220,221,227,229,230,231,233,239,241,246,248,249,250,252,254,255,259,261,262,263,267,269,272,273,275,276,281,286,292,293,297,299,300,302,305,307,309,310,312,313,318,319,322,325,326,327,328,335,336,342,347,348,352,354,355,359,362,364,366,367,370,373,374,375,377,380,381,382
OZ24,202,203,204,205,216,217,222,223,236,237,238,239,244,245,246,247,248,249,250,251,252,253,254,255,266,267,270,271,272,273,274,275,282,283,284,285,289,291,293,294,297,299,301,303,305,307,308,310,312,314,316,318,321,322,325,326,328,330,332,334,337,338,340,343,344,346,349,351,352,353,354,355,358,359,362,363,372,373,378,379
OZ25,171,175,179,181,186,187,188,190,199,203,206,207,209,213,215,216,218,220,222,223,225,227,229,239,242,245,247,248,250,251,252,253,257,259,261,263,267,270,273,274,275,276,277,279,281,282,291,294,298,299,302,303,305,306,308,309,310,311,312,316,317,318,321,323,324,325,326,327,328,331,334,335,336,339,340,341,346,347,349,350,352,355,356,358,361,363,364,367,370,371,374,375,378,379,380,381
OZ26,204,205,206,207,212,213,214,215,242,243,246,247,250,251,254,255,268,269,270,271,272,273,278,279,282,283,286,287,289,291,292,295,297,298,300,303,305,306,308,311,313,315,317,319,322,323,332,333,336,337,338,339,340,341,350,351,353,354,356,359,361,362,364,367,369,371,373,375,377,379,380,382
OZ27,174,175,188,189,195,197,203,205,206,207,211,213,214,215,216,217,219,221,225,227,229,230,236,237,248,251,252,255,257,260,261,262,267,268,270,271,273,276,277,279,281,284,285,287,289,291,293,294,297,299,301,302,308,309,310,311,312,313,314,315,318,319,323,325,326,327,328,334,336,340,341,342,347,348,350,351,352,353,355,357,361,367,369,370,371,375,379,380
OZ28,292,293,294,295,300,301,302,303,308,309,310,311,316,317,318,319,322,323,324,325,328,329,334,335,336,337,342,343,346,347,348,349,352,353,356,357,362,363,366,367,370,371,374,375,376,377,380,381
OZ29,167,175,181,186,187,188,190,191,195,197,201,207,211,213,216,218,219,223,227,233,236,238,241,243,246,253,260,268,270,271,272,273,276,280,281,282,283,286,291,293,295,297,305,307,309,310,311,316,317,318,322,324,326,327,328,329,330,333,334,335,336,337,339,341,342,343,344,345,346,349,352,355,356,357,362,363,364,366,369,371,374,375,380,382
OZ30,225,227,229,231,233,235,237,239,241,243,244,246,249,250,253,254,257,259,261,263,265,267,269,271,272,275,276,279,281,282,285,286,321,322,325,326,329,330,333,334,337,339,341,343,345,347,349,351,353,354,357,358,361,362,365,366,369,371,372,374,377,379,381,383
OZ31,195,197,203,205,206,207,211,212,216,217,219,220,222,223,227,231,233,237,238,239,242,244,245,247,248,250,251,253,260,263,265,267,274,275,277,278,280,283,293,295,298,299,301,303,306,307,308,311,312,313,316,319,322,325,329,330,331,334,336,338,339,342,344,345,346,349,353,356,358,359,362,367,370,372,373,374,376,378,379,380
OZ32,197,199,205,206,213,214,220,223,227,229,235,236,238,239,242,245,248,249,250,252,259,260,261,263,267,268,269,271,274,279,280,285,289,294,297,300,301,303,305,306,307,308,309,311,312,316,317,319,323,326,331,334,336,340,342,343,344,345,346,350,353,355,356,357,358,359,361,363,369,370,377,378,380,381,382,383
OZ33,230,231,236,237,244,245,248,249,250,251,252,253,262,263,268,269,274,275,280,281,284,285,286,287,289,291,293,295,297,298,300,302,305,307,308,311,312,315,317,319,322,323,326,327,328,329,330,331,338,339,342,343,348,349,350,351,352,355,357,358,361,362,365,366,369,371,372,374,376,378,381,383
OZ34,153,155,157,159,185,187,188,190,203,207,209,214,217,219,222,223,235,236,238,239,242,243,245,247,248,253,254,255,268,270,273,274,275,276,282,284,286,287,289,293,294,295,297,299,300,303,305,306,307,311,312,314,316,317,318,319,321,325,326,327,330,333,336,337,338,339,341,342,344,345,346,347,348,349,350,351,354,356,358,359,369,371,374,375,377,378,379,380
OZ35,186,187,190,191,209,211,212,215,216,218,220,223,227,231,235,236,237,239,241,242,243,244,246,247,249,253,254,255,259,263,267,268,269,271,272,277,278,279,280,281,283,284,285,286,291,294,298,303,305,306,307,308,310,311,313,314,315,317,321,322,324,325,328,329,330,331,333,334,337,339,340,341,342,343,345,347,350,351,352,353,354,357,361,362,363,364,365,366,371,373,374,375,377,382
OZ36,188,189,190,191,206,207,212,213,218,219,222,223,229,231,233,235,236,237,241,242,244,245,246,247,248,249,252,254,261,263,265,267,268,269,270,271,272,273,274,275,277,278,280,283,284,285,286,287,289,294,297,302,306,309,310,311,312,313,315,316,321,324,328,333,336,340,346,350,352,353,356,359,364,366,372,375,376,377,378,379,380,383
OZ37,158,159,190,191,203,207,209,214,217,218,227,231,233,235,236,237,242,245,246,247,248,251,253,254,259,263,265,268,269,271,272,273,274,275,284,287,291,295,298,299,306,309,317,319,321,322,323,325,326,327,330,333,334,335,337,339,342,343,345,347,348,350,355,357,361,362,365,366,372,375,377,378,379,381
OZ38,216,217,218,219,220,221,222,223,236,237,238,239,242,243,246,247,248,249,254,255,268,269,270,271,272,273,276,277,280,281,286,287,306,307,310,311,312,313,316,317,321,323,325,327,329,331,332,334,337,339,340,342,344,346,348,350,353,355,356,358,361,363,365,367,369,370,372,375,376,379,381,382
OZ39,91,93,143,149,151,155,173,183,185,189,190,191,199,201,205,207,209,211,213,214,215,217,221,222,227,229,231,233,235,236,237,239,241,246,247,249,251,252,253,254,259,261,267,268,272,275,276,277,280,282,283,285,291,293,297,298,300,301,302,303,305,308,310,311,313,315,316,319,321,324,327,328,331,333,335,336,338,339,342,343,345,346,348,349,350,351,352,354,355,356,357,361,363,364,365,369,372,373,374,376,377,379,380,381,382,383
OZ40,209,211,212,215,217,218,220,222,227,229,233,238,241,244,245,247,248,249,250,253,259,261,265,270,274,276,278,279,282,285,286,287,289,291,293,294,297,298,300,303,310,311,312,313,314,315,316,317,322,323,324,327,328,331,332,333,334,335,336,337,340,343,344,345,346,347,348,351,352,353,354,355,356,358,361,362,364,365,366,367,370,371,373,374,376,378,380,381
OZ41,179,183,187,191,211,212,217,218,219,220,221,222,227,229,231,233,235,236,237,238,243,244,245,246,247,248,249,252,253,255,259,261,263,265,267,268,269,270,272,274,275,276,278,280,282,287,291,295,298,302,307,309,312,314,315,319,322,327,331,332,333,335,338,342,344,349,350,351,354,356,357,358,362,367,370,371,372,375,377,378
OZ42,212,213,214,215,220,221,222,223,242,243,244,245,250,251,252,253,274,275,278,279,280,281,284,285,306,307,308,309,314,315,316,317,321,322,324,327,328,331,333,334,336,339,341,342,345,346,348,351,352,355,357,358,361,362,364,367,369,371,372,374,376,378,380,382
OZ43,181,183,189,191,199,201,203,205,206,207,211,213,215,218,220,223,227,229,237,239,242,245,246,247,248,251,252,253,254,255,259,261,263,265,267,270,272,274,276,277,279,280,281,283,286,287,289,295,299,301,305,306,307,308,309,311,312,314,315,316,317,318,321,322,325,327,332,333,334,335,338,340,341,342,346,350,355,358,362,367,369,370,374,375,378,379,381,383
OZ44,214,215,218,219,229,231,233,235,236,237,242,243,245,247,249,250,261,263,265,267,268,269,273,274,282,283,285,286,294,295,302,303,306,307,308,309,316,317,318,319,322,323,324,326,328,330,341,342,346,347,349,350,352,354,358,359,362,363,364,367,370,371,373,374,376,378,382,383
OZ45,93,95,143,149,151,159,173,175,199,201,203,205,206,207,218,219,220,223,229,231,235,237,239,242,245,246,247,248,250,251,252,255,261,265,270,272,273,274,277,280,282,285,294,295,297,299,301,303,306,308,312,314,315,317,318,319,322,323,325,326,327,329,330,331,332,334,335,336,337,338,339,340,341,342,343,345,348,351,354,358,359,362,363,365,369,370,372,373,374,375,378,380,381,382
OZ46,201,203,205,207,217,219,221,222,233,235,236,239,241,242,244,247,248,249,250,251,254,255,268,269,273,275,277,279,281,282,284,286,291,294,297,298,299,301,302,303,305,306,307,308,310,311,312,313,315,316,317,319,323,325,329,334,337,340,341,342,346,349,354,355,356,359,365,366,369,371,372,373,374,375,377,379,382,383
OZ47,149,151,157,159,185,187,189,190,205,207,213,215,217,218,221,222,227,229,235,237,238,239,241,244,248,249,250,254,259,261,267,270,275,276,281,284,286,287,289,294,297,301,302,303,307,309,312,313,314,319,322,323,324,327,328,331,332,335,336,337,338,339,340,341,344,347,348,349,352,357,361,362,363,364,366,367,369,370,371,373,374,375,376,377,379,380,381,383
OZ48,203,207,211,213,218,219,220,222,227,229,231,235,236,239,244,245,246,252,253,255,259,261,263,268,272,273,274,275,279,280,281,282,284,287,291,295,298,299,309,310,314,316,318,319,322,323,329,331,333,335,338,339,345,346,349,350,353,354,357,359,362,367,370,373,377,378,382,383
OZ49,206,207,218,219,220,221,222,223,227,229,233,236,237,238,241,242,243,247,251,253,254,255,259,261,265,268,269,271,273,276,277,279,281,284,285,286,291,294,298,302,305,306,307,308,310,311,313,317,322,324,326,327,328,330,331,335,336,338,339,342,344,345,347,349,350,351,352,355,358,359,362,363,364,367,370,371,373,374,376,379,380,381
OZ50,199,207,213,218,219,221,222,223,227,233,237,238,241,242,247,253,254,255,259,263,265,269,270,271,273,277,281,285,286,287,294,302,305,306,307,310,311,313,322,323,324,325,328,331,332,334,337,338,340,342,344,345,348,349,352,355,356,362,363,364,365,366,370,371,372,374,375,376,379,383
OZ51,236,237,238,239,242,243,246,247,250,251,252,253,268,269,270,271,272,273,276,277,280,281,286,287,306,307,310,311,314,315,318,319,324,325,328,329,332,333,334,335,336,337,340,341,342,343,344,345,348,349,350,351,352,353,356,357,358,359,364,365,372,373,376,377,380,381,382,383
OZ52,248,249,250,251,252,253,254,255,280,281,282,283,284,285,286,287,289,291,293,294,297,298,300,303,305,307,309,311,312,315,316,319,322,323,324,325,328,329,334,335,338,339,340,341,346,347,348,349,352,354,357,358,361,362,364,366,369,371,373,374,376,379,381,383
OZ53,185,187,189,191,205,207,211,215,219,221,222,223,229,239,242,243,244,245,247,249,251,252,253,255,261,269,274,275,277,280,281,286,291,293,298,300,301,302,306,310,313,318,321,323,326,327,329,330,331,335,338,339,347,348,349,350,356,358,361,365,366,367,369,370,372,373,374,375,378,382
OZ54,155,157,187,191,211,215,218,220,233,238,242,244,245,247,250,252,254,255,265,270,274,275,276,277,280,283,284,286,289,293,297,300,305,306,308,310,314,315,317,319,321,325,329,332,333,335,336,339,340,343,344,345,355,356,370,375,378,379,380,381
OZ55,233,235,237,238,241,242,245,247,265,267,269,270,273,274,277,279,289,291,294,295,297,298,302,303,306,307,309,311,314,315,316,319,321,322,324,326,328,329,330,331,332,333,334,335,336,337,338,339,340,341,342,343,344,346,349,350,352,355,356,357,362,363,364,367,370,371,373,375,376,378,380,381
OZ56,157,159,173,175,187,191,219,222,229,231,235,239,242,243,244,245,249,251,253,255,261,263,267,271,274,275,276,277,281,285,294,295,302,303,306,307,309,310,315,316,321,327,331,335,339,341,346,347,358,359,361,366,369,374,378,382
OZ57,241,243,244,247,249,250,253,255,273,275,276,279,281,283,285,286,289,293,294,295,297,300,302,303,307,308,309,311,315,316,317,319,337,339,340,343,345,346,349,351,353,357,358,359,361,365,366,367,369,372,374,375,377,381,382,383
OZ58,190,191,205,207,211,215,217,222,231,237,238,239,242,243,245,246,247,252,253,254,263,270,272,274,277,280,282,287,293,295,300,301,306,307,316,318,321,323,324,325,326,327,328,330,331,332,333,334,340,341,342,343,344,346,347,349,352,354,355,359,361,363,364,366,369,374,376,377,378,379,382,383
OZ59,143,151,175,187,189,191,205,207,211,213,215,217,227,235,238,242,243,247,249,251,254,255,259,267,269,270,271,277,279,281,282,283,285,287,289,294,297,301,302,303,305,306,310,314,315,316,321,322,324,325,326,328,330,331,332,334,338,339,340,342,344,345,346,349,350,351,352,353,354,357,359,362,364,365,370,371,372,373,376,379,381,382
OZ60,227,231,235,239,242,244,245,246,251,252,253,254,259,263,267,271,272,274,275,277,280,281,282,287,294,295,302,303,306,307,308,309,310,311,314,315,316,317,318,319,321,322,323,325,326,327,329,330,331,333,334,335,337,338,339,340,346,348,349,351,353,354,355,357,361,362,363,365,369,370,371,372,377,378,379,381
OZ61,173,175,189,191,211,213,218,221,231,237,242,243,246,252,263,269,272,273,276,277,279,280,282,285,289,291,293,294,297,298,300,303,305,306,309,311,313,314,316,318,321,322,323,325,334,335,336,337,338,343,345,346,348,350,353,354,358,359,362,366,370,371,373,374,377,380,382,383
OZ62,218,219,220,221,229,231,235,237,243,246,252,253,254,255,261,263,267,269,272,276,280,281,284,285,289,294,295,297,302,303,305,307,308,310,311,313,315,317,324,325,328,329,331,335,336,338,339,342,349,350,352,355,358,361,364,365,366,367,369,372,373,374,375,376,379,380,381,383
OZ63,151,159,175,183,187,189,205,213,215,222,229,231,237,238,239,242,243,246,252,255,261,263,270,271,272,277,279,280,283,287,289,294,295,297,301,302,303,305,306,307,308,310,317,318,321,324,328,329,331,332,333,337,339,342,343,344,347,349,350,351,352,358,359,364,366,373,374,375,376,382
OZ64,229,231,237,238,245,247,250,251,253,254,261,263,269,270,273,274,281,282,286,287,291,293,298,300,307,308,310,311,315,317,318,319,321,323,329,331,332,333,336,338,340,341,344,345,348,351,353,354,355,356,361,365,369,372,377,378,379,380
OZ65,220,221,222,223,231,235,238,239,246,251,252,253,254,255,263,267,270,271,272,280,281,282,283,284,285,286,289,293,297,300,305,309,313,314,315,316,322,323,326,330,332,333,334,335,343,344,345,346,347,348,353,354,356,358,359,361,362,363,365,366,369,370,371,372,374,377,379,381
OZ66,175,183,187,191,211,219,221,223,238,244,245,246,247,249,250,255,270,272,274,275,293,295,300,302,308,311,313,315,317,319,321,324,327,328,331,332,333,335,338,339,342,343,344,345,348,350,352,356,358,361,364,365,367,369,370,372,373,375,376,378,382,383
OZ67,183,191,207,217,219,222,235,237,239,245,246,247,250,251,253,255,267,269,272,273,274,286,295,309,311,314,318,319,323,324,327,328,329,335,339,340,341,342,343,345,349,350,352,353,363,364,367,370,373,376,378,383
