X0,0,48,64,192,224,256
X1,1,49,65,193,225,257
X2,2,50,66,194,226,258
X3,3,51,67,195,227,259
X4,4,52,68,196,228,260
X5,5,53,69,197,229,261
X6,6,54,70,198,230,262
X7,7,55,71,199,231,263
X8,8,56,75,200,232,267
X9,9,57,74,201,233,266
X10,10,58,73,202,234,265
X11,11,59,72,203,235,264
X12,12,60,77,206,236,268
X13,13,61,76,207,237,269
X14,14,62,79,204,238,270
X15,15,63,78,205,239,271
X16,16,40,80,208,240,272
X17,17,41,81,209,241,273
X18,18,42,82,210,242,274
X19,19,43,83,211,243,275
X20,20,44,84,212,244,276
X21,21,45,85,213,245,277
X22,22,46,86,214,246,278
X23,23,47,87,215,247,279
X24,24,32,91,216,248,283
X25,25,33,90,217,249,282
X26,26,34,89,218,250,281
X27,27,35,88,219,251,280
X28,28,36,93,222,252,284
X29,29,37,92,223,253,285
X30,30,38,95,220,254,286
X31,31,39,94,221,255,287
X32,0,24,128,152,224,248,288,312
X33,1,25,129,153,225,249,289,313
X34,2,26,130,154,226,250,290,314
X35,3,27,131,155,227,251,291,315
X36,6,28,132,156,230,252,294,318
X37,7,29,133,157,231,253,295,319
X38,4,30,134,158,228,254,292,316
X39,5,31,135,159,229,255,293,317
X40,0,16,96,112,192,208,288,304
X41,1,17,97,113,193,209,289,305
X42,2,18,98,114,194,210,290,306
X43,3,19,99,115,195,211,291,307
X44,4,20,100,116,196,212,292,308
X45,5,21,101,117,197,213,293,309
X46,6,22,102,118,198,214,294,310
X47,7,23,103,119,199,215,295,311
X48,8,16,136,144,232,240,296,304
X49,9,17,137,145,233,241,297,305
X50,10,18,138,146,234,242,298,306
X51,11,19,139,147,235,243,299,307
X52,14,20,142,150,238,244,300,308
X53,15,21,143,151,239,245,301,309
X54,12,22,140,148,236,246,302,310
X55,13,23,141,149,237,247,303,311
X56,32,57,163,178,266,283,327,344
X57,32,60,128,148,236,248,320,344
X58,34,59,161,176,264,281,325,346
X59,34,62,130,150,238,250,322,346
X60,33,61,129,149,237,249,321,345
X61,35,63,131,151,239,251,323,347
X62,41,48,169,184,256,273,333,336
X63,40,49,168,185,257,272,332,337
X64,43,50,171,186,258,275,335,338
X65,42,51,170,187,259,274,334,339
X66,42,52,138,158,228,242,329,339
X67,43,53,139,159,229,243,328,338
X68,40,54,136,156,230,240,331,337
X69,41,55,137,157,231,241,330,336
X70,35,58,160,177,265,280,324,347
X71,38,58,134,146,234,254,324,350
X72,33,56,162,179,267,282,326,345
X73,36,56,132,144,232,252,326,348
X74,37,57,133,145,233,253,327,349
X75,64,84,100,112,192,212,352,372
X76,39,59,135,147,235,255,325,351
X77,66,86,102,114,194,214,354,374
X78,47,49,141,153,225,247,332,341
X79,46,48,140,152,224,246,333,340
X80,45,51,143,155,227,245,334,343
X81,44,50,142,154,226,244,335,342
X82,64,88,160,184,256,280,364,372
X83,65,85,101,113,193,213,353,373
X84,65,89,161,185,257,281,365,373
X85,66,90,162,186,258,282,366,374
X86,67,87,103,115,195,215,355,375
X87,68,80,96,116,196,208,356,368
X88,67,91,163,187,259,283,367,375
X89,72,80,168,176,264,272,356,380
X90,96,128,164,288,320,368
X91,97,129,165,289,321,369
X92,98,130,166,290,322,370
X93,99,131,167,291,323,371
X94,100,134,160,292,324,372
X95,101,135,161,293,325,373
X96,102,132,162,294,326,374
X97,103,133,163,295,327,375
X98,104,136,175,296,331,376
X99,105,137,174,297,330,377
X100,106,138,173,298,329,378
X101,107,139,172,299,328,379
X102,108,141,168,303,332,380
X103,109,140,169,302,333,381
X104,110,143,170,301,334,382
X105,111,142,171,300,335,383
X106,112,144,180,304,348,352
X107,113,145,181,305,349,353
X108,114,146,182,306,350,354
X109,115,147,183,307,351,355
X110,116,150,176,308,346,356
X111,117,151,177,309,347,357
X112,118,148,178,310,344,358
X113,119,149,179,311,345,359
X114,120,152,188,312,340,360
X115,121,153,189,313,341,361
X116,122,154,190,314,342,362
X117,123,155,191,315,343,363
X118,124,157,184,319,336,364
X119,125,156,185,318,337,365
X120,126,159,186,317,338,366
X121,127,158,187,316,339,367
X122,37,60,164,181,268,285,320,349
X123,36,61,165,180,269,284,321,348
X124,39,62,166,183,270,287,322,351
X125,38,63,167,182,271,286,323,350
X126,69,93,165,190,261,284,362,369
X127,68,92,164,191,260,285,363,368
X128,71,95,167,188,263,286,360,371
X129,70,94,166,189,262,287,361,370
X130,47,54,175,189,262,279,331,341
X131,46,55,174,188,263,278,330,340
X132,45,52,173,191,260,277,329,343
X133,44,53,172,190,261,276,328,342
X134,70,82,98,118,198,210,358,370
X135,72,92,108,123,203,223,363,380
X136,74,94,110,121,201,221,361,382
X137,73,81,169,177,265,273,357,381
X138,73,93,109,122,202,222,362,381
X139,14,30,111,127,204,220,300,316
X140,15,31,110,126,205,221,301,317
X141,12,28,109,125,206,222,302,318
X142,13,29,108,124,207,223,303,319
X143,8,24,104,120,200,216,296,312
X144,9,25,105,121,201,217,297,313
X145,10,26,106,122,202,218,298,314
X146,11,27,107,123,203,219,299,315
X147,69,81,97,117,197,209,357,369
X148,74,82,170,178,266,274,358,382
X149,71,83,99,119,199,211,359,371
X150,75,95,111,120,200,220,360,383
X151,75,83,171,179,267,275,359,383
X152,76,88,107,124,207,219,364,379
X153,77,89,106,125,206,218,365,378
X154,76,84,172,180,269,276,352,379
X155,77,85,173,181,268,277,353,378
X156,78,90,105,126,205,217,366,377
X157,78,86,174,182,271,278,354,377
OX0,290,291,292,293,298,299,300,301,306,307,308,309,314,315,316,317,322,323,324,325,328,329,334,335,338,339,342,343,346,347,350,351
OX1,289,291,293,295,297,299,301,303,305,307,309,311,313,315,317,319,321,323,324,326,329,331,332,334,337,339,341,343,345,347,348,350,352,353,354,355,364,365,366,367,372,373,374,375,376,377,378,379
OX2,292,293,294,295,300,301,302,303,308,309,310,311,316,317,318,319,322,323,324,325,330,331,332,333,336,337,340,341,346,347,350,351,354,355,358,359,360,361,366,367,370,371,374,375,376,377,382,383
OX3,321,323,324,326,328,330,333,335,336,338,340,342,345,347,348,350,352,354,357,359,360,362,364,366,369,371,372,374,377,379,381,383
OX4,148,149,150,151,156,157,158,159,178,179,180,181,184,185,188,189,196,197,198,199,200,201,202,203,208,209,210,211,212,213,214,215,225,226,228,231,232,235,236,239,240,243,245,246,249,250,253,254,257,258,261,262,265,266,268,271,273,274,276,279,281,282,285,286,291,294,296,297,298,300,301,303,304,305,306,310,315,316,317,319,322,323,328,331,332,334,337,338,340,342,346,347,348,349,350,351,352,353,355,358,361,362,363,364,365,366,370,374,377,378,379,383
OX5,177,179,181,183,184,186,189,191,196,197,198,199,200,201,202,203,208,209,210,211,212,213,214,215,226,227,228,229,232,233,236,237,240,241,244,245,250,251,252,253,258,259,262,263,264,265,268,269,274,275,278,279,280,281,284,285,296,297,298,299,300,301,302,303,304,305,306,307,316,317,318,319,322,327,328,330,331,333,334,335,339,340,342,343,344,345,347,349,352,353,354,358,360,361,362,365,370,375,378,380
OX6,208,209,210,211,212,213,214,215,216,217,218,219,220,221,222,223,240,241,242,243,244,245,246,247,248,249,250,251,252,253,254,255,304,305,306,307,308,309,310,311,312,313,314,315,316,317,318,319,322,323,326,327,328,329,332,333,336,337,342,343,344,345,350,351,352,353,356,357,360,361,366,367,370,371,374,375,378,379,380,381
OX7,141,143,156,158,171,173,174,175,178,179,180,181,187,188,189,190,195,196,197,199,202,207,211,214,218,220,221,222,225,227,233,234,236,239,240,243,244,245,248,250,253,255,257,260,261,263,266,268,269,271,272,276,277,278,283,284,285,286,294,295,296,297,298,299,302,303,308,309,312,313,314,315,316,317,322,323,326,327,338,339,342,343,348,349,350,351,354,355,356,357,358,359,362,365,370,371,379,381,382,383
OX8,152,153,154,155,156,157,158,159,178,179,180,181,184,185,188,189,202,203,206,207,210,211,212,213,216,217,218,219,226,227,228,229,232,233,234,235,248,249,254,255,258,259,260,261,266,267,268,269,274,275,276,277,280,281,286,287,296,297,300,301,306,307,308,309,316,317,318,319,322,323,326,327,336,337,340,341,344,345,346,347,352,353,354,355,360,361,362,363,370,371,374,375,376,377,382,383
OX9,178,179,180,181,186,187,190,191,201,203,204,206,209,210,213,214,218,219,220,221,225,226,228,231,234,235,236,237,240,241,242,243,248,250,252,254,257,258,260,263,265,266,269,270,272,275,277,278,280,283,284,287,296,298,301,303,305,306,309,310,312,313,318,319,322,327,331,334,338,341,342,343,345,348,349,351,353,354,355,357,360,364,365,367,370,375,378,380
OX10,200,201,202,203,204,205,206,207,216,217,218,219,220,221,222,223,232,233,234,235,236,237,238,239,248,249,250,251,252,253,254,255,296,297,298,299,300,301,302,303,312,313,314,315,316,317,318,319,328,329,330,331,332,333,334,335,336,337,338,339,340,341,342,343
OX11,149,151,157,159,173,175,179,181,184,185,187,189,195,197,199,201,205,207,211,212,213,214,215,217,227,228,230,233,236,238,240,242,243,244,245,246,247,248,249,250,260,261,262,263,268,269,270,271,272,274,281,283,295,296,297,298,299,300,302,303,308,310,311,312,313,314,315,316,317,318,322,323,326,327,328,335,336,338,340,341,346,348,352,353,357,358,359,361,362,363,364,366,370,371,374,377,380,381
OX12,198,199,206,207,209,211,212,215,216,218,221,222,226,227,234,235,241,242,244,246,248,251,253,255,258,259,262,263,264,265,268,269,274,275,278,279,280,281,284,285,291,295,299,303,305,308,310,311,312,314,315,317,322,324,325,327,330,334,339,340,344,346,347,351,353,355,357,359,362,363,366,367,370,371,372,373,377,379,380,382
OX13,197,199,205,207,212,214,220,222,229,231,237,239,244,246,252,254,293,295,301,303,308,310,316,318,322,324,325,326,331,332,333,335,336,337,338,341,345,346,347,351,355,357,358,359,361,364,366,367,370,372,374,375,376,381,382,383
OX14,196,199,204,207,209,211,212,213,216,218,222,223,226,227,228,230,234,235,236,238,241,242,244,245,246,247,248,251,258,259,262,263,264,265,268,269,274,275,278,279,280,281,284,285,291,293,299,301,305,311,312,314,315,316,317,318,324,325,330,331,340,341,346,347,353,356,357,359,361,362,363,365,366,367,371,372,376,377,379,382
OX15,195,199,201,204,206,207,209,210,211,212,218,222,227,231,233,236,237,238,241,242,243,244,250,252,294,295,297,299,300,303,305,306,308,310,314,315,322,323,324,325,326,327,328,329,330,331,332,333,336,337,340,341,342,343,344,345,346,347,350,351,353,355,357,359,360,361,364,365,370,371,372,373,376,378,381,383
OX16,225,226,228,231,233,234,237,238,241,242,244,247,249,250,253,254,257,258,260,263,265,266,269,270,273,274,276,279,281,282,285,286,324,325,326,327,328,329,330,331,336,337,338,339,348,349,350,351,352,353,354,355,364,365,366,367,372,373,374,375,376,377,378,379
OX17,226,227,230,231,234,235,236,237,242,243,246,247,250,251,252,253,258,259,262,263,264,265,268,269,274,275,278,279,280,281,284,285,322,323,326,327,328,329,332,333,336,337,342,343,344,345,350,351,354,355,358,359,362,363,364,365,370,371,374,375,378,379,380,381
OX18,180,181,182,183,188,189,190,191,201,203,205,207,210,211,214,215,216,219,220,223,228,229,230,231,233,235,236,238,242,243,246,247,248,251,253,254,260,261,262,263,268,269,270,271,291,293,294,295,297,300,301,303,306,309,312,319,322,324,328,329,330,332,334,335,337,338,339,340,342,343,347,351,352,353,360,361,364,365,366,367,370,371,372,373,374,375,378,379
OX19,184,185,186,187,188,189,190,191,202,203,206,207,209,210,213,214,216,218,220,222,228,229,230,231,234,235,238,239,240,242,244,246,249,250,252,255,260,261,262,263,268,269,270,271,272,273,276,277,282,283,286,287,291,293,296,297,298,301,305,306,307,310,313,314,315,316,317,319,324,327,328,329,330,331,332,335,337,339,340,341,345,347,348,349,352,354,355,357,358,359,361,367,371,372,373,375,379,380,382,383
OX20,204,205,206,207,210,211,212,213,218,219,222,223,228,229,230,231,241,242,245,246,249,250,253,254,260,261,262,263,268,269,270,271,273,275,276,278,280,282,284,286,293,294,297,299,300,301,306,307,308,310,313,314,324,325,328,331,333,335,342,343,345,346,349,351,353,354,358,359,361,363,372,374,376,377,381,382
OX21,240,241,242,243,244,245,246,247,248,249,250,251,252,253,254,255,272,273,274,275,276,277,278,279,280,281,282,283,284,285,286,287,296,297,298,299,300,301,302,303,312,313,314,315,316,317,318,319,322,323,324,325,328,329,334,335,336,337,340,341,344,345,348,349,352,353,358,359,362,363,366,367,370,371,372,373,376,377,380,381
OX22,142,143,150,151,153,155,157,159,171,174,181,183,187,191,201,206,209,210,212,213,214,215,217,220,222,223,229,230,235,237,242,244,245,246,252,254,261,262,264,266,268,269,273,279,282,285,291,293,294,297,301,302,305,306,307,308,311,313,316,317,318,319,322,323,325,327,329,330,332,333,334,335,337,342,345,348,349,350,352,353,357,362,370,374,375,377,378,380,382,383
OX23,150,151,156,157,171,173,182,183,186,190,199,201,203,207,210,211,215,217,218,223,227,228,229,230,231,233,236,238,243,246,247,249,253,254,259,260,261,262,264,268,269,270,274,278,281,286,291,294,297,298,299,301,302,303,306,310,313,317,318,319,322,324,325,326,327,328,329,330,333,335,336,338,341,342,343,344,345,346,347,348,349,351,352,353,359,363,364,366,370,371,372,373,375,378,380,382
OX24,209,210,213,214,216,219,220,223,236,237,238,239,241,243,244,246,248,250,252,254,268,269,270,271,274,275,276,277,280,281,284,285,293,295,298,299,301,302,305,306,310,311,312,314,316,317,318,319,325,326,328,330,334,335,340,343,345,347,350,351,353,355,357,358,362,363,364,365,366,367,374,375,377,378,381,383
OX25,171,173,187,190,201,203,205,207,210,211,212,213,216,219,221,222,227,228,230,231,232,233,236,237,241,244,245,246,249,250,253,254,259,260,262,263,264,267,268,271,273,274,275,278,280,281,282,283,284,285,286,287,291,295,296,298,306,308,309,311,313,314,318,319,323,325,328,332,333,335,337,338,339,341,344,346,347,348,350,351,352,355,358,359,364,366,373,375,376,379,380,381
OX26,232,233,236,237,241,242,244,247,248,250,252,254,266,267,268,269,273,274,276,279,281,283,284,286,291,294,296,298,299,300,307,310,312,314,315,316,322,325,328,329,330,333,334,335,338,340,341,343,345,349,350,351,353,354,358,359,361,362,366,367,370,371,373,374,376,377,381,382
OX27,228,229,230,231,233,234,237,238,244,245,246,247,249,250,253,254,260,261,262,263,265,266,269,270,276,277,278,279,281,282,285,286,291,295,297,298,299,301,302,303,307,311,313,314,315,317,318,319,324,325,326,327,329,330,332,335,337,338,340,343,348,349,350,351,352,353,354,359,360,361,362,364,371,372,373,374,379,381,382,383
OX28,234,235,238,239,241,242,244,247,249,251,253,255,264,265,270,271,273,274,276,279,280,282,285,287,291,294,297,301,302,303,307,310,313,317,318,319,322,325,328,329,330,333,334,335,338,340,341,343,345,349,350,351,353,354,358,359,360,363,364,365,370,371,373,374,378,379,380,383
OX29,173,175,179,183,185,186,187,189,201,205,210,212,213,215,216,219,221,222,227,229,231,237,242,244,247,248,249,252,259,261,263,266,269,271,277,280,282,287,294,295,301,302,306,308,309,310,312,313,315,317,322,323,325,329,331,333,336,337,338,340,341,342,343,344,346,347,348,351,352,354,359,361,362,364,366,367,370,371,373,374,375,382
OX30,202,203,206,207,210,211,212,213,220,221,222,223,230,231,233,235,237,238,246,247,249,251,253,254,262,263,265,266,268,270,274,275,276,277,278,279,280,282,284,287,293,294,297,298,306,307,308,310,313,315,316,317,323,325,326,327,331,333,334,335,336,341,342,343,346,348,349,350,352,353,355,358,362,364,366,367,371,375,376,377,378,381,382,383
OX31,201,203,205,207,210,211,212,213,216,219,221,222,229,231,237,239,242,243,244,247,248,249,252,255,261,263,264,266,277,279,280,282,293,294,301,302,306,307,308,310,312,313,317,319,322,323,324,326,329,331,332,333,336,337,340,342,344,346,350,351,361,362,365,366,370,371,372,373,376,378,380,382
OX32,233,235,236,238,241,242,244,247,250,251,252,253,264,266,268,270,273,274,276,279,280,281,284,285,294,295,298,299,310,311,314,315,323,324,328,330,331,332,333,335,337,338,339,340,344,348,350,351,352,354,355,359,360,362,363,365,366,367,371,372,374,375,376,377,378,380,381,383
OX33,227,231,235,237,243,247,251,253,259,263,264,269,275,279,280,285,323,324,325,326,329,330,331,332,337,338,339,343,345,348,349,350,352,353,354,359,363,365,366,367,371,372,373,374,376,377,378,380
OX34,156,157,158,159,188,189,190,191,229,230,237,238,242,243,245,247,250,251,253,255,261,262,269,270,274,275,277,279,280,281,285,287,291,295,298,300,301,303,307,311,314,316,317,319,323,324,325,326,329,330,331,332,337,338,339,343,345,348,349,350,352,353,354,355,360,361,366,367,372,373,374,375,376,377,382,383
OX35,155,158,187,191,229,230,235,236,238,239,243,244,245,246,251,252,254,255,261,262,264,268,270,271,275,276,277,278,280,284,286,287,322,324,325,327,329,332,334,335,337,340,341,343,344,348,349,351,352,353,355,358,360,361,363,365,370,372,373,375,378,380,382,383
OX36,154,159,186,190,229,230,235,236,238,239,241,244,246,247,249,250,251,252,253,255,261,262,264,268,270,271,273,276,278,279,280,281,282,284,285,287,291,294,297,301,302,303,307,310,313,317,318,319,324,327,329,331,334,335,336,339,340,341,342,343,344,345,348,350,352,354,355,359,360,362,363,365,366,367,371,372,374,375,376,377,378,380,381,383
OX37,153,157,158,159,185,188,190,191,235,236,237,239,243,244,249,252,264,268,269,271,275,276,282,284,291,294,299,300,301,303,307,310,315,316,317,319,323,325,326,327,328,330,331,334,337,338,339,341,342,343,344,349,353,355,360,363,366,367,373,375,376,377,380,383
OX38,216,217,218,219,220,221,222,223,229,230,237,238,242,243,244,246,248,249,252,254,261,262,269,270,274,275,276,278,280,281,285,287,291,295,298,302,307,311,312,313,315,316,317,319,322,324,325,327,328,330,331,333,336,338,339,342,344,348,349,351,352,353,358,359,360,361,362,363,370,371,372,373,376,377,378,379
OX39,151,157,158,159,174,175,181,185,186,189,190,191,203,205,206,207,210,211,213,215,217,221,230,236,237,239,242,244,245,247,249,252,253,255,262,264,275,276,284,285,293,295,299,300,301,302,306,307,313,316,317,319,323,324,325,327,328,331,332,333,336,340,342,343,344,347,348,350,352,353,355,358,360,364,365,366,371,372,377,380,382,383
OX40,186,187,188,189,199,205,210,211,215,218,219,221,230,235,237,238,246,251,253,254,262,263,264,269,270,271,274,275,278,279,281,285,286,287,293,295,298,300,301,302,306,307,309,311,315,316,317,318,322,324,326,330,332,333,336,337,341,345,347,348,349,351,352,353,354,360,363,364,370,372,373,374,375,377,378,380,382,383
OX41,185,187,188,190,199,203,205,207,211,213,215,220,221,222,230,231,235,237,238,239,241,242,249,250,251,253,262,270,273,274,275,277,279,280,281,282,284,285,286,287,293,297,298,300,301,303,307,313,314,315,317,318,324,325,326,328,329,331,332,333,338,340,341,348,349,350,352,353,354,355,363,367,372,374,376,377,379,381,382,383
OX42,210,211,212,213,218,219,220,221,230,231,238,239,241,242,245,247,249,250,252,254,262,263,270,271,273,275,276,279,280,282,284,287,297,299,301,303,306,307,308,309,313,314,316,319,322,325,328,332,333,334,337,338,339,340,345,346,347,348,350,351,352,359,360,361,362,364,365,366,370,373,377,381
OX43,174,175,181,182,188,190,203,205,206,207,212,215,219,220,221,222,230,231,236,237,238,239,241,243,249,251,254,255,262,263,264,270,273,275,276,279,282,284,294,295,297,299,301,303,308,310,313,315,316,317,326,327,328,329,331,333,334,335,339,340,342,343,344,346,348,349,350,351,352,355,361,366,378,380,381,383
OX44,229,230,236,239,241,242,249,250,261,262,268,271,273,274,281,282,291,295,297,298,299,301,302,303,307,311,313,314,315,317,318,319,322,323,325,327,328,329,332,334,336,337,341,343,344,345,349,351,353,358,362,366,370,373,377,381
OX45,241,242,245,246,249,250,252,255,273,274,277,278,281,282,284,287,291,293,294,295,297,298,299,303,307,309,310,311,313,314,315,319,322,323,324,325,330,331,332,333,337,339,341,343,345,347,348,350,352,354,355,358,362,364,365,367,370,372,374,375,376,378,379,381
OX46,143,158,175,189,203,205,206,207,218,220,222,223,231,235,236,238,239,242,243,244,245,246,251,253,263,269,270,274,275,276,277,278,280,281,284,286,293,295,298,303,309,311,315,316,317,319,322,323,325,327,330,331,332,334,337,338,340,341,342,343,344,347,358,359,360,362,364,365,370,371,377,378
OX47,179,181,182,183,187,188,189,190,199,206,211,213,215,217,218,219,230,231,236,237,243,245,249,250,251,252,262,269,279,284,293,301,302,303,307,313,314,315,317,319,322,323,326,327,328,329,332,333,336,337,339,340,341,343,344,349,354,358,359,361,365,366,370,371,373,374,375,378,379,382
OX48,203,207,211,212,217,218,230,235,236,237,238,239,242,245,247,249,251,253,262,268,270,271,274,275,276,277,279,280,281,285,294,295,298,303,307,308,310,311,313,315,324,327,328,329,332,334,337,338,344,346,350,351,354,359,361,363,365,366,372,374,379,382
OX49,199,206,214,223,236,237,238,239,244,245,246,247,263,269,270,271,276,277,279,285,293,294,295,301,309,317,318,319,322,324,326,327,328,335,338,340,341,343,344,345,347,348,349,350,352,353,354,358,359,360,361,363,364,365,370,372,373,379,382,383
OX50,157,159,181,183,188,189,205,207,211,215,219,221,222,223,230,235,242,244,247,250,251,253,254,255,262,264,269,271,274,275,276,281,284,286,291,294,298,299,300,302,310,311,314,316,322,323,328,332,333,335,336,337,339,340,349,350,354,355,358,359,361,362,365,366,370,374,378,380
OX51,158,159,181,182,188,189,212,213,214,215,217,219,222,223,230,239,244,245,246,249,251,254,262,271,279,284,285,286,293,303,308,310,311,313,315,318,322,325,326,328,332,334,337,339,340,341,342,345,346,348,350,351,352,353,355,358,361,362,363,366,370,374,379,382
OX52,188,189,190,191,212,213,214,215,236,237,238,239,242,243,246,247,250,251,252,253,268,269,270,271,274,275,276,277,280,281,284,285,291,293,294,295,298,301,307,308,314,317,322,324,326,327,329,334,338,340,341,343,344,345,346,350,354,355,358,359,370,371,372,373
OX53,182,183,187,189,190,191,206,207,211,215,218,219,222,223,231,236,238,239,242,243,244,245,247,251,252,253,263,269,270,271,274,276,277,281,291,293,298,299,301,302,309,311,317,318,322,323,324,325,327,333,334,335,336,338,339,340,341,344,347,348,350,351,352,358,359,360,362,363,364,365,370,372,375,378,379,383
OX54,205,206,218,219,221,223,231,235,237,239,244,245,246,250,253,254,263,264,268,269,276,277,278,280,286,287,294,299,300,303,310,314,316,318,322,323,324,325,326,329,330,334,339,340,342,345,348,349,352,353,358,359,360,365,370,371,372,373,377,378,379,380,382,383
OX55,235,238,242,244,245,247,250,251,253,255,264,270,274,276,277,279,280,281,285,287,293,298,299,303,309,314,315,319,329,334,341,342,347,349,353,361,363,364,373,379,380,382
OX56,242,243,244,245,250,251,254,255,274,275,276,277,280,281,286,287,293,294,298,299,300,302,309,310,314,315,316,318,322,325,330,333,336,338,339,340,342,343,347,350,354,358,360,364,365,366,370,374,377,378,379,383
OX57,181,187,213,218,221,223,230,231,238,239,243,244,246,250,251,255,262,263,270,271,275,276,277,278,280,285,295,299,302,303,309,311,314,315,317,318,323,329,332,333,336,337,338,339,341,342,347,351,353,355,359,361,363,364,371,375,378,379
OX58,187,189,206,207,211,212,213,215,218,219,220,221,222,223,230,237,238,239,244,245,246,250,262,268,270,271,275,278,279,280,284,285,286,287,294,295,299,300,301,303,307,308,309,310,314,319,322,325,326,329,332,335,337,339,340,341,343,345,346,347,348,351,352,358,359,360,362,363,364,365,370,373,375,378,379,382
OX59,183,191,206,207,211,212,213,219,220,221,222,223,231,237,243,247,251,253,263,268,276,277,279,284,286,287,293,294,295,300,302,303,307,308,310,311,315,317,318,319,322,323,325,326,329,331,332,333,334,335,336,337,338,339,340,342,343,345,346,348,349,351,352,353,355,358,360,362,363,367,370,371,375,376,378,382
OX60,230,231,238,239,246,247,254,255,262,263,270,271,278,279,286,287,294,295,300,301,310,311,316,317,322,323,330,331,340,341,350,351,354,355,358,359,360,361,366,367,370,371,374,375,376,377,382,383
OX61,175,189,190,191,206,211,213,217,222,223,236,237,239,245,247,249,251,252,253,255,269,271,275,279,280,287,293,294,295,299,303,307,310,311,313,315,324,327,328,331,332,337,338,343,344,348,350,351,352,354,359,362,363,365,366,372,373,374
OX62,206,207,211,212,217,223,237,238,243,244,246,247,249,254,268,270,278,279,285,286,293,300,301,302,307,308,309,313,316,317,323,324,325,329,330,333,334,335,336,338,339,341,343,346,347,351,363,364,371,372,377,378
OX63,231,236,237,239,244,245,246,254,263,268,269,271,276,277,278,286,293,294,295,300,301,302,309,310,311,316,317,318,324,326,327,328,329,333,334,335,336,338,339,344,345,347,348,349,352,353,364,365,372,373,378,379
OX64,91,94,211,212,221,223,236,239,243,245,246,247,254,255,268,271,276,277,278,279,283,285,286,287,293,295,300,301,307,308,309,311,316,319,322,324,325,328,340,341,343,344,346,347,355,358,359,360,361,363,364,367,370,372,375,379,382,383
OX65,61,63,93,95,189,191,213,215,217,219,220,222,236,237,238,239,244,245,246,247,249,251,252,253,254,255,268,270,276,278,284,285,286,287,293,295,313,315,316,318,322,323,326,327,328,329,334,335,338,339,340,341,344,345,350,351,354,355,358,359,360,361,365,366,370,371,373,374,378,379,382,383
OX66,93,95,190,191,211,213,219,222,236,237,244,245,253,254,268,269,275,276,280,285,291,293,294,295,300,301,310,311,315,316,317,318,324,326,327,328,329,334,338,339,342,344,345,348,352,365,371,372,373,378,379,383
OX67,94,95,189,191,211,212,213,215,218,220,236,239,243,246,250,253,268,271,276,277,278,279,285,287,291,294,295,299,300,302,308,309,310,314,315,318,324,325,327,330,333,335,336,338,342,344,346,347,350,351,354,355,361,364,365,366,371,372,373,374,377,379
Z0,0,48,64,192,224,256
Z1,1,49,65,193,225,257
Z2,2,50,66,194,226,258
Z3,3,51,67,195,227,259
Z4,4,52,68,196,228,260
Z5,5,53,69,197,229,261
Z6,6,54,70,198,230,262
Z7,7,55,71,199,231,263
Z8,8,56,75,200,232,267
Z9,9,57,74,201,233,266
Z10,10,58,73,202,234,265
Z11,11,59,72,203,235,264
Z12,12,60,77,206,236,268
Z13,13,61,76,207,237,269
Z14,14,62,79,204,238,270
Z15,15,63,78,205,239,271
Z16,16,40,80,208,240,272
Z17,17,41,81,209,241,273
Z18,18,42,82,210,242,274
Z19,19,43,83,211,243,275
Z20,20,44,84,212,244,276
Z21,21,45,85,213,245,277
Z22,22,46,86,214,246,278
Z23,23,47,87,215,247,279
Z24,24,32,91,216,248,283
Z25,25,33,90,217,249,282
Z26,26,34,89,218,250,281
Z27,27,35,88,219,251,280
Z28,28,36,93,222,252,284
Z29,29,37,92,223,253,285
Z30,30,38,95,220,254,286
Z31,31,39,94,221,255,287
Z32,0,24,128,152,224,248,288,312
Z33,1,25,129,153,225,249,289,313
Z34,2,26,130,154,226,250,290,314
Z35,3,27,131,155,227,251,291,315
Z36,6,28,132,156,230,252,294,318
Z37,7,29,133,157,231,253,295,319
Z38,4,30,134,158,228,254,292,316
Z39,5,31,135,159,229,255,293,317
Z40,0,16,96,112,192,208,288,304
Z41,1,17,97,113,193,209,289,305
Z42,2,18,98,114,194,210,290,306
Z43,3,19,99,115,195,211,291,307
Z44,4,20,100,116,196,212,292,308
Z45,5,21,101,117,197,213,293,309
Z46,6,22,102,118,198,214,294,310
Z47,7,23,103,119,199,215,295,311
Z48,8,16,136,144,232,240,296,304
Z49,9,17,137,145,233,241,297,305
Z50,10,18,138,146,234,242,298,306
Z51,11,19,139,147,235,243,299,307
Z52,14,20,142,150,238,244,300,308
Z53,15,21,143,151,239,245,301,309
Z54,12,22,140,148,236,246,302,310
Z55,13,23,141,149,237,247,303,311
Z56,32,57,163,178,266,283,327,344
Z57,32,60,128,148,236,248,320,344
Z58,34,59,161,176,264,281,325,346
Z59,34,62,130,150,238,250,322,346
Z60,33,61,129,149,237,249,321,345
Z61,35,63,131,151,239,251,323,347
Z62,41,48,169,184,256,273,333,336
Z63,40,49,168,185,257,272,332,337
Z64,43,50,171,186,258,275,335,338
Z65,42,51,170,187,259,274,334,339
Z66,42,52,138,158,228,242,329,339
Z67,43,53,139,159,229,243,328,338
Z68,40,54,136,156,230,240,331,337
Z69,41,55,137,157,231,241,330,336
Z70,35,58,160,177,265,280,324,347
Z71,38,58,134,146,234,254,324,350
Z72,33,56,162,179,267,282,326,345
Z73,36,56,132,144,232,252,326,348
Z74,37,57,133,145,233,253,327,349
Z75,64,84,100,112,192,212,352,372
Z76,39,59,135,147,235,255,325,351
Z77,66,86,102,114,194,214,354,374
Z78,47,49,141,153,225,247,332,341
Z79,46,48,140,152,224,246,333,340
Z80,45,51,143,155,227,245,334,343
Z81,44,50,142,154,226,244,335,342
Z82,64,88,160,184,256,280,364,372
Z83,65,85,101,113,193,213,353,373
Z84,65,89,161,185,257,281,365,373
Z85,66,90,162,186,258,282,366,374
Z86,67,87,103,115,195,215,355,375
Z87,68,80,96,116,196,208,356,368
Z88,67,91,163,187,259,283,367,375
Z89,72,80,168,176,264,272,356,380
Z90,96,128,164,288,320,368
Z91,97,129,165,289,321,369
Z92,98,130,166,290,322,370
Z93,99,131,167,291,323,371
Z94,100,134,160,292,324,372
Z95,101,135,161,293,325,373
Z96,102,132,162,294,326,374
Z97,103,133,163,295,327,375
Z98,104,136,175,296,331,376
Z99,105,137,174,297,330,377
Z100,106,138,173,298,329,378
Z101,107,139,172,299,328,379
Z102,108,141,168,303,332,380
Z103,109,140,169,302,333,381
Z104,110,143,170,301,334,382
Z105,111,142,171,300,335,383
Z106,112,144,180,304,348,352
Z107,113,145,181,305,349,353
Z108,114,146,182,306,350,354
Z109,115,147,183,307,351,355
Z110,116,150,176,308,346,356
Z111,117,151,177,309,347,357
Z112,118,148,178,310,344,358
Z113,119,149,179,311,345,359
Z114,120,152,188,312,340,360
Z115,121,153,189,313,341,361
Z116,122,154,190,314,342,362
Z117,123,155,191,315,343,363
Z118,124,157,184,319,336,364
Z119,125,156,185,318,337,365
Z120,126,159,186,317,338,366
Z121,127,158,187,316,339,367
Z122,37,60,164,181,268,285,320,349
Z123,36,61,165,180,269,284,321,348
Z124,39,62,166,183,270,287,322,351
Z125,38,63,167,182,271,286,323,350
Z126,69,93,165,190,261,284,362,369
Z127,68,92,164,191,260,285,363,368
Z128,71,95,167,188,263,286,360,371
Z129,70,94,166,189,262,287,361,370
Z130,47,54,175,189,262,279,331,341
Z131,46,55,174,188,263,278,330,340
Z132,45,52,173,191,260,277,329,343
Z133,44,53,172,190,261,276,328,342
Z134,70,82,98,118,198,210,358,370
Z135,72,92,108,123,203,223,363,380
Z136,74,94,110,121,201,221,361,382
Z137,73,81,169,177,265,273,357,381
Z138,73,93,109,122,202,222,362,381
Z139,14,30,111,127,204,220,300,316
Z140,15,31,110,126,205,221,301,317
Z141,12,28,109,125,206,222,302,318
Z142,13,29,108,124,207,223,303,319
Z143,8,24,104,120,200,216,296,312
Z144,9,25,105,121,201,217,297,313
Z145,10,26,106,122,202,218,298,314
Z146,11,27,107,123,203,219,299,315
Z147,69,81,97,117,197,209,357,369
Z148,74,82,170,178,266,274,358,382
Z149,71,83,99,119,199,211,359,371
Z150,75,95,111,120,200,220,360,383
Z151,75,83,171,179,267,275,359,383
Z152,76,88,107,124,207,219,364,379
Z153,77,89,106,125,206,218,365,378
Z154,76,84,172,180,269,276,352,379
Z155,77,85,173,181,268,277,353,378
Z156,78,90,105,126,205,217,366,377
Z157,78,86,174,182,271,278,354,377
OZ0,290,291,292,293,298,299,300,301,306,307,308,309,314,315,316,317,322,323,324,325,328,329,334,335,338,339,342,343,346,347,350,351
OZ1,289,291,293,295,297,299,301,303,305,307,309,311,313,315,317,319,321,323,324,326,329,331,332,334,337,339,341,343,345,347,348,350,352,353,354,355,364,365,366,367,372,373,374,375,376,377,378,379
OZ2,292,293,294,295,300,301,302,303,308,309,310,311,316,317,318,319,322,323,324,325,330,331,332,333,336,337,340,341,346,347,350,351,354,355,358,359,360,361,366,367,370,371,374,375,376,377,382,383
OZ3,321,323,324,326,328,330,333,335,336,338,340,342,345,347,348,350,352,354,357,359,360,362,364,366,369,371,372,374,377,379,381,383
OZ4,148,149,150,151,156,157,158,159,178,179,180,181,184,185,188,189,196,197,198,199,200,201,202,203,208,209,210,211,212,213,214,215,225,226,228,231,232,235,236,239,240,243,245,246,249,250,253,254,257,258,261,262,265,266,268,271,273,274,276,279,281,282,285,286,291,294,296,297,298,300,301,303,304,305,306,310,315,316,317,319,322,323,328,331,332,334,337,338,340,342,346,347,348,349,350,351,352,353,355,358,361,362,363,364,365,366,370,374,377,378,379,383
OZ5,177,179,181,183,184,186,189,191,196,197,198,199,200,201,202,203,208,209,210,211,212,213,214,215,226,227,228,229,232,233,236,237,240,241,244,245,250,251,252,253,258,259,262,263,264,265,268,269,274,275,278,279,280,281,284,285,296,297,298,299,300,301,302,303,304,305,306,307,316,317,318,319,322,327,328,330,331,333,334,335,339,340,342,343,344,345,347,349,352,353,354,358,360,361,362,365,370,375,378,380
OZ6,208,209,210,211,212,213,214,215,216,217,218,219,220,221,222,223,240,241,242,243,244,245,246,247,248,249,250,251,252,253,254,255,304,305,306,307,308,309,310,311,312,313,314,315,316,317,318,319,322,323,326,327,328,329,332,333,336,337,342,343,344,345,350,351,352,353,356,357,360,361,366,367,370,371,374,375,378,379,380,381
OZ7,141,143,156,158,171,173,174,175,178,179,180,181,187,188,189,190,195,196,197,199,202,207,211,214,218,220,221,222,225,227,233,234,236,239,240,243,244,245,248,250,253,255,257,260,261,263,266,268,269,271,272,276,277,278,283,284,285,286,294,295,296,297,298,299,302,303,308,309,312,313,314,315,316,317,322,323,326,327,338,339,342,343,348,349,350,351,354,355,356,357,358,359,362,365,370,371,379,381,382,383
OZ8,152,153,154,155,156,157,158,159,178,179,180,181,184,185,188,189,202,203,206,207,210,211,212,213,216,217,218,219,226,227,228,229,232,233,234,235,248,249,254,255,258,259,260,261,266,267,268,269,274,275,276,277,280,281,286,287,296,297,300,301,306,307,308,309,316,317,318,319,322,323,326,327,336,337,340,341,344,345,346,347,352,353,354,355,360,361,362,363,370,371,374,375,376,377,382,383
OZ9,178,179,180,181,186,187,190,191,201,203,204,206,209,210,213,214,218,219,220,221,225,226,228,231,234,235,236,237,240,241,242,243,248,250,252,254,257,258,260,263,265,266,269,270,272,275,277,278,280,283,284,287,296,298,301,303,305,306,309,310,312,313,318,319,322,327,331,334,338,341,342,343,345,348,349,351,353,354,355,357,360,364,365,367,370,375,378,380
OZ10,200,201,202,203,204,205,206,207,216,217,218,219,220,221,222,223,232,233,234,235,236,237,238,239,248,249,250,251,252,253,254,255,296,297,298,299,300,301,302,303,312,313,314,315,316,317,318,319,328,329,330,331,332,333,334,335,336,337,338,339,340,341,342,343
OZ11,149,151,157,159,173,175,179,181,184,185,187,189,195,197,199,201,205,207,211,212,213,214,215,217,227,228,230,233,236,238,240,242,243,244,245,246,247,248,249,250,260,261,262,263,268,269,270,271,272,274,281,283,295,296,297,298,299,300,302,303,308,310,311,312,313,314,315,316,317,318,322,323,326,327,328,335,336,338,340,341,346,348,352,353,357,358,359,361,362,363,364,366,370,371,374,377,380,381
OZ12,198,199,206,207,209,211,212,215,216,218,221,222,226,227,234,235,241,242,244,246,248,251,253,255,258,259,262,263,264,265,268,269,274,275,278,279,280,281,284,285,291,295,299,303,305,308,310,311,312,314,315,317,322,324,325,327,330,334,339,340,344,346,347,351,353,355,357,359,362,363,366,367,370,371,372,373,377,379,380,382
OZ13,197,199,205,207,212,214,220,222,229,231,237,239,244,246,252,254,293,295,301,303,308,310,316,318,322,324,325,326,331,332,333,335,336,337,338,341,345,346,347,351,355,357,358,359,361,364,366,367,370,372,374,375,376,381,382,383
OZ14,196,199,204,207,209,211,212,213,216,218,222,223,226,227,228,230,234,235,236,238,241,242,244,245,246,247,248,251,258,259,262,263,264,265,268,269,274,275,278,279,280,281,284,285,291,293,299,301,305,311,312,314,315,316,317,318,324,325,330,331,340,341,346,347,353,356,357,359,361,362,363,365,366,367,371,372,376,377,379,382
OZ15,195,199,201,204,206,207,209,210,211,212,218,222,227,231,233,236,237,238,241,242,243,244,250,252,294,295,297,299,300,303,305,306,308,310,314,315,322,323,324,325,326,327,328,329,330,331,332,333,336,337,340,341,342,343,344,345,346,347,350,351,353,355,357,359,360,361,364,365,370,371,372,373,376,378,381,383
OZ16,225,226,228,231,233,234,237,238,241,242,244,247,249,250,253,254,257,258,260,263,265,266,269,270,273,274,276,279,281,282,285,286,324,325,326,327,328,329,330,331,336,337,338,339,348,349,350,351,352,353,354,355,364,365,366,367,372,373,374,375,376,377,378,379
OZ17,226,227,230,231,234,235,236,237,242,243,246,247,250,251,252,253,258,259,262,263,264,265,268,269,274,275,278,279,280,281,284,285,322,323,326,327,328,329,332,333,336,337,342,343,344,345,350,351,354,355,358,359,362,363,364,365,370,371,374,375,378,379,380,381
OZ18,180,181,182,183,188,189,190,191,201,203,205,207,210,211,214,215,216,219,220,223,228,229,230,231,233,235,236,238,242,243,246,247,248,251,253,254,260,261,262,263,268,269,270,271,291,293,294,295,297,300,301,303,306,309,312,319,322,324,328,329,330,332,334,335,337,338,339,340,342,343,347,351,352,353,360,361,364,365,366,367,370,371,372,373,374,375,378,379
OZ19,184,185,186,187,188,189,190,191,202,203,206,207,209,210,213,214,216,218,220,222,228,229,230,231,234,235,238,239,240,242,244,246,249,250,252,255,260,261,262,263,268,269,270,271,272,273,276,277,282,283,286,287,291,293,296,297,298,301,305,306,307,310,313,314,315,316,317,319,324,327,328,329,330,331,332,335,337,339,340,341,345,347,348,349,352,354,355,357,358,359,361,367,371,372,373,375,379,380,382,383
OZ20,204,205,206,207,210,211,212,213,218,219,222,223,228,229,230,231,241,242,245,246,249,250,253,254,260,261,262,263,268,269,270,271,273,275,276,278,280,282,284,286,293,294,297,299,300,301,306,307,308,310,313,314,324,325,328,331,333,335,342,343,345,346,349,351,353,354,358,359,361,363,372,374,376,377,381,382
OZ21,240,241,242,243,244,245,246,247,248,249,250,251,252,253,254,255,272,273,274,275,276,277,278,279,280,281,282,283,284,285,286,287,296,297,298,299,300,301,302,303,312,313,314,315,316,317,318,319,322,323,324,325,328,329,334,335,336,337,340,341,344,345,348,349,352,353,358,359,362,363,366,367,370,371,372,373,376,377,380,381
OZ22,142,143,150,151,153,155,157,159,171,174,181,183,187,191,201,206,209,210,212,213,214,215,217,220,222,223,229,230,235,237,242,244,245,246,252,254,261,262,264,266,268,269,273,279,282,285,291,293,294,297,301,302,305,306,307,308,311,313,316,317,318,319,322,323,325,327,329,330,332,333,334,335,337,342,345,348,349,350,352,353,357,362,370,374,375,377,378,380,382,383
OZ23,150,151,156,157,171,173,182,183,186,190,199,201,203,207,210,211,215,217,218,223,227,228,229,230,231,233,236,238,243,246,247,249,253,254,259,260,261,262,264,268,269,270,274,278,281,286,291,294,297,298,299,301,302,303,306,310,313,317,318,319,322,324,325,326,327,328,329,330,333,335,336,338,341,342,343,344,345,346,347,348,349,351,352,353,359,363,364,366,370,371,372,373,375,378,380,382
OZ24,209,210,213,214,216,219,220,223,236,237,238,239,241,243,244,246,248,250,252,254,268,269,270,271,274,275,276,277,280,281,284,285,293,295,298,299,301,302,305,306,310,311,312,314,316,317,318,319,325,326,328,330,334,335,340,343,345,347,350,351,353,355,357,358,362,363,364,365,366,367,374,375,377,378,381,383
OZ25,171,173,187,190,201,203,205,207,210,211,212,213,216,219,221,222,227,228,230,231,232,233,236,237,241,244,245,246,249,250,253,254,259,260,262,263,264,267,268,271,273,274,275,278,280,281,282,283,284,285,286,287,291,295,296,298,306,308,309,311,313,314,318,319,323,325,328,332,333,335,337,338,339,341,344,346,347,348,350,351,352,355,358,359,364,366,373,375,376,379,380,381
OZ26,232,233,236,237,241,242,244,247,248,250,252,254,266,267,268,269,273,274,276,279,281,283,284,286,291,294,296,298,299,300,307,310,312,314,315,316,322,325,328,329,330,333,334,335,338,340,341,343,345,349,350,351,353,354,358,359,361,362,366,367,370,371,373,374,376,377,381,382
OZ27,228,229,230,231,233,234,237,238,244,245,246,247,249,250,253,254,260,261,262,263,265,266,269,270,276,277,278,279,281,282,285,286,291,295,297,298,299,301,302,303,307,311,313,314,315,317,318,319,324,325,326,327,329,330,332,335,337,338,340,343,348,349,350,351,352,353,354,359,360,361,362,364,371,372,373,374,379,381,382,383
OZ28,234,235,238,239,241,242,244,247,249,251,253,255,264,265,270,271,273,274,276,279,280,282,285,287,291,294,297,301,302,303,307,310,313,317,318,319,322,325,328,329,330,333,334,335,338,340,341,343,345,349,350,351,353,354,358,359,360,363,364,365,370,371,373,374,378,379,380,383
OZ29,173,175,179,183,185,186,187,189,201,205,210,212,213,215,216,219,221,222,227,229,231,237,242,244,247,248,249,252,259,261,263,266,269,271,277,280,282,287,294,295,301,302,306,308,309,310,312,313,315,317,322,323,325,329,331,333,336,337,338,340,341,342,343,344,346,347,348,351,352,354,359,361,362,364,366,367,370,371,373,374,375,382
OZ30,202,203,206,207,210,211,212,213,220,221,222,223,230,231,233,235,237,238,246,247,249,251,253,254,262,263,265,266,268,270,274,275,276,277,278,279,280,282,284,287,293,294,297,298,306,307,308,310,313,315,316,317,323,325,326,327,331,333,334,335,336,341,342,343,346,348,349,350,352,353,355,358,362,364,366,367,371,375,376,377,378,381,382,383
OZ31,201,203,205,207,210,211,212,213,216,219,221,222,229,231,237,239,242,243,244,247,248,249,252,255,261,263,264,266,277,279,280,282,293,294,301,302,306,307,308,310,312,313,317,319,322,323,324,326,329,331,332,333,336,337,340,342,344,346,350,351,361,362,365,366,370,371,372,373,376,378,380,382
OZ32,233,235,236,238,241,242,244,247,250,251,252,253,264,266,268,270,273,274,276,279,280,281,284,285,294,295,298,299,310,311,314,315,323,324,328,330,331,332,333,335,337,338,339,340,344,348,350,351,352,354,355,359,360,362,363,365,366,367,371,372,374,375,376,377,378,380,381,383
OZ33,227,231,235,237,243,247,251,253,259,263,264,269,275,279,280,285,323,324,325,326,329,330,331,332,337,338,339,343,345,348,349,350,352,353,354,359,363,365,366,367,371,372,373,374,376,377,378,380
OZ34,156,157,158,159,188,189,190,191,229,230,237,238,242,243,245,247,250,251,253,255,261,262,269,270,274,275,277,279,280,281,285,287,291,295,298,300,301,303,307,311,314,316,317,319,323,324,325,326,329,330,331,332,337,338,339,343,345,348,349,350,352,353,354,355,360,361,366,367,372,373,374,375,376,377,382,383
OZ35,155,158,187,191,229,230,235,236,238,239,243,244,245,246,251,252,254,255,261,262,264,268,270,271,275,276,277,278,280,284,286,287,322,324,325,327,329,332,334,335,337,340,341,343,344,348,349,351,352,353,355,358,360,361,363,365,370,372,373,375,378,380,382,383
OZ36,154,159,186,190,229,230,235,236,238,239,241,244,246,247,249,250,251,252,253,255,261,262,264,268,270,271,273,276,278,279,280,281,282,284,285,287,291,294,297,301,302,303,307,310,313,317,318,319,324,327,329,331,334,335,336,339,340,341,342,343,344,345,348,350,352,354,355,359,360,362,363,365,366,367,371,372,374,375,376,377,378,380,381,383
OZ37,153,157,158,159,185,188,190,191,235,236,237,239,243,244,249,252,264,268,269,271,275,276,282,284,291,294,299,300,301,303,307,310,315,316,317,319,323,325,326,327,328,330,331,334,337,338,339,341,342,343,344,349,353,355,360,363,366,367,373,375,376,377,380,383
OZ38,216,217,218,219,220,221,222,223,229,230,237,238,242,243,244,246,248,249,252,254,261,262,269,270,274,275,276,278,280,281,285,287,291,295,298,302,307,311,312,313,315,316,317,319,322,324,325,327,328,330,331,333,336,338,339,342,344,348,349,351,352,353,358,359,360,361,362,363,370,371,372,373,376,377,378,379
OZ39,151,157,158,159,174,175,181,185,186,189,190,191,203,205,206,207,210,211,213,215,217,221,230,236,237,239,242,244,245,247,249,252,253,255,262,264,275,276,284,285,293,295,299,300,301,302,306,307,313,316,317,319,323,324,325,327,328,331,332,333,336,340,342,343,344,347,348,350,352,353,355,358,360,364,365,366,371,372,377,380,382,383
OZ40,186,187,188,189,199,205,210,211,215,218,219,221,230,235,237,238,246,251,253,254,262,263,264,269,270,271,274,275,278,279,281,285,286,287,293,295,298,300,301,302,306,307,309,311,315,316,317,318,322,324,326,330,332,333,336,337,341,345,347,348,349,351,352,353,354,360,363,364,370,372,373,374,375,377,378,380,382,383
OZ41,185,187,188,190,199,203,205,207,211,213,215,220,221,222,230,231,235,237,238,239,241,242,249,250,251,253,262,270,273,274,275,277,279,280,281,282,284,285,286,287,293,297,298,300,301,303,307,313,314,315,317,318,324,325,326,328,329,331,332,333,338,340,341,348,349,350,352,353,354,355,363,367,372,374,376,377,379,381,382,383
OZ42,210,211,212,213,218,219,220,221,230,231,238,239,241,242,245,247,249,250,252,254,262,263,270,271,273,275,276,279,280,282,284,287,297,299,301,303,306,307,308,309,313,314,316,319,322,325,328,332,333,334,337,338,339,340,345,346,347,348,350,351,352,359,360,361,362,364,365,366,370,373,377,381
OZ43,174,175,181,182,188,190,203,205,206,207,212,215,219,220,221,222,230,231,236,237,238,239,241,243,249,251,254,255,262,263,264,270,273,275,276,279,282,284,294,295,297,299,301,303,308,310,313,315,316,317,326,327,328,329,331,333,334,335,339,340,342,343,344,346,348,349,350,351,352,355,361,366,378,380,381,383
OZ44,229,230,236,239,241,242,249,250,261,262,268,271,273,274,281,282,291,295,297,298,299,301,302,303,307,311,313,314,315,317,318,319,322,323,325,327,328,329,332,334,336,337,341,343,344,345,349,351,353,358,362,366,370,373,377,381
OZ45,241,242,245,246,249,250,252,255,273,274,277,278,281,282,284,287,291,293,294,295,297,298,299,303,307,309,310,311,313,314,315,319,322,323,324,325,330,331,332,333,337,339,341,343,345,347,348,350,352,354,355,358,362,364,365,367,370,372,374,375,376,378,379,381
OZ46,143,158,175,189,203,205,206,207,218,220,222,223,231,235,236,238,239,242,243,244,245,246,251,253,263,269,270,274,275,276,277,278,280,281,284,286,293,295,298,303,309,311,315,316,317,319,322,323,325,327,330,331,332,334,337,338,340,341,342,343,344,347,358,359,360,362,364,365,370,371,377,378
OZ47,179,181,182,183,187,188,189,190,199,206,211,213,215,217,218,219,230,231,236,237,243,245,249,250,251,252,262,269,279,284,293,301,302,303,307,313,314,315,317,319,322,323,326,327,328,329,332,333,336,337,339,340,341,343,344,349,354,358,359,361,365,366,370,371,373,374,375,378,379,382
OZ48,203,207,211,212,217,218,230,235,236,237,238,239,242,245,247,249,251,253,262,268,270,271,274,275,276,277,279,280,281,285,294,295,298,303,307,308,310,311,313,315,324,327,328,329,332,334,337,338,344,346,350,351,354,359,361,363,365,366,372,374,379,382
OZ49,199,206,214,223,236,237,238,239,244,245,246,247,263,269,270,271,276,277,279,285,293,294,295,301,309,317,318,319,322,324,326,327,328,335,338,340,341,343,344,345,347,348,349,350,352,353,354,358,359,360,361,363,364,365,370,372,373,379,382,383
OZ50,157,159,181,183,188,189,205,207,211,215,219,221,222,223,230,235,242,244,247,250,251,253,254,255,262,264,269,271,274,275,276,281,284,286,291,294,298,299,300,302,310,311,314,316,322,323,328,332,333,335,336,337,339,340,349,350,354,355,358,359,361,362,365,366,370,374,378,380
OZ51,158,159,181,182,188,189,212,213,214,215,217,219,222,223,230,239,244,245,246,249,251,254,262,271,279,284,285,286,293,303,308,310,311,313,315,318,322,325,326,328,332,334,337,339,340,341,342,345,346,348,350,351,352,353,355,358,361,362,363,366,370,374,379,382
OZ52,188,189,190,191,212,213,214,215,236,237,238,239,242,243,246,247,250,251,252,253,268,269,270,271,274,275,276,277,280,281,284,285,291,293,294,295,298,301,307,308,314,317,322,324,326,327,329,334,338,340,341,343,344,345,346,350,354,355,358,359,370,371,372,373
OZ53,182,183,187,189,190,191,206,207,211,215,218,219,222,223,231,236,238,239,242,243,244,245,247,251,252,253,263,269,270,271,274,276,277,281,291,293,298,299,301,302,309,311,317,318,322,323,324,325,327,333,334,335,336,338,339,340,341,344,347,348,350,351,352,358,359,360,362,363,364,365,370,372,375,378,379,383
OZ54,205,206,218,219,221,223,231,235,237,239,244,245,246,250,253,254,263,264,268,269,276,277,278,280,286,287,294,299,300,303,310,314,316,318,322,323,324,325,326,329,330,334,339,340,342,345,348,349,352,353,358,359,360,365,370,371,372,373,377,378,379,380,382,383
OZ55,235,238,242,244,245,247,250,251,253,255,264,270,274,276,277,279,280,281,285,287,293,298,299,303,309,314,315,319,329,334,341,342,347,349,353,361,363,364,373,379,380,382
OZ56,242,243,244,245,250,251,254,255,274,275,276,277,280,281,286,287,293,294,298,299,300,302,309,310,314,315,316,318,322,325,330,333,336,338,339,340,342,343,347,350,354,358,360,364,365,366,370,374,377,378,379,383
OZ57,181,187,213,218,221,223,230,231,238,239,243,244,246,250,251,255,262,263,270,271,275,276,277,278,280,285,295,299,302,303,309,311,314,315,317,318,323,329,332,333,336,337,338,339,341,342,347,351,353,355,359,361,363,364,371,375,378,379
OZ58,187,189,206,207,211,212,213,215,218,219,220,221,222,223,230,237,238,239,244,245,246,250,262,268,270,271,275,278,279,280,284,285,286,287,294,295,299,300,301,303,307,308,309,310,314,319,322,325,326,329,332,335,337,339,340,341,343,345,346,347,348,351,352,358,359,360,362,363,364,365,370,373,375,378,379,382
OZ59,183,191,206,207,211,212,213,219,220,221,222,223,231,237,243,247,251,253,263,268,276,277,279,284,286,287,293,294,295,300,302,303,307,308,310,311,315,317,318,319,322,323,325,326,329,331,332,333,334,335,336,337,338,339,340,342,343,345,346,348,349,351,352,353,355,358,360,362,363,367,370,371,375,376,378,382
OZ60,230,231,238,239,246,247,254,255,262,263,270,271,278,279,286,287,294,295,300,301,310,311,316,317,322,323,330,331,340,341,350,351,354,355,358,359,360,361,366,367,370,371,374,375,376,377,382,383
OZ61,175,189,190,191,206,211,213,217,222,223,236,237,239,245,247,249,251,252,253,255,269,271,275,279,280,287,293,294,295,299,303,307,310,311,313,315,324,327,328,331,332,337,338,343,344,348,350,351,352,354,359,362,363,365,366,372,373,374
OZ62,206,207,211,212,217,223,237,238,243,244,246,247,249,254,268,270,278,279,285,286,293,300,301,302,307,308,309,313,316,317,323,324,325,329,330,333,334,335,336,338,339,341,343,346,347,351,363,364,371,372,377,378
OZ63,231,236,237,239,244,245,246,254,263,268,269,271,276,277,278,286,293,294,295,300,301,302,309,310,311,316,317,318,324,326,327,328,329,333,334,335,336,338,339,344,345,347,348,349,352,353,364,365,372,373,378,379
OZ64,91,94,211,212,221,223,236,239,243,245,246,247,254,255,268,271,276,277,278,279,283,285,286,287,293,295,300,301,307,308,309,311,316,319,322,324,325,328,340,341,343,344,346,347,355,358,359,360,361,363,364,367,370,372,375,379,382,383
OZ65,61,63,93,95,189,191,213,215,217,219,220,222,236,237,238,239,244,245,246,247,249,251,252,253,254,255,268,270,276,278,284,285,286,287,293,295,313,315,316,318,322,323,326,327,328,329,334,335,338,339,340,341,344,345,350,351,354,355,358,359,360,361,365,366,370,371,373,374,378,379,382,383
OZ66,93,95,190,191,211,213,219,222,236,237,244,245,253,254,268,269,275,276,280,285,291,293,294,295,300,301,310,311,315,316,317,318,324,326,327,328,329,334,338,339,342,344,345,348,352,365,371,372,373,378,379,383
OZ67,94,95,189,191,211,212,213,215,218,220,236,239,243,246,250,253,268,271,276,277,278,279,285,287,291,294,295,299,300,302,308,309,310,314,315,318,324,325,327,330,333,335,336,338,342,344,346,347,350,351,354,355,361,364,365,366,371,372,373,374,377,379
