X0,0,6,8,24,28,32
X1,1,7,9,25,29,33
X2,2,4,10,26,30,34
X3,3,5,11,27,31,35
X4,0,2,16,18,28,30,36,38
X5,1,3,17,19,29,31,37,39
X6,0,1,12,13,24,25,36,37
X7,5,6,17,18,28,31,41,42
X8,4,7,16,19,29,30,40,43
X9,4,5,20,21,34,35,42,43
X10,12,16,22,36,40,45
X11,13,17,23,37,41,44
X12,14,18,20,38,42,47
X13,15,19,21,39,43,46
X14,6,7,22,23,32,33,40,41
X15,8,11,13,14,24,27,44,47
X16,8,10,20,22,32,34,45,47
X17,2,3,14,15,26,27,38,39
OX0,36,37,38,39,40,41,42,43
OX1,40,41,42,43,44,45,46,47
OX2,24,25,26,27,28,29,30,31
OX3,25,26,28,30,32,33,37,39,42,43,44,47
OX4,26,27,29,30,33,35,38,39,41,42,44,46
OX5,28,29,30,31,32,33,34,35
OX6,19,21,29,30,31,33,34,35,38,39,41,43,44,47
OX7,21,23,29,30,33,34,38,39,44,47
OX8,22,23,29,31,33,35,41,43,45,46
OX9,23,27,29,33,35,39,43,44
OX10,7,11,29,31,41,44
OX11,11,27,29,30,31,33,34,35,38,41,44,47
Z0,0,6,8,24,28,32
Z1,1,7,9,25,29,33
Z2,2,4,10,26,30,34
Z3,3,5,11,27,31,35
Z4,0,2,16,18,28,30,36,38
Z5,1,3,17,19,29,31,37,39
Z6,0,1,12,13,24,25,36,37
Z7,5,6,17,18,28,31,41,42
Z8,4,7,16,19,29,30,40,43
Z9,4,5,20,21,34,35,42,43
Z10,12,16,22,36,40,45
Z11,13,17,23,37,41,44
Z12,14,18,20,38,42,47
Z13,15,19,21,39,43,46
Z14,6,7,22,23,32,33,40,41
Z15,8,11,13,14,24,27,44,47
Z16,8,10,20,22,32,34,45,47
Z17,2,3,14,15,26,27,38,39
OZ0,36,37,38,39,40,41,42,43
OZ1,40,41,42,43,44,45,46,47
OZ2,24,25,26,27,28,29,30,31
OZ3,25,26,28,30,32,33,37,39,42,43,44,47
OZ4,26,27,29,30,33,35,38,39,41,42,44,46
OZ5,28,29,30,31,32,33,34,35
OZ6,19,21,29,30,31,33,34,35,38,39,41,43,44,47
OZ7,21,23,29,30,33,34,38,39,44,47
OZ8,22,23,29,31,33,35,41,43,45,46
OZ9,23,27,29,33,35,39,43,44
OZ10,7,11,29,31,41,44
OZ11,11,27,29,30,31,33,34,35,38,41,44,47
