X0,0,59,93,130,134
X1,1,90,120,157,168
X2,2,38,58,124,133
X3,3,20,62,82,163
X4,4,38,73,88,162
X5,5,47,49,61,66
X6,6,50,99,135,178
X7,7,37,87,123,179
X8,8,43,80,98,153
X9,9,11,56,143,161
X10,10,20,83,92,150
X11,11,89,102,103,170
X12,10,12,53,131,154
X13,13,45,51,86,176
X14,14,33,58,96,137
X15,15,30,111,119,137
X16,16,21,23,110,114
X17,17,24,117,149,173
X18,18,27,41,92,177
X19,19,28,35,89,179
X20,3,68,121,164,166
X21,21,71,112,113,142
X22,22,104,108,113,138
X23,23,37,105,122,135
X24,24,41,158,163,178
X25,25,35,131,147,176
X26,26,83,102,121,147
X27,27,59,80,152,156
X28,28,36,79,122,165
X29,29,69,85,125,177
X30,15,57,114,155,160
X31,31,75,78,150,152
X32,32,73,97,101,132
X33,14,94,95,144,174
X34,34,76,109,140,148
X35,25,39,65,126,175
X36,33,36,57,75,154
X37,7,46,153,158,171
X38,4,17,106,125,138
X39,39,43,123,142,146
X40,1,40,128,132,159
X41,2,34,107,118,169
X42,40,42,81,130,161
X43,8,78,97,129,133
X44,44,49,100,148,167
X45,13,93,98,159,175
X46,46,82,100,118,129
X47,47,63,86,136,151
X48,48,61,108,144,149
X49,44,48,62,64,77
X50,6,88,96,165,173
X51,51,55,106,128,139
X52,52,69,71,155,156
X53,53,64,90,95,126
X54,29,54,74,140,162
X55,12,55,85,160,168
X56,56,107,119,145,164
X57,30,91,143,157,174
X58,19,45,66,117,171
X59,0,52,84,109,145
X60,26,60,116,141,151
X61,18,50,54,116,127
X62,63,72,76,127,134
X63,65,77,84,112,166
X64,67,74,101,120,167
X65,68,99,110,111,141
X66,22,70,94,124,146
X67,16,104,115,136,139
X68,42,72,105,115,172
X69,31,32,79,81,103
X70,9,70,87,169,172
OX0,64,77,82,84,100,108,112,117,118,123,129,142,144,146,149,153,158,166
OX1,74,76,78,84,85,89,92,94,97,102,103,105,107,108,109,110,112,114,115,119,122,123,124,125,129,133,135,136,138,139,140,142,143,146,152,153,155,158,161,162,163,164,169,170,171,172,179
OX2,78,82,92,97,100,118,133,152,163
OX3,80,81,83,84,89,91,93,94,95,101,103,106,107,109,110,112,114,116,117,118,119,121,122,123,124,125,127,129,130,132,134,135,138,140,141,142,143,144,146,147,148,149,150,152,153,154,155,157,160,162,164,169,171,179
OX4,66,75,79,81,82,85,86,90,91,92,94,99,100,101,103,107,108,109,111,114,116,117,119,122,124,125,127,128,130,132,134,135,138,139,140,143,148,150,155,157,159,162,163,168,169,171,179
OX5,75,76,79,84,85,91,92,94,101,103,105,107,108,109,110,112,114,115,118,119,120,122,123,124,125,129,135,136,138,139,140,142,143,146,148,150,153,155,158,161,162,163,164,169,171,172,179
OX6,76,83,85,89,90,92,95,103,105,106,108,115,116,117,121,127,128,130,134,136,139,141,144,147,149,150,154,158,159,160,161,163,168,172
OX7,77,83,99,110,111,121,126,131,141,164,166
OX8,83,84,91,101,102,106,110,111,112,116,117,118,120,121,122,123,125,127,129,135,138,140,141,142,146,147,148,149,153,162,164,170,171,179
OX9,82,84,85,89,90,94,100,101,102,103,105,107,108,109,110,112,114,115,118,119,120,122,123,124,125,128,129,130,134,135,136,138,139,142,143,146,153,155,157,158,159,161,162,164,168,169,170,171,172,179
OX10,84,85,89,91,92,95,99,102,103,105,106,108,110,111,112,115,116,117,118,123,127,129,136,139,140,142,144,146,148,149,150,153,154,157,158,160,161,163,164,170,172
OX11,85,106,110,114,117,122,135,138,149,155,171,179
OX12,92,95,101,106,108,110,114,120,122,125,135,138,144,150,154,155,157,158,160,162,163,171,179
OX13,81,89,90,94,102,103,107,108,109,110,111,117,119,120,122,124,128,130,132,134,135,143,149,157,159,168,169,170,171,179
OX14,89,90,91,99,102,103,104,105,109,110,111,113,115,116,118,123,127,128,129,130,134,136,139,140,145,146,148,153,157,159,161,164,168,170,172
OX15,91,94,95,107,119,124,143,144,145,157,164,169
OX16,94,95,101,106,107,110,111,117,120,122,124,125,135,138,144,145,149,157,162,164,169,171,179
OX17,90,95,108,109,110,111,117,122,128,130,134,135,144,145,149,159,164,168,171,179
OX18,95,101,106,108,120,125,138,144,157,162
OX19,99,104,113,116,117,118,122,123,127,129,135,138,140,146,148,149,153,171,179
Z0,0,76,109,134
Z1,1,101,120,132
Z2,2,118,129,133
Z3,3,20,83,121
Z4,4,29,125,162
Z5,5,47,60,151
Z6,6,24,173,178
Z7,7,43,123,153
Z8,8,46,129,153
Z9,9,56,107,169
Z10,10,75,150,154
Z11,11,91,143,170
Z12,12,57,154,160
Z13,13,51,128,159
Z14,14,30,137,174
Z15,15,110,111,114
Z16,16,21,104,113
Z17,4,17,88,173
Z18,18,29,54,177
Z19,19,35,45,176
Z20,3,62,77,166
Z21,21,71,114,155
Z22,22,94,108,144
Z23,23,99,110,135
Z24,6,122,135,165
Z25,25,53,126,131
Z26,26,68,121,141
Z27,27,92,150,152
Z28,28,79,89,103
Z29,18,41,50,178
Z30,14,58,94,124
Z31,31,32,78,97
Z32,32,40,81,132
Z33,33,36,96,165
Z34,34,100,118,148
Z35,35,89,102,147
Z36,15,33,57,137
Z37,37,87,105,172
Z38,38,58,88,96
Z39,39,65,112,142
Z40,40,93,130,159
Z41,20,41,92,163
Z42,42,72,130,134
Z43,39,43,98,175
Z44,44,62,82,100
Z45,7,19,171,179
Z46,8,78,80,152
Z47,45,47,66,86
Z48,48,64,95,144
Z49,5,49,67,167
Z50,50,99,116,141
Z51,13,25,175,176
Z52,0,52,59,156
Z53,12,53,90,168
Z54,54,76,127,140
Z55,55,85,106,125
Z56,30,56,119,143
Z57,51,86,136,139
Z58,38,73,97,133
Z59,59,80,93,98
Z60,26,60,102,170
Z61,61,66,117,149
Z62,44,48,49,61
Z63,63,72,115,136
Z64,64,65,77,126
Z65,67,91,120,157
Z66,68,111,119,164
Z67,69,85,155,160
Z68,70,87,123,146
Z69,52,71,84,112
Z70,63,116,127,151
Z71,73,74,101,162
Z72,74,140,148,167
Z73,10,83,131,147
Z74,16,23,105,115
Z75,46,82,158,163
Z76,31,36,75,79
Z77,17,108,138,149
Z78,11,81,103,161
Z79,84,145,164,166
Z80,27,69,156,177
Z81,2,70,124,169
Z82,9,42,161,172
Z83,90,95,157,174
Z84,1,55,128,168
Z85,22,113,142,146
Z86,34,107,109,145
Z87,104,106,138,139
Z88,24,117,158,171
OZ0,65,86,121,128,136,139,147,159,166,175,176
OZ1,89,98,101,102,112,120,121,122,123,132,135,142,144,149,153,157,158,159,165,166,173,174,178,179
OZ2,82,83,95,96,97,98,105,106,109,112,113,115,116,119,120,121,122,126,127,128,129,130,132,134,136,137,138,143,145,148,150,151,152,153,155,156,158,160,161,163,165,166,167,168,174,175
OZ3,91,93,96,97,98,101,102,105,107,108,112,113,115,116,118,119,120,121,127,129,134,135,136,137,149,151,153,157,158,166,170,173,178
OZ4,93,97,98,99,101,105,107,109,111,112,119,122,124,130,133,142,143,144,145,146,148,149,153,158,161,164,165,166,167,169,172,173,174,178
OZ5,95,101,120,126,132,157,159,174,175
OZ6,83,86,97,98,106,107,108,109,118,120,122,129,132,135,136,138,139,145,147,148,149,150,152,153,155,156,158,159,160,165,167,168,173,176,178
OZ7,86,96,99,105,110,111,112,114,118,121,124,129,133,135,137,141,142,144,146,147,149,151,157,160,166,168,169,172,173,174,176
OZ8,105,108,109,110,112,113,114,115,120,122,136,141,145,148,149,151,160,164,165,166,167,168,173
OZ9,97,98,99,101,106,107,108,109,110,114,118,128,129,138,144,145,148,153,157,158,159,160,167,168,174,178
OZ10,96,99,108,109,113,115,118,119,120,122,124,129,133,135,136,137,141,142,144,145,146,148,151,157,165,167,169,172,174
OZ11,98,99,101,106,108,109,110,111,114,119,132,136,138,139,141,144,145,148,151,153,157,158,159,160,167,168,174,178
OZ12,99,101,106,108,109,111,119,122,128,132,135,138,145,148,149,165,167,173
OZ13,106,111,112,113,119,136,138,139,141,151,164,166
OZ14,109,112,115,116,118,120,124,127,129,130,133,134,136,142,143,145,146,148,151,157,161,164,166,167,169,172
OZ15,107,108,111,113,116,118,119,124,127,129,130,133,134,141,142,143,144,146,161,174
OZ16,101,108,110,113,114,115,116,118,120,124,127,128,129,130,132,133,134,139,141,142,143,144,146,160,161,168,169,172,174
OZ17,108,113,115,116,118,124,127,129,130,133,134,136,142,143,144,146,151,161,169,172,174
OZ18,110,114,116,127,130,134,141,143,157,160,161,168
OZ19,111,112,115,118,119,124,129,133,136,141,142,146,151,164,166,169,172
