X0,0,18,35,43,53
X1,1,22,35,38,50
X2,2,14,34,38,59
X3,3,13,30,46,59
X4,4,15,34,37,53
X5,5,16,32,37,49
X6,6,19,27,46,58
X7,7,19,28,43,56
X8,8,23,29,36,49
X9,9,23,26,41,50
X10,10,15,28,36,57
X11,11,12,24,45,57
X12,3,12,33,42,56
X13,4,13,31,45,52
X14,10,14,26,40,58
X15,2,16,33,39,54
X16,5,17,31,41,51
X17,0,21,32,42,48
X18,7,22,29,39,55
X19,8,20,24,44,48
X20,1,21,30,47,51
X21,9,18,27,44,52
X22,6,20,25,47,55
OX0,17,23,29,34,35,36,37,38,39,41,43,45,46,47,50,52,53,55,56,57,59
OX1,34,35,37,38,39,41,43,46,49,50,52,53,56,59
OX2,25,27,28,29,30,35,38,41,42,43,44,47,48,49,50,52,55,58
OX3,23,31,36,39,45,46,49,52,56,57
OX4,26,27,28,29,30,31,32,33,36,38,39,40,42,44,45,47,48,51,52,53,54,55,57,58
OX5,28,29,32,33,40,41,46,47,49,51,52,53,54,55,56,58
OX6,27,29,30,32,35,38,41,42,43,44,47,48,49,50,51,52,53,55
OX7,39,41,46,49,52,56
Z0,0,18,44,48
Z1,1,22,47,55
Z2,2,14,40,54
Z3,3,19,46,56
Z4,4,15,45,57
Z5,5,23,41,49
Z6,6,25,40,58
Z7,7,33,39,56
Z8,8,20,29,55
Z9,9,18,35,50
Z10,10,19,28,58
Z11,11,12,33,54
Z12,11,17,31,45
Z13,4,13,34,59
Z14,2,16,34,37
Z15,13,27,46,52
Z16,16,29,39,49
Z17,12,24,42,48
Z18,0,32,37,53
Z19,3,21,30,42
Z20,8,24,36,57
Z21,5,21,32,51
Z22,1,30,38,59
Z23,6,20,27,44
Z24,10,23,26,36
Z25,17,25,47,51
Z26,15,28,43,53
Z27,7,22,35,43
Z28,9,31,41,52
OZ0,23,25,29,33,34,39,40,41,43,46,47,51,53,56,58,59
OZ1,32,33,34,37,38,39,41,42,47,50,51,55
OZ2,29,33,34,35,36,38,39,42,44,45,48,52,53,57
OZ3,33,35,36,37,39,41,42,44,45,47,48,49,50,51,52,53,55,57
OZ4,36,37,38,39,40,41,42,43,44,45,46,47,48,49,50,51,52,53,54,55,56,57,58,59
OZ5,34,35,38,53
OZ6,25,38,40,41,46,47,50,51,58,59
OZ7,38,39,40,41,46,47,50,51,54,55,58,59
