X0,0,93,110,258,275
X1,1,85,154,391,572
X2,2,92,182,287,644
X3,3,96,124,423,515
X4,4,80,286,480,641
X5,5,75,159,482,536
X6,6,104,262,335,626
X7,7,83,472,540,581
X8,8,102,361,430,645
X9,9,60,185,537,567
X10,10,65,128,477,507
X11,11,73,121,238,286
X12,12,112,194,257,615
X13,13,118,255,282,439
X14,14,71,126,436,592
X15,15,131,332,600,610
X16,16,142,289,353,482
X17,17,156,167,397,521
X18,18,149,285,422,551
X19,19,73,257,340,606
X20,20,162,174,481,617
X21,21,70,387,487,655
X22,22,69,333,385,614
X23,23,58,219,301,659
X24,24,292,504,598,639
X25,25,154,231,586,620
X26,26,133,167,223,625
X27,27,246,528,579,626
X28,28,255,289,449,495
X29,29,68,177,367,534
X30,30,143,169,336,513
X31,31,185,287,395,499
X32,32,272,291,427,518
X33,33,321,481,524,644
X34,34,249,322,480,540
X35,35,248,339,437,515
X36,36,263,357,548,649
X37,37,210,239,450,563
X38,38,69,181,271,647
X39,39,218,228,439,453
X40,40,259,331,416,444
X41,41,352,436,473,600
X42,42,198,415,456,648
X43,43,207,336,455,599
X44,44,162,276,332,462
X45,45,66,183,293,341
X46,46,143,359,591,615
X47,47,256,324,374,461
X48,48,71,344,408,537
X49,49,294,525,555,633
X50,50,338,418,461,573
X51,51,58,206,258,588
X52,52,218,295,426,647
X53,53,204,329,338,551
X54,54,163,188,411,507
X55,55,126,165,368,385
X56,56,211,249,477,534
X57,57,164,202,342,466
X58,51,187,291,546,553
X59,59,190,341,465,535
X60,60,209,222,386,576
X61,61,122,196,279,623
X62,62,193,527,580,636
X63,63,212,265,416,451
X64,64,184,250,523,625
X65,10,130,195,452,646
X66,45,202,349,468,568
X67,13,67,145,312,479
X68,29,254,370,405,547
X69,22,216,401,484,650
X70,21,290,490,497,652
X71,48,378,431,598,612
X72,40,72,394,474,602
X73,11,114,245,590,633
X74,74,183,312,395,453
X75,75,141,232,340,444
X76,76,345,467,545,601
X77,77,124,236,491,539
X78,78,265,358,459,627
X79,79,307,392,492,573
X80,80,273,390,448,630
X81,81,302,469,595,640
X82,82,180,538,566,658
X83,83,310,344,504,559
X84,84,122,178,422,560
X85,1,101,414,479,646
X86,6,86,177,224,568
X87,87,262,327,346,556
X88,88,125,360,593,636
X89,89,304,377,535,580
X90,90,272,303,394,588
X91,91,318,412,472,552
X92,92,121,294,505,618
X93,93,148,179,326,478
X94,94,315,348,389,496
X95,95,182,229,529,657
X96,96,271,407,528,655
X97,97,135,281,500,640
X98,98,125,391,510,654
X99,99,176,355,451,531
X100,100,140,176,348,396
X101,101,127,347,419,619
X102,102,311,379,429,516
X103,103,266,433,474,653
X104,86,120,230,342,587
X105,105,263,345,446,613
X106,106,138,346,595,608
X107,107,242,307,374,601
X108,108,115,240,371,592
X109,109,147,237,309,502
X110,0,55,203,313,330
X111,111,266,469,589,622
X112,112,199,227,384,420
X113,107,113,261,350,478
X114,114,170,221,277,631
X115,115,264,352,417,442
X116,116,269,319,421,616
X117,117,248,375,513,582
X118,118,267,414,485,620
X119,119,239,470,542,578
X120,64,120,170,562,622
X121,19,159,360,549,618
X122,61,214,317,390,475
X123,37,72,123,232,589
X124,77,179,220,388,440
X125,98,311,522,552,637
X126,38,110,165,220,423
X127,78,127,168,356,452
X128,30,65,175,532,604
X129,129,238,279,425,630
X130,85,130,175,591,659
X131,131,235,442,597,624
X132,132,172,456,594,635
X133,26,247,546,585,638
X134,17,134,339,512,612
X135,135,421,493,514,652
X136,106,136,168,313,643
X137,137,283,363,526,616
X138,136,297,381,498,605
X139,139,173,233,369,398
X140,140,184,230,367,508
X141,5,99,331,387,517
X142,16,161,203,381,533
X143,46,219,292,364,564
X144,35,144,233,288,424
X145,145,315,350,419,492
X146,146,296,383,432,608
X147,147,166,304,532,560
X148,148,213,234,298,617
X149,149,174,305,494,563
X150,150,282,417,471,554
X151,57,151,172,388,570
X152,152,186,277,498,555
X153,153,280,383,496,577
X154,25,335,438,575,632
X155,155,209,410,506,578
X156,134,276,361,424,642
X157,49,157,280,427,571
X158,158,409,486,512,619
X159,12,141,171,334,450
X160,160,411,473,541,571
X161,161,187,223,275,495
X162,20,196,285,397,642
X163,54,211,254,402,447
X164,151,412,491,510,583
X165,3,109,117,246,604
X166,28,133,485,511,649
X167,14,138,278,330,559
X168,153,169,396,520,565
X169,104,349,476,603,610
X170,119,171,225,372,530
X171,132,234,420,440,651
X172,139,284,382,413,460
X173,18,155,210,231,403
X174,100,156,404,523,623
X175,34,68,274,310,337
X176,84,240,309,425,554
X177,82,301,475,550,634
X178,103,181,243,399,562
X179,95,251,314,386,499
X180,44,66,300,476,645
X181,31,67,157,389,505
X182,186,400,522,569,656
X183,23,303,430,572,637
X184,188,320,413,458,514
X185,189,402,454,519,651
X186,190,225,328,441,503
X187,191,357,455,524,650
X188,192,356,486,530,605
X189,193,365,399,596,614
X190,194,260,295,364,609
X191,4,56,195,226,627
X192,89,178,329,365,392
X193,197,317,382,401,611
X194,42,208,226,445,585
X195,199,359,432,565,635
X196,200,229,327,358,643
X197,201,241,328,377,553
X198,164,205,284,457,557
X199,142,323,376,509,557
X200,204,224,370,403,575
X201,205,221,306,369,587
X202,206,242,326,443,550
X203,43,256,467,548,582
X204,208,366,459,597,607
X205,7,81,123,278,494
X206,41,163,216,368,460
X207,212,264,366,434,561
X208,213,268,321,454,529
X209,214,404,487,531,658
X210,215,318,400,489,501
X211,217,297,362,429,656
X212,39,260,293,334,441
X213,2,62,191,333,549
X214,76,180,222,443,542
X215,59,128,166,281,458
X216,53,217,316,405,533
X217,198,431,521,567,638
X218,189,227,362,547,628
X219,215,228,308,471,561
X220,63,200,314,343,398
X221,47,144,306,375,590
X222,137,235,373,544,593
X223,158,236,372,437,463
X224,150,237,449,509,584
X225,108,129,384,393,606
X226,241,380,435,518,577
X227,94,113,274,283,508
X228,243,308,426,569,631
X229,32,244,447,541,602
X230,245,324,445,558,641
X231,27,70,483,538,603
X232,201,247,373,527,607
X233,116,173,251,320,506
X234,97,111,250,446,511
X235,24,252,337,526,609
X236,253,371,408,545,576
X237,33,207,305,501,581
X238,8,90,259,288,343
X239,52,252,319,407,497
X240,261,298,363,462,624
X241,87,299,502,579,657
X242,36,267,351,438,484
X243,105,253,393,516,628
X244,268,299,488,584,629
X245,269,410,544,586,654
X246,270,325,351,448,611
X247,244,433,519,574,629
X248,91,273,322,406,539
X249,152,192,470,566,621
X250,15,160,483,525,621
X251,50,290,428,558,648
X252,270,296,435,556,632
X253,300,379,465,500,613
X254,146,302,428,493,594
X255,79,347,464,596,653
X256,88,376,466,536,583
X257,316,353,418,490,517
X258,197,354,457,564,634
X259,323,354,488,543,639
X260,325,380,406,463,503
X261,355,434,489,520,599
X262,378,409,464,543,574
OX0,225,266,281,282,304,308,309,320,328,333,338,341,387,399,401,407,413,417,418,426,428,433,441,449,460,461,465,471,474,483,484,487,490,497,502,503,509,514,535,538,554,558,560,562,569,573,579,584,603,614,626,631,647,648,650,652,653
OX1,249,254,265,278,286,318,322,344,346,352,358,366,390,402,406,408,409,411,412,415,445,447,448,456,464,472,473,480,521,534,537,539,543,552,559,567,574,585,592,595,597,598,600,607,608,612,630,638,641,643,648
OX2,234,251,274,280,284,288,292,299,301,305,306,315,319,320,324,332,339,347,348,350,359,364,369,372,373,382,383,388,389,392,396,398,409,410,411,413,421,424,440,442,443,454,455,460,461,462,463,464,467,473,481,483,486,488,491,492,501,506,508,512,520,524,525,526,529,539,541,548,550,564,565,571,573,577,581,584,586,590,593,596,597,599,600,601,610,615,617,619,621,629,644,653,654
OX3,179,184,220,230,231,232,239,240,251,255,265,266,271,276,279,281,282,284,286,287,291,292,293,294,297,303,304,306,308,309,318,319,320,324,327,331,335,337,338,339,341,343,347,348,352,353,354,357,358,359,360,361,362,364,365,366,367,369,371,372,373,376,377,380,386,388,391,393,396,397,398,401,402,404,412,413,414,416,418,419,420,423,424,425,426,428,430,432,433,435,438,439,440,442,444,445,450,453,454,455,457,460,461,465,466,474,479,483,484,485,486,487,488,490,491,499,501,502,503,504,505,508,510,511,512,514,517,518,519,520,521,522,523,524,526,529,531,533,535,536,538,542,543,547,554,555,560,562,565,566,569,573,575,577,578,579,580,583,584,585,586,588,590,592,596,598,599,603,607,612,615,619,620,621,623,625,626,628,630,631,632,633,635,636,637,638,641,642,643,644,647,648,649,651,652,653,656,657
OX4,231,240,255,266,276,279,281,282,291,297,303,308,328,335,338,339,347,353,356,361,373,376,377,380,382,387,390,391,397,401,404,407,414,417,418,419,421,424,425,426,428,430,435,438,446,457,461,469,471,475,479,482,483,485,488,490,493,497,498,500,502,512,514,518,521,527,531,533,538,543,557,558,562,564,569,573,575,577,579,584,585,586,588,589,603,605,607,611,612,619,620,623,626,631,632,634,637,638,639,640,642,647,648,649,658
OX5,184,219,230,232,239,240,265,276,279,280,282,286,287,288,291,293,294,303,304,305,309,318,321,327,331,337,338,341,343,348,352,356,357,358,360,361,362,365,366,367,371,373,374,377,380,382,383,386,393,397,401,402,404,409,410,412,416,418,420,425,428,430,432,433,435,439,442,444,445,446,449,450,453,454,457,463,465,466,467,469,474,481,482,483,484,487,490,493,496,498,499,500,502,503,504,505,506,508,509,510,511,517,518,519,521,522,523,526,529,531,535,536,538,539,542,544,547,548,554,555,557,560,564,566,572,573,578,579,580,581,583,584,585,586,588,589,592,596,598,603,605,607,612,616,619,621,623,625,626,628,630,633,635,636,637,638,639,640,641,642,643,648,651,653,654,656,657,659
OX6,232,239,265,266,280,281,286,287,288,293,294,301,304,305,308,309,315,318,321,327,328,331,337,339,341,343,347,350,352,354,356,357,358,360,362,365,366,371,383,386,387,389,390,392,393,402,407,409,410,412,416,417,420,421,424,426,432,433,439,442,443,444,445,450,453,454,461,463,464,465,466,467,471,474,475,481,482,484,487,492,497,498,499,503,504,505,506,510,512,514,517,519,522,526,527,529,535,536,539,542,544,547,548,550,554,555,557,558,560,562,566,569,573,577,578,580,581,583,586,592,598,601,605,611,616,619,621,628,630,631,633,634,635,636,639,641,643,647,651,654,656,657,658
OX7,216,255,280,281,287,291,294,301,303,305,310,315,320,321,327,337,338,339,346,347,350,351,352,354,356,357,361,362,365,368,371,372,376,379,380,386,389,391,392,393,402,408,410,413,415,418,420,424,427,429,430,435,436,442,443,446,447,449,454,456,460,467,470,472,475,481,482,483,484,485,490,492,498,499,500,502,503,505,506,509,512,514,516,517,518,521,526,527,529,530,537,538,540,541,543,544,547,548,550,555,556,557,566,567,577,579,580,581,584,585,586,588,593,594,597,601,603,605,607,612,616,619,621,626,628,629,632,633,634,635,637,638,639,645,649,651,656,657,658
OX8,219,240,255,265,266,274,276,278,279,280,281,282,286,287,294,305,308,318,320,321,327,328,333,344,348,351,352,356,357,358,362,365,366,371,372,373,374,376,377,379,382,386,387,391,393,397,399,402,404,406,407,409,410,412,413,417,420,425,426,427,428,429,433,442,445,446,447,448,454,457,460,461,467,470,471,474,481,482,485,496,497,498,499,500,503,505,506,508,514,516,517,521,526,529,530,531,539,541,544,547,548,552,555,556,557,558,559,562,564,566,569,572,574,580,581,585,586,592,593,594,595,596,598,605,607,608,611,612,614,616,619,621,623,628,629,630,631,632,633,635,638,639,641,642,643,645,647,649,650,651,652,656,657,659
OX9,251,274,278,280,284,288,291,292,301,303,305,306,315,319,320,321,324,337,344,347,348,350,351,359,360,361,364,369,376,379,380,382,389,391,392,396,398,406,410,413,421,427,428,429,430,432,433,435,443,447,448,455,460,461,463,464,466,467,469,474,481,492,493,501,503,504,506,508,510,516,518,519,520,522,524,536,541,544,548,550,552,556,559,564,565,573,574,577,581,583,586,588,589,590,593,594,595,596,599,601,608,611,615,616,629,632,636,637,640,644,645,653
OX10,255,266,281,282,318,400,421,446,469,471,485,489,493,500,501,514,561,562,569,589,631,640,649,652
OX11,209,240,266,276,279,281,291,293,297,303,305,308,310,320,329,332,333,335,337,338,339,341,347,353,356,361,365,372,376,380,382,387,390,391,392,397,399,403,404,407,410,411,413,414,417,418,419,424,425,426,428,430,433,435,438,439,442,453,457,460,461,462,465,470,471,472,473,474,475,479,481,482,484,488,490,497,498,502,503,506,512,514,518,521,525,526,527,530,531,533,538,540,541,542,543,544,551,557,558,562,564,569,571,573,575,577,579,580,581,584,585,586,588,593,597,600,603,605,607,610,611,612,614,616,617,619,620,621,623,626,631,632,634,637,638,639,642,647,648,650,652,653,658
OX12,265,274,278,280,282,286,287,291,294,303,305,308,319,320,321,327,333,337,338,339,344,348,351,352,354,356,357,358,361,362,365,366,371,372,374,376,379,380,386,390,391,393,399,400,401,402,406,407,409,410,412,413,418,420,421,424,426,427,429,430,433,435,442,445,447,448,449,454,460,467,469,470,471,474,475,481,482,483,489,490,493,496,497,498,499,501,502,503,504,505,506,508,509,512,516,517,518,527,529,530,538,539,541,544,547,548,552,555,556,557,559,561,564,566,573,574,577,579,580,581,584,586,588,589,592,593,594,595,596,603,605,608,614,616,619,621,626,628,629,630,632,633,634,635,637,640,641,643,645,647,648,650,651,652,656,657,658
OX13,240,274,276,278,279,282,301,315,319,328,338,339,344,347,348,350,351,354,361,373,374,377,382,383,387,389,390,392,397,401,404,406,417,418,424,425,427,432,433,443,447,448,449,457,461,463,464,469,471,474,475,483,490,492,493,496,502,503,508,509,512,519,521,526,527,531,538,541,550,556,558,559,574,577,579,584,585,589,594,595,596,598,601,603,607,608,612,623,626,629,632,634,638,639,640,642,648,652,653,658
OX14,305,310,332,337,373,411,442,462,472,473,481,483,525,526,540,541,544,571,581,593,597,600,610,616,617,621
OX15,274,278,280,284,291,292,301,303,306,310,315,321,324,332,339,344,347,348,350,351,359,360,361,364,369,372,373,376,379,380,389,391,392,396,406,409,411,412,424,427,428,429,430,432,433,435,442,443,447,448,455,457,461,462,464,467,469,472,473,474,483,486,492,493,501,503,504,508,512,516,518,519,520,522,524,525,526,536,539,540,544,548,550,552,556,557,559,564,565,571,573,574,577,588,589,590,594,595,596,597,599,600,601,608,610,611,615,616,617,619,621,629,632,636,637,640,644,645,653,654
OX16,282,308,318,338,387,400,407,418,426,428,449,461,471,483,487,489,490,497,501,502,509,538,558,561,573,579,584,603,626,647,648,652
OX17,266,281,284,287,292,294,306,308,310,315,320,321,324,332,345,350,351,357,359,364,369,371,373,374,382,383,386,389,393,396,407,408,410,411,413,414,419,426,427,438,442,455,460,461,462,467,469,472,473,479,483,484,492,493,496,497,499,500,501,504,505,506,514,516,520,524,540,541,545,555,562,565,569,576,577,586,589,590,593,597,598,599,600,610,613,615,617,620,621,628,631,633,639,640,644,647,652,654
OX18,278,284,287,292,294,301,306,310,315,319,320,324,327,333,344,346,347,350,352,354,356,357,359,360,362,364,365,369,371,374,386,387,389,392,393,396,399,401,402,406,410,412,413,415,420,421,431,432,442,443,448,454,455,456,457,460,464,470,472,475,482,486,487,492,496,498,499,501,504,505,506,517,519,520,521,522,524,527,529,530,536,539,540,544,547,550,552,555,558,559,565,566,567,573,580,585,586,590,592,595,597,599,601,605,607,608,611,614,615,616,621,628,633,634,635,636,638,644,648,650,651,653,654,656,657,658
OX19,284,287,292,294,301,306,310,315,319,320,321,324,332,337,347,350,359,364,369,373,382,383,386,389,392,396,410,411,413,421,427,442,443,455,460,461,462,464,467,472,473,483,492,496,499,501,505,506,520,524,526,540,541,548,550,555,564,565,573,577,586,590,593,596,597,599,600,601,610,615,617,621,633,644,653,654
OX20,304,308,309,318,354,365,376,377,387,392,400,407,417,426,428,461,482,483,487,488,489,497,501,502,517,535,538,543,554,557,558,560,561,573,579,580,584,603,626,639,647,648,652
OX21,264,286,288,291,303,310,318,321,327,332,337,343,346,351,360,361,373,376,379,380,383,390,391,411,412,415,416,427,428,429,430,431,432,433,434,435,442,445,447,451,456,462,463,466,469,472,473,474,483,493,503,510,516,518,519,521,522,525,526,529,536,539,540,544,556,561,567,571,574,583,585,588,589,594,600,607,610,611,616,617,621,629,630,632,636,637,638,640,641,645,648,654,657
OX22,293,297,301,308,318,319,328,329,333,335,338,339,341,345,351,353,354,356,357,360,361,365,371,374,377,379,382,387,393,399,400,401,403,407,408,409,412,418,424,426,428,429,433,439,443,453,457,461,463,464,465,469,470,471,474,475,482,483,486,487,488,489,490,493,497,498,500,501,502,503,512,522,530,533,536,539,543,544,545,548,550,551,552,558,561,566,575,576,579,580,584,589,593,596,601,603,605,613,614,616,626,628,632,634,636,639,640,645,647,648,650,658
OX23,333,352,354,356,357,360,362,365,371,374,382,383,387,393,399,401,402,406,412,415,420,427,431,432,442,448,454,456,457,461,467,470,475,482,486,487,498,517,519,521,522,525,527,530,536,539,547,548,552,558,564,566,567,571,577,580,585,592,596,597,605,607,611,614,621,628,634,635,636,638,648,650,651,656,658
OX24,280,287,291,294,297,301,303,315,329,335,338,350,353,356,372,374,380,386,389,391,392,403,410,414,418,419,427,430,435,438,443,464,470,475,479,490,492,498,499,503,505,506,517,518,525,530,533,538,550,551,555,566,571,573,575,577,586,588,596,601,605,619,620,632,633,634,637,653,658
OX25,297,320,327,329,335,337,338,339,346,347,351,352,353,361,362,365,371,374,379,392,393,401,402,403,409,413,414,415,418,419,420,421,424,429,431,433,438,442,447,454,455,456,460,467,469,474,479,483,488,490,493,502,504,512,516,517,521,524,525,526,527,529,533,541,543,544,547,548,551,556,567,571,573,574,575,579,580,584,585,589,592,593,594,597,598,603,607,616,620,621,626,628,629,635,638,640,644,645,651,652,656,657
OX26,320,321,332,339,347,351,361,365,371,373,374,379,392,393,401,408,413,414,415,419,420,421,424,433,438,454,455,456,460,462,464,467,469,474,479,488,493,502,512,516,521,524,527,537,548,567,573,579,580,584,585,589,594,603,607,610,612,617,620,626,628,629,635,638,640,644,645,651,652
OX27,299,301,319,337,345,352,356,360,362,365,371,374,376,382,383,392,393,401,402,406,412,427,428,431,432,442,443,448,455,457,470,475,483,486,498,502,504,519,521,522,524,525,526,527,529,530,536,537,538,539,543,545,547,548,550,552,557,566,571,573,576,577,579,580,585,592,594,597,598,601,603,605,607,611,621,626,628,629,634,636,638,644,652,656,658
OX28,292,319,321,332,337,356,359,360,364,365,374,376,382,383,392,401,406,411,412,415,427,428,431,442,448,455,456,457,462,467,470,473,475,486,488,498,502,504,521,522,524,526,527,530,536,538,539,541,543,548,552,557,564,565,566,567,573,577,579,580,584,585,597,598,600,603,605,607,610,611,615,617,626,634,636,638,644,652,656,658
OX29,276,288,291,301,303,315,319,328,337,338,339,343,347,350,354,360,373,374,377,379,380,389,391,392,396,397,404,416,418,424,428,429,430,434,435,443,451,461,464,466,482,483,487,488,489,490,492,496,502,504,510,512,516,517,518,520,521,522,526,527,531,536,538,543,550,552,557,558,564,577,579,583,584,585,588,593,596,598,599,601,603,607,612,623,626,636,637,638,642,645,648,652,653,654
OX30,288,291,301,303,315,319,327,337,343,346,347,350,351,352,356,361,362,365,371,379,380,382,389,391,393,396,401,402,412,415,416,420,429,430,431,433,434,435,442,443,447,451,454,455,456,457,463,464,466,467,469,470,474,475,483,486,488,489,492,493,496,498,502,503,504,510,516,518,520,521,524,525,526,527,529,530,538,539,541,543,547,548,550,556,557,566,567,571,574,577,579,580,583,584,585,588,589,592,593,594,596,597,598,599,601,603,605,607,621,626,628,629,632,634,635,637,638,640,644,645,651,652,653,654,656,657,658
OX31,301,319,321,327,329,332,335,346,352,354,356,362,373,374,376,387,392,402,403,408,409,428,429,431,442,443,447,461,462,482,487,488,498,502,517,525,529,537,538,541,544,547,550,551,556,557,558,564,571,574,575,579,584,592,593,596,597,601,603,605,610,612,616,617,619,621,626,648,652,653,656,657
OX32,287,291,294,303,310,315,319,350,351,356,357,360,365,372,373,374,376,380,382,386,389,391,392,396,401,406,410,412,414,415,419,428,430,431,435,438,448,456,457,467,472,479,483,484,486,488,492,496,498,499,501,502,503,504,505,506,518,520,521,522,527,536,539,540,543,544,548,552,555,557,567,573,577,579,580,584,585,586,588,593,598,599,603,605,607,611,616,620,621,626,633,636,637,638,652,656
OX33,338,360,365,392,418,482,490,517,527,536,580,636
OX34,291,303,328,339,360,361,373,376,377,379,380,391,424,429,430,435,466,510,512,516,518,521,522,527,536,552,577,583,585,588,593,607,612,636,637,638,645,654
OX35,319,327,328,339,346,347,361,365,371,372,373,374,377,379,382,383,392,393,401,406,408,409,411,412,414,415,419,420,424,427,428,432,438,442,447,448,454,455,456,457,464,466,467,473,479,483,486,488,502,503,510,512,516,519,524,525,529,537,539,544,548,556,557,567,571,573,574,577,579,580,583,584,593,597,600,603,611,616,619,620,621,626,628,632,635,644,645,651,652,657
OX36,321,327,328,332,339,346,347,352,356,360,361,362,372,376,377,379,402,408,409,414,419,424,431,438,442,447,462,464,466,470,475,479,483,498,503,510,512,516,521,522,525,527,529,530,536,537,538,541,543,547,552,556,564,566,571,574,583,585,592,597,605,607,610,617,619,620,621,632,634,636,638,639,645,656,657,658
OX37,281,328,329,335,337,339,345,351,357,360,361,371,372,373,376,377,379,392,393,403,408,421,424,429,433,466,469,470,474,475,484,493,500,503,504,510,512,514,521,522,526,527,530,536,538,544,545,548,551,552,564,566,575,576,583,585,589,593,596,598,607,612,613,616,628,632,634,636,638,639,640,645,652,653,658
OX38,327,329,335,346,352,354,356,360,362,365,371,374,382,383,387,392,393,401,402,403,406,412,415,420,427,431,432,442,448,454,455,456,457,461,467,470,475,482,486,487,498,517,519,521,522,524,525,527,529,530,536,539,547,548,551,552,556,558,564,566,567,571,575,577,580,585,592,597,605,607,611,621,628,634,635,636,638,644,648,651,656,657,658
OX39,337,352,373,408,409,431,442,464,504,526,537,543,544,574,592,593,597,598,612,616
OX40,328,372,373,377,409,486,503,521,527,585,607,612,619,638
OX41,308,310,315,347,350,352,360,365,376,382,389,396,400,401,406,407,408,409,412,415,426,428,442,448,456,457,472,475,483,488,492,496,497,501,502,504,520,521,527,536,537,538,539,540,552,557,564,567,574,579,580,584,585,592,596,597,598,599,603,607,611,612,626,634,636,638,639,647,652,653,658
OX42,339,347,351,352,357,360,361,373,374,376,379,392,408,414,419,424,429,431,438,442,466,467,470,475,479,484,486,510,512,516,522,530,536,537,538,543,548,552,564,566,573,574,583,592,596,597,612,619,620,634,636,639,645,653,658
OX43,329,335,351,360,365,376,383,392,403,406,412,427,428,432,433,447,448,466,469,474,493,510,519,527,536,539,541,551,574,575,577,580,583,589,594,611,629,632,636,640
OX44,286,310,318,352,356,357,362,372,374,383,390,392,402,408,411,412,415,427,428,429,432,433,445,456,463,467,469,472,473,474,484,486,493,498,504,519,537,539,540,541,543,547,548,552,567,573,577,589,592,594,596,598,600,605,611,629,630,640,641,648,653,656
OX45,345,347,351,360,371,372,373,374,376,383,392,393,406,408,409,411,414,415,419,420,427,428,429,431,432,433,438,442,447,448,454,456,463,466,467,469,470,473,474,475,479,483,488,493,502,510,519,522,525,530,536,538,543,545,552,564,566,567,571,573,576,577,579,583,584,589,596,597,600,603,611,612,620,621,626,628,634,635,636,639,640,651,653,658
OX46,310,318,352,356,362,372,392,402,408,411,412,415,429,447,456,461,463,472,473,486,498,504,537,539,540,543,547,552,558,567,573,574,592,596,598,600,605,648,653,656
OX47,315,318,347,350,354,357,362,372,374,376,382,383,387,389,392,396,401,402,409,411,412,427,428,429,432,433,442,457,463,464,466,467,469,473,474,475,482,484,486,487,492,493,496,501,510,517,519,520,521,522,539,541,547,548,564,573,574,577,583,585,589,594,596,597,599,600,607,612,619,629,634,638,640,653,658
OX48,352,354,356,357,362,371,374,376,383,387,393,402,406,412,415,420,427,431,432,442,448,454,456,461,467,470,475,482,484,486,487,498,517,519,521,522,525,530,539,547,548,552,557,558,564,566,567,571,577,585,592,597,605,607,611,621,628,634,635,638,648,651,656,658
OX49,357,374,380,392,406,427,435,448,463,464,467,470,484,486,503,525,530,548,566,571,573,577,596,611,619,621,653
OX50,354,356,376,380,383,387,392,411,412,415,420,431,432,435,442,447,454,456,461,463,464,473,475,482,487,498,503,517,519,521,522,539,552,557,558,564,567,573,585,596,597,600,605,607,619,634,635,638,648,651,653,656,658
OX51,347,351,356,360,362,371,372,373,376,383,393,402,406,408,409,411,414,419,427,428,431,432,433,438,442,447,448,463,464,466,469,470,473,474,475,479,483,488,493,498,502,510,522,525,530,536,537,538,543,547,552,564,566,571,577,579,583,584,589,594,597,600,603,605,611,612,619,620,621,626,628,634,636,639,640,656,658
OX52,356,380,383,392,411,412,415,420,431,432,435,442,447,454,456,461,463,464,473,498,503,519,521,522,539,552,558,567,573,585,596,597,600,605,607,619,635,638,648,651,653,656
OX53,360,365,376,380,412,427,435,447,463,466,503,510,519,527,536,539,541,574,577,580,583,596,629,636,653
OX54,382,401,406,412,448,457,466,510,539,557,583,611
OX55,475,483,488,502,538,543,564,579,584,603,626,634,639,658
OX56,362,371,393,402,408,415,420,454,456,519,537,547,567,594,628,635,651
OX57,371,372,392,393,408,409,411,412,415,420,428,429,433,442,454,456,461,463,469,473,474,483,486,488,493,502,521,522,525,537,539,541,552,558,567,571,573,579,584,585,589,594,596,597,600,603,607,612,619,621,626,628,629,635,638,640,648,651,653
OX58,392,411,415,420,428,431,433,442,447,454,456,461,464,469,470,473,474,483,486,488,493,502,519,521,530,558,566,567,573,574,579,584,585,589,594,596,597,600,603,607,619,626,635,638,640,648,651,653
OX59,411,415,420,431,442,447,454,456,464,470,473,483,486,488,502,519,521,530,566,567,574,579,584,585,594,597,600,603,607,619,626,635,638,651
OX60,383,427,428,432,433,464,469,470,474,486,493,525,530,566,571,577,589,594,619,621,640
OX61,447,464,470,486,519,525,530,541,566,571,574,619,621,629
OX62,464,470,483,486,488,502,530,566,574,579,584,603,619,626
OX63,372,376,387,412,463,466,470,482,487,510,517,530,538,539,566,583
OX64,365,373,376,380,387,409,412,427,435,463,466,470,482,483,486,487,488,502,503,510,517,521,525,527,530,538,539,566,571,574,577,579,580,583,584,585,596,603,607,612,619,621,626,638,653
OX65,409,415,420,431,454,456,470,483,486,488,502,530,566,567,579,584,594,603,612,619,626,629,635,651
OX66,376,380,387,412,420,427,428,433,435,454,463,466,469,474,482,487,493,503,510,517,525,538,539,571,574,577,583,589,594,621,629,635,640,651
OX67,420,428,433,454,469,474,493,574,589,594,629,635,640,651
Z0,0,55,110,165
Z1,1,85,130,646
Z2,2,92,549,618
Z3,3,96,246,528
Z4,4,56,249,480
Z5,5,75,331,444
Z6,6,104,349,568
Z7,7,83,278,559
Z8,8,90,303,430
Z9,9,74,185,395
Z10,10,65,130,175
Z11,11,121,294,633
Z12,12,141,257,340
Z13,13,118,414,479
Z14,14,55,126,330
Z15,15,160,473,600
Z16,16,161,289,495
Z17,17,134,397,642
Z18,18,149,210,563
Z19,19,73,121,618
Z20,20,162,276,642
Z21,21,407,497,655
Z22,22,191,333,650
Z23,23,85,572,659
Z24,24,292,364,609
Z25,25,267,438,620
Z26,26,167,521,638
Z27,27,70,528,655
Z28,28,133,223,495
Z29,29,211,254,534
Z30,30,117,513,604
Z31,31,92,287,505
Z32,32,427,541,571
Z33,33,207,455,524
Z34,34,68,249,534
Z35,35,144,248,375
Z36,36,267,485,649
Z37,37,141,232,450
Z38,38,96,271,423
Z39,39,218,260,295
Z40,40,72,232,444
Z41,41,163,411,473
Z42,42,445,558,648
Z43,43,357,455,548
Z44,44,332,476,610
Z45,45,66,349,476
Z46,46,194,364,615
Z47,47,256,375,582
Z48,48,344,504,598
Z49,49,160,525,571
Z50,50,324,461,558
Z51,51,272,291,588
Z52,52,252,295,609
Z53,53,316,338,418
Z54,54,411,447,541
Z55,14,71,344,559
Z56,4,226,445,641
Z57,57,151,466,583
Z58,23,58,303,588
Z59,59,281,465,500
Z60,60,408,537,576
Z61,61,279,390,630
Z62,62,360,549,636
Z63,63,259,343,416
Z64,64,111,250,622
Z65,10,56,195,477
Z66,45,74,183,468
Z67,31,67,312,395
Z68,34,83,310,540
Z69,38,69,165,385
Z70,27,104,603,626
Z71,0,161,203,275
Z72,40,90,259,394
Z73,19,75,159,340
Z74,9,198,415,567
Z75,5,353,482,517
Z76,76,222,545,576
Z77,77,124,220,423
Z78,78,195,452,627
Z79,79,347,419,492
Z80,80,238,286,630
Z81,81,123,469,589
Z82,82,214,475,658
Z83,7,305,494,581
Z84,84,147,309,560
Z85,1,154,414,620
Z86,86,177,230,367
Z87,87,262,579,626
Z88,88,159,360,536
Z89,89,193,365,580
Z90,8,288,361,424
Z91,91,322,472,540
Z92,2,191,524,644
Z93,93,110,179,220
Z94,94,140,348,508
Z95,95,182,287,499
Z96,3,117,248,515
Z97,97,111,469,640
Z98,98,391,572,637
Z99,99,387,487,531
Z100,100,140,184,523
Z101,101,127,452,646
Z102,102,300,379,645
Z103,103,266,562,622
Z104,6,224,335,575
Z105,105,379,516,613
Z106,106,138,313,330
Z107,107,242,326,478
Z108,108,129,240,425
Z109,109,147,532,604
Z110,93,206,258,326
Z111,97,446,500,613
Z112,112,257,384,606
Z113,94,113,315,350
Z114,114,277,555,633
Z115,115,240,417,554
Z116,116,269,410,506
Z117,30,143,175,591
Z118,28,118,255,485
Z119,119,192,470,530
Z120,64,120,184,230
Z121,11,245,286,641
Z122,84,122,279,425
Z123,37,123,494,563
Z124,77,151,388,491
Z125,88,125,510,583
Z126,41,126,368,436
Z127,101,145,419,479
Z128,65,128,166,532
Z129,73,129,238,606
Z130,58,206,301,550
Z131,131,332,462,624
Z132,132,199,420,635
Z133,13,312,439,453
Z134,17,431,521,612
Z135,135,302,493,640
Z136,136,168,356,605
Z137,137,269,544,616
Z138,106,327,346,643
Z139,139,205,284,369
Z140,100,176,404,531
Z141,12,194,260,334
Z142,142,376,482,536
Z143,69,181,399,614
Z144,35,134,339,424
Z145,67,145,315,389
Z146,146,302,595,608
Z147,109,246,502,579
Z148,148,261,298,478
Z149,18,204,403,551
Z150,150,255,282,449
Z151,57,202,468,570
Z152,152,525,555,621
Z153,153,348,396,496
Z154,128,188,458,507
Z155,155,231,410,586
Z156,156,167,523,625
Z157,49,157,294,505
Z158,158,372,486,530
Z159,108,253,371,393
Z160,15,483,603,610
Z161,16,316,353,533
Z162,20,149,174,285
Z163,71,371,408,592
Z164,164,376,466,557
Z165,143,169,359,565
Z166,59,166,304,535
Z167,26,187,223,546
Z168,78,168,358,643
Z169,163,188,413,460
Z170,120,170,221,587
Z171,119,171,239,450
Z172,132,172,388,440
Z173,139,173,320,413
Z174,33,174,305,481
Z175,154,391,586,654
Z176,113,261,283,363
Z177,29,177,224,370
Z178,89,178,304,560
Z179,148,179,234,440
Z180,82,180,443,550
Z181,181,243,426,647
Z182,95,200,229,314
Z183,39,183,293,453
Z184,170,243,562,631
Z185,66,300,341,465
Z186,186,277,569,631
Z187,51,187,258,275
Z188,189,227,420,651
Z189,190,328,377,535
Z190,22,216,368,385
Z191,152,192,498,605
Z192,62,193,333,614
Z193,46,219,591,659
Z194,136,203,313,381
Z195,156,196,397,623
Z196,197,317,475,634
Z197,42,198,585,638
Z198,112,199,359,615
Z199,63,200,265,358
Z200,201,247,546,553
Z201,86,202,342,568
Z202,53,204,370,405
Z203,164,205,342,587
Z204,162,298,462,617
Z205,208,226,459,627
Z206,209,222,542,578
Z207,155,210,239,578
Z208,54,211,477,507
Z209,212,265,366,459
Z210,213,234,454,651
Z211,61,214,404,623
Z212,215,434,489,561
Z213,127,356,486,619
Z214,217,362,405,547
Z215,60,185,386,499
Z216,81,138,278,595
Z217,124,236,437,515
Z218,114,221,306,590
Z219,76,242,443,601
Z220,133,250,511,625
Z221,70,487,538,658
Z222,225,372,463,503
Z223,208,247,585,607
Z224,227,384,393,628
Z225,228,282,439,471
Z226,87,229,327,657
Z227,169,336,520,599
Z228,25,231,403,575
Z229,72,266,474,589
Z230,144,233,306,369
Z231,213,321,481,617
Z232,137,235,363,624
Z233,236,406,463,539
Z234,150,237,309,554
Z235,80,273,322,480
Z236,207,489,501,599
Z237,125,544,593,654
Z238,241,291,518,553
Z239,107,307,350,492
Z240,244,402,447,519
Z241,47,245,324,590
Z242,122,196,285,422
Z243,176,355,396,520
Z244,201,377,527,580
Z245,68,274,367,508
Z246,209,251,386,506
Z247,52,271,407,647
Z248,105,253,345,545
Z249,189,254,402,547
Z250,237,299,502,584
Z251,115,352,436,592
Z252,219,301,564,634
Z253,182,321,529,644
Z254,218,228,308,426
Z255,262,335,556,632
Z256,263,446,511,649
Z257,264,366,442,597
Z258,212,355,434,451
Z259,103,399,596,653
Z260,36,357,484,650
Z261,268,299,529,657
Z262,116,320,421,514
Z263,270,351,438,632
Z264,252,319,526,616
Z265,32,272,394,602
Z266,256,374,467,601
Z267,274,283,337,526
Z268,44,276,361,645
Z269,186,297,498,656
Z270,233,288,343,398
Z271,180,470,542,566
Z272,157,280,389,496
Z273,135,281,458,514
Z274,173,251,314,398
Z275,171,225,334,441
Z276,216,382,401,460
Z277,142,289,449,509
Z278,50,290,418,490
Z279,241,328,380,503
Z280,24,310,337,504
Z281,190,293,341,441
Z282,280,427,518,577
Z283,296,346,556,608
Z284,217,297,381,533
Z285,268,454,519,629
Z286,102,311,430,637
Z287,146,432,594,635
Z288,172,415,456,570
Z289,307,374,461,573
Z290,178,329,422,551
Z291,292,354,564,639
Z292,311,429,522,656
Z293,197,284,382,457
Z294,317,390,448,611
Z295,318,400,522,552
Z296,319,421,497,652
Z297,235,373,597,607
Z298,91,412,491,539
Z299,323,488,509,584
Z300,290,428,493,652
Z301,270,325,380,435
Z302,329,338,392,573
Z303,99,331,416,451
Z304,131,352,442,600
Z305,43,336,513,582
Z306,158,339,437,512
Z307,273,325,406,448
Z308,48,431,537,567
Z309,263,345,467,548
Z310,296,383,435,577
Z311,79,365,392,596
Z312,153,383,432,565
Z313,351,401,484,611
Z314,323,354,457,557
Z315,362,429,516,628
Z316,347,409,464,619
Z317,264,417,471,561
Z318,373,527,593,636
Z319,378,543,598,639
Z320,21,387,490,517
Z321,98,412,510,552
Z322,318,472,501,581
Z323,244,433,474,602
Z324,378,409,512,612
Z325,428,456,594,648
Z326,433,464,574,653
Z327,483,538,566,621
Z328,488,543,574,629
OZ0,243,250,258,275,283,288,298,301,303,315,316,321,326,335,342,343,349,350,353,355,356,357,359,363,367,369,370,372,375,376,383,384,388,393,397,398,404,405,406,411,412,414,420,424,429,431,432,440,446,449,452,454,455,463,464,466,468,469,474,477,478,481,482,486,487,491,495,496,498,500,507,508,509,510,512,516,519,521,523,528,530,531,534,536,538,539,541,548,550,552,555,562,569,570,574,575,582,583,586,587,588,590,591,599,602,603,605,612,613,617,620,622,626,633,637,640,642,646,653,654,655,656,658,659
OZ1,258,275,283,288,298,301,303,315,316,321,326,335,342,343,349,350,355,356,357,359,360,363,367,369,370,372,375,376,381,383,384,388,389,393,397,398,406,407,411,412,414,420,424,427,431,432,440,449,452,454,455,463,464,466,468,473,474,477,478,481,486,490,491,495,497,505,507,508,509,512,518,519,521,525,528,530,531,533,534,539,541,544,547,548,550,552,566,570,571,574,575,577,582,586,587,588,590,591,593,599,600,602,605,610,612,617,618,620,621,626,628,633,637,642,646,653,658,659
OZ2,298,305,326,334,349,350,352,372,374,408,415,441,442,443,445,450,455,461,463,468,470,478,481,489,492,498,501,503,524,525,530,537,542,545,555,558,563,567,573,585,599,600,601,605,610,617,621,624,638,648
OZ3,282,283,288,295,301,303,305,312,315,321,326,328,333,334,335,342,343,349,350,352,353,355,356,359,360,361,363,367,368,369,375,376,380,383,384,385,388,390,393,394,398,399,406,407,410,411,412,413,418,419,420,421,424,425,426,427,429,431,438,439,440,441,442,443,446,450,452,453,460,465,466,468,469,474,475,476,477,478,479,482,484,486,487,489,491,492,493,496,497,501,507,508,509,510,511,514,516,518,524,525,526,529,531,534,535,536,538,539,542,543,546,548,549,552,553,554,562,563,566,569,570,571,573,574,578,579,580,582,583,584,587,590,591,594,595,596,598,600,603,608,609,610,613,616,619,621,622,624,626,629,630,633,635,636,637,638,639,645,646,649,650,652,653,654,655,656,657,659
OZ4,283,288,301,305,315,321,334,335,342,343,352,353,355,357,359,360,363,367,369,370,374,375,383,384,388,389,393,397,398,406,407,408,411,415,420,424,427,431,432,440,441,442,443,445,450,454,461,464,466,470,473,474,477,482,486,489,490,491,492,497,498,501,503,505,507,508,510,512,518,519,521,524,528,531,534,536,537,539,541,542,544,545,547,548,550,555,558,563,566,567,570,571,573,574,575,577,582,585,587,590,591,593,601,602,605,612,618,624,626,628,633,638,642,648,653,654,658,659
OZ5,188,203,250,295,301,309,312,316,330,349,352,359,360,364,374,375,376,380,384,386,388,389,393,395,401,404,406,407,411,412,414,417,418,420,425,426,427,429,430,431,432,434,435,438,440,445,446,448,454,461,468,471,476,479,480,484,485,487,489,491,496,497,499,500,501,502,504,505,509,510,514,516,518,519,523,525,529,533,538,539,540,544,545,548,552,559,561,564,566,569,570,571,576,577,581,582,583,584,585,590,591,593,595,598,600,601,603,608,610,611,613,618,621,629,630,632,633,634,637,638,640,641,645,649,652,654,655,656,657,659
OZ6,250,261,288,295,301,303,305,309,316,321,328,333,334,342,343,350,352,359,360,361,368,369,370,374,375,380,381,385,388,390,394,398,399,404,406,407,408,412,413,415,418,419,421,424,425,426,427,429,431,432,438,440,441,442,445,446,450,454,460,461,464,465,466,469,475,476,484,485,486,489,491,493,497,501,502,510,514,516,518,520,523,524,525,526,528,533,535,537,539,541,543,545,546,547,548,549,552,553,558,562,563,565,566,567,569,570,571,575,579,580,582,583,585,586,587,590,591,594,595,596,598,600,601,602,605,608,609,610,613,616,619,620,621,622,624,628,630,633,635,636,637,639,645,648,649,650,651,652,654,656,658,659
OZ7,261,288,303,305,312,321,333,334,342,343,349,350,356,361,364,368,369,370,371,372,376,377,384,385,386,389,390,393,394,395,398,399,401,410,413,415,417,419,420,421,424,430,431,432,434,435,436,441,442,448,450,452,460,463,464,466,468,469,470,471,473,475,479,480,486,487,496,498,499,503,505,509,514,519,520,524,525,526,528,529,530,538,540,541,543,544,546,547,549,553,555,558,561,562,563,564,565,575,576,577,578,579,580,581,584,587,592,593,595,596,598,602,603,605,608,609,611,616,618,619,621,622,624,628,629,632,634,636,638,639,641,646,648,650,651,655,657,658
OZ8,206,288,312,326,333,342,343,350,352,356,361,364,368,369,370,371,376,377,384,385,386,388,389,390,393,394,395,398,399,401,412,413,415,417,419,420,421,424,430,431,432,434,435,436,440,448,452,454,455,460,464,466,469,471,473,475,478,479,480,486,487,489,496,499,501,505,509,510,514,519,520,526,528,529,538,540,541,543,544,546,547,549,552,553,558,561,562,564,565,570,575,576,577,579,580,581,584,587,588,592,593,595,596,598,599,600,602,603,608,609,610,611,616,618,619,622,628,629,632,634,636,637,638,639,641,646,648,650,654,655,657,658
OZ9,303,326,328,349,350,353,360,361,375,389,390,394,397,401,406,407,408,410,415,418,435,438,445,448,456,467,468,470,472,473,475,476,478,480,482,484,487,491,492,493,496,497,503,505,521,525,536,537,538,539,540,541,544,545,546,550,552,553,567,573,577,578,582,583,585,590,593,594,600,602,603,610,611,618,621,632,633,637,641,642,645,652,655,658
OZ10,203,326,330,335,349,350,356,370,371,374,381,384,393,410,414,415,420,431,436,443,445,452,461,464,468,473,474,478,487,492,504,519,528,538,541,542,545,547,558,559,573,574,575,578,585,586,592,598,601,602,603,605,620,626,628,638,646,648,651,653,655,658
OZ11,288,306,312,315,326,343,350,356,363,369,372,374,376,382,386,390,395,397,398,406,410,413,419,421,424,427,431,443,448,452,457,461,463,473,475,478,479,491,492,496,499,512,514,518,521,525,527,530,538,539,542,544,545,557,566,571,573,576,577,578,583,590,593,597,600,601,603,607,610,611,612,616,619,621,624,633,634,636,642,646
OZ12,295,309,312,316,326,333,350,357,360,368,370,375,380,381,385,386,395,399,401,406,407,410,412,413,414,419,421,425,426,429,432,435,443,446,448,456,460,464,465,467,469,472,478,479,480,490,491,497,498,499,502,511,512,514,516,526,528,533,535,539,540,542,543,545,547,549,555,558,562,569,575,576,578,579,580,582,586,590,595,596,598,608,609,611,612,613,616,619,620,622,628,630,632,633,635,636,639,641,648,649,650,656
OZ13,321,327,333,335,358,368,374,375,380,382,385,389,406,412,417,418,425,427,435,438,442,448,456,459,460,461,467,472,473,480,484,490,491,493,496,505,518,524,525,529,538,539,540,549,554,556,558,566,571,577,579,582,590,594,597,600,601,603,610,611,618,621,626,630,633,641,648,650,652,657
OZ14,301,312,313,326,328,330,333,335,350,352,353,356,357,358,359,360,364,368,372,375,376,377,380,385,386,388,395,399,401,406,407,408,412,413,415,419,421,425,430,431,432,434,435,440,442,443,448,452,454,459,460,463,469,470,471,473,474,476,478,479,480,482,487,489,490,491,497,499,501,503,504,509,512,514,525,526,529,530,536,537,538,539,540,541,542,543,548,549,552,554,558,559,561,562,564,567,570,574,576,579,580,581,582,584,590,591,595,596,597,602,603,608,609,611,612,616,619,621,622,626,629,630,632,633,634,636,637,639,641,643,645,646,648,650,651,653,655,657,658,659
OZ15,312,326,328,350,368,372,374,377,385,386,395,399,413,414,432,443,446,460,461,463,465,469,470,478,479,485,492,493,498,499,503,511,514,525,530,535,542,545,555,562,573,576,594,595,601,605,608,613,614,621,622,635
OZ16,306,313,326,328,330,333,335,342,350,352,355,358,363,364,368,372,374,377,380,382,383,385,388,389,390,399,401,406,408,410,412,415,425,430,431,434,435,440,442,454,455,457,459,460,461,463,466,469,470,471,473,474,475,476,478,480,486,489,491,492,496,501,503,504,505,509,510,512,525,526,527,529,530,531,537,538,539,540,541,543,545,549,550,552,554,557,558,559,561,562,564,567,570,573,574,578,579,580,581,583,584,587,590,595,596,599,601,602,603,607,608,609,612,618,621,622,624,626,629,630,632,633,637,639,641,643,645,648,650,651,653,654,657,658
OZ17,353,360,374,375,380,389,390,401,406,407,412,418,427,435,438,443,448,456,461,467,470,472,473,475,480,482,484,487,491,493,496,497,505,510,518,525,536,538,539,540,542,544,550,558,571,577,582,583,590,593,594,600,601,603,610,611,618,621,632,633,641,648,652,654,655,658
OZ18,313,327,330,333,335,349,352,363,364,368,374,375,377,380,382,385,388,389,406,412,417,418,425,427,435,438,440,445,448,454,455,456,457,460,461,467,468,472,473,484,489,490,491,493,496,501,504,505,509,518,525,526,527,529,538,539,543,546,549,553,554,556,557,558,559,564,566,570,571,574,577,579,580,581,582,584,585,590,594,597,599,601,603,607,609,611,618,621,624,626,629,630,633,639,643,648,650,651,652,657
OZ19,328,333,349,352,355,357,364,368,370,371,372,374,376,377,384,385,388,389,393,399,408,413,417,418,420,421,427,430,432,434,436,438,440,443,445,454,456,460,461,463,464,467,468,469,470,471,472,473,476,484,486,487,489,490,493,496,501,503,505,509,510,512,514,518,519,520,526,528,529,530,531,537,538,542,543,544,547,548,549,550,552,558,561,562,564,565,566,567,570,571,575,577,579,580,581,583,584,585,592,593,594,595,596,598,600,601,603,608,609,610,612,616,618,622,628,629,634,636,637,638,639,645,648,650,652,654,655,657
OZ20,368,385,399,413,432,460,469,493,514,562,594,595,608,614,622,635
OZ21,309,326,327,333,349,350,355,356,358,363,370,377,381,382,389,390,399,401,405,407,408,413,414,415,417,419,421,425,427,430,431,432,434,442,443,445,452,454,455,456,457,459,464,467,468,469,470,471,472,474,475,476,478,480,485,486,487,493,496,497,498,502,505,509,514,518,519,520,525,527,529,531,533,537,540,541,542,543,545,546,548,549,552,553,555,556,557,561,562,565,567,571,575,577,580,584,585,594,595,598,599,602,607,608,614,616,618,619,621,622,624,629,630,632,634,637,639,641,645,646,649,650,652,653,655,657
OZ22,315,326,327,349,350,355,356,358,363,375,376,377,382,383,399,401,408,413,414,415,417,418,419,421,430,431,434,438,442,445,446,452,456,457,459,465,467,468,469,471,472,473,474,476,478,480,484,485,490,492,493,496,498,510,511,512,514,527,531,535,537,538,540,541,544,545,546,550,552,553,555,556,557,561,562,567,573,582,583,585,590,593,594,595,596,600,602,603,605,607,608,610,612,613,616,619,622,624,632,633,634,636,637,641,645,646,652,653,654,658
OZ23,377,380,401,406,412,417,425,435,438,442,445,448,472,480,484,491,527,539,540,546,553,554,580,585,597,607,611,630,632,641
OZ24,357,375,383,427,432,455,473,518,520,525,538,548,565,566,571,577,582,590,599,600,603,610,621,633
OZ25,355,390,425,434,443,470,471,475,531,542,550,554,561,566,630,658
OZ26,361,363,372,376,382,390,397,406,412,413,421,430,431,448,457,463,475,486,491,510,512,514,521,527,530,539,544,552,557,583,593,597,607,611,612,616,624,634,636,637,642,654
OZ27,352,371,374,375,379,380,383,384,388,393,401,406,412,415,417,418,420,425,427,432,435,436,438,440,446,448,461,472,473,480,484,490,491,493,511,516,518,525,538,539,540,545,548,554,558,566,570,571,577,582,590,592,594,600,601,603,610,611,613,621,630,632,633,635,641,648,649,652
OZ28,326,333,350,364,370,374,376,380,389,390,401,406,412,421,427,429,435,443,446,448,454,455,456,461,464,465,467,470,473,475,478,480,486,487,489,491,492,493,496,498,501,505,509,510,511,512,516,518,519,522,525,526,528,529,535,538,539,540,542,543,544,547,548,549,552,555,558,564,571,573,575,577,579,580,581,583,584,593,594,596,598,599,600,601,603,605,609,610,611,612,613,614,616,618,621,628,629,632,634,636,639,641,648,649,650,654,655,656,657,658
OZ29,333,335,349,356,364,376,380,381,389,390,401,405,406,408,410,412,414,415,421,427,429,435,445,446,448,452,454,455,456,464,465,467,468,470,473,475,480,486,489,491,493,496,498,501,505,509,510,511,512,516,518,519,522,525,526,529,533,535,537,539,540,543,544,545,547,548,549,552,555,564,567,571,577,578,579,580,581,583,584,585,586,593,594,596,598,599,600,609,610,611,612,613,614,616,618,620,621,626,628,629,632,634,636,638,639,641,646,649,650,654,656,657
OZ30,349,388,440,454,468,487,528,529,538,570,579,603,651,655,657,658
OZ31,356,375,379,380,383,388,401,406,408,412,414,415,418,419,425,427,429,430,432,434,435,438,440,445,446,448,452,454,456,467,471,472,473,476,480,484,485,486,487,490,491,492,493,511,518,520,522,525,528,529,537,539,540,545,554,561,565,566,567,570,571,573,577,579,582,585,590,594,600,610,611,613,619,621,630,632,633,637,638,641,645,646,651,652,655,656,657,658
OZ32,316,360,364,375,376,379,380,383,388,389,390,401,405,406,408,410,412,415,418,419,421,430,432,435,438,440,445,446,448,456,467,470,475,476,480,484,485,486,489,491,492,493,496,498,501,505,509,510,511,516,519,520,526,537,538,539,540,544,545,547,552,555,564,565,566,567,570,573,578,581,582,583,584,585,586,590,593,594,603,605,609,611,613,616,618,619,620,628,629,632,633,634,637,638,641,645,651,654
OZ33,305,327,334,358,363,372,374,375,376,379,380,382,390,399,406,412,413,418,421,429,431,432,435,441,445,448,450,456,457,459,461,463,465,467,469,473,474,475,486,489,490,491,493,501,503,510,512,514,520,522,525,530,535,538,539,541,544,552,556,557,558,562,563,565,566,580,582,583,585,590,593,594,595,596,597,600,601,602,603,608,610,611,612,616,621,622,624,633,634,636,638,648,652,653,654,656
OZ34,374,375,380,381,401,405,406,412,418,425,429,434,435,438,448,456,461,467,471,480,484,489,490,491,493,498,501,516,522,533,539,540,547,552,554,555,558,561,581,582,590,594,601,611,628,630,632,633,641,648,652,656
OZ35,380,381,383,401,405,406,412,425,427,429,432,434,435,438,448,471,473,484,491,498,516,518,520,522,525,533,538,539,547,552,554,555,561,565,566,571,577,600,603,610,611,621,628,630,632,656
OZ36,381,383,405,427,429,432,472,473,489,498,501,516,518,520,522,525,533,538,547,552,555,565,566,571,577,581,600,603,610,621,628,656
OZ37,363,364,410,443,526,527,542,544,550,564,578,593,597,607,609,624,634,636
OZ38,335,364,370,375,388,408,410,415,418,419,421,429,432,440,443,445,446,454,456,467,472,480,485,486,490,492,498,500,511,516,522,526,529,537,540,542,545,547,550,552,555,564,567,570,573,575,578,579,582,585,586,590,595,605,608,609,613,616,619,620,626,628,633,634,635,638,640,641,651,652,656,657
OZ39,364,375,379,417,418,419,421,429,431,432,434,442,445,454,457,464,471,472,473,474,480,485,486,487,490,492,498,500,509,519,520,522,526,527,528,529,538,540,541,543,544,548,552,555,557,561,564,565,573,579,582,584,585,586,590,593,595,597,598,600,602,603,605,607,608,609,610,616,619,620,629,633,636,638,639,640,641,649,652,653,655,656,657,658
OZ40,370,376,379,382,383,388,390,399,401,408,413,415,425,427,430,432,434,438,440,443,445,446,456,464,465,467,469,470,471,472,473,475,476,480,484,486,493,498,500,509,510,511,512,514,516,518,519,520,525,535,537,540,542,543,544,545,547,548,550,552,554,555,561,562,565,567,570,571,575,577,580,583,584,585,593,594,596,598,600,605,610,612,613,621,622,628,629,630,636,637,638,639,640,641,645,649,651,654
OZ41,372,375,376,382,390,406,410,412,413,418,419,432,443,448,454,463,464,465,472,473,474,475,485,487,489,490,491,492,498,500,501,509,510,512,514,519,520,528,529,530,535,538,539,541,542,543,544,548,550,555,565,573,578,579,580,581,582,583,584,586,590,593,595,598,600,602,603,605,608,610,611,612,619,620,629,633,636,639,640,649,652,653,654,655,657,658
OZ42,376,382,390,399,401,413,418,419,425,434,443,454,455,464,465,469,470,471,475,487,490,492,500,509,510,512,514,519,528,529,535,542,543,544,550,554,561,562,566,573,579,580,583,584,593,596,598,599,612,619,622,629,630,636,639,640,650,652,654,655,657,658
OZ43,327,358,379,382,383,401,410,413,418,419,427,429,431,438,443,445,454,457,459,464,472,474,480,484,486,487,490,492,498,500,509,514,518,519,522,525,527,528,529,540,541,542,543,544,550,552,555,556,557,566,571,573,577,578,579,584,585,593,595,598,602,605,607,608,619,621,629,632,634,636,638,639,640,641,652,653,655,656,657,658
OZ44,371,375,379,384,388,393,410,415,418,419,420,430,431,436,440,443,445,446,454,456,457,464,467,472,473,474,476,480,485,486,487,490,492,493,498,509,511,516,519,528,529,538,540,541,542,543,545,550,552,555,557,570,573,578,579,582,584,585,586,590,592,594,598,602,603,605,613,619,620,629,633,634,637,638,639,641,645,652,653,655,657,658
OZ45,360,382,383,389,399,401,413,418,419,432,455,464,465,469,490,492,496,500,505,512,514,520,535,543,562,565,573,580,596,598,599,612,618,619,622,636,639,640,650,652
OZ46,375,410,412,417,418,419,431,434,442,443,445,454,457,464,471,472,473,474,480,485,486,487,490,492,493,498,509,510,519,520,527,528,529,538,540,541,542,543,544,548,550,555,557,561,565,573,578,579,582,584,585,586,590,593,594,597,598,600,602,603,605,607,610,619,620,629,633,634,635,636,638,639,641,649,652,653,654,655,657,658
OZ47,379,388,408,415,429,430,440,445,446,454,467,476,487,511,522,528,529,537,538,545,548,558,567,570,579,585,603,613,637,638,645,648,649,651,655,656,657,658
OZ48,388,408,412,415,430,440,445,454,467,476,485,487,510,528,529,537,538,545,548,552,558,567,570,579,585,586,603,620,637,638,645,648,649,651,654,655,657,658
OZ49,382,384,393,401,410,413,420,429,430,431,432,443,445,446,454,455,456,457,476,485,487,493,500,509,511,514,516,520,522,528,529,538,542,543,550,557,558,565,574,578,579,584,585,586,594,595,598,599,603,608,613,620,629,634,637,638,639,640,645,648,650,651,655,656,657,658
OZ50,384,390,393,407,410,420,425,429,430,431,432,434,443,445,446,456,471,475,476,485,487,493,497,500,511,516,519,520,522,538,542,543,550,554,558,561,565,574,578,585,586,594,595,598,603,608,613,620,630,637,638,639,640,645,648,651,652,655,656,658
OZ51,390,407,410,412,417,425,431,432,442,443,445,446,456,464,472,473,474,475,485,487,489,493,497,500,501,510,511,520,527,538,541,542,543,544,550,554,558,565,578,581,585,586,593,594,595,597,598,600,602,603,607,608,610,613,620,630,636,638,639,640,648,652,653,654,655,658
OZ52,383,418,419,427,432,456,473,480,486,489,490,492,493,498,501,518,520,525,538,540,555,558,565,566,571,573,577,581,594,600,603,605,610,619,621,641,648,652
OZ53,399,418,419,432,446,464,465,469,485,490,492,493,511,512,535,543,544,562,573,580,586,593,594,595,596,598,608,612,613,619,620,622,635,636,639,652
OZ54,408,417,434,442,445,454,456,464,467,471,473,474,485,487,519,520,527,528,529,537,538,541,544,545,548,558,561,565,567,574,579,585,586,593,597,600,602,603,607,610,620,635,636,638,648,649,653,655,657,658
OZ55,446,465,485,511,535,544,580,586,593,613,620,636
OZ56,410,417,431,434,442,443,445,454,456,457,464,471,473,474,487,509,519,520,527,528,529,538,541,542,543,544,550,557,558,561,565,578,579,584,585,593,597,598,600,602,603,607,610,629,634,635,636,638,639,648,653,655,657,658
OZ57,443,454,456,457,464,470,473,474,480,486,487,489,498,501,509,512,519,520,525,528,529,538,540,541,542,543,550,555,557,558,565,579,581,584,598,600,602,603,605,610,612,621,629,634,635,639,641,648,653,655,657,658
OZ58,456,464,473,474,480,486,489,498,501,512,520,525,538,540,541,543,555,558,565,566,581,598,600,602,603,605,610,612,621,635,639,641,648,653
OZ59,401,425,434,448,455,471,554,561,599,611,630,650
OZ60,418,419,427,435,438,455,464,474,484,490,492,493,512,518,520,541,543,565,571,573,594,598,599,602,612,619,632,635,639,650,652,653
OZ61,412,432,464,465,472,473,474,486,489,498,500,501,510,512,520,525,535,538,541,543,544,555,565,566,580,581,593,595,598,600,602,603,605,608,610,612,621,636,639,640,653,654
OZ62,454,486,487,498,512,519,525,528,529,543,555,566,574,579,598,605,612,621,639,655,657,658
OZ63,417,432,434,442,464,465,471,473,474,486,498,500,512,520,525,527,535,538,541,543,555,561,565,566,580,595,597,598,600,602,603,605,607,608,610,612,621,639,640,653
OZ64,464,473,474,486,498,512,525,538,541,543,555,566,598,600,602,603,605,610,612,621,639,653
OZ65,427,430,435,438,455,472,473,476,484,489,501,518,552,571,581,599,600,610,632,637,645,650
OZ66,430,431,445,472,476,480,486,498,512,525,538,540,552,555,566,585,603,605,612,621,637,638,641,645
OZ67,407,431,445,480,486,487,489,493,497,498,501,512,520,525,540,555,565,566,581,585,594,605,612,621,635,638,641,652,655,658
