X0,0,69,636,733,924
X1,1,323,785,820,867
X2,2,28,140,231,521
X3,3,235,450,728,810
X4,4,188,324,556,869
X5,5,240,325,513,670
X6,6,81,108,402,557
X7,7,327,778,839,881
X8,8,26,92,138,168
X9,9,379,709,713,886
X10,10,484,639,683,959
X11,11,326,377,424,918
X12,3,12,193,509,671
X13,13,133,371,510,663
X14,14,39,345,478,876
X15,15,144,196,322,509
X16,16,656,667,820,848
X17,17,244,657,922,936
X18,18,299,634,679,939
X19,19,146,219,270,773
X20,20,38,68,533,560
X21,21,70,140,370,552
X22,22,344,375,667,765
X23,23,143,294,437,936
X24,24,299,428,549,743
X25,25,517,609,648,689
X26,26,37,150,242,525
X27,27,112,330,755,864
X28,28,119,610,895,940
X29,29,290,637,919,920
X30,30,263,379,638,789
X31,31,213,278,303,559
X32,32,479,643,734,888
X33,33,389,653,795,926
X34,34,312,598,629,833
X35,35,81,450,611,861
X36,36,301,426,474,600
X37,8,511,561,640,650
X38,38,496,524,785,876
X39,39,126,339,397,913
X40,40,366,451,712,877
X41,41,413,416,431,498
X42,42,160,368,812,909
X43,43,180,385,565,790
X44,44,417,787,835,953
X45,45,136,191,737,928
X46,46,353,468,837,894
X47,47,382,719,807,930
X48,48,195,285,320,913
X49,33,49,135,398,519
X50,50,94,287,520,594
X51,51,136,307,333,399
X52,52,307,330,660,807
X53,53,639,642,759,886
X54,54,84,474,764,847
X55,55,110,467,775,867
X56,56,120,147,336,404
X57,57,223,803,836,862
X58,58,78,505,676,819
X59,59,432,518,656,800
X60,41,60,376,428,565
X61,61,150,457,487,841
X62,62,431,506,677,858
X63,63,99,186,478,579
X64,64,269,445,796,924
X65,65,157,205,507,515
X66,66,76,383,857,939
X67,64,67,159,162,472
X68,68,178,363,501,765
X69,0,93,129,232,452
X70,70,252,284,296,485
X71,71,147,822,833,947
X72,72,357,606,612,823
X73,73,363,391,504,950
X74,74,83,118,200,929
X75,75,462,784,787,826
X76,66,173,508,664,732
X77,77,98,536,909,956
X78,58,161,668,709,951
X79,79,128,320,618,662
X80,80,138,198,254,932
X81,6,326,469,494,842
X82,82,113,331,390,500
X83,83,365,528,621,878
X84,84,154,204,281,530
X85,85,87,134,496,550
X86,86,139,592,704,955
X87,87,283,607,846,899
X88,88,198,249,561,660
X89,5,89,502,729,759
X90,90,164,782,818,911
X91,91,200,310,346,885
X92,92,185,319,902,940
X93,67,69,757,843,865
X94,50,135,189,558,937
X95,30,95,142,234,522
X96,96,347,534,721,927
X97,97,211,746,756,832
X98,98,123,395,665,868
X99,63,126,157,813,872
X100,100,207,285,532,866
X101,101,295,809,844,850
X102,102,684,718,888,910
X103,103,306,661,874,902
X104,104,553,616,758,782
X105,105,305,542,775,778
X106,106,694,695,849,933
X107,107,341,360,374,883
X108,35,186,602,753,897
X109,109,174,321,618,654
X110,110,149,328,405,524
X111,111,251,329,523,781
X112,4,17,27,47,139
X113,113,454,554,802,842
X114,114,347,770,855,881
X115,115,265,269,455,546
X116,116,295,369,662,730
X117,117,258,261,380,846
X118,43,118,300,335,410
X119,119,183,482,687,774
X120,120,460,480,629,930
X121,62,121,331,751,793
X122,122,365,430,520,804
X123,77,227,412,538,954
X124,124,203,246,284,403
X125,125,151,274,485,659
X126,14,143,179,405,567
X127,127,195,340,402,959
X128,79,288,339,564,741
X129,129,176,181,689,910
X130,130,340,553,705,861
X131,131,137,192,738,755
X132,132,306,675,873,933
X133,133,214,427,838,883
X134,85,144,381,533,654
X135,49,151,194,318,406
X136,45,270,291,408,900
X137,10,131,206,359,875
X138,80,142,373,460,903
X139,86,209,312,532,624
X140,2,197,740,810,918
X141,141,194,525,650,937
X142,95,216,476,776,824
X143,23,72,267,273,593
X144,1,25,134,401,518
X145,145,356,480,722,925
X146,146,481,554,614,737
X147,56,303,597,719,869
X148,148,739,802,829,831
X149,149,441,542,606,766
X150,61,210,241,404,744
X151,125,211,246,465,949
X152,152,473,573,825,912
X153,153,408,435,463,527
X154,154,215,409,426,622
X155,155,413,771,826,852
X156,156,623,646,862,872
X157,65,250,397,592,922
X158,158,529,563,687,763
X159,159,457,470,748,870
X160,160,293,483,760,794
X161,78,272,433,483,488
X162,162,582,658,701,860
X163,163,298,425,557,633
X164,164,626,705,753,813
X165,165,190,384,898,949
X166,31,166,256,580,742
X167,167,233,511,828,934
X168,168,368,395,590,661
X169,169,239,311,512,602
X170,170,172,812,920,934
X171,171,437,681,717,799
X172,172,184,493,547,845
X173,173,179,589,634,717
X174,74,109,237,451,730
X175,175,259,376,552,797
X176,176,253,338,815,890
X177,177,242,406,531,544
X178,178,439,562,605,633
X179,40,76,116,334,434
X180,180,366,492,743,887
X181,36,181,398,734,752
X182,182,570,619,674,891
X183,175,183,444,790,811
X184,112,184,240,828,879
X185,185,234,713,774,932
X186,20,48,108,236,345
X187,117,187,316,575,578
X188,188,251,649,848,955
X189,189,241,256,597,926
X190,29,94,141,190,233
X191,191,387,569,571,938
X192,105,192,613,816,948
X193,193,370,636,731,740
X194,127,148,207,359,386
X195,196,276,604,764,854
X196,197,281,314,874,893
X197,88,158,245,248,514
X198,82,199,236,469,679
X199,174,322,620,806,929
X200,201,225,646,840,882
X201,202,224,490,635,798
X202,124,286,302,607,671
X203,204,230,456,628,854
X204,205,459,657,789,892
X205,52,137,245,400,595
X206,100,128,538,690,809
X207,208,286,367,728,897
X208,170,641,692,760,761
X209,210,275,389,464,703
X210,97,266,350,448,535
X211,212,466,473,571,716
X212,213,324,467,613,946
X213,214,465,503,612,625
X214,215,364,448,475,780
X215,216,446,515,623,645
X216,217,305,317,462,477
X217,218,374,477,596,666
X218,114,219,332,698,834
X219,220,385,522,586,942
X220,221,442,584,627,944
X221,222,277,577,693,851
X222,223,514,631,644,827
X223,224,386,588,777,923
X224,225,446,540,622,779
X225,226,268,516,563,895
X226,103,123,530,540,776
X227,228,429,676,708,724
X228,229,603,699,723,908
X229,54,394,495,504,745
X230,21,262,531,655,733
X231,232,279,555,796,890
X232,167,499,534,615,707
X233,235,628,652,794,893
X234,24,73,199,560,830
X235,237,282,663,700,885
X236,15,238,452,731,847
X237,239,337,481,651,827
X238,89,369,461,486,683
X239,37,445,590,736,748
X240,177,396,443,591,632
X241,243,272,512,641,688
X242,244,267,513,642,864
X243,91,165,308,594,746
X244,96,203,208,871,884
X245,201,247,351,815,836
X246,248,499,516,640,735
X247,51,249,297,574,931
X248,250,260,420,545,741
X249,111,287,556,630,647
X250,252,259,392,762,768
X251,182,253,517,582,742
X252,254,297,418,505,632
X253,255,313,323,419,684
X254,122,166,289,338,558
X255,257,343,453,751,803
X256,258,288,321,550,619
X257,260,378,421,493,704
X258,90,261,302,315,914
X259,262,599,706,865,904
X260,263,668,708,715,726
X261,264,706,710,725,772
X262,44,104,265,541,777
X263,266,456,726,805,952
X264,22,71,202,209,649
X265,226,231,296,601,871
X266,93,491,498,718,793
X267,19,648,658,843,856
X268,271,334,691,732,808
X269,243,407,727,801,935
X270,273,333,711,799,938
X271,274,392,573,583,915
X272,275,360,371,468,863
X273,60,238,491,745,830
X274,55,222,419,852,941
X275,278,362,595,916,948
X276,257,279,351,868,954
X277,280,372,725,770,957
X278,268,271,342,840,853
X279,282,497,587,744,877
X280,7,283,403,441,503
X281,230,293,788,945,956
X282,99,537,567,693,905
X283,187,384,625,670,880
X284,247,289,682,735,853
X285,42,115,290,669,736
X286,291,332,566,692,845
X287,292,342,475,601,664
X288,294,535,715,892,905
X289,53,161,163,593,821
X290,18,145,355,500,677
X291,300,346,436,638,942
X292,301,479,495,572,825
X293,11,132,304,314,576
X294,217,588,816,835,875
X295,227,603,621,783,850
X296,308,436,459,647,814
X297,309,572,608,645,907
X298,13,276,310,832,952
X299,255,311,352,577,579
X300,34,390,453,831,866
X301,16,32,313,523,727
X302,298,304,387,494,581
X303,12,315,546,616,806
X304,316,325,545,547,695
X305,317,327,341,372,904
X306,318,583,591,617,931
X307,319,502,551,675,749
X308,169,367,761,834,927
X309,328,358,549,585,589
X310,329,458,792,801,919
X311,57,102,121,337,352
X312,335,444,548,758,953
X313,220,336,440,587,887
X314,9,130,482,484,548
X315,107,487,544,599,703
X316,292,350,361,537,884
X317,343,373,476,598,665
X318,344,388,432,791,863
X319,348,438,447,860,916
X320,349,430,682,707,783
X321,46,354,673,788,791
X322,354,421,536,624,690
X323,355,710,720,786,857
X324,356,422,464,786,894
X325,357,596,605,821,838
X326,358,423,492,559,889
X327,101,206,280,486,539
X328,362,423,471,489,817
X329,364,519,600,659,756
X330,218,375,439,680,798
X331,264,377,454,757,773
X332,59,378,527,566,673
X333,380,568,674,701,896
X334,381,388,501,510,604
X335,382,399,415,681,925
X336,383,424,521,772,906
X337,391,466,562,581,584
X338,393,585,762,766,817
X339,309,394,586,747,824
X340,75,396,414,666,819
X341,400,447,614,631,829
X342,401,698,839,856,899
X343,152,407,526,617,643
X344,153,415,422,795,958
X345,409,463,696,702,859
X346,155,410,417,449,528
X347,156,411,529,626,644
X348,412,455,555,620,878
X349,414,488,672,680,935
X350,416,443,655,784,797
X351,228,418,506,722,903
X352,106,420,543,702,779
X353,229,353,720,844,957
X354,425,433,611,652,951
X355,427,678,700,729,880
X356,429,723,805,837,945
X357,434,461,610,749,906
X358,435,609,653,752,800
X359,171,508,780,859,958
X360,348,472,739,769,923
X361,440,442,747,947,950
X362,221,470,635,769,822
X363,438,489,896,917,943
X364,449,630,804,941,946
X365,458,686,750,767,818
X366,212,393,711,823,915
X367,471,685,763,768,811
X368,490,541,669,672,792
X369,497,551,678,754,841
X370,507,608,767,781,814
X371,526,574,651,688,928
X372,411,685,697,911,917
X373,539,615,738,855,879
X374,543,564,691,882,891
X375,568,578,694,714,921
X376,569,576,696,849,900
X377,570,580,712,808,889
X378,575,637,750,898,914
X379,627,714,754,870,873
X380,686,697,901,907,912
X381,699,724,771,851,858
X382,716,901,921,943,944
OX0,302,325,327,337,339,345,352,367,370,384,403,419,441,450,479,481,503,509,512,517,518,523,524,545,546,547,564,577,579,602,607,609,616,619,625,626,628,636,637,643,648,651,652,656,667,670,671,674,684,689,694,695,698,701,705,714,727,728,731,734,740,741,750,753,761,778,782,794,806,810,813,818,827,834,848,856,867,876,880,881,888,893,896,898,911,913,921,927
OX1,325,326,327,334,337,338,339,345,347,350,351,352,368,373,376,387,395,398,405,406,417,423,424,430,444,445,448,450,452,453,454,456,457,463,465,467,470,472,473,476,481,482,488,491,492,494,498,499,503,504,505,509,511,516,518,519,521,523,525,531,536,537,538,540,541,542,545,547,549,553,557,559,563,564,574,576,579,580,581,585,586,589,591,593,598,599,602,603,606,608,609,610,611,615,620,621,622,625,626,633,639,641,642,645,648,650,655,656,658,659,661,664,667,668,669,670,675,676,682,684,687,691,693,694,695,696,698,702,705,709,710,712,714,718,725,731,732,736,741,742,745,747,748,750,751,752,753,756,758,759,760,761,762,764,766,768,772,773,774,775,776,777,778,780,787,788,790,793,797,801,803,806,811,812,813,815,818,819,821,824,827,828,834,835,840,843,847,848,850,851,852,853,854,856,859,860,870,873,876,878,880,881,886,888,891,896,897,902,904,907,908,910,911,912,913,915,919,920,921,928,931,933,934,935,940,941,945,953
OX2,295,303,324,327,330,333,347,359,368,371,373,375,376,379,387,395,399,404,406,413,415,422,423,428,431,439,445,446,457,460,463,464,467,468,472,476,479,481,484,486,488,499,502,504,505,506,511,514,515,516,517,522,525,527,531,542,551,554,559,563,565,566,571,574,576,582,586,588,591,596,597,599,608,609,615,619,626,631,638,639,644,646,648,650,655,658,661,668,672,674,675,676,683,687,689,692,696,697,698,712,713,715,718,722,723,724,725,726,734,735,736,739,744,747,748,749,755,768,769,773,774,775,776,778,787,789,793,797,798,800,805,807,808,809,811,817,819,825,826,829,830,834,835,837,841,843,844,845,849,850,856,860,862,863,872,879,881,883,889,891,896,902,904,907,910,911,923,928,931,935,938,940,943,945,946,957,958,959
OX3,303,321,326,333,337,338,339,345,347,350,351,352,359,366,368,372,373,375,376,385,387,388,390,395,398,403,404,406,417,419,423,430,432,441,444,445,448,450,451,452,454,456,457,460,463,465,467,472,473,476,480,481,482,484,488,491,492,493,494,498,499,502,504,505,509,511,516,517,519,522,523,524,525,531,535,536,540,542,545,549,550,553,557,559,563,564,574,576,577,579,580,581,584,585,587,588,591,592,596,597,599,602,603,605,607,608,611,612,618,620,621,622,624,625,626,633,634,645,650,655,657,658,659,661,667,668,672,675,676,681,682,684,687,689,690,691,692,694,695,696,702,704,705,709,710,711,715,718,719,729,730,731,736,739,741,742,745,748,749,750,751,752,753,754,756,758,762,764,765,766,768,769,770,773,774,775,776,787,788,790,791,792,793,797,798,801,802,803,806,811,813,815,818,819,823,824,827,829,834,835,838,840,843,844,845,846,847,848,851,852,853,854,855,857,860,863,867,869,876,877,878,880,886,887,888,891,892,896,897,902,904,907,908,910,911,912,913,915,919,921,922,923,928,930,931,933,935,938,939,940,941,942,944,945,950,953,957,958,959
OX4,324,326,327,330,334,347,359,366,367,368,369,371,373,376,379,385,386,387,388,395,399,405,406,413,415,423,424,432,445,446,451,453,454,457,461,463,467,468,470,472,476,483,484,486,494,496,499,501,502,511,515,516,517,521,523,524,525,527,531,532,533,535,537,541,542,549,551,557,559,563,565,566,573,576,579,581,582,585,587,589,591,592,593,598,599,602,606,608,609,610,611,612,615,617,619,624,626,633,638,641,642,646,648,650,652,655,657,658,661,662,664,667,669,674,675,681,683,687,689,692,693,696,697,698,704,709,710,713,714,719,720,723,724,725,726,730,732,735,736,739,743,744,748,751,754,755,759,761,762,766,768,772,773,774,775,776,777,778,780,785,787,789,791,792,797,800,801,802,803,805,807,808,809,811,821,826,829,831,835,836,837,838,841,843,844,845,848,849,850,856,858,859,860,866,869,870,872,873,877,879,881,883,886,887,889,891,892,894,896,901,902,904,907,911,912,915,921,922,925,927,930,931,940,942,945,946,957,959
OX5,259,293,326,334,347,350,365,367,387,395,405,413,417,419,423,424,426,430,441,448,450,454,455,456,463,467,473,474,482,483,488,492,494,495,504,505,509,512,516,519,521,524,531,534,536,537,538,540,542,548,549,552,555,557,559,563,572,573,574,576,577,581,585,586,589,593,599,600,603,606,608,610,611,617,622,630,633,636,639,641,642,643,645,651,655,659,661,664,665,668,675,676,682,687,691,693,696,702,707,709,710,725,727,731,732,733,745,747,756,757,758,759,764,766,771,772,773,774,775,776,780,788,794,801,804,806,808,811,819,821,824,825,826,840,847,850,851,853,854,859,865,867,868,873,886,889,897,902,904,907,908,909,912,927,928,933,935,940,945,946,953,954
OX6,321,327,334,337,352,366,367,376,403,413,415,419,428,439,441,443,451,473,479,480,481,496,501,503,504,506,512,517,518,523,533,550,565,571,577,579,581,584,585,602,605,607,609,618,633,643,648,651,655,656,664,667,684,689,698,711,712,722,727,730,732,734,761,762,765,766,778,780,784,785,797,817,823,827,830,834,846,848,856,858,859,867,877,881,888,901,915,921,925,927,943,944,950,958
OX7,330,333,338,339,345,350,351,369,371,372,375,376,379,386,390,398,399,405,417,422,423,424,430,431,439,443,444,446,448,450,451,452,453,456,460,461,465,467,468,470,480,482,483,486,488,489,491,493,498,503,504,505,509,512,515,518,519,521,522,523,527,532,536,537,540,541,545,551,553,559,564,566,571,573,574,579,580,581,585,586,587,588,589,593,595,596,598,602,603,606,608,610,613,615,617,620,621,622,625,633,634,638,641,642,643,646,651,652,653,655,656,659,662,667,668,669,672,676,682,683,685,690,691,693,694,695,697,702,705,713,714,715,720,723,724,725,726,727,729,730,731,735,741,742,744,745,747,749,750,753,755,756,758,759,762,763,764,766,768,769,770,772,777,784,788,789,790,795,797,798,800,805,806,807,809,811,813,815,818,819,821,825,826,831,836,837,840,841,847,848,849,850,851,852,853,854,855,857,858,863,866,870,872,873,876,877,878,879,880,883,891,894,897,907,908,913,915,916,919,921,923,925,928,933,935,938,939,941,943,948,953
OX8,326,334,347,367,368,373,384,387,395,405,406,413,417,419,423,424,428,431,441,443,444,445,446,450,452,453,454,457,463,467,470,472,473,476,482,488,491,492,494,498,499,505,509,511,512,516,521,524,525,531,535,536,537,538,541,542,546,549,553,557,559,563,565,574,576,577,581,582,585,589,591,593,598,599,603,606,610,611,615,616,633,637,639,641,642,643,646,650,651,658,661,664,668,669,675,676,687,691,693,696,701,702,709,710,725,726,727,731,732,735,736,745,746,748,751,758,759,760,762,764,766,768,772,773,774,775,776,777,779,780,782,784,787,788,790,801,803,805,806,808,811,812,819,821,825,828,830,832,835,836,843,847,850,851,852,854,859,860,867,870,873,882,886,889,897,898,902,904,908,912,915,919,920,927,928,931,933,934,935,940,941,945,949,952,953
OX9,322,327,337,352,365,367,403,413,417,419,428,439,441,444,473,479,481,496,501,503,504,512,517,518,523,533,548,550,565,571,577,579,581,584,585,602,605,607,609,620,621,630,633,643,648,651,654,656,667,684,689,698,711,727,734,758,761,762,765,766,771,778,785,790,804,806,817,823,826,827,830,834,846,848,852,856,867,878,881,888,901,915,921,927,941,943,944,946,950,953
OX10,327,333,337,338,339,345,350,351,352,359,372,376,384,386,388,390,398,405,413,415,419,424,428,430,432,441,443,446,448,456,465,479,480,484,493,496,501,502,503,504,506,514,518,519,521,533,537,538,540,545,546,564,565,577,580,582,586,589,592,593,596,605,606,608,609,610,612,615,616,620,621,622,624,625,626,631,634,637,639,641,642,644,645,646,648,655,656,657,659,681,682,684,690,692,693,694,695,698,701,704,705,711,712,714,715,722,725,726,729,734,735,739,741,742,746,747,749,750,751,752,753,756,759,760,761,770,772,778,779,782,784,785,791,797,802,803,805,808,812,813,815,818,821,823,824,825,827,828,829,830,832,838,840,844,845,850,853,855,856,857,858,862,863,867,876,878,880,881,882,888,889,891,892,896,898,907,911,913,920,921,922,925,934,938,939,949,952,957,959
OX11,334,347,350,360,365,366,367,368,370,371,373,376,379,395,405,417,419,422,423,424,430,441,445,446,450,457,460,462,464,467,468,475,476,480,481,482,487,488,502,505,509,515,516,521,522,524,531,534,537,542,544,548,549,551,554,559,563,565,573,574,577,585,587,589,606,610,614,617,620,621,623,628,630,636,638,645,652,655,661,664,666,668,672,675,676,680,682,687,691,693,703,706,707,710,713,715,723,724,725,726,731,732,736,740,743,744,748,749,757,758,762,766,768,771,772,773,775,776,783,787,789,794,797,804,805,806,808,810,811,819,824,837,840,841,851,853,858,863,867,878,889,893,897,902,908,915,925,927,928,935,945,946,953
OX12,339,345,366,385,428,432,439,468,473,492,493,496,501,504,518,524,527,533,536,545,564,566,571,581,584,585,592,603,605,624,633,638,656,657,690,691,694,695,702,704,711,720,723,724,741,743,762,765,766,771,779,785,788,789,791,800,817,823,830,837,844,849,851,858,876,882,887,891,892,894,901,908,913,915,921,922,933,942,943,944,950,957
OX13,293,337,352,360,366,368,370,371,373,375,379,387,390,413,426,431,439,445,446,448,455,456,457,460,462,463,468,474,475,476,481,487,492,495,502,504,505,506,514,515,519,522,536,538,540,544,549,551,555,572,574,576,581,586,587,599,600,603,605,608,614,620,621,622,623,628,631,632,633,634,638,644,659,665,666,668,676,680,684,696,702,703,706,710,713,715,718,720,722,723,724,726,733,736,740,744,745,747,748,749,751,756,764,774,780,783,787,788,789,793,798,802,803,805,810,826,827,836,837,841,847,850,854,857,859,862,863,865,868,873,878,888,893,894,904,907,909,910,928,931,933,939,940,954
OX14,347,360,366,368,373,375,376,379,395,413,422,432,439,445,446,457,460,462,464,468,476,480,481,487,492,502,505,515,518,522,527,531,544,551,554,565,566,574,587,596,614,623,632,638,645,648,655,656,658,661,666,668,675,676,680,692,698,703,713,715,723,724,726,736,743,744,748,749,770,773,774,776,787,789,791,797,798,800,805,824,826,834,837,841,843,845,855,856,858,881,883,902,925,928,931,940,945
OX15,337,350,352,360,365,366,370,379,384,387,390,406,422,428,430,444,452,453,460,462,463,464,470,472,475,480,481,483,487,488,491,492,498,499,502,505,511,514,515,522,525,534,535,536,538,541,544,546,548,549,551,553,565,574,576,581,582,587,591,596,598,599,603,605,614,615,616,620,621,623,628,630,631,633,634,636,637,638,644,645,646,650,658,666,668,669,672,676,680,682,684,696,701,702,703,706,707,710,713,715,718,720,723,724,735,740,744,745,746,749,757,760,764,771,774,777,779,780,782,783,788,789,790,793,794,802,804,810,812,819,824,827,828,830,832,835,837,840,841,843,847,850,852,853,854,857,858,859,860,862,870,873,878,882,883,888,893,894,898,904,910,919,920,925,928,931,933,934,935,939,940,941,946,949,952
OX16,333,338,350,351,359,366,368,370,371,372,373,376,384,386,390,398,406,413,417,419,422,423,426,430,439,441,443,444,445,450,453,455,456,457,464,465,467,468,470,472,473,474,475,476,480,481,482,484,492,495,496,499,501,502,503,504,506,511,512,514,516,517,518,523,525,527,533,535,538,541,542,546,549,551,553,555,559,563,566,571,572,573,577,579,580,581,584,587,591,592,593,596,598,600,602,616,617,619,624,628,631,633,634,637,639,642,643,644,648,650,651,652,655,656,657,665,667,669,674,681,682,687,689,690,691,692,698,701,704,706,710,715,722,727,733,736,739,740,742,744,745,748,749,752,754,758,759,761,764,765,768,774,775,777,780,782,783,784,785,787,788,790,794,797,800,802,810,811,815,817,821,825,829,835,836,840,841,844,845,847,848,850,851,852,853,854,856,857,858,859,860,862,863,865,867,868,870,881,883,891,892,893,897,898,901,908,909,919,921,922,925,931,938,939,940,941,943,944,945,950,953,954,956,957,958,959
OX17,359,366,367,368,370,372,373,375,376,384,386,387,388,390,405,423,426,428,432,439,443,445,446,448,450,451,452,455,457,459,460,462,463,473,474,475,476,479,482,484,488,491,495,496,498,501,502,504,506,509,514,517,519,522,523,524,527,532,533,540,546,548,553,555,559,565,566,572,573,576,581,585,586,589,592,593,596,600,606,609,612,614,616,617,619,620,621,622,623,624,625,626,628,631,632,633,634,637,638,639,642,644,648,652,655,657,659,662,665,666,667,674,680,689,691,692,696,698,701,704,706,710,714,715,718,722,726,729,730,731,733,734,736,739,740,747,748,749,750,751,754,756,759,766,767,771,774,779,780,781,782,783,784,785,787,788,791,793,794,797,798,800,801,803,805,806,809,810,814,818,819,821,825,826,829,830,831,834,836,838,844,845,848,849,850,851,856,857,858,859,862,863,865,866,868,872,873,877,878,880,881,882,889,891,892,893,896,897,898,907,908,909,910,911,912,921,922,927,931,935,939,940,945,954,956,957,959
OX18,376,413,422,443,464,480,506,549,565,634,655,710,720,722,743,784,797,857,858,894,925,939
OX19,367,368,370,372,373,379,384,385,386,387,388,390,413,419,422,426,432,441,445,446,448,451,452,455,457,460,463,464,470,472,474,475,476,479,480,483,489,491,495,496,498,501,502,505,509,512,514,515,517,519,522,523,527,532,533,540,542,546,555,566,572,574,576,577,579,581,584,586,588,592,595,596,600,602,605,608,609,612,613,614,616,619,620,621,622,623,624,625,626,628,631,632,633,637,641,643,644,648,651,657,659,662,665,667,668,674,676,689,691,692,696,698,701,704,705,706,713,715,718,720,726,727,729,730,731,733,734,736,739,740,747,748,749,750,751,753,756,771,774,775,779,780,782,783,785,787,788,791,793,794,800,803,805,806,809,810,813,818,826,829,831,834,835,836,838,844,845,848,849,850,851,856,859,860,862,863,865,866,867,868,870,877,878,880,881,882,887,891,892,893,894,898,907,908,909,910,911,916,917,921,922,925,927,928,931,940,942,943,944,945,948,950,954,956,957
OX20,338,351,360,365,366,368,375,379,395,398,413,417,422,428,430,431,439,443,444,445,448,457,462,463,464,475,479,480,487,492,502,504,506,515,517,519,522,531,544,548,549,551,565,580,582,586,587,596,608,619,623,630,634,638,646,659,661,666,668,674,675,680,682,689,696,702,703,708,710,712,713,715,718,720,722,726,734,735,736,742,744,747,748,749,752,756,758,771,774,779,780,784,787,789,790,793,798,804,808,815,825,830,836,840,841,852,853,857,858,859,882,883,889,891,894,902,907,910,925,939,940,941,946,953
OX21,368,370,372,373,379,384,385,386,387,413,419,426,428,431,439,441,445,446,448,451,452,455,457,460,463,470,472,473,474,475,476,481,483,489,491,495,496,498,501,502,504,505,506,509,515,517,519,522,527,533,535,537,540,542,546,549,555,566,571,572,574,576,577,585,586,588,595,596,600,608,609,612,613,614,616,619,620,621,622,623,625,626,628,632,634,637,641,648,659,662,665,668,674,676,689,691,692,693,696,698,701,705,706,710,711,713,722,726,729,730,731,733,736,739,740,743,747,748,749,750,753,756,761,762,765,766,771,774,775,779,780,782,783,785,787,788,794,800,805,806,809,810,813,817,818,823,826,829,830,835,838,844,845,849,850,851,856,857,858,859,860,865,867,868,870,877,878,880,881,882,887,891,893,898,901,907,908,909,911,915,916,917,928,931,939,940,942,945,948,954,956,957
OX22,350,365,371,373,375,390,405,406,419,428,432,439,441,451,452,453,456,459,462,463,464,465,467,470,472,473,475,476,479,488,491,492,498,499,503,509,511,514,516,517,522,523,524,525,537,538,540,541,542,551,563,571,577,581,582,587,589,591,592,598,605,606,608,612,614,619,620,621,622,623,624,625,626,630,631,632,633,634,638,644,645,646,650,653,657,662,666,667,669,674,680,687,689,690,693,696,702,704,710,711,712,714,715,718,720,726,729,730,731,734,735,743,744,745,750,752,762,764,767,768,775,776,777,780,781,791,793,795,798,801,802,804,805,806,808,809,811,814,818,819,823,824,825,830,835,838,841,847,848,854,857,859,860,862,863,867,870,872,873,877,878,880,883,891,892,894,896,910,911,912,915,919,921,922,935,939,946
OX23,360,375,379,384,386,387,390,406,413,415,417,424,428,432,439,444,450,451,452,453,460,463,467,468,473,479,480,482,483,487,489,491,492,498,499,502,505,509,511,512,514,515,516,518,521,522,525,527,532,535,536,537,541,544,546,549,551,553,563,565,566,571,573,574,576,579,582,585,587,588,591,595,596,598,599,602,603,610,613,614,615,616,617,623,631,632,634,637,638,643,644,645,646,648,650,651,652,656,662,668,669,672,676,687,690,691,692,693,696,698,701,702,703,711,712,713,714,715,718,720,723,724,725,727,730,731,734,735,739,744,745,746,749,754,758,760,761,764,766,768,770,772,777,779,782,788,789,790,791,793,798,800,801,806,808,809,811,812,817,823,824,826,828,829,830,831,832,837,841,845,847,850,851,852,854,855,856,857,858,862,866,877,881,882,883,894,896,897,898,901,904,908,910,916,917,919,920,921,925,928,933,934,939,941,948,949,952,953,958
OX24,370,373,375,385,386,388,405,406,413,415,417,419,424,428,430,431,432,441,444,452,453,456,463,464,465,473,476,480,481,482,483,488,489,491,498,499,503,505,506,511,515,517,518,521,522,524,525,527,534,535,537,540,541,542,551,553,565,566,574,577,582,585,587,588,589,591,593,595,596,598,605,606,610,612,613,614,619,622,623,625,626,628,634,636,639,641,642,645,646,648,650,653,656,658,668,669,672,674,676,682,689,691,692,693,696,698,702,705,706,707,709,720,722,725,726,729,735,739,740,744,745,750,751,752,753,754,757,758,759,761,762,764,765,766,770,771,772,774,775,776,777,783,790,791,794,795,798,800,803,805,810,813,817,818,819,821,824,826,829,830,836,838,840,841,843,845,847,851,853,854,855,856,857,858,863,867,880,881,886,887,891,893,894,901,908,911,915,916,917,919,925,928,931,935,939,940,942,948,953,958
OX25,366,369,371,372,373,375,386,387,388,390,395,413,415,424,426,430,432,443,444,448,450,452,455,456,460,461,462,465,467,468,470,472,474,475,476,479,480,482,483,486,488,489,491,495,498,502,503,505,512,514,516,518,519,521,527,531,532,534,535,536,537,549,551,555,563,565,566,572,573,574,576,579,581,584,586,587,588,593,595,599,600,602,603,608,610,612,613,614,615,617,620,621,631,633,634,636,642,643,644,645,648,651,652,656,658,659,661,665,666,675,676,680,682,683,687,690,691,692,693,698,707,708,712,714,718,720,723,724,726,727,733,734,739,743,744,746,747,751,756,757,759,760,761,762,765,768,772,774,780,784,790,791,793,798,800,801,803,808,811,812,819,821,824,828,829,831,832,835,836,837,838,840,841,843,844,845,851,852,853,856,857,858,859,860,862,865,866,868,870,878,881,883,894,896,897,902,904,907,908,909,910,915,916,917,920,925,928,933,934,935,939,940,941,943,944,945,948,949,950,952,954,956,957,958
OX26,379,384,386,387,390,406,413,415,417,424,428,432,443,444,450,451,452,453,460,462,463,467,468,473,479,480,482,483,489,491,492,498,499,502,505,509,511,512,514,515,516,518,521,522,525,527,531,532,535,536,537,541,546,549,551,553,563,565,566,571,573,574,576,579,582,585,587,588,591,595,598,599,602,603,610,613,614,615,616,617,623,631,632,634,637,638,643,644,645,646,648,650,651,652,656,662,666,668,669,672,676,680,687,690,691,692,693,696,698,701,702,711,712,713,714,715,718,720,723,724,725,727,730,731,734,735,739,744,745,746,749,754,758,760,761,764,766,768,770,772,777,779,782,784,787,788,789,790,791,793,800,801,806,808,809,811,812,817,823,824,828,829,830,831,832,837,841,845,847,850,851,852,854,855,856,857,858,862,866,877,881,882,894,896,897,898,901,904,908,910,916,917,919,920,921,925,928,933,934,939,941,948,949,952,953,958
OX27,369,371,373,384,386,390,405,406,413,417,426,428,439,443,448,450,451,452,453,461,462,463,464,467,468,474,475,476,479,483,486,489,491,492,495,496,498,499,501,502,505,509,511,512,514,515,516,519,522,524,525,527,531,532,533,535,536,537,540,541,546,551,553,563,566,571,572,573,574,579,581,582,584,586,587,588,589,591,595,598,599,600,602,603,605,606,608,609,612,613,614,615,616,617,622,623,631,632,633,634,637,638,639,643,644,646,648,650,651,652,653,659,662,666,668,669,672,676,680,683,687,690,691,692,693,696,698,701,709,710,711,712,714,715,718,723,724,725,727,730,731,734,735,739,743,744,745,746,747,752,754,756,758,760,761,762,764,765,768,770,776,777,779,780,782,784,785,787,788,789,793,795,800,801,806,808,809,811,812,823,828,829,830,831,832,837,838,841,845,847,849,850,851,852,854,855,856,857,858,859,862,863,866,877,881,882,883,886,896,897,898,904,907,908,910,915,916,917,919,920,928,933,934,939,941,943,944,948,949,950,952,953
OX28,371,375,388,432,444,450,459,468,473,483,488,505,512,515,523,535,537,548,549,553,565,573,574,579,593,596,602,605,608,617,634,639,641,642,643,651,652,667,668,672,676,693,705,709,710,715,720,727,743,753,759,765,767,781,789,790,791,798,813,814,819,821,825,848,857,872,883,886,894,897,912,928,935,939
OX29,372,373,375,384,385,387,388,395,405,406,415,417,424,426,430,432,439,444,448,451,453,455,456,464,465,470,472,474,475,476,480,481,482,488,495,496,499,501,503,504,505,506,509,511,515,518,519,521,522,524,525,532,533,534,541,546,549,553,555,565,571,572,574,576,582,586,589,591,592,593,598,600,605,606,608,609,610,614,616,620,621,623,624,636,637,639,642,646,650,653,656,657,658,659,661,662,665,668,669,672,675,676,682,701,702,704,707,709,710,711,715,720,722,723,724,725,726,730,731,733,735,743,745,747,751,752,754,756,757,758,759,764,770,772,774,777,779,780,782,785,787,788,790,791,795,798,802,803,805,806,809,819,821,823,831,835,836,837,840,843,844,847,849,850,853,854,855,859,860,863,865,866,868,870,877,878,882,886,887,892,894,898,902,907,909,919,922,925,928,931,935,940,942,953,954,956,957,958
OX30,365,384,385,387,388,390,395,405,415,417,419,423,424,430,439,441,443,444,452,455,456,459,463,465,467,468,473,479,480,481,482,491,498,503,505,506,514,515,516,521,524,531,532,534,535,537,538,540,542,546,549,551,553,555,559,563,565,574,576,577,581,585,587,589,593,596,599,606,608,610,612,616,619,622,625,626,630,631,632,633,636,637,638,639,642,644,648,658,661,665,668,674,675,676,682,687,690,693,696,698,701,707,709,710,712,714,718,720,722,723,724,725,726,729,733,734,743,744,746,750,751,754,757,758,759,762,765,766,767,768,770,772,774,775,776,779,781,782,784,788,790,793,803,804,805,808,811,814,818,821,825,826,831,832,836,837,838,840,841,843,844,849,850,853,855,856,862,863,865,866,867,868,872,873,880,881,882,886,887,889,891,894,896,898,902,904,909,910,911,912,915,921,925,928,931,940,942,946,949,952,953,954,956,957,958
OX31,375,385,386,405,419,423,428,439,441,444,450,451,459,462,470,472,473,483,488,489,492,504,505,512,515,524,532,538,542,548,549,553,559,565,573,574,577,579,584,585,588,589,593,595,602,605,606,608,613,617,638,639,641,642,643,651,652,662,666,668,676,680,690,705,709,714,727,730,739,753,754,759,766,767,775,781,790,798,801,802,809,813,814,819,821,825,829,830,831,835,860,866,867,870,872,873,877,886,887,889,896,897,912,916,917,928,935,942,943,944,948,950
OX32,388,428,439,468,473,504,549,571,581,584,585,605,633,634,710,711,720,743,762,765,766,817,823,830,857,863,894,901,915,921,939,943,944,950
OX33,373,426,432,444,448,450,459,460,463,468,474,475,476,483,495,506,512,515,519,523,535,537,540,548,549,553,565,571,572,573,574,579,581,584,585,586,593,600,602,617,622,633,634,639,641,642,643,645,651,652,659,667,668,693,696,702,705,708,709,710,711,715,720,722,723,724,727,743,747,753,756,759,762,766,767,776,780,781,789,790,791,805,813,814,817,821,823,824,825,837,848,857,859,872,886,894,897,901,907,912,915,921,928,939,943,944,945,950
OX34,422,428,432,444,450,459,464,468,480,483,504,506,512,515,523,535,537,548,553,565,571,573,574,579,581,584,585,593,602,608,617,633,639,641,642,643,651,652,667,668,693,705,708,709,711,715,722,723,724,727,753,759,762,766,767,781,789,790,791,805,813,814,817,821,823,825,830,837,848,872,886,897,901,912,915,921,925,928,943,944,945,950
OX35,415,426,432,444,448,450,459,468,474,475,480,483,495,506,512,515,519,523,535,537,548,549,553,565,571,572,573,574,579,581,584,585,586,593,600,602,617,633,634,639,641,642,643,645,651,652,659,667,668,693,705,708,709,710,711,715,720,722,723,724,727,743,747,753,756,759,762,766,767,780,781,789,790,791,805,813,814,817,821,823,824,825,837,848,857,859,872,886,894,897,901,907,912,915,921,925,928,939,943,944,945,950,958
OX36,386,405,419,423,428,441,444,450,451,459,462,465,470,472,473,481,483,489,492,503,504,505,512,515,524,538,542,548,549,551,553,559,565,573,577,579,584,585,587,588,589,592,593,595,596,602,605,606,608,612,613,614,617,624,625,632,639,641,642,643,651,652,657,662,666,668,672,676,680,690,704,705,709,714,727,729,730,739,744,753,759,766,767,775,781,789,790,801,809,813,814,821,825,829,830,835,838,841,860,867,870,872,873,877,880,886,889,892,896,897,912,916,917,922,931,943,944,948,950
OX37,384,387,390,395,405,406,417,419,426,431,441,443,448,451,453,455,460,462,463,464,465,467,470,472,474,475,479,488,492,495,499,503,504,506,509,511,512,514,515,516,517,518,519,522,523,524,525,527,531,535,537,540,541,542,546,549,551,553,555,563,566,571,572,573,574,576,577,582,586,587,589,591,593,596,598,599,600,605,606,608,612,614,616,617,620,621,622,623,625,631,632,636,637,638,639,642,643,644,646,650,651,653,656,659,661,662,665,666,667,668,669,672,675,680,687,689,691,692,693,696,701,706,708,709,711,712,715,718,720,722,727,729,730,731,733,734,735,744,745,746,747,752,756,758,759,761,762,764,768,775,776,777,779,780,782,783,784,788,789,793,795,800,802,805,806,808,809,811,819,821,823,826,832,835,838,841,844,845,847,848,849,850,851,852,854,858,859,860,862,865,867,868,870,877,878,880,882,886,894,898,902,904,907,908,909,910,915,919,928,935,941,945,949,952,953,954,956,957
OX38,424,428,444,470,481,482,504,514,521,554,565,573,574,584,610,617,623,626,631,644,646,685,697,706,710,714,725,739,754,757,762,763,768,769,772,773,774,790,811,829,830,862,870,872,873,911,915,917,923,928,940,944,950
OX39,390,405,406,413,417,419,428,431,441,450,451,453,460,462,464,465,467,470,472,473,479,483,492,499,503,504,505,506,511,512,514,515,516,517,522,524,525,538,541,542,551,553,563,573,574,577,579,582,584,585,587,589,591,592,593,596,598,602,605,606,612,614,617,619,623,624,625,626,631,632,634,638,639,641,642,643,644,645,646,650,651,652,653,657,662,666,668,669,672,674,676,680,687,689,690,704,705,709,710,712,714,718,720,722,727,729,730,734,735,743,744,750,752,753,758,759,766,768,771,775,777,789,793,795,801,802,808,809,811,813,817,818,821,824,826,830,835,838,841,852,857,858,860,862,867,870,873,877,880,886,891,892,894,896,897,901,910,911,919,922,928,939,941,943,944,950,953
OX40,432,443,444,450,459,462,468,470,472,483,488,505,512,515,523,531,535,537,548,549,553,565,571,573,574,579,581,582,585,593,599,602,608,617,633,634,639,641,642,643,651,652,658,666,667,668,672,676,680,693,701,705,706,709,710,711,714,715,720,727,743,753,754,757,759,762,766,767,781,784,787,789,790,791,813,814,817,819,821,823,825,826,843,848,857,860,870,872,873,886,894,897,901,904,912,915,921,928,935,939,943
OX41,385,451,538,592,624,638,657,662,690,704,730,789,809,877,887,892,922,942
OX42,426,443,448,455,462,463,470,472,474,475,481,488,495,519,531,532,538,540,555,572,574,582,584,586,599,600,603,608,614,620,621,622,632,645,658,659,665,666,672,680,690,696,701,702,706,714,747,754,756,757,776,780,783,784,787,802,819,824,826,831,843,850,859,860,866,868,870,873,878,904,907,928,931,935,944,950,954
OX43,428,470,492,504,514,516,563,584,614,623,626,631,644,646,685,687,691,697,712,714,739,743,754,763,769,808,829,830,840,853,862,870,872,873,911,917,923,944,950
OX44,405,406,413,417,419,431,441,450,451,462,464,465,467,472,473,479,481,483,499,503,511,512,515,517,522,524,525,538,541,542,551,553,573,577,579,582,585,587,589,591,592,593,596,602,605,606,612,614,617,619,624,625,634,638,639,641,642,643,645,650,651,652,653,657,662,666,668,669,672,674,680,685,689,690,691,697,704,705,708,709,710,718,720,723,724,727,729,730,734,735,739,744,750,752,753,754,758,759,763,766,768,769,771,775,777,789,793,795,801,805,809,811,813,817,818,821,824,826,829,835,837,838,840,841,852,853,857,858,860,867,872,877,880,886,891,892,894,896,897,901,910,917,919,922,923,931,939,941,943,945,953
OX45,443,446,455,462,470,472,481,488,515,531,532,538,555,574,582,584,586,599,603,614,620,621,623,632,645,658,665,666,672,680,690,701,706,714,747,754,757,776,783,784,787,802,819,824,826,831,843,850,860,866,868,870,873,878,904,928,931,935,944,950,954
OX46,419,430,431,439,441,444,450,451,453,456,459,460,467,470,479,481,483,488,492,496,501,505,506,515,516,518,523,527,532,533,534,538,542,548,551,553,554,563,565,566,571,573,574,577,579,581,585,587,593,596,598,602,608,612,614,617,623,625,626,633,639,641,642,646,648,652,656,658,662,667,668,676,682,685,687,690,691,692,697,698,705,707,709,711,712,714,715,718,722,726,729,730,734,739,743,744,746,751,753,759,761,762,763,765,766,767,769,770,773,775,781,783,785,789,790,793,800,801,802,803,805,808,809,813,814,817,819,821,823,825,829,831,832,836,838,840,841,843,845,848,851,852,853,855,856,858,866,867,870,873,877,880,881,886,897,901,908,910,911,912,915,917,921,923,928,935,941,943,949,952
OX47,444,446,450,459,481,483,493,505,512,518,523,527,532,535,536,537,540,545,548,549,553,565,566,571,573,579,581,584,585,586,593,602,603,608,614,617,622,623,632,633,634,639,641,642,643,645,651,652,656,667,668,676,690,693,694,695,702,705,709,710,711,715,723,724,727,743,747,753,759,762,766,767,771,781,788,789,790,800,802,813,814,817,821,823,824,825,831,837,844,848,849,851,857,858,866,872,886,897,901,908,912,915,921,931,933,939,943,944,950,957
OX48,387,395,413,431,446,450,452,455,462,472,473,483,491,492,498,514,515,516,518,523,527,535,537,538,549,555,563,566,571,576,579,582,584,585,586,592,602,614,620,621,624,626,631,634,636,641,644,645,646,652,656,657,658,661,665,666,667,672,675,680,685,687,690,691,692,693,697,701,704,710,711,712,715,723,724,733,739,747,757,761,762,763,766,769,771,776,783,787,788,800,801,808,817,823,824,826,829,837,840,843,844,845,848,850,851,853,857,858,860,862,865,868,872,873,878,892,897,901,902,908,909,911,915,917,921,922,923,933,939,943,944,950,954,956,957
OX49,398,431,448,455,463,470,475,479,481,505,514,516,517,519,532,538,540,555,563,574,582,584,586,603,608,619,620,621,622,623,626,631,632,644,645,646,659,665,674,676,685,687,689,690,691,696,697,702,708,714,718,723,724,734,739,747,752,754,756,763,769,776,780,783,793,802,805,824,825,829,831,837,840,850,853,858,859,862,866,868,870,872,873,878,891,907,910,911,917,923,928,931,944,945,950,954
OX50,446,450,459,481,483,492,493,505,512,516,518,523,527,532,535,536,537,540,545,549,563,566,571,573,579,581,584,585,586,593,602,603,608,614,617,622,623,626,632,633,634,639,641,642,643,645,651,652,656,667,668,676,685,687,690,691,693,694,695,697,702,709,710,711,712,715,723,724,727,747,759,762,763,766,767,771,781,788,789,800,802,808,814,817,821,823,824,825,831,837,840,844,848,849,851,853,857,858,866,872,886,897,901,908,911,912,915,917,921,931,933,939,943,944,950,957
OX51,406,413,417,423,455,456,459,462,464,481,488,492,499,504,509,511,512,515,517,518,522,523,525,527,534,538,540,541,549,553,554,555,559,566,586,591,592,603,608,614,619,622,624,632,634,636,638,643,648,650,651,653,656,657,665,666,667,669,672,674,680,685,689,690,691,692,697,698,701,704,705,707,710,715,720,726,727,731,733,745,747,750,752,753,757,758,761,763,764,767,768,770,771,773,776,777,779,781,795,800,805,806,811,813,814,817,818,819,825,826,835,845,847,848,850,851,854,855,856,857,865,868,872,881,882,889,891,892,894,896,901,908,912,917,919,922,935,939,943,953,954
OX52,413,417,423,450,451,455,465,467,473,483,488,489,492,493,503,505,512,515,518,523,527,535,536,537,540,545,549,551,553,555,559,566,573,574,579,587,592,593,595,596,602,605,608,612,613,617,620,621,622,624,625,634,639,641,642,643,651,652,656,657,662,665,667,668,676,685,690,693,694,695,697,702,704,705,709,710,715,723,724,727,729,730,744,750,753,754,758,759,763,768,776,783,788,792,800,809,811,813,817,818,819,821,825,826,837,838,841,844,848,849,850,851,852,857,858,868,872,877,878,880,886,889,892,897,901,907,908,916,919,922,928,933,935,939,941,948,953,954,957
OX53,451,455,456,462,464,465,467,470,473,481,489,492,503,504,509,512,514,515,517,518,522,523,527,534,540,541,549,551,554,555,566,571,581,585,586,587,595,596,603,605,608,612,613,619,622,623,625,631,633,634,636,638,643,644,646,648,651,653,656,662,665,666,667,669,672,674,680,689,692,698,701,707,710,711,712,714,715,720,726,727,729,730,731,733,735,739,744,745,747,752,757,761,762,764,766,769,770,773,776,777,779,789,792,795,800,805,806,808,809,817,823,825,829,835,838,840,841,845,847,848,850,851,852,853,854,855,856,857,862,865,868,870,873,877,880,881,882,891,894,896,901,907,908,915,916,917,921,923,939,941,948,954
OX54,450,456,459,462,464,467,470,483,489,493,504,505,509,514,516,517,522,532,534,535,536,537,541,545,554,563,571,573,579,581,585,586,593,595,602,603,613,614,617,619,620,621,623,626,631,632,633,636,638,639,641,642,644,646,648,652,653,666,668,669,672,674,676,680,685,687,689,690,691,692,693,694,695,697,698,701,702,707,709,711,714,720,723,724,726,731,733,735,739,745,747,752,754,757,759,761,762,763,764,766,767,769,770,771,773,777,779,781,783,788,792,795,802,805,806,814,817,821,823,829,831,835,837,844,845,847,849,852,854,855,856,858,862,865,866,870,872,873,878,881,882,886,891,894,896,897,901,907,911,912,915,916,921,923,931,933,941,948,957
OX55,395,417,431,452,455,456,465,470,473,482,491,493,498,502,503,504,505,509,514,516,534,540,541,545,548,555,563,571,573,581,584,585,596,605,612,614,615,617,619,622,623,625,626,631,632,633,641,644,646,661,665,669,674,675,676,687,691,692,694,695,701,707,708,711,714,723,724,729,731,735,739,745,749,750,754,758,760,761,764,766,768,769,774,776,777,779,787,788,805,806,811,812,817,818,823,828,829,835,837,838,845,847,854,858,862,868,870,872,880,882,891,896,901,902,909,911,919,920,923,931,934,940,943,944,950,953,954,956
OX56,455,456,462,464,467,481,489,504,509,512,515,516,517,518,522,523,527,534,536,538,540,541,554,555,563,566,586,595,608,613,614,619,622,626,636,638,643,648,651,653,656,665,666,667,669,672,674,680,685,687,689,691,692,697,698,701,707,715,720,723,724,726,727,731,733,735,745,747,752,757,761,763,764,770,771,773,776,777,779,788,789,792,795,800,805,806,825,835,837,844,845,847,848,850,852,854,855,856,858,865,868,872,881,882,891,894,896,907,911,916,941,943,948,954,957
OX57,423,456,462,464,465,467,472,473,482,488,489,492,493,502,503,504,509,512,514,515,516,527,534,536,538,541,545,548,549,553,559,563,566,574,582,584,593,595,596,603,605,608,609,612,613,614,615,619,620,621,623,625,626,631,632,634,636,639,641,642,643,644,646,651,653,658,666,668,669,672,674,680,685,687,691,694,695,697,702,705,707,708,709,710,720,723,724,727,729,731,733,735,739,745,749,752,753,757,759,760,762,763,764,769,771,774,777,779,783,788,792,795,800,801,805,806,812,813,817,819,821,825,828,829,835,837,838,843,847,849,850,852,854,857,858,860,862,865,878,880,882,886,889,891,894,896,901,907,911,915,916,920,921,923,928,931,933,934,935,939,940,941,944,948,950
OX58,584,586,608,645,747,824,901,907,912,921,943,944,950
OX59,473,488,573,617,632,643,727,801,819,825,912,931,935
OX60,619,674,691,701,702,714,779,849,882,891,896,921,933
OX61,470,481,488,492,514,516,532,536,549,563,574,603,623,626,631,632,634,643,644,646,685,687,690,691,697,710,712,714,723,724,727,739,754,763,769,771,788,801,802,808,819,825,829,831,837,840,844,851,853,857,858,862,866,870,872,873,901,908,911,912,917,921,923,928,931,935,939,943,957
OX62,430,453,460,482,492,493,502,504,505,506,509,515,516,517,518,522,523,532,538,545,548,549,553,554,563,573,585,586,593,596,598,605,606,608,609,612,615,617,620,621,623,625,626,632,634,636,638,639,641,642,643,646,648,656,667,668,676,682,685,687,689,690,691,692,694,695,697,698,702,705,709,710,712,715,722,723,724,726,727,729,731,733,735,745,746,747,749,751,753,757,759,760,761,762,763,764,766,770,773,774,779,789,802,803,805,806,808,812,813,817,821,825,828,831,832,836,837,838,844,845,847,848,849,850,854,855,856,857,865,866,878,880,881,882,886,907,911,915,917,920,931,933,934,939,940,945,949,952,957
OX63,481,488,522,532,574,592,608,614,624,632,638,643,645,657,704,727,789,801,802,819,824,825,831,866,892,907,922,928,931,935
OX64,417,431,464,479,488,505,514,516,517,522,532,536,538,541,546,553,563,582,592,608,614,616,620,621,623,624,626,631,638,644,645,646,653,657,669,676,685,687,689,697,701,702,704,708,714,718,720,734,752,758,763,771,777,779,782,783,787,788,789,792,793,795,802,805,819,824,825,831,835,840,844,849,850,851,853,862,866,872,878,882,892,894,896,907,908,910,911,917,921,922,933,935,945,953,957
OX65,452,462,465,467,479,489,491,492,493,498,503,512,514,515,518,522,523,527,541,545,546,549,551,554,566,571,573,574,581,582,585,595,596,603,605,612,613,614,615,616,617,620,621,623,625,626,631,633,634,636,638,641,644,645,646,648,651,656,666,667,669,672,680,691,694,695,698,701,702,705,710,711,712,714,715,718,723,724,726,729,733,734,750,753,757,760,762,766,770,771,773,777,779,782,783,789,793,800,801,805,808,812,813,817,818,823,824,825,828,835,837,838,844,848,849,852,855,856,857,858,862,865,873,878,880,881,882,896,901,910,911,912,915,916,917,919,920,921,928,933,934,939,941,945,948,957
OX66,456,462,464,467,488,489,493,504,509,512,515,516,517,522,532,534,536,541,545,554,563,574,586,595,603,608,613,620,621,626,632,636,638,643,648,651,653,666,669,672,680,685,687,689,690,692,694,695,697,698,707,714,715,720,723,724,726,727,731,733,735,745,747,752,757,761,763,764,770,771,773,777,783,788,789,792,795,801,802,805,806,819,825,831,835,837,844,845,847,852,854,855,856,858,865,866,872,878,881,894,907,911,916,921,928,931,935,941,943,948,957
OX67,431,464,479,488,492,505,517,549,582,634,643,653,676,689,691,701,702,708,710,712,714,718,720,723,724,727,734,752,779,793,795,801,805,808,819,837,849,857,858,882,894,896,910,921,933,935,939,945
OX68,465,472,482,502,503,514,517,527,532,536,538,548,553,554,566,582,592,593,596,603,605,609,612,614,615,623,624,625,631,639,641,642,644,646,648,657,658,668,689,692,698,701,704,705,708,709,715,723,724,726,729,739,749,753,759,760,761,769,770,771,773,774,788,800,802,812,813,821,828,829,831,837,838,843,845,850,851,855,856,858,860,862,866,872,880,881,886,892,908,920,922,923,934,940
OX69,464,482,488,493,502,522,527,536,545,548,551,553,566,573,592,603,608,609,617,624,626,632,638,643,645,653,657,685,690,694,695,697,704,705,720,723,724,727,749,752,753,762,763,768,771,774,788,789,795,800,801,811,813,819,824,825,837,844,851,858,873,892,894,907,908,911,915,917,922,931,935,940,957
OX70,472,482,502,504,505,512,514,517,518,523,532,536,538,548,553,554,571,574,581,582,586,592,596,603,605,606,608,609,612,614,615,623,624,625,631,632,633,641,643,644,645,646,648,651,656,657,658,667,676,689,698,701,704,705,708,711,715,723,724,726,727,729,739,745,746,747,749,753,760,764,769,770,771,773,774,788,802,812,813,823,824,825,828,829,831,832,837,838,843,847,848,850,851,854,855,856,858,860,862,866,872,880,881,892,907,908,920,922,923,928,931,934,940,949,952
OX71,571,581,596,605,606,612,633,711,823,838
OX72,462,482,488,502,504,505,512,514,517,518,522,523,536,538,541,548,553,554,573,574,582,586,603,609,614,615,617,623,625,631,638,641,644,646,648,651,656,658,666,667,669,672,676,680,685,689,698,701,705,708,715,723,724,726,729,745,746,747,749,753,760,762,763,764,768,770,771,773,774,777,788,789,792,801,811,812,813,819,828,832,835,837,843,847,848,850,851,854,855,856,858,862,872,880,881,896,908,915,917,920,928,934,935,940,943,949,952
OX73,467,488,489,505,509,515,546,582,595,608,613,616,636,658,676,697,701,705,708,723,724,731,733,750,753,757,771,782,792,805,806,813,818,819,837,843,852,858,865,872,896,901,907,912,916,917,919,935,941,943,945,948
OX74,459,522,608,638,645,767,781,814,824
OX75,453,460,482,493,502,505,506,516,517,527,545,548,551,553,563,566,573,582,598,609,617,623,632,646,676,687,689,694,695,701,702,705,708,714,722,723,724,749,751,753,762,768,774,779,800,803,805,811,813,836,837,840,849,853,872,873,882,896,915,921,931,933,940,945
OX76,488,505,512,518,523,527,566,573,574,585,593,596,605,606,612,617,639,642,651,656,667,668,676,692,709,759,761,762,766,800,801,817,819,821,838,845,848,886,915,928,935
OX77,643,697,727,750,792,801,818,825,901,912,919
OX78,492,514,516,532,536,549,563,603,614,623,626,631,634,644,646,685,687,690,691,697,710,712,723,724,763,771,788,802,808,831,837,840,844,851,853,857,858,862,866,872,908,911,917,939,957
OX79,514,515,522,532,592,614,623,624,631,638,644,645,646,657,704,789,802,824,831,862,866,892,922
OX80,522,538,546,592,603,608,616,620,621,624,626,638,645,657,690,697,704,705,753,782,783,789,813,824,850,878,892,901,907,911,912,922
OX81,482,502,504,505,512,515,518,523,527,532,536,538,546,548,553,554,566,574,586,592,616,620,621,624,625,626,632,645,651,656,657,667,676,692,704,706,708,715,723,724,725,726,729,745,746,747,749,750,757,761,764,771,773,774,782,783,788,792,800,801,802,818,824,831,832,837,844,845,847,848,850,851,854,858,866,872,878,880,892,908,911,919,922,928,931,940,949,952,957
OX82,493,504,509,516,532,536,538,545,546,551,554,563,582,585,586,592,593,596,603,605,606,608,612,615,616,624,625,626,636,639,641,642,645,648,657,668,687,692,694,695,697,698,701,702,704,705,708,709,714,715,723,724,726,729,731,733,745,746,747,753,757,759,760,761,764,766,768,770,771,773,779,782,788,802,806,811,812,813,817,821,824,828,831,832,837,838,840,845,847,849,850,851,853,854,855,856,858,865,866,873,880,881,882,886,892,896,901,907,908,911,912,920,921,922,933,934,949,952
OX83,441,489,515,516,517,518,523,542,563,582,585,595,606,608,609,613,626,656,667,687,689,701,702,714,750,766,768,775,779,792,801,811,817,818,840,848,849,853,872,882,896,901,907,911,912,916,917,919,921,933,948
OX84,505,573,585,593,596,605,606,612,617,632,639,642,668,676,709,759,762,766,817,821,838,886,915,931
OX85,509,515,516,518,523,527,563,566,582,603,608,615,620,621,626,636,641,648,656,667,685,687,692,698,701,702,706,714,725,731,733,750,760,761,763,770,779,783,792,800,801,806,812,818,828,840,844,845,848,849,853,855,856,865,872,878,881,882,896,901,907,911,912,917,919,920,921,933,934,957
OX86,515,516,517,518,523,563,582,608,609,626,656,667,685,687,689,701,702,714,750,763,779,792,801,818,840,848,849,853,872,882,896,901,907,911,912,917,919,921,933
OX87,518,523,527,546,566,603,615,616,620,621,626,641,648,656,658,667,692,698,705,706,725,750,753,757,760,761,770,782,783,792,800,801,812,813,818,828,843,844,845,848,855,856,878,881,911,919,920,934,957
OX88,512,538,573,574,585,592,593,596,605,606,612,615,617,624,639,641,642,648,651,657,658,668,690,698,704,706,708,709,715,725,726,757,759,760,762,766,770,812,817,821,828,838,843,844,850,855,856,881,886,892,915,920,922,928,934,957
OX89,504,551,586,608,625,645,714,729,745,746,747,764,824,832,847,854,873,880,901,907,912,921,943,949,952
OX90,516,532,536,538,546,554,563,585,592,593,596,605,606,612,616,620,621,624,626,639,642,657,668,687,697,702,704,705,706,708,709,714,715,723,724,725,726,753,757,759,766,768,771,773,779,782,783,788,802,811,813,817,821,831,837,838,840,844,849,850,851,853,858,866,878,882,886,892,908,911,921,922,933,943,957
OX91,532,536,554,603,690,706,723,724,725,757,771,773,788,802,831,837,844,851,858,866,908,957
OX92,517,527,546,566,582,603,609,615,616,620,621,626,641,648,658,689,692,697,698,701,705,706,725,753,757,760,761,770,782,783,800,812,813,828,843,844,845,855,856,878,881,896,911,920,934,943,957
OX93,534,536,546,592,603,616,620,621,624,626,648,657,658,690,697,698,702,704,705,706,707,714,715,725,726,735,753,757,770,779,782,783,788,805,813,840,843,844,849,853,855,856,878,881,882,892,911,921,922,933,943,945,957
OX94,538,592,603,624,657,690,704,715,723,724,726,771,805,837,850,851,858,892,908,922,945
OX95,546,585,593,596,605,606,612,616,620,621,626,639,642,668,685,697,705,708,709,723,724,753,759,763,766,768,771,782,783,805,811,813,817,821,837,838,851,858,878,886,908,911,917,945
OX96,536,582,585,592,593,596,603,605,606,612,624,639,642,657,658,668,685,690,701,704,706,708,709,715,723,724,725,726,757,759,763,766,768,771,788,811,817,821,837,838,843,844,851,858,886,892,896,908,917,922,943,957
OX97,582,585,593,596,603,605,606,612,639,642,658,668,685,701,706,708,709,723,724,725,757,759,763,766,768,771,805,811,817,821,837,838,843,844,851,858,886,896,908,917,943,945,957
Z0,0,452,636,731
Z1,1,134,496,785
Z2,2,140,370,740
Z3,3,193,740,810
Z4,4,47,719,869
Z5,5,670,729,880
Z6,6,298,494,557
Z7,7,283,839,899
Z8,8,138,198,561
Z9,9,482,713,774
Z10,10,206,486,683
Z11,11,197,314,918
Z12,12,302,315,671
Z13,13,310,663,885
Z14,14,405,524,876
Z15,15,196,764,847
Z16,16,251,523,848
Z17,17,27,244,864
Z18,18,355,857,939
Z19,19,219,698,856
Z20,20,38,345,876
Z21,21,552,655,797
Z22,22,202,375,798
Z23,23,273,437,799
Z24,24,199,299,679
Z25,25,401,648,856
Z26,8,26,525,650
Z27,27,47,330,807
Z28,28,521,610,906
Z29,29,233,920,934
Z30,30,234,379,713
Z31,31,256,303,597
Z32,32,313,684,888
Z33,33,135,189,926
Z34,34,312,532,866
Z35,35,705,753,861
Z36,36,301,479,734
Z37,37,150,457,748
Z38,20,199,236,560
Z39,39,63,126,478
Z40,40,334,712,808
Z41,41,60,491,498
Z42,42,290,812,920
Z43,43,300,385,942
Z44,44,588,777,835
Z45,45,146,270,737
Z46,46,788,837,945
Z47,17,139,592,922
Z48,48,108,195,402
Z49,49,151,519,659
Z50,50,122,520,558
Z51,51,249,307,660
Z52,52,137,330,755
Z53,53,161,709,886
Z54,54,301,474,495
Z55,55,323,419,867
Z56,56,241,404,597
Z57,57,121,751,803
Z58,58,668,676,708
Z59,59,432,673,791
Z60,24,60,428,830
Z61,61,497,744,841
Z62,62,331,500,677
Z63,63,186,753,813
Z64,64,67,69,924
Z65,65,205,657,922
Z66,66,173,634,939
Z67,67,162,658,843
Z68,68,381,501,533
Z69,69,262,733,865
Z70,70,140,231,296
Z71,71,202,635,822
Z72,72,273,711,823
Z73,73,504,745,830
Z74,74,200,237,885
Z75,75,396,443,784
Z76,66,76,334,732
Z77,77,98,868,954
Z78,78,414,488,819
Z79,79,320,339,913
Z80,80,142,234,932
Z81,81,340,402,861
Z82,82,113,469,842
Z83,83,118,410,528
Z84,84,154,426,474
Z85,85,321,550,654
Z86,86,209,649,955
Z87,87,134,401,899
Z88,88,248,561,640
Z89,89,639,683,759
Z90,90,315,616,782
Z91,91,308,346,436
Z92,92,168,661,902
Z93,93,129,718,910
Z94,94,165,190,594
Z95,95,142,373,476
Z96,96,208,367,927
Z97,97,364,448,756
Z98,98,368,395,909
Z99,99,577,579,693
Z100,100,128,285,320
Z101,101,280,844,957
Z102,102,255,352,684
Z103,103,281,530,874
Z104,104,265,546,616
Z105,105,217,305,816
Z106,106,420,545,695
Z107,107,341,599,904
Z108,39,48,345,913
Z109,109,618,662,730
Z110,110,149,542,775
Z111,111,647,781,814
Z112,112,240,513,864
Z113,113,390,802,831
Z114,114,347,834,927
Z115,115,269,445,736
Z116,116,369,434,461
Z117,117,261,575,914
Z118,118,200,300,346
Z119,119,563,687,895
Z120,120,147,629,833
Z121,102,121,718,793
Z122,50,94,141,937
Z123,103,123,395,661
Z124,124,203,208,286
Z125,125,246,284,485
Z126,65,126,157,397
Z127,127,195,207,285
Z128,128,295,662,809
Z129,93,238,452,491
Z130,130,340,484,959
Z131,131,206,539,738
Z132,132,576,849,933
Z133,133,427,663,700
Z134,1,518,656,820
Z135,33,398,653,752
Z136,51,136,574,928
Z137,137,192,595,948
Z138,92,138,185,932
Z139,70,252,259,552
Z140,141,233,511,650
Z141,80,254,418,903
Z142,143,179,437,717
Z143,144,196,381,604
Z144,145,355,356,786
Z145,146,454,554,773
Z146,56,120,719,930
Z147,148,207,831,866
Z148,110,524,785,867
Z149,150,242,487,544
Z150,151,274,318,583
Z151,152,573,583,617
Z152,153,435,653,795
Z153,154,530,540,622
Z154,155,417,787,826
Z155,156,626,813,872
Z156,157,515,623,872
Z157,158,514,529,644
Z158,159,470,472,769
Z159,160,170,760,812
Z160,53,267,593,642
Z161,162,348,472,860
Z162,163,605,633,821
Z163,164,553,705,782
Z164,122,289,430,682
Z165,166,253,338,742
Z166,167,615,828,879
Z167,169,367,602,897
Z168,170,172,692,845
Z169,171,415,681,958
Z170,172,184,828,934
Z171,171,173,508,717
Z172,144,174,322,654
Z173,175,376,565,790
Z174,176,253,517,689
Z175,177,318,406,591
Z176,178,363,391,562
Z177,179,328,405,589
Z178,180,220,385,887
Z179,181,609,689,752
Z180,182,582,674,701
Z181,183,444,482,548
Z182,184,240,325,547
Z183,119,185,774,940
Z184,186,311,579,602
Z185,187,384,575,898
Z186,4,139,188,955
Z187,49,135,194,937
Z188,29,190,637,898
Z189,45,191,569,900
Z190,131,192,816,875
Z191,15,193,509,731
Z192,194,242,406,525
Z193,10,127,359,959
Z194,74,109,174,929
Z195,197,235,810,893
Z196,198,249,254,297
Z197,41,376,416,797
Z198,83,620,878,929
Z199,201,646,836,862
Z200,71,209,312,833
Z201,203,284,296,871
Z202,204,281,628,893
Z203,205,459,507,814
Z204,52,88,245,660
Z205,148,386,739,923
Z206,124,283,403,607
Z207,86,421,624,704
Z208,210,241,389,926
Z209,125,211,659,756
Z210,212,473,573,915
Z211,213,278,613,948
Z212,214,427,625,880
Z213,215,364,426,600
Z214,216,309,645,824
Z215,217,462,787,835
Z216,218,414,666,680
Z217,219,270,291,332
Z218,220,440,586,747
Z219,221,470,627,870
Z220,222,255,419,577
Z221,156,223,644,862
Z222,224,490,541,777
Z223,225,446,623,646
Z224,226,268,342,601
Z225,227,538,809,850
Z226,228,418,505,676
Z227,229,603,844,850
Z228,230,456,805,945
Z229,28,226,231,895
Z230,0,232,796,924
Z231,30,522,638,942
Z232,235,450,611,652
Z233,6,108,236,469
Z234,237,282,451,877
Z235,129,176,232,890
Z236,239,512,651,688
Z237,160,293,909,956
Z238,61,210,487,703
Z239,26,37,168,590
Z240,243,407,526,688
Z241,23,244,267,936
Z242,245,400,514,631
Z243,246,403,465,503
Z244,247,289,338,815
Z245,158,248,516,563
Z246,136,191,333,938
Z247,250,260,592,704
Z248,16,313,323,820
Z249,252,274,392,485
Z250,54,238,745,847
Z251,95,522,586,824
Z252,57,223,337,827
Z253,166,189,256,558
Z254,257,343,665,868
Z255,258,380,619,674
Z256,175,259,768,811
Z257,260,493,545,547
Z258,261,302,607,846
Z259,262,531,544,599
Z260,263,379,668,709
Z261,264,377,424,772
Z262,115,265,541,669
Z263,266,535,715,726
Z264,161,163,425,951
Z265,268,516,735,853
Z266,269,455,555,796
Z267,19,757,773,843
Z268,271,691,840,882
Z269,272,483,641,760
Z270,72,357,593,821
Z271,2,424,521,918
Z272,107,275,360,703
Z273,13,276,510,604
Z274,277,699,851,908
Z275,278,362,423,559
Z276,279,351,815,890
Z277,280,539,770,855
Z278,84,204,764,854
Z279,282,497,678,700
Z280,7,441,542,778
Z281,165,211,746,949
Z282,100,532,624,690
Z283,96,361,721,884
Z284,287,308,594,647
Z285,288,564,619,891
Z286,201,247,840,853
Z287,42,368,590,736
Z288,291,408,527,566
Z289,292,350,448,475
Z290,230,293,628,794
Z291,294,657,892,936
Z292,101,295,369,486
Z293,31,559,580,889
Z294,297,591,632,931
Z295,298,562,581,633
Z296,299,549,589,634
Z297,43,335,444,790
Z298,36,398,519,600
Z299,117,380,568,578
Z300,213,303,324,869
Z301,304,387,569,576
Z302,305,317,327,778
Z303,306,319,675,902
Z304,307,382,399,807
Z305,91,310,746,832
Z306,216,446,540,776
Z307,287,520,630,804
Z308,239,311,337,352
Z309,34,343,453,598
Z310,32,407,643,727
Z311,132,306,314,874
Z312,90,750,818,914
Z313,187,316,325,670
Z314,317,341,374,477
Z315,177,443,531,655
Z316,319,610,749,940
Z317,79,288,321,618
Z318,12,322,509,806
Z319,55,467,941,946
Z320,324,556,630,946
Z321,316,578,694,695
Z322,326,377,454,842
Z323,327,372,770,881
Z324,143,294,567,905
Z325,329,523,727,801
Z326,111,188,251,556
Z327,62,431,498,793
Z328,332,692,761,834
Z329,333,399,681,799
Z330,40,116,451,730
Z331,335,410,417,953
Z332,336,404,587,744
Z333,222,771,851,852
Z334,250,339,397,741
Z335,81,425,557,611
Z336,275,464,468,894
Z337,271,342,664,732
Z338,257,351,803,836
Z339,344,432,656,667
Z340,276,456,854,952
Z341,347,534,615,855
Z342,348,447,739,829
Z343,349,603,783,908
Z344,350,535,537,905
Z345,279,412,555,954
Z346,229,353,723,837
Z347,354,378,421,673
Z348,145,506,677,722
Z349,356,415,422,925
Z350,214,357,612,838
Z351,358,423,585,817
Z352,359,386,588,875
Z353,133,360,371,883
Z354,277,361,537,693
Z355,362,438,489,916
Z356,68,73,363,560
Z357,215,409,780,859
Z358,365,430,621,783
Z359,366,587,877,887
Z360,169,512,641,761
Z361,290,669,792,919
Z362,76,383,434,906
Z363,21,370,636,733
Z364,371,388,510,863
Z365,372,706,725,904
Z366,373,460,598,629
Z367,374,596,838,883
Z368,22,649,667,848
Z369,3,286,671,728
Z370,264,706,757,865
Z371,354,536,788,956
Z372,263,715,789,892
Z373,87,258,550,846
Z374,178,375,439,765
Z375,382,480,925,930
Z376,383,710,772,857
Z377,384,465,625,949
Z378,180,428,565,743
Z379,387,466,571,581
Z380,344,388,501,765
Z381,389,422,464,795
Z382,331,390,453,751
Z383,391,442,584,950
Z384,392,393,762,915
Z385,393,606,766,823
Z386,394,504,747,950
Z387,77,536,538,690
Z388,396,505,632,819
Z389,400,447,595,916
Z390,25,518,609,800
Z391,130,548,553,758
Z392,14,99,478,567
Z393,243,272,488,935
Z394,408,463,696,900
Z395,409,622,702,779
Z396,411,529,685,763
Z397,227,412,621,878
Z398,413,416,784,826
Z399,58,78,433,951
Z400,18,82,500,679
Z401,413,431,771,858
Z402,155,449,852,941
Z403,228,506,724,858
Z404,106,696,702,849
Z405,378,493,566,845
Z406,147,336,440,947
Z407,358,492,549,743
Z408,11,304,326,494
Z409,123,476,665,776
Z410,105,467,613,775
Z411,429,708,726,805
Z412,365,449,528,804
Z413,59,435,527,800
Z414,433,483,652,794
Z415,153,463,859,958
Z416,436,459,638,789
Z417,149,328,585,766
Z418,438,701,860,896
Z419,218,439,596,605
Z420,441,503,606,612
Z421,221,442,822,947
Z422,75,462,477,666
Z423,183,687,763,811
Z424,44,104,758,953
Z425,225,543,779,882
Z426,64,159,445,748
Z427,292,601,871,884
Z428,35,450,728,897
Z429,455,546,620,806
Z430,112,738,755,879
Z431,457,754,841,870
Z432,458,637,750,919
Z433,460,480,722,903
Z434,89,461,502,749
Z435,466,584,716,944
Z436,46,468,791,863
Z437,471,489,685,917
Z438,473,716,901,912
Z439,97,266,832,952
Z440,475,508,664,780
Z441,152,479,643,825
Z442,481,614,631,827
Z443,9,484,639,886
Z444,471,762,768,817
Z445,224,635,769,923
Z446,366,492,712,889
Z447,309,394,495,572
Z448,499,682,707,735
Z449,502,551,678,729
Z450,507,515,608,645
Z451,167,499,511,640
Z452,5,513,642,759
Z453,517,582,648,658
Z454,329,458,767,781
Z455,526,574,617,931
Z456,164,411,626,911
Z457,114,698,839,881
Z458,490,672,680,798
Z459,420,543,564,741
Z460,551,675,754,873
Z461,554,614,802,829
Z462,568,896,921,943
Z463,570,691,808,891
Z464,212,571,711,938
Z465,572,825,907,912
Z466,182,570,580,742
Z467,353,720,786,894
Z468,608,686,767,907
Z469,181,734,888,910
Z470,481,651,737,928
Z471,349,534,707,721
Z472,627,714,921,944
Z473,672,792,801,935
Z474,686,697,818,911
Z475,694,714,873,933
Z476,697,901,917,943
Z477,429,699,723,724
Z478,710,720,725,957
OZ0,428,440,451,453,454,459,462,463,470,477,483,484,487,488,491,493,496,497,501,506,508,510,512,516,527,531,532,533,542,544,545,547,548,549,550,555,556,560,561,562,564,565,569,573,574,584,585,587,596,597,602,605,612,613,616,617,618,619,620,623,624,625,629,631,635,636,637,639,640,641,642,643,645,647,651,652,653,654,655,656,658,660,662,663,667,669,673,678,680,681,685,690,693,700,704,709,712,718,720,722,728,729,730,732,736,738,740,741,748,750,754,755,757,759,760,765,766,778,782,784,785,786,787,788,790,792,796,798,799,800,802,803,806,807,808,809,810,811,818,820,823,826,827,829,830,833,837,841,843,844,848,849,851,852,855,858,859,860,862,864,866,869,873,874,880,881,886,888,891,892,893,894,895,897,902,905,907,912,915,916,917,919,924,925,926,930,931,933,938,940,941,943,944,945,946,947,948,951,953,955
OZ1,462,463,465,476,477,487,494,506,527,531,544,547,561,566,573,574,575,578,581,583,584,586,590,598,606,625,629,631,638,640,642,651,655,660,661,666,668,675,676,681,682,687,695,696,706,709,711,713,714,715,720,721,722,723,724,729,735,738,748,749,754,755,759,760,761,762,763,766,768,772,774,783,784,786,789,794,799,802,807,819,823,824,827,829,837,839,841,842,843,844,845,849,850,855,856,858,864,865,870,873,874,880,881,892,893,894,898,901,906,908,912,925,927,930,931,942,944,949
OZ2,398,425,440,449,454,463,464,465,467,476,486,487,491,494,497,501,504,505,508,510,519,527,528,531,536,537,538,539,544,545,547,549,561,563,564,569,575,578,581,584,585,590,591,596,599,601,605,606,612,617,621,623,628,629,632,633,634,636,639,640,643,645,648,653,655,656,658,660,661,663,664,665,666,667,669,673,674,678,683,685,689,690,691,692,696,698,700,703,709,712,714,715,717,718,721,723,726,731,734,735,736,741,743,745,747,754,756,757,760,763,764,765,766,770,775,778,784,786,787,788,792,794,795,796,799,800,807,808,812,815,816,819,824,832,833,834,835,836,839,840,841,842,844,845,847,850,853,854,855,857,860,862,865,868,871,877,882,884,886,887,890,891,895,896,898,901,902,905,907,908,909,910,916,917,919,920,924,927,930,938,939,940,944,945,946,947,948,949,950,951,952,954,957,958
OZ3,321,338,419,425,431,440,451,453,467,469,470,478,484,491,494,496,497,498,501,504,510,512,516,520,532,536,537,538,545,547,548,549,550,555,558,563,564,566,574,575,577,578,579,581,584,586,589,594,596,598,601,602,605,616,617,618,620,623,624,628,633,634,635,636,637,638,639,640,643,645,646,650,655,662,663,664,665,666,667,668,673,674,676,678,679,680,684,687,688,691,698,700,713,714,720,724,726,730,731,732,733,741,743,745,746,747,753,760,761,764,765,771,774,782,784,786,787,788,789,794,798,801,803,804,806,809,812,813,819,820,828,832,833,834,837,839,844,845,847,851,852,854,855,858,862,866,867,868,870,871,872,876,877,879,881,882,884,886,887,888,890,891,892,894,896,901,905,907,909,911,917,919,931,934,935,937,942,944,945,946,947,950,951,952,953,954
OZ4,419,425,440,453,454,463,464,465,483,486,487,488,493,494,497,501,505,510,527,531,532,536,538,539,544,547,555,556,561,563,566,569,573,574,575,578,581,583,584,587,591,596,598,599,605,606,612,613,617,621,624,632,633,634,637,639,640,641,643,647,653,655,656,660,663,665,666,667,678,682,683,684,688,692,695,698,700,703,704,709,714,717,719,721,723,735,750,754,757,762,763,765,766,767,768,770,775,778,783,784,786,787,794,795,799,800,801,803,807,809,814,815,816,819,820,833,834,835,836,839,841,842,844,848,849,855,857,859,865,866,867,868,869,874,878,886,888,890,893,895,898,901,902,908,912,919,927,931,935,938,939,940,941,944,945,946,947,949,951,954,955,956,957,958
OZ5,431,454,463,464,465,467,469,470,476,478,483,484,486,487,488,493,497,498,505,508,510,512,516,520,527,531,536,538,539,542,544,547,548,561,569,575,577,578,579,585,586,589,590,591,594,597,599,602,604,616,617,620,621,625,628,630,632,635,637,638,640,641,642,643,647,658,660,661,663,665,668,669,673,676,678,679,680,683,685,687,690,695,696,698,700,703,704,709,712,713,714,715,717,718,719,724,729,732,733,736,738,746,750,753,754,755,757,759,761,763,766,767,770,771,774,775,782,785,786,788,789,792,794,795,796,798,799,804,805,806,807,808,812,813,814,815,816,820,824,828,832,834,835,836,841,842,844,848,850,851,852,854,855,856,857,858,860,862,864,865,868,870,872,873,876,877,878,879,880,888,890,892,895,898,902,909,911,916,919,924,926,933,934,938,939,940,941,942,945,946,948,949,952,953,954,955,957,958
OZ6,451,453,470,483,488,493,497,501,504,510,532,533,536,538,555,560,562,566,584,596,598,605,618,621,624,635,652,654,662,663,665,666,667,668,673,676,678,680,700,704,708,714,730,745,765,788,794,798,803,809,815,819,830,833,836,845,848,850,866,868,870,877,878,890,921,944,947,950,951,954,955,956
OZ7,425,440,454,463,464,465,467,486,487,494,497,501,505,510,527,531,539,544,547,561,563,569,573,575,578,581,583,584,587,591,596,599,605,606,612,613,629,632,633,634,639,640,653,655,656,660,663,666,667,673,678,682,683,692,695,698,700,703,709,714,717,721,723,735,754,757,760,762,763,765,766,768,770,775,778,783,784,786,787,788,794,795,799,800,807,816,819,833,834,835,839,841,842,844,845,849,850,855,857,859,865,874,886,893,895,898,901,902,908,912,927,930,938,939,940,944,945,947,949,951,957,958
OZ8,338,440,453,454,463,478,486,491,493,496,497,504,505,506,508,520,527,532,537,539,545,549,550,555,558,563,564,569,573,574,575,577,578,579,583,586,589,591,592,594,597,601,606,612,613,617,619,621,623,624,625,628,629,631,632,634,636,637,638,639,640,642,643,645,646,650,651,653,656,657,658,664,668,669,673,675,676,678,681,682,683,685,687,690,691,692,693,695,704,709,712,713,718,719,721,722,723,724,725,726,731,735,736,738,741,743,745,746,747,748,749,755,757,761,762,764,766,768,772,774,775,778,783,786,788,789,792,796,799,800,802,803,804,808,809,812,815,820,827,828,829,832,833,836,837,843,844,845,847,849,854,855,857,858,859,860,864,866,867,870,871,873,874,876,877,878,879,880,881,882,884,887,888,891,893,894,895,902,906,907,908,909,912,916,917,919,921,922,924,925,926,927,930,931,934,937,938,939,940,942,943,946,947,948,950,952,956,957
OZ9,449,453,464,478,483,487,488,491,493,494,496,501,504,506,508,510,512,520,528,531,532,537,544,545,549,550,555,561,562,564,569,573,575,577,578,579,581,586,587,589,594,596,597,599,601,602,605,610,611,619,623,624,626,628,630,631,636,638,640,641,644,645,647,655,658,660,663,664,666,667,668,669,676,681,685,687,690,691,692,695,700,703,704,705,711,712,713,717,719,720,721,722,723,724,725,726,729,731,735,736,741,743,745,746,747,748,750,751,753,754,759,760,761,763,764,765,767,770,771,772,774,784,786,787,789,792,793,795,796,801,802,804,807,808,809,812,813,814,816,819,828,829,832,835,840,841,842,843,844,845,847,848,849,851,852,853,854,855,858,860,861,865,866,870,871,872,874,876,877,878,879,882,884,886,887,891,892,893,902,905,906,907,908,909,912,915,916,917,921,924,925,926,927,934,935,938,940,941,942,943,945,948,950,951,952,955,956,958
OZ10,453,465,467,470,478,486,493,496,516,531,532,536,538,539,542,544,550,553,561,563,566,575,577,578,579,585,588,589,592,598,599,613,616,619,620,621,624,625,626,629,631,634,635,639,640,642,644,648,656,657,658,660,665,669,673,674,675,678,680,683,685,689,693,704,705,720,725,733,734,736,738,739,748,749,752,754,755,758,763,766,772,778,782,788,792,796,798,800,801,803,806,807,809,815,820,829,835,836,839,843,845,850,856,857,860,864,865,866,867,868,873,876,878,880,888,890,892,896,898,905,906,910,911,916,921,922,923,924,930,935,939,943,948,949,953,954,956,957
OZ11,440,454,463,476,497,505,506,527,563,566,569,574,586,587,590,591,598,631,632,638,651,661,668,676,681,687,692,696,698,709,713,715,722,724,748,754,757,761,774,789,799,802,824,827,829,833,834,843,856,858,870,892,895,902,925,931,938,940,942,947
OZ12,465,467,470,480,486,496,516,531,539,544,550,553,555,561,563,575,578,588,599,613,616,619,620,625,626,631,634,635,639,640,642,644,648,656,658,660,669,674,675,678,680,681,683,685,689,705,717,720,725,733,734,736,738,739,748,749,752,754,755,758,763,772,775,778,782,785,792,796,798,800,801,806,807,820,829,835,839,843,856,857,860,864,865,873,880,888,896,898,906,910,911,916,921,923,924,925,930,935,939,943,948,949,953,957
OZ13,454,464,467,470,476,484,487,497,501,506,520,532,548,555,556,562,563,566,573,574,583,584,586,590,594,596,598,604,605,606,610,611,612,613,616,620,624,625,626,628,629,630,634,635,638,639,642,644,651,653,655,656,658,661,666,667,668,669,673,676,680,681,682,685,687,690,691,692,696,703,705,706,712,713,715,717,719,721,722,723,724,729,733,736,738,746,755,757,759,761,762,765,766,768,772,774,775,778,782,783,784,786,787,788,789,792,795,796,798,800,801,802,804,805,806,808,809,812,819,824,827,828,831,832,839,840,841,849,850,853,854,856,857,858,859,860,861,864,865,866,869,870,873,874,877,879,880,882,886,892,893,895,901,906,908,909,911,912,916,924,925,927,930,931,933,934,935,939,942,944,948,951,952,953,956,958
OZ14,464,476,480,487,493,496,501,506,510,512,531,532,536,538,544,547,550,555,561,562,573,574,583,584,586,590,592,596,599,602,605,606,611,612,613,619,621,624,625,626,631,638,640,642,644,653,655,656,657,660,661,663,665,666,667,668,674,675,676,682,687,688,693,695,696,700,703,704,705,713,714,715,720,721,722,723,724,725,735,738,748,749,753,754,755,760,761,762,763,765,766,768,770,771,772,774,775,778,783,784,785,786,787,789,794,795,800,807,809,813,815,816,819,824,829,831,835,836,839,841,843,844,849,851,852,855,856,858,859,861,862,864,865,866,867,868,870,872,873,874,878,880,886,890,893,896,901,905,906,908,912,921,922,927,930,931,941,942,943,944,945,946,951,954,956,958
OZ15,476,480,486,491,496,504,508,520,536,537,538,539,542,545,549,550,555,564,573,575,578,583,585,587,588,590,594,597,601,606,612,613,616,617,619,620,623,625,628,634,635,636,637,639,642,643,645,646,653,656,658,661,664,665,669,675,678,680,681,683,685,690,691,695,696,712,715,717,718,719,720,725,726,731,736,738,741,743,745,746,747,749,754,755,758,762,764,768,769,772,778,785,792,796,798,800,801,804,806,808,812,820,824,832,835,839,847,849,854,856,857,859,860,864,868,871,873,874,877,880,882,884,887,888,891,893,905,906,907,909,912,916,917,920,921,923,924,925,926,930,935,939,943,946,948,950,952,953,954,957
OZ16,459,470,483,488,493,496,512,516,531,544,545,547,550,553,555,556,561,563,564,574,588,599,602,613,616,617,619,620,623,631,635,637,640,641,643,645,647,648,651,656,658,660,669,680,685,689,693,704,705,718,719,733,734,736,739,741,748,750,751,752,753,758,760,763,771,775,778,782,785,792,793,796,798,800,803,806,807,818,827,829,835,839,843,848,851,852,856,860,862,865,867,869,891,892,901,905,907,910,916,917,919,923,924,931,941,943,946,948,953,955
OZ17,463,483,484,488,496,497,510,512,520,527,532,537,547,548,550,553,566,569,574,588,592,594,601,602,604,613,617,619,624,626,628,630,634,637,639,641,643,644,647,648,651,656,657,663,664,674,675,689,690,695,696,700,705,708,712,714,717,718,720,721,723,724,725,726,729,732,734,739,746,749,750,751,752,753,754,758,759,761,767,770,771,772,775,778,785,793,794,799,800,801,803,804,808,809,812,813,814,816,827,828,831,832,839,844,845,848,852,854,855,856,857,862,866,867,871,872,877,879,884,892,896,905,906,908,909,910,919,921,922,923,927,931,933,934,935,938,939,941,943,945,946,952,955,956
OZ18,480,484,493,494,496,497,510,512,536,537,538,542,548,550,553,555,566,569,573,575,578,581,584,588,592,598,601,602,604,606,610,612,613,619,621,625,626,628,629,634,637,639,642,644,651,657,663,664,665,673,674,681,688,690,693,700,704,705,711,712,715,717,720,725,726,732,738,739,753,754,755,758,770,771,772,775,785,788,802,805,808,812,813,815,816,827,836,842,844,845,849,850,851,852,854,855,857,862,864,867,868,871,872,873,874,877,878,880,884,890,892,893,896,901,902,906,909,912,915,920,921,922,923,925,933,938,939,940,941,943,944,945,946,954
OZ19,467,483,488,493,494,496,497,510,536,537,538,542,550,555,556,566,569,573,574,575,578,581,584,588,598,601,604,606,610,612,613,617,619,621,625,628,629,641,642,643,647,663,664,665,673,674,675,678,688,690,700,704,711,712,715,718,719,726,729,732,738,739,749,750,751,755,759,760,767,770,775,785,788,793,801,802,803,805,808,812,814,815,816,820,836,842,844,845,848,849,850,854,855,864,868,869,871,874,877,878,880,884,888,890,893,896,901,902,905,909,912,915,919,920,921,923,930,931,933,935,938,940,943,944,945,954,955,957
OZ20,483,486,487,488,491,493,496,504,505,506,508,516,520,532,539,542,545,549,550,556,563,564,566,573,575,578,583,585,586,587,588,591,594,597,599,606,610,612,613,616,619,620,621,623,624,625,628,631,632,634,635,636,638,639,641,642,645,646,647,648,651,653,658,668,669,673,675,676,678,680,681,683,685,687,688,689,690,693,695,696,698,704,708,709,712,713,717,720,721,722,723,731,732,734,735,736,738,741,743,745,746,747,748,749,750,751,752,755,758,760,762,764,767,768,769,770,774,778,785,788,789,792,793,796,798,803,804,805,806,808,809,812,814,815,820,827,829,831,832,834,835,836,840,841,843,845,847,848,849,850,851,853,854,856,857,858,859,860,864,865,866,869,870,873,874,877,878,880,881,887,888,890,891,892,893,902,905,907,908,909,910,912,916,917,919,920,921,923,924,925,926,927,939,940,942,943,946,948,950,952,953,955,956,957
OZ21,496,512,542,547,550,555,588,602,606,612,619,621,625,628,635,637,641,642,646,648,656,674,680,682,689,692,693,695,708,714,715,721,723,724,728,729,731,734,738,740,750,752,755,758,759,760,761,764,769,778,782,783,785,794,798,800,801,810,812,815,818,820,828,835,836,839,840,845,847,851,853,854,856,862,864,873,878,879,880,888,890,896,897,905,908,909,910,919,921,923,927,933,934,935,943,945,953,956
OZ22,486,491,504,505,506,508,510,516,539,547,549,555,563,566,573,574,575,578,583,585,587,588,591,597,604,610,616,617,620,626,628,629,630,631,632,634,636,639,641,643,644,647,653,656,658,663,668,669,673,675,676,681,682,683,685,687,688,693,695,696,698,700,706,709,712,713,715,717,718,719,720,722,724,725,728,729,732,735,736,739,740,743,745,748,749,750,753,759,761,762,767,768,770,771,774,775,778,782,783,788,792,796,800,806,808,810,812,814,816,820,829,833,834,839,843,844,845,849,850,851,852,854,855,857,858,859,860,865,867,870,873,874,877,887,888,893,897,901,902,905,909,911,912,916,919,920,921,923,924,925,926,930,931,939,940,941,947,948,950,956
OZ23,470,478,484,487,494,510,516,531,536,538,544,545,547,548,556,561,563,564,566,569,573,575,577,578,579,581,584,585,586,589,598,604,606,610,612,616,620,621,623,625,628,631,634,635,637,638,639,640,641,642,645,647,651,658,660,663,665,669,673,674,680,685,688,690,700,706,708,711,715,719,720,721,723,724,733,736,738,741,747,748,754,755,761,763,766,767,772,775,778,782,785,788,789,792,796,798,801,802,806,807,812,814,815,816,818,827,829,833,835,836,841,842,843,844,845,849,850,851,854,855,857,860,862,864,865,867,868,869,873,874,876,878,880,881,890,891,892,893,896,902,906,907,908,909,912,915,916,917,920,921,924,927,933,935,938,939,940,942,944,945,947,948,953,954
OZ24,478,491,493,504,505,506,508,516,532,542,545,549,556,563,564,566,573,574,577,579,583,586,587,588,589,591,592,597,610,613,616,617,620,621,623,624,626,628,630,631,632,635,636,638,641,643,644,645,646,648,653,657,658,668,673,674,676,680,681,685,687,688,689,690,693,695,696,698,704,706,709,712,713,715,717,718,722,724,731,732,734,735,741,743,745,747,752,758,761,762,764,766,768,769,772,774,775,785,788,789,796,798,801,806,808,809,812,813,815,829,831,834,835,836,840,843,845,847,849,850,853,854,856,858,859,860,862,865,866,867,869,872,874,876,877,878,887,890,891,893,896,902,905,906,907,909,910,912,916,917,919,920,922,923,924,925,926,931,935,940,942,946,948,950,953,956
OZ25,491,504,505,506,508,510,516,547,549,555,563,566,573,574,575,578,583,585,587,588,591,597,604,610,616,617,620,626,628,629,630,631,632,634,636,641,642,643,644,647,653,656,658,663,668,669,673,675,676,681,682,685,687,688,693,695,696,698,700,706,709,712,713,715,717,718,719,720,722,724,725,728,729,732,735,736,738,739,740,743,745,748,749,750,753,755,759,761,762,767,768,770,771,774,775,778,782,783,788,792,796,800,806,808,810,812,814,816,820,829,833,834,839,843,844,845,849,850,851,852,854,855,857,858,859,860,864,865,867,870,873,874,877,887,888,893,897,901,902,905,909,911,912,916,919,920,921,923,924,925,926,930,931,939,940,941,947,948,950,956
OZ26,484,493,497,512,537,545,548,553,556,564,586,592,601,602,611,623,629,638,639,641,642,645,647,652,657,664,669,674,692,693,695,704,708,712,714,719,721,723,724,726,732,736,738,741,747,748,753,754,755,758,760,761,767,789,792,794,805,808,813,814,818,828,833,845,851,861,864,869,870,871,872,873,877,879,884,891,896,901,907,908,911,917,919,920,921,922,927,930,933,934,942,947
OZ27,493,494,505,510,512,516,531,532,536,537,538,542,544,547,555,561,562,563,566,575,578,581,583,591,592,596,598,599,601,602,604,605,611,613,621,624,626,628,629,632,634,637,640,642,644,648,651,655,656,657,660,663,664,665,666,673,675,678,682,688,689,691,692,693,695,698,700,704,705,706,709,711,714,715,717,721,723,726,732,734,738,749,752,753,754,755,760,762,763,766,768,770,771,772,775,783,784,786,787,788,794,799,800,802,805,807,809,812,813,815,816,819,820,827,831,834,835,836,837,840,842,844,851,852,853,854,855,856,857,861,862,864,866,867,868,871,872,878,882,884,886,888,890,892,894,906,908,909,910,915,920,922,927,930,933,939,941,945,946,951,954,957
OZ28,494,510,520,536,538,542,545,564,566,569,573,581,584,586,594,598,604,606,610,612,613,623,625,626,630,635,637,638,641,642,644,645,646,647,648,651,656,663,665,669,673,674,675,678,680,682,688,689,690,692,695,700,708,711,714,715,721,723,724,728,729,731,734,736,738,739,740,741,746,747,748,749,750,752,753,754,755,758,759,760,761,764,767,769,770,771,775,782,783,788,789,792,794,798,800,801,802,804,805,810,814,816,820,827,828,832,833,835,839,840,842,844,847,849,850,852,853,856,864,867,868,870,873,874,879,880,881,888,891,892,893,896,897,902,907,908,910,911,912,915,917,920,921,927,934,935,938,940,941,942,944,946,947,952,953,954,956,957
OZ29,505,506,510,516,536,537,542,545,547,555,556,564,566,574,575,578,586,591,601,604,606,610,611,612,613,616,620,623,625,626,628,629,631,632,634,635,637,638,641,644,645,647,648,652,656,663,664,669,673,674,675,676,680,681,688,689,690,691,693,698,700,705,706,715,717,719,720,722,724,725,726,732,734,735,736,739,741,747,748,749,752,758,761,767,769,770,771,775,788,789,792,798,800,801,805,806,809,812,814,815,816,818,820,829,833,834,835,836,839,840,843,844,845,851,852,853,854,857,858,861,862,865,867,869,870,871,873,880,881,882,884,888,890,891,892,895,896,901,907,909,910,911,917,920,921,925,930,931,935,939,941,942,945,946,947,953
OZ30,497,532,537,556,562,569,573,574,584,588,592,596,601,605,610,612,613,617,624,625,626,629,634,635,637,643,644,647,651,657,664,666,668,676,680,690,709,712,717,718,719,720,721,723,724,725,726,729,732,739,750,751,754,759,760,761,767,770,771,772,775,778,793,794,798,799,801,803,805,808,809,813,814,816,819,820,822,823,827,831,833,844,848,849,852,857,862,866,867,869,871,872,873,874,877,880,881,884,886,888,892,893,901,902,905,906,908,912,915,919,922,923,927,930,931,933,935,938,939,940,941,944,946,955
OZ31,469,501,506,508,510,520,536,537,538,545,549,556,564,569,585,586,587,594,597,598,601,616,620,621,623,628,635,638,645,647,653,655,658,663,664,665,667,669,678,679,680,681,685,690,691,695,696,700,708,712,714,718,721,722,723,724,726,728,731,733,734,736,739,740,741,743,746,747,748,751,752,753,754,758,760,761,762,764,765,767,768,769,770,775,778,784,786,789,792,793,794,796,798,799,801,802,803,804,806,808,810,812,813,814,815,816,818,820,826,828,832,833,835,836,837,839,842,844,847,850,852,854,855,856,857,858,859,860,867,868,869,870,871,872,873,877,878,879,884,887,888,890,892,894,897,901,905,907,908,909,911,916,921,924,925,926,927,933,934,935,938,939,941,942,947,948,952,953,954,957
OZ32,487,563,590,599,642,661,687,706,713,725,738,748,754,755,770,774,841,855,864,870,886,895,902,940
OZ33,512,542,547,555,563,575,578,588,590,602,606,612,621,625,628,635,641,646,661,669,680,682,687,692,693,695,708,713,714,715,721,723,724,728,729,731,736,740,750,758,759,760,761,764,769,774,778,782,783,792,794,798,801,810,812,815,818,828,835,836,840,845,847,851,853,854,855,862,873,878,879,880,881,886,890,895,897,902,905,908,909,923,927,933,934,935,940,945,953,956
OZ34,532,542,555,556,562,569,573,574,584,592,596,605,606,610,611,613,617,621,624,626,628,629,634,642,643,644,646,647,651,652,657,666,668,669,676,682,690,705,709,715,717,718,719,720,721,723,724,725,728,731,736,738,739,740,748,751,753,755,758,760,761,764,767,769,770,771,772,775,782,783,792,793,794,799,803,809,810,812,813,814,815,816,818,819,820,822,823,827,831,833,835,836,840,844,847,848,849,852,853,854,855,857,861,864,866,867,869,870,872,873,874,878,886,888,890,892,893,897,901,902,906,908,909,912,915,919,920,922,927,930,931,933,938,939,940,941,944,945,946,953,955,956
OZ35,510,520,542,547,555,562,569,573,574,575,578,584,592,594,596,604,605,606,610,611,613,617,621,626,630,634,637,642,643,644,646,647,651,652,657,663,666,668,676,678,682,692,695,700,705,709,714,715,717,718,720,721,723,724,725,728,731,738,740,746,751,753,754,755,758,761,764,767,771,772,775,782,783,793,799,803,804,805,810,813,814,815,816,818,819,820,823,827,828,832,835,836,840,845,847,848,849,852,853,857,861,864,867,872,874,878,879,886,888,890,892,893,897,901,902,906,908,912,915,920,922,927,931,934,938,939,940,941,944,946,952,953,955,957
OZ36,547,569,575,578,610,634,637,642,678,692,695,714,717,720,725,729,738,754,755,759,760,772,794,799,828,845,849,857,864,874,879,893,902,906,920,934,938,939,940,957
OZ37,501,506,520,531,536,544,545,555,561,562,564,566,573,574,583,584,586,590,592,594,596,599,604,605,606,610,611,612,616,620,623,625,626,628,629,630,631,634,635,638,640,641,642,644,645,647,655,657,660,661,666,667,673,674,675,676,680,681,682,687,688,690,692,695,705,709,713,714,717,721,722,723,724,729,735,738,739,741,746,747,748,749,755,758,759,760,761,762,763,765,766,767,768,769,774,783,784,786,787,788,789,794,798,801,804,805,806,807,809,812,814,815,818,819,829,832,833,836,837,839,843,848,850,854,855,856,857,858,861,862,864,865,870,880,881,890,891,894,896,902,907,908,909,911,912,917,919,920,921,922,925,927,930,931,933,935,939,940,942,944,945,947,951,952,953,955
OZ38,520,538,542,555,556,594,598,606,612,621,625,626,629,630,641,642,644,651,665,688,693,708,715,719,721,723,724,729,738,746,755,759,761,778,804,805,809,813,815,827,832,836,850,851,855,862,864,868,869,872,878,880,881,890,905,908,927,930,952,954
OZ39,563,569,610,634,678,687,713,717,720,725,729,754,759,772,774,799,849,857,873,886,895,906,933,938,939,957
OZ40,549,556,585,587,597,613,630,648,653,658,674,685,689,691,712,734,743,752,762,768,808,860,869,877,887,888,891,896,910,916,917,926,946,948
OZ41,538,542,555,585,588,589,598,613,621,626,634,641,642,644,651,665,675,678,688,708,720,721,723,724,725,726,729,738,749,754,755,759,761,766,769,771,772,778,805,809,813,815,816,822,827,833,836,850,852,855,857,862,864,868,872,873,878,881,890,906,908,923,927,939,941,946,954,957
OZ42,555,561,585,589,606,611,612,613,621,625,628,629,634,635,637,640,646,652,660,675,678,680,693,698,705,715,721,723,725,726,728,731,735,740,749,750,753,754,758,764,766,771,772,782,786,798,801,805,807,810,812,815,816,818,822,828,833,834,835,836,837,839,840,844,847,850,851,852,853,854,855,857,861,862,873,878,879,880,881,890,894,897,905,906,908,909,919,927,930,934,935,939,941,945,946,953,956,957
OZ43,556,561,590,611,630,636,640,652,655,660,661,669,682,698,705,719,720,721,723,728,733,735,736,740,753,783,784,786,792,807,810,826,828,834,837,839,844,850,852,855,861,869,874,879,881,893,894,897,908,919,920,927,934,941
OZ44,508,537,542,561,585,588,589,590,601,610,613,629,634,640,642,660,661,664,669,678,682,693,696,698,721,723,725,729,735,736,738,754,755,759,766,769,771,772,778,783,786,792,807,816,822,828,833,834,837,839,844,849,850,851,852,857,859,864,871,873,879,884,894,902,906,908,919,920,923,927,930,933,934,939,940,941,946,957
OZ45,588,590,611,635,636,652,655,661,669,680,705,728,733,736,740,753,769,784,787,792,798,801,810,835,861,874,893,897,923,935
OZ46,542,585,589,634,642,648,656,675,678,689,720,725,729,734,738,749,752,754,755,759,766,772,775,800,820,839,855,856,857,864,867,873,881,888,906,910,939,957
OZ47,506,569,597,610,611,613,616,620,621,626,629,635,636,637,641,644,646,648,651,652,653,656,675,680,681,682,688,689,705,708,718,719,721,722,723,724,726,728,740,749,750,751,753,761,775,778,782,783,787,793,796,798,799,800,801,803,805,806,810,813,815,816,818,820,822,826,827,833,835,836,839,840,849,852,853,856,858,861,867,872,874,878,890,893,897,902,908,910,919,924,925,926,927,930,933,935,938,940,941,946
OZ48,569,585,589,610,611,613,636,652,655,675,685,701,705,717,728,733,740,749,753,762,768,784,799,810,826,849,852,860,861,874,893,896,897,902,916,917,933,938,940,941,946,948
OZ49,516,537,561,585,589,601,610,629,634,635,640,648,656,660,664,680,682,685,689,691,693,698,701,721,723,725,732,734,752,762,768,771,772,775,778,783,786,787,798,800,801,807,816,820,822,826,828,833,834,835,837,840,844,850,851,853,855,856,857,860,867,871,879,881,882,884,888,894,895,896,906,908,910,916,917,919,920,927,930,934,935,939,948,957
OZ50,536,540,585,586,589,590,610,613,616,620,621,634,638,661,668,669,678,685,690,696,701,702,709,715,720,725,729,736,754,758,759,762,768,772,776,779,787,789,792,806,809,812,824,826,849,850,852,857,860,873,878,886,892,896,902,906,909,916,917,919,920,933,939,940,941,942,946,948,953,957
OZ51,537,553,561,566,592,601,610,611,613,629,635,640,652,657,658,660,664,673,674,680,682,691,692,698,701,708,724,725,726,732,735,758,761,771,772,775,778,783,788,798,801,805,807,816,820,822,828,833,834,835,844,848,850,852,855,856,861,867,871,874,879,881,884,891,892,893,902,905,906,919,920,922,930,934,935,940,941,945,946,953,955,957
OZ52,585,589,606,611,612,616,620,621,625,628,634,637,648,652,656,675,678,689,693,705,708,715,724,725,728,731,734,740,749,750,752,753,754,764,766,772,775,778,782,786,800,806,810,812,818,820,837,839,844,847,850,851,854,856,857,861,867,873,878,880,888,894,897,905,906,909,910,920,939,945,956,957
OZ53,597,613,616,620,621,626,629,635,637,641,644,646,648,651,653,655,656,680,682,688,689,708,718,719,721,723,724,726,733,750,751,761,771,775,778,782,783,784,787,793,796,798,800,801,803,805,806,813,815,816,818,820,822,827,833,835,836,839,840,852,853,856,867,872,878,890,908,910,919,924,926,927,930,935,941,946
OZ54,531,540,544,561,562,566,573,574,583,584,592,596,599,605,610,611,613,623,626,628,629,630,631,635,636,637,640,641,644,645,646,647,648,653,657,660,666,668,669,673,676,678,680,685,687,688,689,692,693,701,702,705,708,713,720,725,729,731,733,734,735,736,739,747,748,750,752,754,758,759,763,764,767,769,771,772,774,775,776,778,779,782,786,787,788,792,795,798,801,807,814,819,820,824,826,828,829,833,837,840,843,847,848,851,853,854,855,859,860,861,865,867,870,874,879,881,886,888,892,893,894,896,902,905,906,907,910,911,912,916,920,922,930,931,934,935,940,943,944,945,946,947,948,951,953,955,957,958
OZ55,648,656,689,734,752,775,778,800,820,839,856,867,888,910
OZ56,540,561,562,566,573,574,583,584,592,596,605,606,610,612,616,620,621,623,625,626,629,630,631,635,636,640,641,642,644,645,646,647,652,653,655,656,657,660,666,668,669,673,676,678,680,687,688,692,702,706,713,715,724,728,733,735,736,738,739,740,747,748,753,754,755,758,762,763,766,767,768,769,770,771,772,774,776,779,784,787,788,792,795,798,800,801,806,807,810,812,814,818,819,824,828,829,833,839,840,843,844,848,850,852,853,856,859,864,865,870,874,878,879,880,881,886,892,893,897,902,906,907,909,911,912,917,922,930,931,934,935,940,941,943,944,947,951,953,955,956,957,958
OZ57,545,553,564,590,592,636,642,653,655,656,657,661,669,674,678,693,695,696,705,708,714,721,723,724,726,728,729,733,736,738,740,741,753,754,755,758,759,760,761,784,787,792,794,795,800,805,810,828,848,849,851,859,864,874,879,891,892,893,896,897,905,908,919,920,921,922,927,934,943,953,955,958
OZ58,553,562,566,573,574,583,584,586,590,596,605,610,611,623,626,628,630,631,637,638,641,644,645,646,647,661,666,673,674,676,685,687,688,692,698,701,706,708,709,713,714,715,720,728,731,739,740,747,748,750,753,760,761,763,764,767,769,770,772,774,782,786,787,788,789,794,810,814,816,819,822,826,828,829,834,835,837,843,847,852,854,855,856,860,861,865,870,879,882,891,892,894,897,902,906,907,911,912,916,920,921,931,934,940,941,942,944,945,947,948,951,957
OZ59,562,566,573,574,583,584,586,590,596,605,606,611,612,613,616,620,621,623,625,626,630,631,638,641,644,645,646,647,661,666,673,674,675,676,678,687,688,692,693,698,705,706,709,713,714,724,739,747,748,749,754,758,760,761,762,763,766,767,768,769,770,772,774,788,789,794,806,812,814,816,818,819,822,828,829,834,835,843,844,850,851,855,856,861,865,870,873,874,878,879,880,882,891,892,893,896,905,906,907,909,911,912,917,921,931,934,942,944,946,947,951,953,956,957
OZ60,561,566,583,586,590,592,606,613,616,617,620,621,623,629,631,635,636,637,638,640,641,642,643,645,646,651,652,655,657,660,661,668,669,673,674,675,680,682,687,688,692,706,713,714,718,720,726,728,733,735,736,738,739,740,747,749,750,751,753,755,758,762,763,766,768,769,770,772,774,775,778,783,784,786,788,789,792,793,798,801,803,805,806,807,810,812,813,816,818,820,823,826,827,829,833,835,837,839,843,848,852,855,856,862,864,865,867,872,873,874,878,882,886,888,891,893,894,896,897,901,906,907,909,911,915,917,920,921,922,930,935,941,942,946,947,951,953,955,956,957
OZ61,590,611,616,620,621,636,637,646,652,661,669,682,705,728,736,740,750,753,782,783,792,796,806,810,815,818,836,840,853,861,862,874,878,890,893,897,919,924
OZ62,626,641,644,646,651,682,688,720,721,723,761,783,786,813,827,837,840,844,850,853,872,894,908,927
OZ63,566,583,586,611,612,613,617,623,625,628,631,636,638,641,643,645,646,651,653,655,656,668,673,675,682,685,687,688,692,696,698,701,705,706,708,713,715,718,724,726,729,731,733,739,747,749,751,758,759,760,761,763,764,769,770,771,772,774,775,778,782,783,784,787,788,789,793,794,795,800,803,805,813,820,822,823,827,829,834,840,843,844,847,849,850,852,853,854,856,859,860,861,862,865,867,872,880,881,886,888,892,896,901,906,907,911,915,916,933,941,942,943,945,946,947,948,951,953,957,958
OZ64,592,606,612,613,616,620,621,625,628,636,637,642,653,655,656,657,674,682,685,693,696,701,708,714,721,723,724,726,729,731,733,738,750,755,759,760,761,762,764,766,768,782,783,784,794,795,800,805,806,818,826,828,840,847,848,849,851,852,853,854,859,860,864,873,878,879,880,882,891,892,905,908,916,917,920,921,922,927,933,934,941,943,946,948,955,958
OZ65,623,630,636,645,647,655,728,733,740,753,767,784,810,813,814,818,826,852,872,897,901,907,911,917,941,943
OZ66,613,616,620,621,637,646,655,682,693,715,726,733,750,771,782,783,784,787,796,805,806,812,815,816,818,835,836,840,851,852,853,862,878,890,905,909,920,924,941,945,946,956
OZ67,610,611,616,620,621,636,637,652,653,675,693,696,705,708,715,718,720,724,728,734,740,749,750,751,752,753,782,786,793,795,796,803,806,810,812,815,818,836,837,844,849,850,851,859,861,874,878,888,890,893,894,897,902,905,909,920,924,933,940,945,956,958
OZ68,606,612,625,669,678,685,693,701,715,726,736,748,754,762,766,768,771,787,792,805,812,816,826,835,851,860,870,880,896,905,909,916,917,919,920,945,948,956
OZ69,616,620,621,637,646,655,682,693,715,726,733,750,771,782,783,784,796,805,806,812,815,818,826,836,840,851,853,862,878,890,905,909,920,924,945,956
OZ70,583,586,612,617,625,628,630,635,638,643,646,647,652,655,668,678,680,682,693,708,714,718,720,724,728,731,733,740,747,751,753,754,764,767,783,784,786,789,793,796,798,801,803,810,812,813,814,815,818,822,823,826,836,837,840,844,847,850,851,852,853,854,872,880,888,890,892,894,897,905,909,911,915,917,919,920,921,924,935,941,942,943,945,947,951,956
OZ71,611,628,642,652,658,669,678,693,705,706,715,725,726,728,729,731,736,738,740,748,753,754,755,759,764,770,771,787,792,805,810,812,816,826,835,843,847,851,854,855,860,861,864,865,870,897,905,909,916,919,920,945,948,956
OZ72,574,586,617,628,630,635,638,641,642,643,647,658,668,669,680,688,706,709,714,715,718,725,728,731,736,738,740,747,748,751,753,755,760,764,767,770,787,789,792,793,794,798,801,803,810,813,814,816,818,822,826,835,843,847,852,854,855,860,862,864,865,870,872,886,888,892,897,911,916,917,921,931,935,941,942,943,947,948
OZ73,586,635,636,637,638,642,646,656,658,674,680,685,687,693,701,706,708,713,718,724,725,726,728,734,738,740,747,750,751,752,753,755,763,770,774,775,778,789,793,796,798,800,801,803,805,810,812,813,815,818,820,822,828,836,843,851,864,865,867,872,879,881,882,886,888,890,891,892,897,905,909,911,919,924,934,935,942,945,947,956
OZ74,642,653,655,658,678,696,706,718,725,729,733,734,738,751,752,754,755,759,770,784,787,793,795,796,803,815,816,835,836,843,849,855,859,860,864,865,873,888,890,916,924,933,948,958
OZ75,628,636,653,668,669,685,687,693,696,701,709,713,715,718,721,723,731,734,736,748,751,752,760,761,763,764,771,774,787,792,793,794,795,796,803,812,815,816,826,835,836,847,849,851,854,859,860,870,873,888,890,896,905,908,909,916,917,919,920,924,927,933,945,948,956,958
OZ76,631,635,636,641,646,651,653,655,656,658,674,678,680,685,687,688,696,698,701,713,728,729,733,739,740,753,754,758,759,761,763,769,774,775,778,782,784,787,795,798,800,801,810,813,820,827,828,829,834,849,855,856,859,867,872,873,879,881,882,886,891,897,911,919,920,933,934,935,953,958
OZ77,646,653,674,696,714,718,734,751,752,793,795,803,849,859,862,873,882,888,891,896,921,933,943,958
OZ78,669,674,682,693,708,714,715,720,724,736,748,783,786,792,812,837,840,844,850,851,853,870,882,891,894,896,905,909,919,920,921,943,945,956
OZ79,652,685,687,701,708,709,713,721,723,724,726,760,761,763,771,774,787,794,805,816,826,835,860,896,908,916,917,927,948,951
OZ80,653,655,674,682,696,708,714,718,720,724,726,733,734,751,752,771,783,784,786,793,795,796,803,805,815,826,836,837,840,844,849,850,853,859,873,882,888,890,891,894,896,921,924,933,943,958
OZ81,668,685,687,701,708,709,713,724,763,771,774,787,816,826,835,860,896,916,917,948
OZ82,636,655,656,658,678,685,687,693,698,701,708,713,714,715,718,721,723,724,728,729,733,734,740,751,752,753,754,758,759,763,774,775,778,782,784,787,793,800,803,810,812,813,820,828,834,851,855,856,862,867,872,879,881,886,888,896,897,905,908,909,911,921,927,934,943,945,953,956
OZ83,655,656,658,678,685,687,693,698,701,708,713,714,715,718,721,723,724,729,733,734,751,752,754,758,759,763,774,775,778,782,784,787,793,796,800,803,812,815,820,828,834,836,851,855,856,867,879,881,886,888,890,896,905,908,909,911,921,924,927,934,943,945,953,956
OZ84,674,678,682,685,687,708,713,714,720,724,726,729,754,758,759,763,771,774,782,783,786,787,805,826,837,840,844,850,853,882,886,891,894,896,911,921,943,953
OZ85,678,685,687,693,698,701,706,708,713,714,715,721,723,724,725,729,754,758,759,763,770,774,782,812,816,828,834,835,843,851,855,856,860,865,879,886,896,905,908,909,911,916,921,927,934,943,945,948,953,956
OZ86,658,693,706,715,725,726,770,771,787,805,812,816,826,828,835,843,851,855,860,865,879,905,909,916,934,945,948,956
OZ87,637,698,701,706,708,721,723,724,725,726,750,770,771,787,805,816,818,826,828,834,835,843,855,856,860,865,879,896,908,911,916,917,920,927,934,948
OZ88,675,693,701,714,715,725,726,749,770,771,772,787,805,812,816,826,828,835,851,855,860,873,879,896,905,906,909,916,921,934,943,945,948,956
OZ89,693,698,708,715,721,723,724,812,828,834,839,851,855,879,881,905,908,909,927,934,945,956
OZ90,706,720,725,786,812,828,837,839,843,855,856,865,879,881,894,909,934,945,956,957
OZ91,698,701,721,723,758,782,812,816,828,834,835,839,855,860,879,881,896,908,909,911,916,917,927,934,945,948,953,956
OZ92,701,720,758,770,782,786,812,816,828,835,837,855,860,879,894,896,909,911,916,917,934,945,948,953,956,957
OZ93,612,625,634,685,687,708,711,713,717,724,726,729,758,759,763,771,774,782,786,787,799,805,823,826,837,857,880,886,894,911,939,953
OZ94,720,770,786,812,828,837,855,879,894,909,934,945,956,957
OZ95,573,634,708,711,717,724,726,758,771,782,786,787,799,805,826,837,857,894,901,911,912,915,917,939,943,953
OZ96,575,578,750,818,911,917,921,943
OZ97,630,647,758,767,782,787,814,818,826,852,941,953
