X0,0,49,54,100,159,193,208,286
X1,1,10,11,23,53,58,103,104
X2,2,10,83,106,203,237,238,370
X3,3,68,123,172,183,282,315,351
X4,4,101,105,129,197,222,230,338
X5,5,46,74,109,164,191,265,345
X6,6,55,68,144,165,189,197,216
X7,7,36,65,73,180,207,277,326
X8,4,8,51,56,159,191,194,287
X9,9,75,93,167,187,284,304,340
X10,1,16,71,142,162,218,291,362
X11,11,15,34,62,76,143,184,247
X12,12,79,97,125,208,257,281,287
X13,13,50,56,69,140,222,226,349
X14,14,24,52,188,203,278,346,351
X15,15,18,53,99,161,290,306,347
X16,16,28,89,103,175,294,347,366
X17,17,29,60,93,98,258,280,367
X18,18,59,87,129,137,196,336,368
X19,19,112,139,156,170,279,317,370
X20,20,116,131,294,332,352,353,354
X21,21,47,135,153,202,330,364,374
X22,22,67,94,95,142,149,231,364
X23,23,24,76,122,237,259,323,324
X24,14,38,146,190,209,239,280,377
X25,25,30,86,176,233,241,260,345
X26,26,40,44,86,186,189,201,296
X27,27,91,109,168,176,211,234,365
X28,28,111,134,155,225,357,362,369
X29,9,29,52,57,102,148,195,209
X30,30,82,113,135,211,221,247,269
X31,31,35,112,118,158,177,220,242
X32,32,60,95,134,178,199,329,350
X33,33,39,116,156,185,193,236,356
X34,34,84,99,117,157,266,271,355
X35,33,35,54,80,139,200,210,324
X36,36,37,160,167,244,256,311,353
X37,21,37,98,124,199,231,277,340
X38,38,100,122,184,200,272,331,380
X39,39,48,94,125,147,213,328,372
X40,26,63,127,131,144,256,284,288
X41,22,41,71,82,104,202,246,365
X42,0,42,51,72,201,260,295,338
X43,25,43,46,118,204,264,274,367
X44,20,44,72,185,253,286,292,314
X45,45,73,78,119,183,243,275,382
X46,17,43,146,206,235,242,273,380
X47,47,124,192,206,207,248,285,335
X48,31,90,136,215,235,243,248,305
X49,12,49,81,239,249,266,289,331
X50,13,115,163,311,313,320,361,376
X51,8,74,79,92,217,339,378,379
X52,5,32,77,155,198,258,274,378
X53,48,128,228,257,270,300,313,349
X54,7,50,55,101,115,172,244,275
X55,42,62,241,252,269,272,273,285
X56,57,70,77,138,141,217,245,268
X57,59,65,105,192,252,267,290,295
X58,61,174,240,251,253,296,316,342
X59,2,58,121,151,182,196,246,341
X60,63,64,186,187,204,223,233,337
X61,64,120,221,224,263,304,330,358
X62,66,89,161,180,267,292,332,348
X63,67,97,152,178,232,276,339,372
X64,3,163,166,188,293,319,323,333
X65,69,80,110,114,126,158,194,265
X66,70,81,96,117,150,195,270,281
X67,41,152,168,182,229,283,379,383
X68,45,123,136,190,205,227,262,278
X69,75,120,128,130,148,150,333,376
X70,78,169,219,334,343,357,360,371
X71,19,83,108,127,212,303,352,366
X72,84,174,214,249,314,318,348,373
X73,85,110,140,169,177,215,308,382
X74,87,96,141,261,299,306,307,355
X75,88,107,126,164,218,225,234,334
X76,66,111,119,219,298,318,326,329
X77,90,121,170,173,179,238,262,321
X78,91,107,154,166,171,315,363,371
X79,92,151,165,230,268,302,368,383
X80,102,106,212,216,245,288,302,346
X81,88,114,162,210,259,301,319,320
X82,108,138,145,175,198,254,307,369
X83,85,226,261,300,312,325,336,375
X84,113,130,143,157,171,293,344,358
X85,61,132,179,205,229,255,276,381
X86,133,154,181,214,271,316,343,344
X87,137,153,305,310,321,325,335,341
X88,133,145,299,308,327,359,360,375
X89,147,149,160,291,301,354,356,361
X90,173,213,236,250,251,255,279,309
X91,181,250,263,297,322,337,342,359
X92,220,223,254,264,297,303,317,327
X93,224,228,309,310,312,322,328,374
X94,227,232,289,298,350,373,377,381
OX0,81,95,96,98,117,120,128,130,134,138,141,155,167,178,187,198,199,270,281,284,304,329,333,340,350,376
OX1,74,86,95,96,109,112,117,118,121,122,127,130,134,135,139,141,143,151,152,154,155,156,157,164,168,170,171,175,176,178,184,188,190,191,196,202,204,206,211,214,216,217,221,229,231,233,235,238,241,242,247,249,250,254,259,260,263,264,265,266,268,269,271,272,273,278,279,283,288,289,293,297,299,302,303,307,308,316,317,322,323,324,327,329,337,341,342,343,350,351,352,358,360,364,365,366,369,375,377,378,379,383
OX2,86,97,98,100,109,112,114,118,120,121,122,125,126,127,128,135,138,139,143,152,154,156,157,164,165,167,168,170,171,175,176,184,187,188,190,196,198,199,200,202,204,206,210,211,214,216,221,229,230,231,233,235,238,239,241,242,247,250,254,257,259,260,263,264,269,270,271,272,273,278,279,283,284,288,293,297,299,303,304,307,308,316,317,322,323,327,331,333,337,339,340,341,342,343,351,352,358,360,364,365,366,368,369,375,376,377
OX3,82,95,96,100,109,114,117,126,134,138,141,155,164,176,178,198,200,202,210,211,231,239,249,266,289,324,329,331,350,364
OX4,65,94,95,96,97,105,117,119,129,130,134,135,141,149,152,153,155,162,171,174,175,178,180,192,196,202,214,218,219,221,225,231,232,249,252,261,266,271,276,291,292,293,294,295,298,299,305,307,310,314,321,325,326,329,332,335,336,339,341,344,357,358,364,366,368,369,372,373
OX5,95,96,97,98,105,109,112,114,117,118,121,125,126,128,129,130,131,134,139,141,152,154,155,156,164,167,168,170,175,176,178,188,190,196,199,206,210,211,214,221,223,228,229,235,238,242,249,250,252,254,256,257,259,264,266,270,271,278,279,283,285,289,295,297,299,303,307,308,309,310,312,316,317,323,327,328,329,330,333,339,340,341,342,343,344,350,351,352,358,360,365,366,368,369,374,375,376,377
OX6,72,80,94,97,98,100,105,109,114,116,126,129,131,135,136,138,143,149,152,154,157,158,160,164,167,168,171,175,176,177,179,185,188,190,196,198,199,200,201,202,206,211,214,215,229,231,239,241,243,247,248,251,252,255,256,259,260,262,269,271,278,283,285,286,291,293,295,299,300,301,305,307,308,310,312,313,316,321,323,324,330,331,333,339,340,341,342,343,349,351,352,354,360,361,364,365,366,368,369,372,374,375,376,377
OX7,80,96,97,100,112,117,118,121,125,128,134,136,138,139,141,152,155,156,158,170,177,179,198,200,210,215,223,228,232,235,238,239,242,243,248,249,250,251,254,255,257,262,264,266,270,276,279,289,297,300,303,305,309,313,317,321,324,327,328,329,331,339,349,350
OX8,77,96,100,112,117,127,139,141,154,156,175,179,188,190,198,200,205,213,214,216,217,232,236,239,249,251,254,255,259,263,266,268,271,278,288,297,298,299,302,303,307,308,309,316,317,322,323,324,327,331,337,342,343,344,350,351,352,360,366,369,373,375,377,381
OX9,94,109,112,114,118,121,125,126,128,131,139,149,154,156,160,162,163,164,168,170,171,174,176,188,190,210,211,218,223,225,228,229,232,235,238,242,248,250,254,257,259,264,270,276,278,279,283,289,291,292,293,294,297,298,300,303,305,309,313,314,316,317,320,321,323,327,328,332,333,334,342,349,350,351,352,353,361,365,371,372,373,377
OX10,97,111,112,118,121,125,128,136,139,152,156,169,170,179,223,228,232,235,238,242,243,248,250,251,254,255,257,262,264,270,276,279,297,300,303,305,309,313,317,321,327,328,329,334,339,343,349,350,357,360,371,382
OX11,98,100,105,109,111,114,122,126,129,130,131,135,136,138,153,154,164,167,168,169,175,176,179,184,188,190,196,198,199,200,202,210,211,214,221,229,231,232,239,243,251,252,255,256,259,262,271,272,273,276,278,283,285,295,299,300,305,307,308,310,312,313,316,321,323,329,331,333,334,335,340,341,342,344,349,350,351,352,357,358,364,365,366,368,369,371,375,376,377,382
OX12,96,100,111,117,121,134,136,138,141,151,152,154,155,162,163,169,170,171,179,188,190,196,198,200,213,218,225,232,236,238,239,243,249,250,251,255,259,262,266,276,278,279,293,298,301,309,320,323,324,331,333,341,343,350,351,357,360,373,377,379,382,383
OX13,109,112,114,126,131,136,138,139,156,160,162,164,168,169,171,175,176,179,188,190,198,210,211,213,214,218,225,229,232,236,243,251,254,255,259,261,262,263,271,276,278,283,289,293,297,298,299,300,301,303,307,309,312,313,316,317,322,323,325,327,333,334,336,337,342,343,344,349,350,351,352,353,360,361,365,366,369,371,373,376,377,382
OX14,112,131,136,138,139,154,156,160,163,169,175,179,198,213,214,236,243,251,254,255,261,262,263,271,297,299,300,303,307,309,312,313,316,317,320,322,325,327,336,337,342,343,344,349,352,353,360,361,366,369,376,382
OX15,105,118,120,122,127,129,131,151,152,154,162,163,165,171,184,187,188,190,196,216,218,221,223,225,228,230,232,235,242,248,252,256,259,263,264,272,273,276,278,284,285,288,289,293,295,298,301,304,305,309,310,312,320,321,322,323,324,328,330,333,334,337,341,350,351,358,371,373,374,377,379,383
OX16,100,121,151,152,154,162,163,170,171,174,188,190,196,200,213,218,225,232,236,238,239,250,259,276,278,279,293,298,301,309,314,316,318,320,323,324,331,333,334,341,342,348,350,351,371,377,379,383
OX17,121,122,130,151,152,153,154,162,163,170,184,188,190,196,206,213,214,218,221,225,232,236,238,248,250,259,271,272,273,276,278,279,289,298,301,309,316,320,323,324,330,333,334,335,341,342,344,350,351,358,371,373,374,377,379,383
OX18,122,151,152,154,162,163,171,184,188,190,196,206,218,225,232,248,259,272,273,276,278,289,293,298,301,305,320,321,323,324,333,334,341,350,351,371,373,377,379,383
OX19,174,179,205,232,251,255,298,314,316,318,342,348,350,381
OX20,111,136,169,205,232,243,262,329,334,343,350,357,360,371,381,382
OX21,118,120,127,130,136,138,160,162,165,169,171,175,179,187,196,198,214,216,218,223,225,228,230,235,242,243,248,251,255,256,261,262,263,264,271,284,288,293,299,301,304,305,307,309,312,316,321,322,325,328,334,336,337,341,342,343,344,352,353,360,361,366,368,369,371,382
OX22,120,127,131,153,154,162,163,165,187,196,214,216,218,221,225,228,230,250,256,271,284,288,300,301,304,305,309,313,316,320,321,328,330,334,335,341,342,344,349,358,368,371,374,376
OX23,130,151,152,153,171,179,196,205,214,221,251,255,271,276,293,305,316,321,330,335,341,342,344,358,374,379,381,383
OX24,127,138,153,162,163,165,175,196,198,216,218,225,230,288,299,300,301,305,307,308,310,312,313,320,321,334,335,341,343,349,352,360,366,368,369,371,375,376
OX25,131,154,160,162,163,171,188,190,218,225,278,289,292,293,294,301,318,319,323,332,333,334,348,351,352,353,361,371,373,377
OX26,136,138,151,152,153,154,169,171,175,179,196,198,228,232,243,250,251,255,261,262,276,292,293,294,298,299,300,305,307,309,310,313,318,321,325,328,332,333,335,336,341,343,348,349,350,360,366,369,376,379,382,383
OX27,134,155,175,292,294,298,318,329,332,348,366,369
OX28,138,151,152,153,162,175,179,188,190,196,198,205,218,225,228,250,251,255,276,278,289,292,294,299,301,305,307,308,309,310,312,318,319,320,321,323,328,332,334,335,341,343,348,351,360,366,369,371,373,375,377,379,381,383
OX29,154,162,163,171,218,225,293,301,320,333,334,371
OX30,162,163,218,225,261,300,301,308,312,313,320,325,334,336,343,349,360,371,375,376
OX31,151,152,153,163,188,190,196,232,276,278,289,298,300,305,310,312,313,319,321,323,335,341,349,350,351,373,376,377,379,383
OX32,171,214,228,250,271,293,300,309,313,316,328,333,342,344,349,376
OX33,163,179,188,190,205,228,232,250,251,255,278,289,298,300,309,313,319,323,328,349,350,351,373,376,377,381
Z0,0,51,159
Z1,1,16,103
Z2,2,121,238
Z3,3,166,315
Z4,4,51,338
Z5,5,74,378
Z6,6,68,282
Z7,7,36,244
Z8,8,74,191
Z9,9,29,93
Z10,10,23,237
Z11,11,23,76
Z12,12,81,281
Z13,13,313,349
Z14,14,190,278
Z15,15,34,99
Z16,16,28,362
Z17,17,43,367
Z18,18,59,290
Z19,19,303,317
Z20,20,116,185
Z21,21,47,124
Z22,22,202,364
Z23,11,15,53
Z24,24,188,323
Z25,25,204,233
Z26,26,144,189
Z27,27,168,283
Z28,28,175,369
Z29,29,209,280
Z30,30,176,211
Z31,31,177,215
Z32,32,134,155
Z33,33,54,193
Z34,34,143,157
Z35,35,80,158
Z36,36,37,277
Z37,37,167,340
Z38,38,146,380
Z39,39,147,356
Z40,40,240,296
Z41,41,182,246
Z42,42,252,295
Z43,43,118,242
Z44,44,72,201
Z45,45,123,183
Z46,25,46,345
Z47,47,153,335
Z48,48,228,328
Z49,12,49,208
Z50,50,101,222
Z51,0,72,286
Z52,52,102,346
Z53,53,103,347
Z54,54,100,200
Z55,55,68,172
Z56,56,69,194
Z57,57,70,195
Z58,58,104,246
Z59,59,105,129
Z60,60,98,199
Z61,61,251,255
Z62,62,247,269
Z63,63,187,284
Z64,64,187,304
Z65,65,192,207
Z66,66,318,348
Z67,67,94,372
Z68,55,101,197
Z69,4,56,222
Z70,70,96,141
Z71,22,71,142
Z72,44,253,296
Z73,73,119,326
Z74,8,79,287
Z75,75,120,304
Z76,76,122,184
Z77,77,138,198
Z78,78,169,382
Z79,79,97,339
Z80,80,114,210
Z81,81,117,266
Z82,82,135,202
Z83,83,106,212
Z84,84,214,271
Z85,85,140,226
Z86,86,201,260
Z87,87,261,336
Z88,88,162,218
Z89,89,161,347
Z90,90,136,262
Z91,27,91,363
Z92,92,379,383
Z93,93,98,340
Z94,94,147,149
Z95,95,199,231
Z96,96,117,355
Z97,97,125,372
Z98,32,60,258
Z99,99,306,355
Z100,33,139,156
Z101,13,50,115
Z102,14,52,209
Z103,2,10,58
Z104,105,295,338
Z105,106,203,346
Z106,107,334,371
Z107,108,175,366
Z108,109,176,345
Z109,110,158,177
Z110,111,134,329
Z111,112,220,317
Z112,113,221,358
Z113,88,114,126
Z114,115,244,311
Z115,116,354,356
Z116,57,102,245
Z117,118,220,264
Z118,78,119,219
Z119,120,130,358
Z120,121,321,341
Z121,1,71,104
Z122,45,136,243
Z123,124,207,277
Z124,48,125,257
Z125,126,164,265
Z126,127,212,288
Z127,128,150,270
Z128,129,230,368
Z129,130,293,333
Z130,131,256,353
Z131,61,132,240
Z132,133,343,360
Z133,111,219,357
Z134,82,211,365
Z135,90,305,321
Z136,137,325,336
Z137,138,141,307
Z138,49,100,331
Z139,85,308,375
Z140,77,217,378
Z141,142,149,291
Z142,113,143,247
Z143,144,216,288
Z144,145,254,327
Z145,38,239,331
Z146,39,213,236
Z147,148,150,195
Z148,67,95,178
Z149,128,313,376
Z150,151,196,368
Z151,152,229,276
Z152,153,310,374
Z153,154,171,344
Z154,155,198,369
Z155,156,236,279
Z156,157,271,344
Z157,69,110,140
Z158,159,208,287
Z159,160,311,361
Z160,161,267,290
Z161,162,291,301
Z162,163,319,320
Z163,109,164,234
Z164,165,216,302
Z165,166,171,293
Z166,7,73,275
Z167,41,168,365
Z168,169,308,360
Z169,170,238,370
Z170,154,343,371
Z171,172,183,275
Z172,170,173,279
Z173,174,253,314
Z174,108,254,303
Z175,30,241,269
Z176,31,235,242
Z177,178,232,350
Z178,179,205,262
Z179,66,180,326
Z180,181,316,342
Z181,151,182,383
Z182,123,278,351
Z183,62,184,272
Z184,20,292,332
Z185,86,186,233
Z186,64,263,337
Z187,24,203,237
Z188,6,40,189
Z189,190,227,377
Z190,191,194,265
Z191,192,252,285
Z192,185,193,286
Z193,5,46,274
Z194,9,75,148
Z195,137,196,341
Z196,26,63,186
Z197,122,200,324
Z198,35,112,139
Z199,135,221,330
Z200,19,83,370
Z201,204,223,264
Z202,205,227,381
Z203,206,273,285
Z204,21,231,364
Z205,210,259,324
Z206,127,131,352
Z207,213,309,328
Z208,174,214,316
Z209,215,243,382
Z210,92,217,268
Z211,218,225,362
Z212,167,256,284
Z213,17,146,280
Z214,223,297,337
Z215,224,263,322
Z216,225,334,357
Z217,226,300,349
Z218,173,179,255
Z219,228,300,312
Z220,132,229,283
Z221,18,87,306
Z222,65,180,267
Z223,232,276,381
Z224,91,107,234
Z225,206,235,248
Z226,165,197,230
Z227,239,289,377
Z228,152,339,379
Z229,42,241,260
Z230,245,268,302
Z231,248,305,335
Z232,249,289,373
Z233,250,251,342
Z234,250,309,322
Z235,84,249,266
Z236,145,299,307
Z237,257,270,281
Z238,258,274,367
Z239,259,319,323
Z240,261,299,375
Z241,224,330,374
Z242,89,294,332
Z243,272,273,380
Z244,282,315,363
Z245,292,314,348
Z246,294,352,366
Z247,297,327,359
Z248,298,329,350
Z249,301,320,361
Z250,310,312,325
Z251,160,353,354
Z252,133,181,359
Z253,298,318,373
Z254,163,333,376
OZ0,221,222,252,256,269,271,277,284,295,306,313,326,329,332,338,340,344,347,348,349,350,352,353,354,355,358,361,366,373
OZ1,233,260,284,288,290,295,299,302,304,306,322,330,336,337,368,374,375
OZ2,200,208,222,238,243,244,252,266,270,271,273,274,275,276,279,280,281,283,286,289,293,295,300,305,309,312,313,314,321,322,323,324,328,338,344,349,353,354,359,360,361,363,367,370,371,372,373,377,378,379,380,381
OZ3,238,255,262,274,278,279,280,302,346,367,370,377,378,379,381,383
OZ4,236,244,255,262,264,266,271,273,275,276,278,279,280,283,285,300,308,309,313,315,317,321,322,331,332,335,339,343,348,351,353,356,359,360,361,363,367,373,375,377,379,380,382
OZ5,198,208,211,222,243,244,246,255,262,264,269,270,271,273,274,275,276,278,281,284,286,288,289,290,291,293,295,299,300,304,305,306,307,309,312,313,314,321,325,327,328,330,331,333,338,341,344,346,349,353,354,355,357,360,362,365,372,373,374,375,376,380
OZ6,211,246,252,255,256,262,264,269,278,279,280,284,290,299,302,303,304,306,317,321,322,327,330,336,341,346,352,353,359,365,367,368,374,375,377,381
OZ7,208,222,243,244,255,262,264,266,270,271,274,275,276,278,281,283,284,286,288,289,290,295,299,300,302,304,305,306,309,312,313,314,315,321,327,328,330,336,338,343,349,351,353,354,360,361,363,368,372,373,374,375,378,379
OZ8,243,244,255,256,262,266,271,275,276,277,278,283,284,289,291,299,303,305,307,309,315,321,322,326,327,329,339,340,343,350,351,352,354,359,360,362,363,369,379
OZ9,222,252,256,264,271,274,285,288,293,295,299,300,302,322,325,327,328,333,335,336,338,339,344,349,353,354,355,359,361,368,372,375,376,378
OZ10,255,256,262,264,266,271,273,277,278,279,280,283,284,285,291,299,300,303,306,313,315,317,321,322,326,327,328,329,331,332,335,339,340,343,347,348,350,351,353,357,359,361,362,363,366,367,372,373,375,377,379,380,381
OZ11,244,252,256,271,275,276,284,285,290,293,300,304,307,308,313,325,328,330,332,333,335,344,347,348,352,355,357,360,366,369,372,373,374,376,381,382
OZ12,252,271,285,290,306,312,325,330,335,344,355,358,374
OZ13,266,274,277,280,289,293,300,304,306,312,313,326,328,329,332,333,339,340,347,348,350,352,355,358,366,367,372,373,376,377,378
OZ14,264,274,277,284,288,293,299,300,302,306,312,313,322,326,327,328,329,330,332,333,336,339,340,347,348,350,352,358,359,366,368,372,373,374,375,376,378
OZ15,256,262,271,276,278,279,288,291,299,306,307,309,317,321,322,325,327,332,336,339,343,346,347,348,352,353,354,355,359,360,362,366,368,369,373,379,381,383
OZ16,276,277,293,299,300,303,304,306,312,313,326,327,328,329,333,340,347,350,358,366,372,376,381
OZ17,262,271,277,278,291,293,300,302,304,307,312,313,321,322,325,326,329,332,333,336,340,343,346,348,350,354,355,358,359,360,362,368,369,373,376
OZ18,277,279,284,288,293,299,300,302,306,309,312,313,317,322,326,327,329,330,332,333,336,340,347,348,350,352,358,359,366,368,373,374,375,376
OZ19,279,293,300,309,312,313,317,322,327,330,333,358,359,374,376
OZ20,271,283,284,288,291,299,300,304,313,315,328,330,339,343,346,351,355,357,361,362,363,372,374,375,379
OZ21,273,274,280,283,285,289,291,293,302,315,325,331,333,335,336,343,344,346,351,357,361,362,363,367,368,376,377,378,379,380
OZ22,284,288,293,300,302,304,312,313,328,333,339,358,372,376,379,383
OZ23,283,291,300,302,313,315,328,330,336,339,343,344,346,351,357,358,361,362,363,368,372,374,379
OZ24,291,293,300,306,307,312,313,322,328,330,333,336,339,347,352,354,358,359,362,366,368,369,372,374,375,376,379,383
OZ25,299,303,306,327,347,366
OZ26,293,306,307,312,322,328,330,333,336,339,347,352,354,357,358,359,360,361,366,368,369,372,374,376,379,383
OZ27,300,306,307,313,347,352,354,357,360,361,366,369,375
OZ28,312,322,359,375
OZ29,302,315,328,330,339,343,344,346,351,358,371,372,374,379,383
OZ30,303,306,307,327,347,357,360,366,369
OZ31,328,330,336,339,343,344,358,360,368,372,374,375,379,383
OZ32,322,330,343,344,358,359,360,374
OZ33,274,280,306,307,332,336,347,348,352,357,360,366,367,368,369,373,375,377,378,379,383
