X0,0,128,173,320,354,436,475,499
X1,1,43,46,351,367,369,466,484
X2,2,61,65,320,333,371,471,480
X3,3,186,217,322,342,382,420,475
X4,4,131,146,163,280,338,422,470
X5,5,28,107,125,166,352,360,386
X6,6,78,143,163,311,337,412,442
X7,7,106,132,268,310,378,463,474
X8,8,9,127,175,188,235,271,501
X9,8,68,94,104,215,452,456,489
X10,10,140,194,197,278,318,424,470
X11,11,41,214,344,395,454,473,501
X12,12,70,93,285,391,400,413,496
X13,13,14,229,238,245,270,371,421
X14,14,98,103,228,236,306,387,467
X15,15,41,141,212,276,304,308,316
X16,16,101,227,230,240,262,396,452
X17,17,33,71,213,317,396,403,426
X18,18,102,132,136,179,382,461,492
X19,19,159,210,231,313,315,379,392
X20,20,57,237,326,363,380,408,428
X21,21,104,130,149,162,164,411,455
X22,22,77,252,277,293,390,448,450
X23,23,42,248,303,306,453,459,462
X24,24,145,203,253,360,478,480,494
X25,25,80,87,133,195,199,346,427
X26,26,105,165,198,305,309,340,407
X27,27,118,119,125,300,332,355,362
X28,28,90,122,138,332,374,422,443
X29,5,29,118,123,183,250,329,423
X30,23,30,40,96,241,364,405,414
X31,31,34,157,196,230,347,415,430
X32,32,82,159,226,302,327,427,435
X33,33,50,241,294,303,319,445,490
X34,34,111,193,262,273,397,416,491
X35,22,35,83,289,373,383,415,477
X36,36,218,259,271,341,343,350,372
X37,37,189,223,326,331,342,358,361
X38,38,59,137,147,224,424,460,486
X39,26,39,205,218,249,369,375,458
X40,40,110,234,246,314,345,437,438
X41,15,109,129,152,239,344,406,423
X42,42,47,77,284,368,389,404,431
X43,1,168,247,305,327,376,440,458
X44,44,179,180,220,238,322,333,499
X45,20,45,250,252,323,331,385,477
X46,46,155,209,232,244,357,420,455
X47,47,113,296,337,338,447,448,485
X48,48,49,113,115,277,289,378,461
X49,44,48,63,81,136,309,376,485
X50,50,110,288,297,316,366,405,406
X51,51,55,115,137,177,310,465,469
X52,52,134,160,187,388,394,425,436
X53,53,69,80,100,167,257,389,390
X54,12,54,158,167,349,404,464,466
X55,17,55,114,155,255,290,460,484
X56,56,65,181,210,229,314,401,435
X57,57,116,154,161,215,235,293,385
X58,58,85,144,254,294,295,393,482
X59,59,158,178,255,269,292,351,431
X60,60,75,287,295,301,319,325,462
X61,61,134,145,173,359,412,444,479
X62,62,87,100,149,201,359,472,494
X63,63,67,165,180,222,227,334,456
X64,60,64,67,220,236,245,453,495
X65,2,169,253,321,393,410,429,457
X66,21,66,135,139,209,387,441,483
X67,64,94,116,153,222,237,312,324
X68,30,68,84,127,162,283,353,362
X69,53,85,148,161,192,298,450,487
X70,37,70,79,219,345,349,432,500
X71,49,51,83,243,299,321,419,478
X72,72,95,151,168,302,392,394,418
X73,73,88,144,287,336,439,457,503
X74,74,81,82,143,434,439,440,447
X75,38,75,88,133,226,434,446,502
X76,31,76,206,276,282,288,437,442
X77,9,200,339,341,348,353,364,492
X78,78,146,160,176,216,433,451,479
X79,56,79,142,169,208,246,471,498
X80,69,93,185,203,370,386,464,472
X81,73,74,76,308,311,409,428,481
X82,32,96,181,195,207,234,348,497
X83,35,39,97,157,211,274,372,419
X84,84,122,131,248,296,300,368,414
X85,58,156,216,225,384,403,413,490
X86,86,212,233,261,292,399,408,409
X87,25,111,192,257,263,402,417,497
X88,86,89,221,228,269,284,459,488
X89,27,29,45,126,328,361,432,498
X90,91,108,120,183,256,343,352,375
X91,92,142,184,268,307,328,476,488
X92,62,66,103,129,164,190,199,468
X93,72,130,150,247,283,355,357,367
X94,97,112,243,266,336,381,429,483
X95,98,109,182,323,329,373,421,468
X96,99,105,148,208,281,307,410,482
X97,16,156,171,193,264,377,426,496
X98,102,197,204,217,259,260,339,358
X99,13,182,196,279,291,318,383,491
X100,24,71,114,166,299,356,374,469
X101,89,99,141,202,272,399,407,476
X102,92,106,135,171,221,267,467,493
X103,107,120,172,185,301,312,449,495
X104,108,121,123,152,258,297,354,365
X105,11,174,177,190,239,346,446,486
X106,19,112,275,286,377,400,441,493
X107,90,191,202,213,240,334,340,356
X108,117,154,175,214,225,254,433,487
X109,119,126,150,151,184,335,388,474
X110,91,124,198,205,258,281,298,402
X111,121,128,186,232,290,317,366,445
X112,0,124,330,365,398,416,417,425
X113,52,95,242,261,265,324,330,380
X114,4,170,270,278,291,379,401,443
X115,18,200,207,263,264,267,397,463
X116,7,117,174,187,335,451,465,473
X117,138,170,191,251,272,304,313,454
X118,3,139,223,244,363,381,481,503
X119,36,140,147,172,256,260,325,502
X120,6,101,201,282,411,430,444,489
X121,10,176,189,204,280,285,384,500
X122,153,231,242,286,370,391,418,449
X123,178,194,224,233,265,273,279,398
X124,188,211,251,266,275,315,350,395
OX0,88,110,122,133,136,141,145,148,150,151,152,155,157,158,159,165,170,173,176,177,179,184,185,186,189,197,203,204,208,210,211,212,221,226,228,232,236,238,240,241,242,245,249,251,253,259,260,261,265,266,271,273,274,275,278,279,280,284,285,287,288,294,295,298,300,303,304,305,307,309,310,315,316,318,320,321,322,323,324,326,328,329,330,331,333,334,335,336,341,350,351,355,361,362,363,369,370,373,377,378,379,380,381,383,384,386,388,391,392,396,400,402,403,405,406,409,410,415,416,417,418,422,423,425,426,428,429,431,432,434,436,441,443,446,453,454,458,459,461,462,465,470,474,475,476,480,482,483,484,486,488,490,493,494,498,500
OX1,111,133,137,155,173,186,195,232,255,263,320,330,398,416,425,427,436,446,460,475,484,486,497,499
OX2,110,136,141,152,166,172,173,174,179,185,186,196,198,205,212,213,214,229,232,241,256,270,276,279,281,288,290,291,294,297,298,301,303,304,308,310,312,317,318,319,320,322,323,329,330,333,343,356,360,366,371,373,374,375,378,383,386,395,396,398,402,403,405,416,417,423,425,426,436,445,449,454,461,465,473,475,490,491,495,501
OX3,122,137,141,142,150,151,152,155,166,170,172,173,174,177,184,185,186,196,198,202,205,212,213,214,221,228,229,232,236,238,240,245,251,255,256,270,272,276,279,281,291,298,300,301,306,307,308,312,313,316,318,320,323,328,329,330,334,335,340,343,355,356,360,362,371,373,374,375,383,386,388,395,398,402,406,416,417,422,423,425,436,443,449,460,473,474,475,476,484,488,491,495,499,501
OX4,94,145,154,157,159,161,165,172,185,203,210,211,215,218,227,231,235,249,252,253,256,266,274,275,286,293,301,305,309,312,313,315,321,334,336,343,369,372,373,377,379,381,383,386,392,400,415,429,441,449,456,458,477,480,483,493,494,495
OX5,96,133,137,144,148,155,173,181,186,195,207,210,232,233,234,255,265,269,270,273,279,284,291,292,295,298,306,318,319,320,330,348,393,401,402,416,417,425,427,435,436,446,453,459,460,462,475,482,484,486,497,499
OX6,141,144,159,181,212,231,233,246,251,265,269,270,273,276,279,284,286,288,291,292,295,304,306,308,313,314,318,319,336,345,377,379,381,392,398,400,401,435,437,438,441,453,454,457,459,462,483,493
OX7,142,144,145,148,152,156,157,165,173,181,185,186,189,197,202,203,204,208,210,211,231,232,242,246,249,251,253,259,260,261,265,266,270,271,272,273,274,275,276,279,285,286,288,290,291,294,295,297,298,304,305,308,309,314,315,317,318,320,321,323,324,326,329,330,331,340,341,345,350,361,363,366,369,370,373,380,383,386,391,401,402,403,409,410,413,415,416,417,418,423,425,428,429,432,435,436,437,438,445,454,457,458,475,480,482,490,494,498,499,500
OX8,136,144,145,148,152,154,157,165,171,172,173,174,175,179,181,184,185,186,187,197,200,202,203,204,207,208,210,211,214,217,218,221,225,228,232,246,249,251,253,254,256,259,260,261,263,264,265,266,270,272,273,274,275,276,279,288,290,291,295,297,298,301,304,305,306,307,308,309,310,312,314,315,317,318,319,320,321,323,326,328,329,330,331,335,339,340,343,345,358,361,363,366,369,372,373,378,381,382,383,386,397,401,402,408,409,410,415,416,417,423,425,429,432,433,435,436,437,438,441,445,449,451,453,454,457,458,461,462,465,473,474,475,476,480,481,482,483,487,488,492,493,494,495,498,499,503
OX9,137,144,148,152,155,159,173,174,177,181,186,196,208,214,221,228,229,231,232,233,236,238,245,246,251,255,265,269,273,284,286,288,292,295,298,307,313,314,316,319,320,323,329,330,336,345,371,373,377,379,381,383,392,395,400,401,402,406,410,416,417,423,425,435,436,437,438,441,453,457,459,460,462,473,475,476,482,483,484,488,491,493,499,501
OX10,148,152,173,186,196,208,221,228,229,232,236,238,245,270,279,290,291,297,298,306,307,317,318,320,323,329,330,366,371,373,383,398,402,410,416,417,423,425,436,445,475,476,482,488,491,499
OX11,144,156,172,189,197,204,208,218,221,228,231,233,242,256,259,260,261,269,271,284,285,286,292,294,295,301,307,312,324,341,343,350,370,372,380,391,393,403,410,413,418,449,459,476,488,490,495,500
OX12,145,156,157,165,181,185,189,196,197,202,203,204,208,210,211,221,228,229,231,233,236,238,242,245,246,249,251,253,259,260,265,266,269,271,272,273,274,275,276,284,285,286,288,292,294,304,305,307,308,309,314,315,319,321,324,340,341,345,350,369,370,371,380,386,391,393,398,401,403,408,409,410,413,415,418,429,435,437,438,453,454,457,458,459,462,476,480,488,490,491,494,500
OX13,154,166,171,172,173,175,184,185,186,187,197,198,200,202,204,205,207,213,217,225,232,233,236,238,240,245,254,256,259,260,261,263,264,269,272,276,281,284,290,292,297,298,301,304,306,308,312,316,317,320,322,326,328,330,331,333,334,335,339,340,343,356,358,360,361,363,366,374,375,381,382,386,395,397,398,402,406,408,409,416,417,425,432,433,436,441,445,449,451,454,459,474,475,481,483,487,492,493,495,498,501,503
OX14,134,160,171,173,184,187,197,200,204,207,217,259,260,263,264,320,322,326,328,331,335,339,358,361,363,381,382,397,432,441,474,481,483,492,493,498,499,503
OX15,133,156,157,159,160,171,172,173,174,177,186,189,195,196,197,201,204,206,208,210,214,216,218,221,227,228,232,233,240,242,251,256,259,260,261,263,264,269,271,273,284,285,288,290,292,297,301,307,312,313,316,317,320,324,330,336,341,343,347,350,366,370,372,379,380,381,384,391,392,393,395,396,397,398,400,406,410,411,412,415,418,425,426,427,433,436,437,441,444,445,446,449,451,452,457,459,473,475,476,479,483,486,488,489,491,493,495,496,497,499,500,501
OX16,152,166,173,176,185,186,189,196,197,198,202,204,205,213,218,229,231,232,233,236,238,240,242,245,251,259,260,261,269,271,272,278,279,280,281,284,285,286,290,292,297,298,304,306,313,317,318,320,323,324,329,330,334,340,341,350,356,360,366,370,371,372,373,374,375,379,380,383,384,386,391,398,401,402,416,417,418,423,425,436,445,454,459,470,475,491,499,500
OX17,156,172,181,189,197,204,210,218,231,233,242,246,256,259,260,265,269,270,271,273,276,279,284,285,286,288,291,292,294,301,306,308,312,314,318,319,324,341,343,345,350,370,372,380,391,398,401,403,408,409,413,418,435,437,438,449,453,459,462,490,495,500
OX18,161,166,171,173,184,185,186,187,196,197,198,200,202,204,205,207,211,213,217,218,225,229,231,232,240,242,251,252,254,259,260,263,264,266,270,272,275,276,279,281,286,290,291,293,297,298,304,308,315,316,317,318,320,322,324,326,328,330,331,333,334,335,339,340,356,358,360,361,363,366,370,371,372,373,374,375,380,381,382,383,386,391,397,398,402,406,408,409,416,417,418,425,432,433,436,441,445,451,454,474,475,477,481,483,487,491,492,493,498,503
OX19,172,181,197,204,210,218,223,231,242,246,256,259,260,261,265,270,271,273,276,279,286,288,291,301,308,312,314,318,324,341,342,343,345,350,358,363,370,372,380,391,398,401,409,418,428,435,437,438,449,495
OX20,157,159,165,166,176,181,185,189,196,208,213,221,223,228,229,236,238,240,242,245,246,249,261,265,270,273,274,276,278,280,285,288,291,305,306,307,308,309,314,324,334,336,342,345,356,358,360,363,369,370,371,374,377,380,381,384,386,391,392,393,398,400,409,410,415,418,428,435,437,438,441,457,458,470,476,483,488,491,493,500
OX21,166,173,176,185,186,189,197,198,202,204,205,213,218,231,232,240,242,251,259,260,270,271,272,276,278,280,281,285,286,290,291,297,298,304,308,313,316,317,320,324,330,334,340,341,350,356,360,366,370,372,374,375,379,380,384,386,391,398,401,402,406,408,409,416,417,418,425,436,445,454,470,475,499,500
OX22,159,165,173,181,186,197,198,202,204,205,206,208,218,221,223,228,231,232,233,246,249,251,259,260,265,269,270,271,272,273,274,276,279,281,284,286,290,291,292,297,298,304,305,307,308,309,313,314,316,317,318,320,330,336,340,341,342,345,347,350,358,363,366,369,372,375,377,379,381,392,393,400,401,402,406,409,410,416,417,425,428,435,436,438,441,445,454,457,458,459,475,476,483,488,493,499
OX23,165,171,181,186,198,200,202,205,206,207,208,210,217,218,221,223,228,231,232,233,242,246,249,251,263,264,265,269,271,272,274,276,281,284,286,290,292,297,298,304,305,307,308,309,313,314,316,317,322,324,336,339,340,341,342,345,347,350,363,366,369,372,375,377,379,380,382,393,397,398,400,402,406,408,409,410,416,417,418,435,438,445,454,457,458,459,475,476,481,488,492,503
OX24,171,173,181,200,207,208,210,211,217,221,223,228,231,233,242,246,263,264,265,266,269,271,275,276,284,286,288,292,307,308,313,314,315,320,322,324,330,336,339,341,342,345,350,363,377,379,380,382,393,397,400,408,409,410,418,425,435,436,437,438,457,459,476,481,488,492,499,503
OX25,173,181,186,197,198,204,205,210,218,223,232,246,259,260,261,265,270,271,273,279,281,288,290,291,297,298,314,316,317,318,320,330,341,342,345,350,358,363,366,372,375,401,402,406,408,416,417,425,428,435,436,437,438,445,475,499
OX26,155,158,160,176,181,186,189,196,197,201,202,204,206,208,210,211,216,217,221,223,227,228,232,233,242,246,249,251,252,259,260,265,266,269,270,271,272,273,274,275,278,280,284,285,291,292,293,302,304,305,307,314,315,322,324,327,334,336,340,341,342,345,347,350,351,363,369,373,376,377,380,381,382,383,389,390,392,393,398,401,404,408,410,411,412,413,418,428,433,435,438,440,441,444,450,451,452,454,457,458,459,470,475,476,477,479,483,484,488,489,491,493,496,500
OX27,168,197,204,208,209,211,221,223,228,231,232,233,244,247,259,260,265,266,269,270,271,273,275,276,279,284,286,290,291,292,297,302,307,308,313,315,316,317,318,336,341,342,350,357,358,363,366,367,377,379,381,392,393,398,400,401,406,409,410,420,428,441,445,455,457,459,476,483,488,493
OX28,160,184,187,197,198,201,202,204,205,208,217,218,221,227,228,231,236,238,242,245,251,259,260,270,271,272,273,279,281,286,291,298,304,306,307,313,318,322,324,326,328,331,333,334,335,336,340,341,350,358,361,363,372,375,377,379,380,381,382,393,400,401,402,408,410,411,412,416,417,418,428,432,441,444,452,454,457,474,476,479,483,488,489,493,498,499
OX29,181,184,186,187,198,202,205,210,211,216,218,229,232,233,240,246,251,265,266,269,272,275,281,284,288,290,292,294,297,298,304,306,314,315,316,317,319,326,328,331,333,334,335,340,345,361,363,366,371,372,375,377,381,384,396,398,401,402,403,406,413,416,417,426,432,433,435,437,438,441,445,451,453,454,459,462,474,475,481,483,490,493,496,498,499,503
OX30,197,202,204,211,223,233,240,251,259,260,261,266,269,271,272,275,284,292,294,304,306,315,319,334,340,341,342,350,358,363,396,403,408,426,428,453,454,459,462,490
OX31,202,206,208,221,228,231,240,249,251,261,265,270,272,273,274,276,279,286,288,291,294,302,304,305,306,307,308,313,318,319,327,334,336,340,347,369,376,377,379,381,392,393,396,398,400,401,403,408,409,410,426,437,440,441,453,454,457,458,462,476,483,488,490,493
OX32,185,186,189,201,203,217,227,229,232,236,238,240,245,261,265,270,273,276,279,285,290,291,294,297,308,316,317,318,319,322,358,359,366,370,371,382,386,391,396,398,400,403,406,408,409,411,413,426,445,452,453,462,475,489,490,494,496,500
OX33,184,186,187,198,205,206,208,211,216,218,221,228,231,232,236,238,245,249,266,270,273,274,275,279,281,286,288,290,291,297,298,302,305,306,307,313,315,316,317,318,326,327,328,331,333,335,336,347,361,363,366,369,372,375,376,379,384,392,393,400,401,402,406,410,413,416,417,432,433,437,440,445,451,457,458,474,475,476,481,488,496,498,499,503
OX34,176,189,206,208,221,223,228,231,233,249,265,269,273,274,276,278,279,280,284,285,286,288,292,302,305,307,308,318,327,336,342,347,358,363,369,376,377,381,384,392,393,398,400,409,410,428,437,440,441,457,458,459,470,476,483,488,493,500
OX35,217,223,229,261,265,270,273,279,291,318,322,333,342,363,371,382,398,408,428,499
OX36,206,208,221,228,231,233,249,261,269,274,276,284,286,288,292,302,305,307,308,327,336,347,369,376,377,381,392,393,400,408,409,410,437,440,441,457,458,459,476,483,488,493
OX37,186,208,221,228,229,231,232,233,242,265,269,270,273,276,279,284,286,290,291,292,297,307,308,316,317,318,324,333,336,366,371,377,380,381,393,398,400,406,408,409,410,418,441,445,457,459,475,476,483,488,493,499
OX38,189,223,229,231,233,236,238,242,245,265,269,270,273,279,284,285,286,291,292,306,318,324,342,358,363,371,380,398,400,408,413,418,428,459,496,500
OX39,198,205,211,218,266,270,273,275,279,281,291,298,313,315,318,372,375,379,401,402,416,417
OX40,196,208,221,228,252,261,265,273,284,293,307,336,373,383,389,390,393,398,404,408,410,428,431,450,457,459,476,477,481,488,491,503
OX41,208,221,228,231,233,242,261,269,284,286,292,307,324,336,377,380,381,393,400,410,418,441,457,459,476,483,488,493
OX42,229,233,236,238,245,265,269,270,273,279,284,291,292,306,318,371,398,459
OX43,231,242,286,324,377,380,381,400,408,418,428,441,481,483,493,503
Z0,0,425,436
Z1,1,369,458
Z2,2,253,480
Z3,3,244,420
Z4,4,422,443
Z5,5,183,352
Z6,6,412,444
Z7,7,310,465
Z8,8,68,127
Z9,9,127,353
Z10,10,280,470
Z11,11,239,344
Z12,12,93,464
Z13,13,182,421
Z14,14,98,421
Z15,15,316,406
Z16,16,193,262
Z17,17,71,114
Z18,18,200,492
Z19,19,231,286
Z20,20,326,331
Z21,21,66,164
Z22,22,252,477
Z23,23,241,303
Z24,24,299,478
Z25,25,195,497
Z26,26,305,458
Z27,27,119,126
Z28,28,125,332
Z29,29,45,250
Z30,30,84,414
Z31,31,206,347
Z32,32,195,427
Z33,33,317,445
Z34,34,230,262
Z35,35,157,415
Z36,36,256,343
Z37,37,361,432
Z38,38,446,486
Z39,39,218,372
Z40,40,96,234
Z41,41,304,454
Z42,42,248,368
Z43,43,54,466
Z44,44,63,180
Z45,27,29,118
Z46,46,357,367
Z47,47,77,448
Z48,48,113,485
Z49,49,83,289
Z50,50,241,405
Z51,51,299,469
Z52,52,95,394
Z53,53,192,257
Z54,54,219,349
Z55,55,114,469
Z56,56,65,471
Z57,57,116,237
Z58,58,294,490
Z59,59,178,224
Z60,60,453,462
Z61,61,145,480
Z62,62,149,164
Z63,63,165,309
Z64,64,67,222
Z65,65,229,371
Z66,66,103,387
Z67,67,180,220
Z68,8,215,235
Z69,69,100,472
Z70,70,285,500
Z71,71,213,356
Z72,72,168,247
Z73,73,74,439
Z74,74,143,311
Z75,75,88,287
Z76,76,276,308
Z77,77,389,390
Z78,78,412,479
Z79,79,432,498
Z80,80,87,100
Z81,81,376,440
Z82,82,226,434
Z83,35,83,419
Z84,84,300,362
Z85,85,254,487
Z86,86,89,399
Z87,62,87,199
Z88,75,325,502
Z89,86,269,292
Z90,90,138,191
Z91,91,108,258
Z92,92,106,268
Z93,93,370,391
Z94,94,116,215
Z95,95,242,418
Z96,40,110,405
Z97,97,211,266
Z98,98,103,468
Z99,99,307,476
Z100,25,80,257
Z101,101,230,430
Z102,102,217,382
Z103,21,209,455
Z104,68,104,162
Z105,105,198,281
Z106,92,221,488
Z107,107,120,352
Z108,108,123,183
Z109,109,329,423
Z110,110,288,437
Z111,111,416,417
Z112,112,441,483
Z113,48,136,461
Z114,17,290,317
Z115,115,310,378
Z116,94,222,456
Z117,117,433,451
Z118,45,331,361
Z119,119,150,355
Z120,120,172,256
Z121,121,297,366
Z122,122,300,332
Z123,123,152,423
Z124,124,402,417
Z125,28,166,374
Z126,126,184,328
Z127,9,271,341
Z128,128,186,475
Z129,129,190,239
Z130,130,162,283
Z131,131,296,338
Z132,132,378,461
Z133,133,226,427
Z134,134,173,436
Z135,135,441,493
Z136,44,136,179
Z137,137,177,486
Z138,138,170,443
Z139,139,381,483
Z140,140,197,260
Z141,141,272,304
Z142,142,208,307
Z143,143,337,447
Z144,144,287,295
Z145,61,173,320
Z146,146,176,280
Z147,140,147,424
Z148,148,281,298
Z149,149,201,411
Z150,72,150,151
Z151,151,388,394
Z152,152,297,406
Z153,153,312,449
Z154,154,161,487
Z155,46,155,484
Z156,156,413,496
Z157,157,274,347
Z158,158,404,431
Z159,159,302,392
Z160,134,160,479
Z161,154,175,235
Z162,130,357,455
Z163,163,337,338
Z164,69,167,464
Z165,165,334,340
Z166,24,166,360
Z167,167,389,404
Z168,168,302,327
Z169,169,208,410
Z170,170,313,379
Z171,171,377,493
Z172,172,301,325
Z173,145,359,494
Z174,174,177,465
Z175,175,214,501
Z176,176,216,384
Z177,11,174,473
Z178,59,255,460
Z179,179,322,382
Z180,64,312,495
Z181,181,234,314
Z182,182,373,383
Z183,91,205,375
Z184,184,268,474
Z185,185,370,449
Z186,186,232,420
Z187,187,335,388
Z188,188,395,501
Z189,189,204,358
Z190,190,199,346
Z191,191,202,272
Z192,192,298,402
Z193,193,264,397
Z194,194,224,424
Z195,32,181,435
Z196,196,383,415
Z197,38,147,502
Z198,26,198,205
Z199,109,129,468
Z200,18,132,463
Z201,201,359,444
Z202,202,340,407
Z203,203,472,494
Z204,37,189,500
Z205,99,105,407
Z206,206,437,438
Z207,207,263,497
Z208,2,169,471
Z209,139,209,244
Z210,210,379,401
Z211,97,243,419
Z212,212,308,409
Z213,213,240,396
Z214,117,214,473
Z215,104,411,489
Z216,216,225,433
Z217,102,339,492
Z218,218,343,375
Z219,43,249,369
Z220,220,238,245
Z221,106,267,463
Z222,20,57,385
Z223,223,326,363
Z224,178,233,292
Z225,58,225,254
Z226,133,346,446
Z227,227,240,334
Z228,228,306,459
Z229,229,270,401
Z230,101,452,489
Z231,19,275,315
Z232,121,128,354
Z233,233,261,265
Z234,96,348,364
Z235,113,277,448
Z236,236,306,453
Z237,237,324,380
Z238,238,333,371
Z239,55,137,460
Z240,227,452,456
Z241,23,248,414
Z242,153,242,324
Z243,243,321,429
Z244,3,223,342
Z245,161,293,450
Z246,79,246,345
Z247,1,247,367
Z248,50,366,445
Z249,39,249,274
Z250,250,323,329
Z251,251,395,454
Z252,252,293,385
Z253,253,321,478
Z254,85,148,482
Z255,255,351,484
Z256,36,259,260
Z257,53,390,450
Z258,124,258,365
Z259,259,339,341
Z260,10,197,204
Z261,261,380,408
Z262,16,396,426
Z263,111,263,397
Z264,171,264,267
Z265,265,330,398
Z266,211,350,372
Z267,34,196,491
Z268,221,228,467
Z269,269,284,431
Z270,56,246,314
Z271,188,271,350
Z272,90,356,374
Z273,273,279,491
Z274,49,51,115
Z275,231,392,418
Z276,76,311,442
Z277,22,277,289
Z278,278,291,318
Z279,273,398,416
Z280,107,185,386
Z281,5,118,125
Z282,31,282,430
Z283,283,355,362
Z284,89,476,488
Z285,285,384,413
Z286,286,391,400
Z287,144,393,457
Z288,276,288,316
Z289,219,345,438
Z290,155,232,290
Z291,4,278,470
Z292,194,279,318
Z293,294,295,319
Z294,88,434,439
Z295,47,296,368
Z296,14,236,245
Z297,122,131,422
Z298,60,301,495
Z299,159,210,435
Z300,303,319,462
Z301,15,41,344
Z302,305,309,376
Z303,78,146,163
Z304,141,212,399
Z305,7,335,474
Z306,73,481,503
Z307,52,330,425
Z308,251,313,315
Z309,13,270,291
Z310,112,266,275
Z311,33,403,490
Z312,42,284,459
Z313,160,187,451
Z314,322,475,499
Z315,323,373,477
Z316,82,327,440
Z317,30,353,364
Z318,320,333,499
Z319,336,429,457
Z320,217,342,358
Z321,6,282,442
Z322,200,207,348
Z323,12,70,349
Z324,158,351,466
Z325,0,354,365
Z326,203,360,386
Z327,363,428,481
Z328,81,447,485
Z329,377,400,496
Z330,336,381,503
Z331,135,387,467
Z332,393,410,482
Z333,156,403,426
Z334,408,409,428
OZ0,293,309,325,326,330,331,334,340,341,350,353,355,357,362,380,385,394,395,411,418,425,433,434,447,449,450,451,453,455,456,462,473,485,487,489,495,502
OZ1,309,334,340,353,355,357,362,364,368,389,390,411,414,448,455,456,485,489
OZ2,319,321,330,337,340,344,345,346,350,356,366,371,372,373,374,379,380,383,389,390,391,392,395,400,401,404,406,407,416,418,419,421,422,424,427,428,429,432,434,435,437,439,441,442,445,446,448,459,460,462,466,470,471,476,481,483,484,488,491,498,503
OZ3,299,325,326,330,331,334,341,343,345,350,356,364,366,369,370,372,375,380,384,391,394,395,396,405,412,415,418,419,425,426,430,433,434,437,442,444,445,447,448,449,450,451,452,453,456,462,464,466,473,477,487,490,495,496,500,502
OZ4,298,337,353,355,357,359,362,364,368,383,402,404,411,412,414,415,416,417,430,448,450,455,464,472,491
OZ5,306,325,326,328,330,346,353,355,361,362,364,367,368,369,379,380,383,388,389,390,392,396,397,400,401,414,415,418,425,426,427,430,435,440,446,447,448,449,452,453,458,459,462,463,467,474,488,489,491,493,495,496,502
OZ6,337,364,368,378,383,389,390,397,412,414,415,430,444,448,461,463,491,492
OZ7,335,346,357,367,369,370,379,384,388,391,392,394,401,411,413,427,432,434,435,440,444,446,451,455,458,471,472,479,480,494,498,500
OZ8,326,334,342,346,353,355,356,362,364,366,367,369,370,379,383,384,388,391,392,394,397,400,401,405,411,415,420,427,428,429,430,432,434,435,440,441,444,445,446,451,455,456,457,458,463,465,469,471,472,474,479,480,481,483,489,490,491,494,498,500,503
OZ9,328,329,330,342,344,346,357,359,361,367,369,371,378,379,380,382,383,392,396,397,400,401,415,418,420,421,423,425,426,427,428,429,430,434,435,436,440,441,446,449,451,452,453,457,458,459,461,463,473,475,479,480,481,483,488,489,491,494,495,496,503
OZ10,321,325,330,331,334,341,342,345,346,356,357,364,367,368,372,374,380,383,388,389,390,391,396,397,401,412,414,419,420,425,426,427,428,432,433,435,437,442,443,446,449,450,452,453,456,457,462,463,464,466,471,472,474,477,479,480,481,487,491,494,495,496,498,502,503
OZ11,325,330,342,346,353,355,359,361,362,364,367,368,369,370,379,380,383,384,388,389,390,391,392,396,397,400,401,411,413,414,415,418,420,425,426,427,428,429,430,432,435,440,441,444,446,447,448,449,452,453,455,457,458,462,463,472,474,481,483,489,491,495,496,500,502,503
OZ12,330,331,334,338,340,342,343,344,346,350,352,364,366,368,369,371,373,380,382,383,386,389,390,391,395,401,406,407,413,414,415,416,421,422,427,428,430,435,439,440,443,445,448,449,453,456,458,459,460,472,476,477,480,481,484,486,488,489,490,491,492,494,495,503
OZ13,331,334,341,343,345,350,353,355,356,357,361,362,366,368,369,372,375,389,390,395,396,405,411,412,413,414,415,419,426,430,432,433,437,442,445,450,452,455,456,464,465,466,469,472,473,477,478,479,487,490,494,496
OZ14,329,334,338,341,345,350,352,353,355,356,359,362,364,366,367,368,369,373,374,375,378,386,389,390,395,396,397,406,411,412,413,414,415,416,420,422,423,425,426,430,432,433,434,436,437,442,445,446,447,450,451,452,455,456,460,461,463,464,466,471,473,475,480,484,486,487,490,492,494,496,498
OZ15,338,343,344,352,357,364,367,372,374,378,386,397,405,406,416,419,420,422,425,434,436,446,447,460,461,463,465,469,472,473,475,478,484,486,492,494
OZ16,334,341,350,356,364,366,395,396,405,413,426,445,452,456,465,469,473,490,496
OZ17,353,355,357,359,362,364,368,389,390,411,414,434,444,446,447,448,455,460,464,466,472,484,486
OZ18,340,342,343,344,345,356,357,359,361,367,368,369,371,372,373,375,379,388,392,396,397,400,404,405,406,407,412,414,415,416,418,419,420,421,422,424,425,426,429,430,432,434,437,439,441,442,443,446,449,452,453,457,459,463,464,465,469,470,472,473,474,476,478,480,483,486,488,489,495,496
OZ19,343,345,364,368,369,372,375,378,383,389,390,397,412,414,415,419,430,432,434,437,442,444,446,447,448,460,461,463,471,478,480,484,486,491,492,498
OZ20,345,346,350,359,364,366,369,372,374,378,383,395,396,397,401,405,412,413,415,419,426,427,430,432,434,435,437,440,442,443,445,446,452,458,461,463,464,465,466,469,471,472,473,478,480,489,490,491,492,496,498
OZ21,359,364,368,370,378,383,384,389,390,391,397,413,414,415,430,432,434,444,446,447,448,460,461,463,464,466,471,480,484,486,491,492,494,498,500
OZ22,341,350,364,368,395,404,414,433,434,446,447,448,450,451,460,466,473,484,486,487
OZ23,346,350,364,366,372,374,378,383,395,396,397,401,405,413,415,419,426,427,430,435,443,445,452,460,461,463,464,465,466,469,472,473,478,484,486,489,490,491,492,494,496
OZ24,344,352,357,364,367,370,375,378,384,386,389,390,391,397,404,405,406,413,416,420,425,432,433,434,436,440,446,450,451,458,460,461,463,464,471,472,473,475,480,484,486,487,492,494,498,500
OZ25,357,364,367,368,370,378,383,384,389,390,391,397,411,413,414,415,430,432,434,446,447,448,455,460,461,463,471,472,480,484,486,491,492,494,498,500
OZ26,350,364,366,369,372,374,378,379,388,389,390,392,394,395,396,404,405,413,419,426,433,434,440,443,444,445,446,450,452,458,460,461,464,465,469,472,473,474,478,479,484,486,487,489,490,492,494,496
OZ27,342,352,361,366,368,369,375,378,379,382,384,386,388,389,390,392,394,405,414,422,424,432,434,443,445,446,447,448,461,464,466,470,474,486,490,500
OZ28,352,364,368,370,375,378,383,384,386,388,391,404,413,414,415,416,425,430,432,433,440,444,447,448,450,458,461,464,471,472,474,479,480,487,491,492,494,498,500
OZ29,374,389,390,404,422,424,433,450,451,460,465,466,469,470,484,487
OZ30,364,368,371,373,382,383,384,388,389,390,394,397,399,400,409,411,413,414,418,420,421,429,432,433,441,444,449,450,453,455,457,459,463,471,474,476,479,481,483,487,488,491,492,495,498,500,503
OZ31,371,373,378,382,384,388,389,390,394,399,400,404,409,411,413,415,418,420,421,429,430,432,434,441,446,447,448,449,453,455,457,459,460,461,466,471,474,476,481,483,484,486,488,495,498,500,503
OZ32,370,384,391,413,432,471,472,480,494,498,500
OZ33,383,388,397,411,415,420,430,436,455,463,474,475,491
OZ34,384,389,390,396,404,413,426,432,433,444,450,452,464,471,472,479,480,487,489,494,496,498,500
OZ35,389,390,404,434,446,447,448,460,466,484,486
OZ36,366,368,369,379,388,392,394,396,397,404,405,411,413,414,416,420,422,424,425,426,434,436,440,443,445,446,452,455,458,463,466,470,474,475,486,489,490,496
OZ37,388,397,416,425,463,474
OZ38,369,379,392,394,411,420,422,424,433,436,440,443,444,447,448,450,455,458,460,470,475,479,484,487
OZ39,379,392,394,411,420,422,424,433,434,436,443,444,446,447,448,450,455,470,475,479,486,487
OZ40,391,394,400,411,418,420,429,433,436,439,441,444,447,448,450,455,457,475,479,483,487
OZ41,378,382,397,416,425,436,461,463,475
OZ42,394,396,399,400,409,411,418,420,426,429,436,441,449,452,453,455,457,459,475,476,481,483,488,489,495,496,503
OZ43,396,400,426,429,433,439,441,444,447,448,450,452,457,479,483,487,489,496
