X0,0,72,113,146,336,385,438,458
X1,1,56,73,165,353,369,387,493
X2,2,94,111,166,349,431,467,489
X3,3,33,104,137,339,403,459,476
X4,4,109,136,159,352,428,446,492
X5,5,34,79,160,347,393,411,487
X6,6,57,89,125,342,361,434,480
X7,7,88,133,162,346,452,470,486
X8,8,31,58,163,350,372,408,490
X9,9,27,122,155,340,402,437,499
X10,10,61,68,120,348,373,397,429
X11,11,28,62,142,356,366,416,447
X12,12,45,140,158,343,360,455,501
X13,13,26,82,138,351,389,418,444
X14,14,46,83,100,354,368,390,472
X15,15,69,98,152,338,384,479,496
X16,16,41,50,97,345,377,412,468
X17,17,40,71,118,355,391,414,424
X18,18,77,92,130,344,382,453,481
X19,19,38,91,116,337,407,439,477
X20,20,52,114,131,341,364,435,460
X21,21,54,95,167,359,405,478,497
X22,22,55,74,144,374,396,409,441
X23,23,93,112,145,419,426,445,464
X24,24,81,101,107,383,399,433,482
X25,25,105,139,156,415,425,448,484
X26,13,95,131,153,170,262,279,334
X27,9,41,76,132,184,209,218,265
X28,11,57,75,151,173,202,247,328
X29,29,85,141,154,410,442,466,491
X30,30,63,134,164,381,401,454,503
X31,8,46,117,145,186,245,260,298
X32,32,59,64,123,375,394,413,420
X33,17,33,51,157,169,224,241,333
X34,5,28,99,124,188,220,282,299
X35,35,43,80,102,370,388,417,463
X36,36,53,115,147,362,400,432,502
X37,37,75,90,149,379,404,475,498
X38,19,55,78,88,185,208,239,286
X39,39,48,119,128,357,406,440,456
X40,3,67,123,140,171,201,272,305
X41,16,92,110,156,172,277,304,327
X42,42,78,110,161,363,380,436,500
X43,43,68,139,162,205,243,258,317
X44,44,103,108,135,376,422,451,469
X45,12,37,61,93,178,229,236,288
X46,14,36,72,154,176,199,226,331
X47,47,99,106,157,371,427,462,494
X48,2,48,143,160,183,237,266,320
X49,49,96,127,150,367,449,471,485
X50,27,44,100,164,210,246,278,329
X51,51,76,129,148,358,386,457,495
X52,20,30,80,111,179,196,230,310
X53,15,53,82,108,181,194,250,306
X54,18,32,54,136,182,214,251,268
X55,38,60,73,105,190,223,242,312
X56,1,71,103,141,187,206,259,284
X57,6,25,98,144,174,225,257,293
X58,39,58,77,84,200,227,232,291
X59,21,70,104,120,207,216,287,296
X60,60,66,86,143,365,378,461,474
X61,10,116,134,150,175,256,301,330
X62,34,52,81,127,203,211,248,270
X63,47,63,97,146,192,249,269,275
X64,26,64,96,166,204,221,283,315
X65,65,87,124,132,398,430,443,465
X66,4,66,101,163,177,195,290,323
X67,67,84,121,153,392,423,473,483
X68,45,65,118,167,198,231,302,332
X69,23,69,142,161,189,222,263,335
X70,70,117,126,151,395,421,450,488
X71,40,86,115,133,212,271,276,303
X72,0,49,102,122,168,240,281,314
X73,22,50,121,159,219,244,297,316
X74,74,106,130,155,197,253,309,322
X75,35,91,126,158,215,267,274,325
X76,31,113,135,149,217,264,295,318
X77,29,42,125,138,228,234,254,311
X78,79,89,112,148,193,273,307,324
X79,7,24,119,165,180,213,308,326
X80,83,90,109,128,191,261,280,313
X81,56,87,137,147,235,252,289,321
X82,62,94,107,129,233,255,292,300
X83,59,85,114,152,238,285,294,319
X84,168,217,270,290,336,408,449,482
X85,170,216,311,328,351,405,434,488
X86,171,235,291,308,339,369,440,473
X87,172,234,269,331,345,363,458,491
X88,169,239,271,309,355,374,427,452
X89,174,193,266,312,342,393,425,461
X90,175,192,287,333,348,381,476,494
X91,176,214,285,313,354,413,428,466
X92,177,209,244,300,352,377,386,433
X93,178,284,302,318,343,424,469,498
X94,179,225,243,319,341,370,415,496
X95,180,205,229,261,346,397,404,456
X96,181,263,299,321,338,430,447,502
X97,182,204,240,322,344,367,394,499
X98,183,221,250,276,349,362,418,474
X99,184,260,278,324,340,445,472,495
X100,185,201,219,325,337,392,409,501
X101,186,200,222,304,350,382,419,436
X102,187,223,246,256,353,376,407,454
X103,188,198,248,279,347,364,398,478
X104,173,196,267,292,356,388,450,467
X105,189,238,272,288,375,384,455,464
X106,191,237,310,329,357,390,431,503
X107,194,232,264,334,372,389,451,483
X108,195,212,268,332,378,414,446,497
X109,190,218,289,327,387,412,465,484
X110,199,281,303,317,385,432,463,486
X111,202,220,249,295,371,379,416,438
X112,203,259,294,326,383,435,442,493
X113,206,228,241,273,358,391,410,480
X114,207,226,245,252,368,395,400,459
X115,208,254,283,301,380,439,444,471
X116,211,236,307,330,373,411,426,485
X117,213,233,286,335,366,399,470,500
X118,215,231,265,314,360,417,437,443
X119,197,210,293,306,396,402,422,479
X120,224,255,305,315,403,420,457,489
X121,230,262,275,297,401,423,460,468
X122,242,274,298,323,365,421,477,490
X123,247,257,280,316,361,441,475,492
X124,251,258,277,296,359,429,448,481
OX0,76,82,85,90,92,100,102,107,109,111,114,119,120,121,122,125,126,127,130,131,133,135,136,137,138,140,142,143,145,146,147,148,149,150,152,154,157,160,163,167,196,201,222,232,233,235,238,239,250,252,253,258,260,261,262,264,266,267,268,270,272,273,276,277,279,280,282,283,287,290,294,295,298,299,300,304,308,309,310,311,314,317,318,319,321,322,329,331,333,334,362,366,369,372,374,375,386,388,389,392,419,421,423,427,428,429,430,436,438,444,447,448,452,456,458,462,463,466,471,472,474,476,478,480,482,483,485,486,487,490,495,497,499,503
OX1,80,85,88,89,95,97,101,106,107,111,112,114,119,125,127,131,133,134,141,148,154,157,160,162,164,165,192,193,196,205,216,225,228,229,233,236,243,259,261,262,269,270,273,279,282,286,294,297,308,310,319,324,328,330,331,335,366,370,373,381,393,397,404,405,410,415,423,426,427,433,434,452,454,456,458,462,466,468,482,485,486,487,488,493,494,496,500,503
OX2,90,93,94,95,96,98,102,108,109,111,112,113,115,117,122,128,131,138,142,145,146,147,152,153,154,161,163,166,214,216,217,221,222,226,232,237,238,240,245,250,261,262,264,272,279,280,283,285,288,298,299,303,306,311,314,317,321,328,331,335,357,362,367,368,372,375,400,405,408,413,418,419,426,428,430,431,434,438,444,445,447,451,455,458,463,466,467,479,483,486,488,489,490,496
OX3,94,95,97,98,103,104,107,110,112,113,115,116,119,120,122,123,125,127,128,130,131,132,133,134,137,138,143,144,148,149,151,152,156,157,159,160,161,164,192,196,209,216,217,218,233,234,235,236,237,238,239,244,246,253,256,258,262,265,266,267,269,270,273,276,279,282,283,287,290,293,295,297,300,301,303,308,309,310,311,315,316,318,322,324,327,330,331,335,357,363,366,369,373,374,375,376,377,381,386,388,405,408,412,420,423,426,427,429,431,436,437,441,444,448,450,452,456,458,459,462,467,468,469,471,474,480,482,485,487,488,489,491,494,496,499,503
OX4,88,89,91,92,96,97,100,101,102,104,106,107,111,112,113,117,119,120,121,123,125,128,130,131,133,134,135,136,140,141,143,145,148,149,150,151,153,154,157,158,164,165,166,167,192,193,196,201,214,217,221,222,226,228,231,232,233,236,237,240,245,250,252,253,258,259,260,262,264,265,266,267,268,269,272,273,274,276,277,279,285,286,287,290,295,297,304,308,314,315,317,318,322,324,325,328,329,330,331,335,357,360,362,366,367,368,372,373,381,388,392,393,400,408,410,413,418,419,420,421,426,427,429,431,433,434,436,437,443,448,450,452,454,456,458,459,463,466,468,471,472,474,478,483,486,493,494,497,499,500
OX5,85,89,96,100,102,103,104,107,108,111,112,113,116,117,119,120,122,123,128,131,132,133,134,136,138,140,143,144,145,148,149,150,151,153,156,157,158,159,161,163,164,165,166,167,192,193,196,209,214,217,218,221,222,226,231,232,233,236,237,239,240,244,245,246,250,252,256,258,259,260,262,264,266,267,268,272,273,276,279,283,285,287,293,295,298,300,301,306,308,309,311,314,315,316,317,318,324,327,328,329,330,335,357,360,362,366,367,368,372,373,374,376,377,381,386,388,393,400,408,412,413,418,419,420,426,427,429,431,434,441,442,443,444,448,450,451,452,456,459,463,469,472,474,478,479,483,486,490,493,494,497,501
OX6,82,91,92,96,97,99,101,103,104,106,108,110,114,116,117,121,122,123,125,126,131,132,135,136,141,144,146,151,152,153,154,156,157,159,163,166,167,201,209,214,218,221,226,228,234,238,240,244,245,246,249,252,256,262,265,268,269,274,277,279,285,290,293,294,297,298,300,301,304,306,315,316,319,325,327,328,333,334,363,367,368,371,375,376,377,386,389,392,400,410,412,413,418,420,427,433,434,437,441,442,450,451,454,459,462,466,468,469,471,476,478,479,490,491,497,501
OX7,92,93,96,97,98,100,101,102,107,108,110,115,117,120,121,124,128,130,133,135,136,137,141,142,143,146,148,149,150,152,154,157,158,160,162,163,165,167,198,201,205,214,226,228,229,231,233,234,235,236,237,238,239,240,245,252,253,258,259,260,261,265,266,268,269,272,273,276,277,282,285,287,288,290,295,297,298,299,303,304,306,309,310,314,317,318,322,324,329,330,333,357,360,363,366,367,368,369,373,374,375,392,397,398,400,404,410,413,427,429,431,433,437,438,443,445,447,448,451,452,455,462,463,466,468,471,472,474,476,479,480,487,490,491,493,496,497,499,501,503
OX8,91,96,99,100,103,104,106,107,108,112,114,116,117,120,123,124,125,126,127,128,130,131,132,133,137,143,144,145,147,148,149,151,152,153,156,158,159,160,161,162,163,165,166,198,205,209,218,221,222,226,229,231,232,233,235,236,237,238,239,240,244,245,246,249,250,253,256,258,259,260,261,262,264,266,270,273,274,276,279,282,287,290,293,294,295,298,300,301,306,309,310,315,316,318,319,321,322,324,325,327,328,329,330,335,357,360,362,366,367,368,369,371,372,373,374,375,376,377,386,397,398,400,404,412,418,419,420,426,429,430,431,434,438,441,442,443,448,450,451,452,454,459,469,471,472,474,478,479,480,482,483,485,486,487,490,493,499,503
OX9,86,96,102,107,109,115,117,122,127,136,142,147,150,159,163,209,212,226,233,240,244,245,268,270,276,290,298,299,300,303,314,317,321,332,366,367,368,377,386,400,414,428,430,447,463,471,482,485,486,490,492,497
OX10,93,96,100,102,103,104,109,112,117,118,122,123,127,129,133,136,137,141,142,145,147,148,150,157,159,161,163,164,165,209,222,226,228,235,239,240,244,245,246,255,259,260,268,270,272,273,284,288,290,298,299,309,314,315,317,321,324,329,332,333,335,367,368,369,374,376,377,386,400,410,419,420,424,426,427,428,430,447,452,455,459,463,471,472,476,480,482,485,486,489,490,492,493,497
OX11,96,98,99,100,101,102,103,106,110,111,112,113,114,115,117,119,120,126,128,130,132,142,143,144,146,147,149,150,156,157,159,160,161,164,165,196,209,217,218,226,234,236,237,240,244,245,246,249,253,258,259,260,265,266,267,276,282,287,290,293,294,295,299,300,303,308,314,316,317,318,319,321,322,327,329,330,331,333,335,357,363,367,368,371,373,376,377,386,388,400,408,412,421,426,427,429,430,431,433,436,437,441,442,445,447,448,456,458,463,469,471,472,474,476,486,487,491,493,496,499
OX12,97,99,101,104,106,107,110,113,114,115,116,123,124,125,126,127,131,133,134,137,142,145,148,150,151,152,163,165,166,192,198,217,221,222,233,234,235,238,239,249,250,256,259,262,269,270,273,279,294,297,298,299,301,303,309,315,319,324,328,331,333,362,363,366,369,371,374,375,381,398,408,418,419,420,421,423,433,434,436,438,442,445,447,450,452,458,459,462,468,476,478,480,482,485,490,491,493,494
OX13,95,99,100,102,104,106,111,112,113,115,116,119,123,124,125,127,133,134,137,138,140,142,145,148,151,158,161,162,166,192,196,198,205,216,217,221,222,229,231,235,236,239,249,250,256,260,261,265,267,270,272,273,283,290,299,301,303,308,309,310,311,314,315,317,324,329,330,333,335,360,362,369,371,373,374,381,388,397,398,404,405,408,418,419,420,426,437,438,443,444,447,450,452,456,459,462,463,471,472,476,478,480,482,485,488,494,501,503
OX14,89,98,99,102,103,104,106,110,115,120,123,124,128,129,132,133,136,143,144,145,147,148,149,152,154,156,159,162,164,167,193,198,205,209,214,218,222,229,234,237,238,239,244,246,249,252,255,258,261,265,266,268,273,276,285,287,293,295,303,309,310,314,315,316,317,318,321,324,327,357,363,371,374,375,376,377,386,393,397,398,404,412,413,419,420,429,430,431,436,437,438,441,445,448,452,459,462,463,466,469,474,489,491,496,497,503
OX15,99,103,106,109,110,111,113,114,118,119,122,124,126,133,137,140,141,144,145,147,148,152,154,155,158,162,163,164,167,196,198,205,210,214,217,222,228,229,231,234,235,238,239,246,249,252,261,265,267,272,273,284,285,293,294,298,306,308,309,310,316,319,321,324,332,360,363,369,371,374,375,376,388,397,398,402,404,408,410,413,419,421,422,424,428,430,436,437,438,441,442,443,445,452,456,462,466,479,480,486,490,491,492,499,501,503
OX16,98,102,103,104,113,114,115,119,120,122,123,125,126,128,132,137,140,141,149,151,155,156,158,163,164,166,210,217,218,221,228,231,235,237,246,250,258,272,287,294,295,298,303,306,308,310,314,315,317,318,319,327,328,357,360,362,369,376,402,408,410,412,418,420,421,422,429,431,434,442,443,448,450,456,459,463,469,479,486,490,496,499,501,503
OX17,100,103,107,108,110,111,112,113,115,116,117,120,122,125,128,129,131,132,134,136,137,141,149,150,151,153,154,155,156,161,162,163,164,165,166,167,192,196,205,210,214,217,218,221,226,228,229,232,233,234,235,236,237,245,246,250,252,255,256,258,259,260,261,262,264,265,267,268,279,285,287,295,298,300,301,303,318,327,328,329,330,333,335,357,362,363,366,368,369,372,373,376,381,388,397,400,402,404,408,410,412,413,418,422,426,429,431,434,436,437,445,448,450,451,466,469,472,476,478,483,486,489,490,491,493,494,497,499
OX18,101,108,109,110,111,112,114,115,117,118,119,120,122,123,124,126,127,128,129,130,131,132,133,136,137,141,142,143,144,146,148,149,152,153,156,157,160,161,196,198,218,226,228,232,234,235,236,237,238,239,245,252,253,255,258,262,264,265,266,267,268,270,273,276,279,282,284,287,293,294,295,299,300,303,306,308,309,315,316,318,319,322,324,327,330,331,332,333,335,357,363,368,369,372,373,374,375,388,398,400,410,412,420,421,424,426,427,428,429,431,433,436,437,438,441,442,447,448,451,452,456,458,462,469,474,476,478,479,480,482,483,485,487,489,491,492,497,499
OX19,102,104,105,107,108,110,114,117,122,125,126,129,131,133,136,137,139,142,143,145,147,148,151,153,154,155,156,157,165,166,167,210,214,221,222,225,226,232,233,234,235,239,245,250,255,259,262,264,268,273,276,279,285,294,299,300,309,312,314,317,319,321,324,328,333,362,363,366,368,369,372,374,400,402,413,415,418,419,421,422,427,430,434,436,442,445,447,448,450,451,452,459,461,463,466,474,476,478,480,483,484,486,489,491,493,496,497,499
OX20,103,104,105,107,108,109,110,111,112,113,116,117,118,119,120,122,123,124,125,131,133,134,136,137,140,143,146,147,148,150,151,153,155,156,157,158,159,161,162,163,164,166,192,196,198,205,209,210,217,221,226,229,231,232,233,234,235,236,239,244,245,246,250,256,258,261,262,264,265,267,268,272,273,276,279,284,287,298,300,301,308,309,310,312,315,321,324,328,330,331,332,335,360,362,363,366,368,369,372,373,374,376,377,381,386,388,397,398,400,402,404,408,418,420,422,424,426,427,428,429,430,434,436,437,438,443,448,450,451,452,456,458,459,461,474,478,480,483,484,486,490,491,492,494,497,499,501,503
OX21,104,108,113,114,115,119,120,122,123,125,126,131,132,136,137,141,146,151,152,153,154,155,156,162,163,166,167,205,210,214,217,218,221,228,229,232,235,238,250,258,261,262,264,265,268,279,285,287,294,298,303,308,315,319,327,328,331,362,369,372,375,397,402,404,408,410,412,413,418,420,421,422,429,434,437,438,442,448,450,451,456,458,459,466,478,483,486,490,497,499
OX22,106,107,112,116,122,123,129,130,134,137,140,141,142,147,148,150,157,158,165,192,228,231,233,235,236,252,253,255,256,259,265,272,273,299,300,301,315,321,322,324,330,360,366,369,373,381,410,420,426,427,430,437,443,447,480,489,493,494,499,501
OX23,109,110,111,112,114,116,117,118,122,126,128,133,134,136,140,141,142,144,146,147,148,149,150,152,155,157,158,161,162,192,196,205,210,226,228,229,231,234,236,237,238,239,245,256,261,265,267,268,272,273,284,293,294,295,299,301,306,309,316,318,319,321,324,330,331,332,335,357,360,363,368,373,374,375,381,388,397,400,402,404,410,421,422,424,426,427,428,430,431,436,437,438,441,442,443,447,452,458,469,479,480,486,491,492,494,497,499,501
OX24,107,108,117,122,123,124,125,126,130,131,132,137,139,141,142,143,144,151,152,153,156,159,160,165,166,198,209,218,221,225,226,228,232,233,235,238,244,245,250,252,253,259,262,264,265,266,276,279,282,293,299,300,306,315,316,322,327,328,362,366,368,369,372,375,377,386,398,400,410,412,415,418,420,421,434,437,441,447,448,450,451,462,474,478,479,483,487,493,496,499
OX25,105,108,111,112,116,117,119,120,122,123,124,126,128,129,130,132,134,135,136,137,139,142,144,145,146,149,150,152,154,159,160,161,167,192,196,198,209,214,218,222,225,226,235,236,237,238,244,245,252,253,255,256,258,265,266,267,268,282,285,287,293,295,299,301,306,308,312,315,316,318,322,327,330,331,333,335,357,368,369,373,375,377,381,386,388,398,400,412,413,415,419,420,421,426,429,431,437,438,441,445,447,451,456,458,461,462,466,476,479,484,487,489,494,496,497,499
OX26,108,117,119,120,123,124,125,126,130,131,132,133,140,141,143,147,151,153,155,156,157,158,160,162,165,166,198,205,210,218,221,226,228,229,231,232,239,245,250,253,258,259,261,262,264,266,272,276,279,282,287,308,309,315,321,322,327,328,333,360,362,368,372,374,397,398,400,402,404,410,412,418,420,421,422,427,429,430,434,443,448,450,451,452,456,462,474,476,478,483,486,487,493,501
OX27,111,113,114,120,122,123,124,126,128,129,133,136,137,139,140,144,146,147,154,155,157,158,159,162,163,165,167,196,198,205,209,210,214,217,225,229,231,235,237,239,244,252,255,258,259,261,265,267,268,272,285,287,293,294,298,306,309,315,316,319,321,331,333,357,360,369,374,377,386,388,397,398,402,404,408,413,415,420,421,422,427,429,430,431,437,438,441,442,443,452,458,466,476,479,486,489,490,493,496,497,499,501
OX28,110,114,115,119,123,124,126,127,129,130,131,132,135,137,138,139,140,141,143,144,145,146,147,148,149,150,151,153,155,156,158,159,160,162,163,198,205,209,210,218,222,225,228,229,231,232,234,235,244,252,253,255,261,262,264,266,270,272,273,276,279,282,283,290,293,294,295,298,303,306,308,311,315,316,318,319,321,322,324,327,328,331,360,363,369,372,377,386,397,398,402,404,410,412,415,419,420,421,422,430,434,436,438,441,442,443,444,445,448,450,456,458,462,471,474,478,479,480,482,483,485,486,487,489,490,491,496,501
OX29,114,115,120,121,122,124,130,133,135,136,137,139,143,146,147,149,153,154,157,158,160,165,167,198,201,214,225,231,232,235,239,252,253,258,259,264,265,266,268,276,282,285,287,294,295,303,309,318,319,321,322,331,333,360,369,372,374,392,398,413,415,423,427,429,430,437,438,442,443,452,458,462,466,474,476,483,487,493,496,497,499,501
OX30,113,117,119,120,121,128,134,135,137,139,140,149,152,153,163,164,192,201,217,225,226,232,235,237,238,245,252,258,264,272,287,295,298,308,310,318,333,357,368,369,372,375,381,392,400,408,415,423,429,431,454,456,476,483,490,494,496,503
OX31,115,116,117,119,120,123,126,129,130,134,137,138,139,143,144,151,152,155,159,160,162,192,205,209,210,225,226,229,235,238,244,245,252,253,255,256,258,261,266,276,282,283,287,293,301,303,306,308,311,315,316,322,328,333,368,369,375,377,381,386,397,400,402,404,415,420,421,422,429,434,441,444,450,456,462,471,474,476,479,486,487,489,494,496
OX32,112,116,117,119,122,123,125,127,128,130,138,140,141,142,143,145,147,158,160,161,163,164,165,166,221,222,226,228,231,236,237,245,250,253,256,259,265,266,270,272,276,282,283,290,298,299,301,308,310,311,315,321,322,330,335,357,360,362,368,373,400,410,418,419,420,426,430,431,437,443,444,445,447,454,456,462,471,474,482,485,487,490,493,499,501,503
OX33,117,125,126,137,141,151,165,226,228,235,245,252,259,328,368,369,400,410,421,434,450,493
OX34,116,119,122,123,125,128,130,137,138,140,142,143,145,147,148,158,160,161,164,166,221,222,231,235,237,250,252,253,256,265,266,272,273,276,282,283,299,301,308,310,311,315,321,322,324,335,357,360,362,369,418,419,420,430,431,437,443,444,445,447,454,456,462,471,474,480,487,499,501,503
OX35,126,127,128,129,130,132,133,134,137,138,139,140,141,142,143,144,145,147,148,150,151,152,155,156,157,158,159,160,161,162,163,164,165,166,192,205,209,210,218,221,222,225,228,229,231,235,237,238,239,244,250,252,253,255,259,261,266,270,272,273,276,282,283,290,293,298,299,306,309,310,311,316,321,322,324,327,328,335,357,360,362,369,374,375,377,381,386,397,402,404,410,412,415,418,419,421,422,427,430,431,434,441,443,444,445,447,448,450,452,454,462,471,474,479,480,482,485,486,487,489,490,493,494,496,501,503
OX36,122,123,130,132,139,143,152,156,160,166,218,221,225,238,250,253,265,266,276,282,315,322,327,362,375,412,415,418,420,437,448,462,474,487,496,499
OX37,118,136,146,149,154,214,268,284,285,295,318,331,332,413,424,438,458,466,469,497
OX38,131,135,136,146,149,153,154,167,214,232,262,264,268,279,285,295,318,331,372,413,438,458,466,478,483,497
OX39,129,130,137,141,142,143,144,145,147,148,155,159,160,161,165,166,209,210,221,222,228,235,244,250,252,253,255,259,266,273,276,282,293,299,306,316,321,322,324,335,362,369,377,386,402,410,418,419,422,430,441,445,447,462,474,479,480,487,489,493
OX40,128,132,133,134,139,140,152,156,157,158,162,164,192,205,218,225,229,231,237,238,239,261,272,309,310,327,357,360,374,375,381,397,404,412,415,427,431,443,448,452,454,486,494,496,501,503
OX41,132,137,139,140,141,142,145,147,148,152,156,158,161,165,218,222,225,228,231,235,238,252,259,272,273,299,321,324,327,335,360,369,375,410,412,415,419,430,443,445,447,448,480,493,496,501
OX42,119,120,121,124,133,135,136,137,139,140,146,147,149,152,153,154,157,162,167,198,201,205,214,225,229,232,235,238,239,252,258,261,264,268,272,285,287,295,308,309,318,321,331,333,369,372,374,375,392,397,398,404,413,415,423,427,429,430,438,452,456,458,466,476,483,486,496,497
OX43,137,141,142,145,147,148,161,165,222,228,235,252,259,273,299,321,324,335,369,410,419,430,445,447,480,493
Z0,0,168,336
Z1,1,187,353
Z2,2,183,349
Z3,3,171,339
Z4,4,177,352
Z5,5,188,347
Z6,6,174,342
Z7,7,180,346
Z8,8,186,350
Z9,9,184,340
Z10,10,175,348
Z11,11,173,356
Z12,12,178,343
Z13,13,170,351
Z14,14,176,354
Z15,15,181,338
Z16,16,172,345
Z17,17,169,355
Z18,18,182,344
Z19,19,185,337
Z20,20,179,341
Z21,21,296,359
Z22,22,316,441
Z23,23,189,464
Z24,24,326,383
Z25,25,174,425
Z26,26,283,444
Z27,27,210,402
Z28,28,220,416
Z29,29,228,410
Z30,30,230,401
Z31,31,217,408
Z32,32,214,413
Z33,33,224,403
Z34,34,211,411
Z35,35,215,417
Z36,36,226,400
Z37,37,229,404
Z38,38,223,407
Z39,39,227,406
Z40,40,212,414
Z41,41,218,412
Z42,42,254,380
Z43,43,317,463
Z44,44,210,422
Z45,45,231,360
Z46,46,245,368
Z47,47,249,371
Z48,48,237,357
Z49,49,240,367
Z50,50,244,377
Z51,51,241,358
Z52,52,248,364
Z53,53,250,362
Z54,54,251,359
Z55,55,239,374
Z56,56,235,369
Z57,57,247,361
Z58,58,232,372
Z59,59,238,375
Z60,60,242,365
Z61,61,236,373
Z62,62,233,366
Z63,63,275,401
Z64,64,315,420
Z65,65,231,443
Z66,66,323,365
Z67,67,171,473
Z68,68,258,429
Z69,69,263,338
Z70,70,216,488
Z71,71,284,424
Z72,72,199,385
Z73,73,190,387
Z74,74,197,396
Z75,75,247,475
Z76,76,184,495
Z77,77,227,453
Z78,78,208,380
Z79,79,193,393
Z80,80,196,388
Z81,81,203,383
Z82,82,194,389
Z83,83,191,390
Z84,84,232,483
Z85,85,294,442
Z86,86,212,378
Z87,87,321,430
Z88,88,239,452
Z89,89,193,342
Z90,90,261,404
Z91,91,325,337
Z92,92,304,382
Z93,93,236,426
Z94,94,255,489
Z95,95,170,405
Z96,96,204,367
Z97,97,269,345
Z98,98,225,496
Z99,99,282,462
Z100,100,278,472
Z101,101,290,482
Z102,102,281,463
Z103,103,284,469
Z104,104,287,476
Z105,105,190,484
Z106,106,253,462
Z107,107,233,399
Z108,108,194,451
Z109,109,280,492
Z110,110,172,363
Z111,111,196,467
Z112,112,324,445
Z113,113,217,336
Z114,114,294,435
Z115,115,303,432
Z116,116,301,439
Z117,117,298,421
Z118,118,302,424
Z119,119,308,440
Z120,120,296,429
Z121,121,297,423
Z122,122,314,437
Z123,123,305,420
Z124,124,299,430
Z125,125,311,434
Z126,126,274,421
Z127,127,211,485
Z128,128,191,357
Z129,129,300,386
Z130,130,322,344
Z131,131,279,364
Z132,132,218,465
Z133,133,303,486
Z134,134,175,381
Z135,135,318,469
Z136,136,214,428
Z137,137,235,339
Z138,138,311,351
Z139,139,243,415
Z140,140,201,501
Z141,141,206,410
Z142,142,335,366
Z143,143,183,474
Z144,144,293,396
Z145,145,186,419
Z146,146,249,438
Z147,147,252,400
Z148,148,273,358
Z149,149,295,379
Z150,150,301,471
Z151,151,173,450
Z152,152,238,384
Z153,153,262,423
Z154,154,176,466
Z155,155,197,402
Z156,156,277,448
Z157,157,169,427
Z158,158,215,360
Z159,159,244,352
Z160,160,266,393
Z161,161,222,436
Z162,162,205,346
Z163,163,290,408
Z164,164,246,454
Z165,165,326,493
Z166,166,315,489
Z167,167,332,497
Z168,0,281,385
Z169,157,333,494
Z170,13,334,389
Z171,3,305,403
Z172,110,304,436
Z173,11,202,416
Z174,25,225,415
Z175,10,330,373
Z176,14,226,368
Z177,4,195,446
Z178,12,288,455
Z179,20,230,460
Z180,7,213,470
Z181,53,181,502
Z182,32,182,394
Z183,2,237,431
Z184,76,209,386
Z185,55,185,409
Z186,8,298,490
Z187,1,259,493
Z188,5,282,487
Z189,23,222,419
Z190,105,312,425
Z191,83,313,354
Z192,47,192,494
Z193,89,273,480
Z194,108,306,422
Z195,66,195,378
Z196,111,310,431
Z197,74,309,374
Z198,65,198,398
Z199,72,331,458
Z200,77,200,382
Z201,67,201,392
Z202,75,202,379
Z203,52,203,435
Z204,64,204,394
Z205,68,205,397
Z206,71,206,391
Z207,70,207,395
Z208,19,208,439
Z209,9,265,437
Z210,44,246,376
Z211,34,248,347
Z212,86,276,474
Z213,24,213,399
Z214,18,251,481
Z215,35,267,388
Z216,21,216,405
Z217,113,295,438
Z218,41,209,377
Z219,22,219,409
Z220,28,299,447
Z221,26,221,418
Z222,69,189,384
Z223,73,223,353
Z224,33,333,476
Z225,6,257,361
Z226,154,331,491
Z227,39,291,440
Z228,29,234,491
Z229,61,229,397
Z230,30,310,503
Z231,45,302,343
Z232,84,291,473
Z233,107,300,433
Z234,42,234,363
Z235,56,289,387
Z236,93,288,464
Z237,48,320,406
Z238,152,319,496
Z239,88,286,470
Z240,49,168,449
Z241,51,224,457
Z242,60,312,461
Z243,43,243,370
Z244,50,297,468
Z245,46,260,472
Z246,27,278,340
Z247,151,328,488
Z248,81,270,482
Z249,63,192,381
Z250,82,250,418
Z251,54,268,497
Z252,147,321,502
Z253,106,309,427
Z254,125,228,480
Z255,94,292,467
Z256,116,256,407
Z257,98,293,479
Z258,162,317,486
Z259,103,187,376
Z260,117,245,395
Z261,90,280,475
Z262,153,334,483
Z263,161,335,500
Z264,31,264,372
Z265,160,320,487
Z266,158,325,501
Z267,97,275,468
Z268,40,271,355
Z269,123,272,375
Z270,148,324,495
Z271,91,274,477
Z272,115,276,362
Z273,92,277,481
Z274,164,329,503
Z275,95,279,478
Z276,109,313,428
Z277,102,314,417
Z278,124,188,398
Z279,96,283,471
Z280,85,285,466
Z281,104,207,459
Z282,87,289,465
Z283,163,323,490
Z284,62,292,356
Z285,114,319,341
Z286,149,318,498
Z287,159,316,492
Z288,150,330,485
Z289,118,332,414
Z290,156,327,484
Z291,112,307,426
Z292,119,180,456
Z293,155,322,499
Z294,135,264,451
Z295,126,267,450
Z296,142,263,447
Z297,137,252,459
Z298,132,265,443
Z299,80,179,370
Z300,144,257,441
Z301,167,198,478
Z302,136,268,446
Z303,146,269,458
Z304,139,258,448
Z305,127,270,449
Z306,134,256,454
Z307,143,266,461
Z308,145,260,445
Z309,131,262,460
Z310,101,177,433
Z311,141,259,442
Z312,128,261,456
Z313,133,271,452
Z314,129,255,457
Z315,36,199,432
Z316,17,241,391
Z317,130,253,453
Z318,37,178,498
Z319,57,328,434
Z320,15,306,479
Z321,138,254,444
Z322,16,327,412
Z323,38,242,477
Z324,122,240,499
Z325,58,200,350
Z326,140,272,455
Z327,59,285,413
Z328,78,286,500
Z329,100,329,390
Z330,121,219,392
Z331,166,221,349
Z332,120,287,348
Z333,99,220,371
Z334,165,308,369
OZ0,366,374,381,384,386,387,388,389,391,394,395,396,397,398,402,403,404,405,407,408,409,410,413,417,418,419,421,422,424,425,426,428,429,432,433,436,439,441,442,443,447,450,451,452,453,454,455,457,459,461,462,471,474,478,479,481,482,484,485,486,488,490,492,493,494,498,499,500,501,502
OZ1,371,375,384,388,389,390,393,396,400,401,402,404,407,408,409,410,412,414,415,416,418,419,420,423,424,426,427,430,431,432,434,435,436,437,440,442,443,445,446,447,449,450,451,452,454,455,456,459,460,461,462,463,464,468,469,470,472,473,474,475,476,477,480,484,485,487,488,489,490,492,494,496,500,501
OZ2,381,384,385,386,388,389,390,391,392,393,394,396,397,398,399,400,402,404,405,406,408,411,412,413,414,415,416,419,423,425,428,429,433,434,436,438,439,440,441,444,445,446,447,449,453,455,457,459,463,465,467,468,472,473,475,476,477,478,480,481,483,485,489,490,496,499,500,501,502,503
OZ3,377,384,385,387,389,391,394,395,397,398,400,403,404,405,409,414,415,416,417,418,420,421,425,427,429,430,432,433,434,435,437,438,439,441,446,447,448,449,451,452,455,460,461,463,468,469,471,474,476,477,478,480,482,484,486,492,493,494,496,498,499,501
OZ4,386,390,392,402,407,408,409,412,414,422,423,424,433,437,441,443,446,454,465,468,469,472,477,482,490,492,495,503
OZ5,375,387,388,391,393,394,397,399,400,401,402,405,406,408,410,411,418,419,422,423,424,426,429,431,432,436,439,442,444,445,446,448,450,451,456,457,459,461,462,463,464,474,475,476,477,482,483,484,488,489,490,492,493,494,495,497,498,499,500,503
OZ6,391,392,394,396,397,402,403,404,405,406,408,410,415,418,419,420,422,423,424,425,426,429,430,432,435,436,439,440,441,442,444,445,446,448,449,450,451,455,457,460,461,462,464,465,467,470,473,474,476,477,479,483,484,485,486,488,489,490,492,494,495,496,497,498,499,500,501,502
OZ7,372,374,384,388,389,390,392,396,398,400,401,403,404,406,407,409,410,412,416,417,419,423,426,427,428,430,431,432,434,435,436,438,441,442,443,444,445,446,447,450,454,456,458,459,460,462,464,465,466,468,470,471,472,475,477,478,479,480,485,486,488,489,490,491,497,500
OZ8,385,387,388,389,393,394,395,396,399,404,405,408,410,411,413,414,415,416,417,418,423,424,427,432,434,435,437,438,439,440,441,447,450,451,452,456,459,460,461,466,469,470,471,473,474,475,476,477,479,480,482,484,485,490,493,494,496,497,499,502
OZ9,384,387,390,394,396,398,401,403,405,407,408,413,414,418,419,421,423,424,425,426,430,431,432,436,437,439,441,442,443,444,445,446,448,449,451,453,454,461,462,464,465,466,469,470,472,474,476,478,479,481,483,485,486,488,489,490,492,493,494,499,500,502
OZ10,387,393,394,395,396,397,399,401,403,405,406,408,410,411,412,414,416,420,422,424,425,428,429,431,432,434,437,438,439,441,442,443,447,450,453,456,458,459,465,466,467,468,469,470,471,477,480,481,482,484,485,486,490,491,492,493,497,499,502,503
OZ11,374,388,389,393,395,396,399,402,403,404,405,408,413,414,416,417,418,420,423,424,426,427,428,432,435,437,438,439,440,442,445,447,451,456,457,458,459,460,461,462,467,469,470,471,473,474,475,477,482,485,486,487,488,489,490,491,492,495,497,502
OZ12,390,393,397,399,402,403,404,406,407,408,409,412,415,419,425,427,428,429,430,432,435,436,437,440,441,442,443,448,451,452,454,455,457,460,464,466,468,469,472,473,476,477,479,482,483,484,486,487,490,492,494,495,496,498,500,501,502,503
OZ13,388,389,392,393,397,399,401,402,403,404,406,409,411,413,418,420,422,429,431,435,437,440,441,442,443,448,449,451,460,461,462,463,465,466,467,470,473,474,475,476,482,484,485,486,494,503
OZ14,389,394,395,398,400,406,408,412,413,416,417,421,423,430,432,437,438,440,444,446,447,448,449,451,453,458,463,466,468,469,471,473,475,478,481,484,490,491,492,497,498,499
OZ15,393,394,396,397,398,399,400,410,412,413,414,415,423,424,425,426,427,429,430,434,437,440,441,443,445,449,450,452,453,456,457,459,465,466,467,468,470,473,475,476,478,479,480,481,482,485,487,488,489,494,495,496,497,498,499,502
OZ16,392,394,397,398,399,401,403,405,407,408,410,415,416,418,420,421,422,425,428,429,432,434,435,437,438,439,440,442,443,444,445,447,450,453,454,455,456,457,458,460,461,462,464,466,467,469,470,473,474,475,476,478,479,480,481,482,486,489,490,491,492,494,495,496,498,499,501,502
OZ17,394,397,398,399,402,407,408,409,412,414,415,417,419,420,424,428,429,430,431,432,435,436,440,441,442,443,448,451,454,455,456,460,463,464,465,466,468,469,473,477,478,479,482,483,489,490,492,496,497,499,500,501,502,503
OZ18,395,396,397,399,405,406,411,414,416,417,421,422,424,426,427,428,429,432,438,439,441,443,445,447,448,449,450,452,456,457,458,459,463,465,466,467,469,470,471,476,477,482,484,487,488,489,491,492,494,495,497,502
OZ19,396,397,401,403,404,405,406,410,412,413,415,417,418,420,421,423,425,427,428,429,431,434,435,439,440,441,442,443,444,446,450,452,453,460,461,463,465,467,468,473,474,475,476,477,479,480,481,486,494,496,497,503
OZ20,397,398,401,402,403,404,406,408,409,411,412,416,421,422,423,427,429,431,432,435,437,438,440,441,442,443,445,446,447,448,449,450,452,455,457,458,460,464,467,468,469,473,476,478,484,485,486,487,490,491,492,494,495,497,498,501,502,503
OZ21,398,400,402,406,409,410,411,412,413,414,415,417,420,421,423,424,427,430,434,437,439,440,441,445,452,455,457,459,463,464,466,468,471,473,475,476,477,478,479,480,484,485,486,487,488,494,495,496,497,498,501,502
OZ22,402,405,408,409,410,411,413,414,416,417,418,420,422,424,425,428,432,434,437,438,439,441,444,445,447,448,449,453,455,457,458,461,463,464,469,474,477,480,481,485,487,490,491,492,495,497,501,502
OZ23,399,411,427,449,452,462,470,482,485,487
OZ24,401,403,404,405,406,407,408,410,411,412,414,415,417,418,421,422,424,425,427,428,434,439,443,444,449,450,452,454,456,461,463,465,466,467,468,469,474,475,476,479,480,485,486,487,489,490,492,494,496,497
OZ25,403,404,409,412,413,416,419,420,421,426,427,428,430,435,436,438,439,440,441,442,445,447,450,451,452,455,456,457,458,460,464,465,467,468,469,470,471,473,476,477,483,485,489,491,492,494,495,498,500,501
OZ26,400,405,406,408,412,416,418,421,423,425,427,428,430,432,438,440,444,446,447,448,449,452,453,458,459,461,465,466,468,471,473,474,476,481,486,488,490,491,494,497
OZ27,405,408,409,410,411,412,413,414,415,417,418,420,422,423,424,425,430,432,434,439,441,443,444,445,448,449,451,453,455,457,461,463,464,466,468,474,475,477,479,480,481,483,484,485,487,490,495,496,497,498,501,502
OZ28,404,406,407,412,414,415,416,421,422,423,424,428,430,431,438,446,447,448,450,451,453,454,456,458,465,466,467,468,477,479,481,483,491,496,498,503
OZ29,409,411,414,415,422,424,426,441,446,448,453,455,464,469,479,481,487,492,496,501
OZ30,407,411,417,419,423,428,431,435,436,439,442,443,445,448,451,453,454,457,460,463,465,466,469,470,471,475,481,483,484,485,486,487,489,492,495,498,500,503
OZ31,406,412,428,435,440,442,448,451,453,460,466,468,469,473,475,481,483,484,492,498
OZ32,408,411,412,413,420,421,435,442,448,449,450,453,460,466,467,468,481,484,485,487,489,490
OZ33,411,412,413,420,421,435,439,442,448,450,453,460,466,467,468,471,477,481,484,485,487,489
OZ34,410,412,413,416,417,420,421,426,432,434,435,438,439,442,443,445,447,457,458,460,463,465,466,468,471,477,480,485,488,491,495,502
OZ35,414,424,446,475,492,498
OZ36,423,428,435,442,451,460,466,469,475,483,492,498
OZ37,413,416,417,419,420,421,426,427,432,436,438,439,443,447,448,450,452,453,458,462,463,465,466,467,470,471,477,481,484,485,489,491,500,502
OZ38,412,416,418,419,421,425,427,430,435,436,438,439,442,444,445,447,448,450,452,453,457,458,460,461,462,465,467,468,470,474,477,481,489,491,495,500
OZ39,418,419,425,426,430,432,436,444,461,465,470,471,474,484,485,486,500,502
OZ40,417,427,443,448,452,453,462,463,465,481,484,486
OZ41,415,416,422,428,430,438,447,458,465,466,469,475,479,484,491,492,496,498
OZ42,421,426,427,430,432,439,445,448,450,452,453,457,462,465,467,471,477,481,484,485,486,489,495,502
OZ43,427,430,432,448,452,453,462,465,481,484,486,502
