X0,0,58,133,141,177,250,504,619
X1,1,37,132,310,330,365,473,523
X2,2,42,234,349,440,451,591,643
X3,3,253,282,414,422,454,586,592
X4,4,38,57,186,254,350,394,455
X5,5,255,262,290,446,513,525,529
X6,6,10,27,391,469,510,571,593
X7,7,29,115,256,298,375,487,600
X8,8,176,249,267,276,439,461,634
X9,9,156,173,198,269,453,574,608
X10,10,210,239,252,434,491,506,636
X11,11,77,144,174,289,445,468,572
X12,12,97,146,175,202,263,447,514
X13,13,33,184,260,311,331,371,394
X14,14,15,19,199,312,326,332,487
X15,7,15,471,495,502,535,578,610
X16,16,52,83,407,531,544,609,633
X17,17,232,313,334,372,374,445,501
X18,18,290,297,316,339,376,438,449
X19,19,189,370,402,448,538,597,614
X20,20,65,150,475,482,485,521,527
X21,21,30,180,299,329,336,412,618
X22,22,274,278,450,520,532,559,564
X23,23,84,164,240,346,560,574,598
X24,24,40,138,178,209,451,516,566
X25,25,159,217,251,397,530,594,641
X26,26,102,145,168,179,244,249,492
X27,6,97,340,494,501,576,579,588
X28,11,28,196,214,304,454,507,620
X29,29,226,283,295,425,580,599,635
X30,21,114,125,169,245,377,433,551
X31,31,99,155,203,265,460,470,613
X32,32,183,215,216,302,379,393,616
X33,33,122,191,204,270,376,561,596
X34,34,54,112,246,281,353,443,495
X35,35,55,128,130,223,383,393,562
X36,36,56,101,131,196,227,440,541
X37,1,137,192,252,351,512,520,552
X38,4,305,308,310,457,493,529,538
X39,39,76,317,340,366,391,467,498
X40,40,78,143,206,275,388,444,503
X41,41,91,94,139,364,371,436,606
X42,42,62,105,140,158,258,329,424
X43,43,142,149,286,386,425,526,553
X44,44,51,147,208,246,257,291,610
X45,18,45,76,88,200,323,412,517
X46,46,63,130,188,334,472,497,642
X47,47,116,187,195,199,225,275,535
X48,48,276,279,281,398,546,605,640
X49,49,153,154,280,352,413,554,622
X50,50,82,112,343,344,573,575,640
X51,51,119,138,353,442,522,591,602
X52,16,82,113,222,230,333,373,496
X53,17,53,129,174,345,419,587,604
X54,34,222,266,372,575,578,579,601
X55,35,243,265,284,380,581,628,642
X56,56,162,175,238,363,418,585,643
X57,47,57,121,304,430,431,456,541
X58,0,80,171,182,301,309,327,644
X59,59,71,110,159,312,317,510,614
X60,60,114,133,134,299,301,530,563
X61,61,161,285,328,405,496,531,543
X62,2,73,78,92,93,158,420,516
X63,46,148,157,366,374,385,435,588
X64,64,75,81,95,409,416,526,632
X65,65,116,142,160,236,388,417,603
X66,66,165,264,319,342,514,519,597
X67,45,67,124,148,336,426,498,569
X68,68,383,398,435,480,488,497,619
X69,69,91,311,438,548,561,583,641
X70,5,39,70,102,339,423,517,556
X71,25,71,134,207,250,294,469,638
X72,26,72,288,358,364,415,427,468
X73,48,62,136,169,354,439,511,618
X74,74,80,89,94,177,184,466,631
X75,63,64,108,210,213,380,478,509
X76,70,244,262,395,396,455,456,457
X77,28,120,303,356,537,562,592,616
X78,24,100,198,282,292,470,624,645
X79,41,79,291,361,389,405,466,476
X80,74,261,306,368,406,413,416,504
X81,43,81,346,355,404,453,478,630
X82,52,230,231,272,400,515,565,573
X83,83,205,231,274,318,347,557,627
X84,9,84,345,348,418,465,483,646
X85,85,96,155,322,555,559,581,611
X86,86,152,197,233,268,280,367,426
X87,87,106,176,182,190,324,505,523
X88,88,128,140,180,612,613,628,629
X89,8,89,172,226,309,324,476,540
X90,90,166,316,357,379,479,513,528
X91,69,185,287,351,397,436,473,542
X92,92,163,164,190,259,369,404,644
X93,93,206,207,360,428,508,547,570
X94,54,58,320,488,546,549,570,638
X95,75,236,253,286,356,378,482,489
X96,96,203,273,278,321,452,479,486
X97,12,201,229,320,342,408,428,464
X98,98,152,170,293,477,525,557,589
X99,99,118,300,542,566,594,595,645
X100,100,143,178,187,189,332,337,608
X101,101,144,181,191,297,323,335,620
X102,30,60,67,127,197,228,327,524
X103,103,145,295,296,298,395,540,634
X104,95,104,154,367,406,410,421,577
X105,105,131,150,349,462,500,518,626
X106,106,170,205,247,267,392,511,609
X107,107,117,129,188,220,232,401,465
X108,108,284,294,503,506,508,558,571
X109,90,109,201,216,221,325,437,518
X110,110,217,264,352,370,459,484,583
X111,111,136,279,322,343,377,403,647
X112,50,160,243,411,444,558,611,647
X113,113,179,313,415,463,572,590,601
X114,68,115,123,141,157,306,387,625
X115,38,259,305,315,360,365,420,505
X116,107,156,314,348,414,567,624,639
X117,31,181,200,224,289,300,587,612
X118,119,208,209,251,359,433,563,595
X119,3,72,77,79,147,338,507,606
X120,20,36,270,307,328,335,462,481
X121,49,123,368,384,484,490,519,567
X122,124,212,240,256,296,385,474,625
X123,14,111,125,193,568,580,600,623
X124,118,126,224,248,287,491,512,604
X125,86,127,219,307,432,543,577,596
X126,55,168,302,358,461,480,545,605
X127,53,162,234,235,382,483,544,602
X128,104,109,146,229,499,565,607,621
X129,103,120,121,214,396,441,474,560
X130,132,139,151,185,194,288,341,533
X131,59,193,271,326,403,467,555,556
X132,135,218,242,245,485,582,622,623
X133,37,87,235,247,381,442,533,633
X134,44,61,135,359,389,481,521,551
X135,85,137,211,271,423,450,463,492
X136,23,73,223,258,303,369,441,629
X137,149,161,172,237,333,361,536,599
X138,32,151,273,277,427,528,545,550
X139,98,153,167,218,233,283,318,568
X140,126,163,171,239,355,509,524,637
X141,117,347,390,486,515,532,550,615
X142,165,238,241,255,447,448,477,493
X143,166,242,449,452,459,548,554,584
X144,167,173,362,553,564,627,630,635
X145,183,186,315,325,331,464,534,547
X146,13,122,350,458,539,593,617,636
X147,22,192,269,308,330,337,362,402
X148,27,204,219,263,421,458,576,621
X149,195,202,227,266,363,431,494,502
X150,211,373,399,434,536,539,552,590
X151,212,241,268,569,585,589,598,646
X152,213,272,390,401,409,410,472,607
X153,215,260,261,489,534,537,631,632
X154,220,277,319,341,384,429,615,639
X155,221,344,400,411,417,475,499,626
X156,225,237,254,386,399,430,603,617
X157,228,248,285,382,407,419,432,637
X158,257,314,338,375,387,422,471,490
X159,292,321,378,460,527,582,584,586
X160,293,354,357,392,424,437,446,500
OX0,142,144,147,148,154,157,163,168,172,173,174,181,187,189,190,196,200,202,204,207,216,218,219,227,235,236,237,238,239,240,243,245,246,251,252,253,259,265,269,272,275,277,282,285,291,294,302,303,313,316,319,320,321,325,328,332,333,337,338,340,341,342,344,347,353,355,356,357,358,360,361,363,366,367,372,375,379,382,383,384,385,386,387,388,389,391,393,400,405,406,408,411,414,416,417,419,420,422,425,429,433,434,435,437,441,442,444,445,447,449,452,458,459,460,461,464,469,470,471,475,479,480,481,482,485,486,489,490,491,494,496,497,509,510,513,514,515,518,521,522,527,528,531,532,536,541,543,544,545,547,548,550,551,553,554,558,560,562,563,565,566,567,570,577,579,581,585,586,587,593,595,598,599,604,605,610,612,613,620,622,623,626,630,632,636,644,645,646
OX1,187,189,207,259,275,308,310,332,360,365,388,402,420,428,444,503,505,508,547,570
OX2,133,136,140,141,145,148,154,157,162,163,168,169,176,179,181,182,186,188,189,198,199,205,207,216,218,219,223,226,234,238,245,248,249,250,251,260,261,267,269,271,273,279,285,289,294,295,296,297,298,301,302,303,306,307,313,314,315,316,318,322,323,324,325,327,329,331,332,334,340,342,343,346,347,354,357,358,362,366,367,368,372,374,375,376,379,383,385,387,390,391,393,395,396,397,398,401,402,404,407,408,413,414,415,418,423,424,425,433,435,437,438,441,442,443,447,449,453,455,456,457,459,464,469,471,474,480,486,488,489,490,492,493,495,497,500,501,502,510,511,513,514,515,522,524,528,529,532,535,537,538,543,544,545,547,549,551,553,554,555,557,560,563,564,572,577,578,583,585,587,594,596,599,602,604,608,609,610,616,618,619,622,623,624,627,629,630,631,632,633,637,638,641,644,647
OX3,144,147,153,154,157,160,162,172,175,176,179,181,182,186,189,190,191,193,196,198,199,205,207,218,227,234,238,242,243,249,256,259,260,261,264,266,267,270,271,272,274,276,280,281,282,283,291,294,295,297,298,307,312,313,314,315,317,318,320,321,323,324,326,328,331,332,333,337,338,343,344,347,360,361,363,370,372,373,378,383,384,389,397,398,400,403,405,406,407,411,415,416,418,420,422,425,435,439,442,443,444,459,460,461,463,467,469,470,480,481,485,496,497,502,510,515,519,521,522,527,531,535,540,541,544,546,549,554,555,556,557,558,565,566,567,568,570,572,579,583,584,585,586,590,594,595,599,602,608,609,611,614,620,624,625,627,631,633,634,635,640,641,645,647
OX4,141,148,153,154,157,189,193,199,271,280,306,312,317,326,332,340,352,366,368,370,375,383,384,385,387,391,398,402,403,413,435,448,467,471,480,484,488,490,495,497,502,519,535,538,554,555,556,567,578,597,610,614,619,622
OX5,145,153,161,168,170,171,172,173,174,176,179,181,182,186,216,218,219,226,235,238,240,248,249,260,261,264,267,271,273,276,277,280,281,283,285,289,295,296,297,298,302,307,315,316,318,319,322,323,324,325,331,341,342,343,354,357,358,361,362,367,376,379,382,392,393,395,396,398,408,415,419,423,424,429,437,438,439,442,443,445,447,448,449,455,456,457,464,474,489,492,493,496,500,513,514,519,522,524,528,529,531,537,543,544,545,546,547,549,550,553,555,557,564,568,572,577,585,596,597,598,605,616,627,630,631,632,635,637,640,644,646,647
OX6,136,140,154,157,160,161,162,163,168,169,171,172,181,188,189,191,193,198,199,207,216,218,219,223,234,238,243,245,246,248,251,255,256,259,266,269,270,272,273,274,276,279,281,289,294,296,297,302,303,308,310,312,314,317,320,322,323,325,326,329,332,333,334,342,344,346,353,354,357,358,360,361,362,365,367,370,373,374,375,379,383,387,390,393,397,398,400,401,402,403,404,406,408,411,414,416,418,420,423,424,425,433,435,437,439,441,442,444,446,447,448,453,459,461,463,464,467,469,471,474,480,486,489,490,492,493,497,500,501,502,505,510,511,514,522,524,525,528,532,535,537,545,546,547,551,553,554,556,558,560,563,564,565,570,577,579,583,585,587,590,594,596,597,599,602,604,608,610,611,614,616,618,622,623,624,625,629,630,632,637,640,641
OX7,147,148,153,154,157,160,163,171,172,176,179,181,182,189,190,191,199,200,204,205,207,239,243,245,246,248,249,251,252,253,260,261,264,265,266,267,269,270,271,272,273,276,280,281,282,283,289,291,294,295,296,298,303,308,310,313,318,320,321,322,324,331,332,333,337,338,340,343,344,347,350,353,355,356,361,362,365,366,372,375,376,383,384,385,387,389,391,394,398,399,400,405,406,407,411,414,415,416,422,423,425,433,434,435,438,439,441,443,444,448,452,458,459,460,461,469,470,471,474,479,480,486,490,491,492,496,497,502,505,509,510,515,519,524,531,532,535,536,537,538,540,544,546,548,549,551,554,555,557,558,560,562,563,564,565,566,567,568,570,572,579,581,586,587,593,595,596,597,599,604,609,610,612,613,616,617,622,623,627,631,633,634,635,636,637,640,645,647
OX8,148,153,161,168,170,171,172,173,176,179,182,186,188,193,198,216,218,219,226,235,238,240,248,249,255,256,260,261,264,267,273,276,280,281,283,285,296,302,307,312,313,314,315,317,318,322,324,325,326,331,334,337,340,342,343,347,354,357,358,361,362,366,367,370,372,374,379,382,384,385,390,391,392,393,398,401,402,403,408,414,415,419,423,424,437,439,442,443,446,447,464,467,474,486,489,492,493,496,500,501,514,515,519,522,524,525,528,531,532,537,538,540,543,544,545,546,547,549,553,556,557,564,567,568,572,577,585,596,598,605,608,614,616,624,625,627,630,631,632,634,635,637,640,644,646,647
OX9,153,168,170,171,173,174,176,179,181,182,186,191,216,218,219,235,238,240,248,249,255,260,261,264,267,270,271,273,276,277,280,281,283,289,295,296,297,298,302,315,318,319,322,323,324,325,331,341,342,343,354,357,358,362,367,379,382,392,393,398,408,415,419,423,424,429,437,439,442,443,445,446,447,448,464,474,489,492,493,500,514,519,522,524,525,528,537,540,544,545,546,547,549,550,553,555,557,564,568,572,577,585,596,597,598,605,616,627,630,631,632,634,635,637,640,644,646,647
OX10,193,207,243,259,308,310,312,322,326,360,365,370,403,420,428,448,503,505,508,538,547,558,570,597,611,614
OX11,170,174,181,188,191,198,205,207,243,259,270,276,277,281,285,289,297,307,308,310,313,314,319,323,334,337,341,343,347,360,365,372,374,384,390,392,398,401,402,407,414,420,428,429,439,445,486,501,503,505,508,511,515,532,543,544,546,547,550,558,567,570,605,608,609,611,624,633,640,647
OX12,154,157,160,161,171,172,174,176,179,181,182,186,188,191,198,205,219,245,246,248,249,251,256,260,261,264,266,267,270,271,272,274,276,277,281,283,289,294,295,297,298,314,315,317,318,319,320,322,323,324,331,333,334,337,341,343,344,352,353,361,367,373,374,382,383,384,390,397,398,400,401,402,406,411,414,415,416,419,425,428,429,433,435,439,443,444,445,448,459,461,463,467,469,480,484,486,495,497,501,503,508,510,524,532,538,540,544,546,547,549,550,551,555,556,557,563,565,567,568,572,577,578,579,583,590,594,596,597,599,608,609,623,624,625,627,631,633,634,635,637,640,641,644,647
OX13,157,160,179,205,226,245,246,251,256,259,264,266,271,272,274,281,283,294,295,298,308,310,313,317,318,320,322,333,343,344,347,352,353,360,365,372,373,383,397,398,400,407,411,415,420,425,428,433,435,443,444,448,459,463,467,469,480,484,495,496,497,503,505,508,510,515,531,538,544,546,547,549,551,555,556,557,563,565,568,572,578,579,583,590,594,597,599,609,623,625,627,633,635,640,641,647
OX14,160,161,162,168,172,173,175,179,188,191,200,202,204,205,207,216,234,235,239,240,242,245,246,251,252,264,265,266,269,270,274,281,283,297,302,303,313,316,318,323,325,333,334,337,342,343,346,347,352,353,355,357,358,361,372,373,374,379,390,393,397,398,401,402,404,408,415,417,418,425,428,433,434,437,441,443,444,447,448,449,452,453,458,461,463,464,475,479,484,491,494,495,501,503,508,509,513,514,515,518,528,538,545,546,548,549,551,554,557,560,562,563,568,570,572,578,581,583,584,590,593,594,596,597,598,599,602,605,609,611,612,613,623,626,627,633,635,636,640,641,646,647
OX15,168,173,176,179,182,186,188,189,190,198,199,205,207,216,218,235,238,240,243,249,255,259,260,261,264,267,271,273,283,295,296,298,302,313,314,315,318,322,324,325,331,332,334,337,342,347,352,354,357,358,360,362,372,374,375,379,387,390,393,401,408,414,415,420,423,424,428,437,442,443,446,447,448,464,471,474,484,486,489,490,492,493,495,500,501,502,503,508,511,514,515,522,525,528,532,535,537,540,545,549,553,554,555,557,558,564,568,570,572,578,585,597,598,608,609,610,611,616,622,624,627,630,631,632,633,634,635,646
OX16,171,186,190,204,248,259,285,307,315,350,360,382,394,407,419,420,458,524,539,543,593,596,617,636,637,644
OX17,161,172,173,179,188,189,198,199,205,218,226,240,241,271,276,277,281,283,295,296,298,313,314,318,319,322,332,334,337,341,343,347,352,354,357,361,362,372,374,375,387,390,398,401,407,414,415,423,424,429,437,439,446,471,474,477,484,486,490,492,495,496,500,501,502,511,515,519,525,531,532,535,544,546,550,553,554,555,557,564,568,572,578,585,598,605,608,609,610,622,624,627,630,633,635,640,646,647
OX18,173,176,179,182,186,188,189,190,198,199,205,207,218,235,240,241,243,259,260,261,267,271,277,283,303,313,314,315,318,319,320,322,324,331,332,334,337,341,347,352,354,357,360,362,372,374,375,387,390,401,414,415,420,423,424,429,437,441,442,443,446,471,477,484,486,489,490,492,495,500,501,502,503,508,511,515,519,522,525,532,535,537,549,550,553,554,555,557,558,560,562,564,568,570,572,578,585,598,608,609,610,611,616,622,624,627,630,631,632,633,635,646
OX19,162,163,174,175,176,182,186,188,189,191,199,200,202,207,218,234,235,238,239,242,243,245,246,251,252,253,255,259,260,261,265,266,267,269,270,271,273,274,276,277,281,297,307,308,310,313,315,316,319,320,322,323,324,328,331,332,334,337,341,343,347,353,355,356,360,362,365,372,373,374,375,378,382,384,387,390,397,398,399,401,418,419,420,423,429,433,434,439,443,445,446,449,452,463,471,479,481,485,489,490,491,492,493,494,501,502,503,505,508,509,513,515,521,525,527,535,536,538,539,544,546,548,549,550,551,555,558,563,564,567,570,581,583,584,585,587,590,594,602,604,605,610,612,613,622,623,631,632,640,641,644,647
OX20,174,175,176,181,182,188,189,190,191,198,199,202,207,235,243,259,266,267,270,276,277,281,285,289,297,307,313,314,319,323,324,332,334,337,341,342,343,347,360,372,374,384,390,398,401,407,408,414,420,428,429,439,442,443,445,447,486,494,501,502,503,508,514,515,522,532,535,543,544,546,547,549,550,558,567,570,605,608,611,624,640,647
OX21,175,176,181,182,186,189,190,191,199,202,204,207,235,243,266,267,270,276,281,289,297,308,310,315,323,324,332,342,343,350,365,382,394,398,402,408,419,428,439,442,443,447,458,494,502,503,505,508,514,522,535,539,544,546,547,549,558,570,587,593,596,604,605,611,617,636,640,647
OX22,176,182,186,190,207,218,226,235,242,243,259,260,261,267,276,281,283,285,295,296,298,303,315,320,324,328,331,343,360,398,407,420,425,439,441,442,443,474,481,485,489,503,508,521,522,537,543,544,546,549,558,560,562,568,570,582,599,605,611,616,622,631,632,635,640,647
OX23,188,198,207,243,259,271,277,308,310,314,317,319,322,334,337,340,341,347,360,365,374,384,390,391,401,402,414,420,428,429,467,486,503,505,508,515,532,547,550,555,556,558,567,570,588,608,611,624
OX24,163,181,190,191,200,239,252,265,269,270,271,273,274,285,289,307,308,310,321,322,337,355,362,365,373,376,382,397,399,402,407,419,423,434,438,452,460,463,470,479,486,491,492,505,509,532,536,539,543,548,555,564,566,581,583,587,590,594,595,604,611,612,613,641,644,645
OX25,186,218,226,235,242,260,261,283,285,295,296,298,303,315,320,328,331,407,425,428,441,442,443,474,481,485,489,521,522,537,543,544,547,549,560,562,568,582,599,616,622,631,632,635
OX26,181,204,218,226,235,242,255,259,260,261,283,289,295,296,297,298,303,307,308,310,316,320,323,328,331,350,360,365,376,382,394,419,420,425,428,438,441,442,443,446,449,458,474,481,485,489,493,505,513,521,522,525,537,538,539,544,547,549,560,562,568,582,587,593,596,599,604,616,617,622,631,632,635,636
OX27,179,189,191,198,199,200,205,207,218,226,238,239,241,243,245,246,251,252,253,255,259,265,270,271,273,274,276,281,285,295,296,297,298,303,307,308,310,313,314,316,317,318,322,323,332,337,340,342,343,346,352,353,354,355,356,357,360,365,372,373,378,384,391,397,398,399,404,407,408,414,415,420,424,425,428,433,434,437,439,441,443,447,449,452,453,463,467,474,477,479,484,486,491,493,495,500,501,502,503,505,508,509,511,513,514,519,527,532,535,536,537,538,539,543,544,546,547,548,549,551,553,554,555,556,557,558,560,562,563,567,570,572,578,581,582,583,584,588,590,594,599,605,608,609,612,613,616,622,623,624,627,630,633,640,641,647
OX28,191,207,216,235,242,243,255,259,270,276,281,285,307,308,310,320,325,343,354,357,360,365,376,379,398,407,420,424,437,438,439,442,443,446,452,459,464,479,493,500,503,505,508,511,522,525,528,538,543,544,546,547,548,549,554,558,570,584,605,611,640,647
OX29,198,207,216,218,235,243,245,251,259,276,281,282,285,308,310,316,320,321,325,328,337,343,354,357,360,365,378,379,398,402,407,420,424,433,437,439,442,443,449,452,459,460,464,470,479,481,485,500,503,505,508,511,513,521,522,527,528,543,544,546,547,548,549,551,554,558,563,566,570,586,595,605,608,611,622,623,624,640,645,647
OX30,204,207,216,218,226,238,240,243,246,253,260,261,276,281,282,283,295,296,298,307,314,316,325,328,331,342,343,350,353,354,356,357,375,379,387,394,398,408,414,424,425,428,437,439,443,447,449,452,458,459,464,471,474,479,481,485,489,490,500,503,508,511,513,514,521,528,539,546,548,549,554,558,568,570,582,584,585,586,593,596,598,599,605,610,611,617,622,631,632,635,636,640,646,647
OX31,207,210,218,226,235,239,242,243,252,260,261,271,283,285,295,296,298,303,317,320,322,328,331,350,394,407,425,434,441,442,443,467,469,474,481,485,489,491,503,506,508,510,521,522,537,539,543,544,549,555,556,558,560,562,568,570,571,582,599,611,616,617,622,631,632,635
OX32,210,216,239,252,253,255,259,260,261,271,276,281,308,310,317,322,325,331,343,350,354,356,357,360,365,378,379,394,398,420,424,434,437,439,446,452,464,467,469,479,489,491,493,500,505,506,510,511,525,527,528,538,539,546,547,555,556,571,582,584,605,617,631,632,640,647
OX33,216,218,226,235,249,276,283,285,316,320,325,328,354,357,379,407,424,425,428,437,439,442,443,449,452,459,461,464,479,481,485,500,511,513,521,522,528,540,543,544,548,549,554,568,582,584,599,622,634,635
OX34,189,199,200,205,226,238,239,241,246,249,252,255,265,271,273,274,276,282,285,297,314,316,318,321,322,323,328,332,342,346,352,353,354,355,357,373,376,378,384,397,399,402,404,407,408,414,423,424,425,434,437,438,439,443,447,449,452,453,459,460,461,463,470,477,479,481,484,485,486,491,492,493,495,500,502,509,511,513,514,519,521,527,532,535,536,538,539,540,543,544,549,553,555,557,566,567,578,581,583,586,590,594,595,599,609,611,612,613,627,630,633,634,641,645
OX35,238,240,242,246,253,282,303,314,321,342,353,356,375,387,397,408,414,441,443,447,459,460,470,471,490,514,537,549,554,560,562,566,583,584,585,586,594,595,598,610,616,641,645,646
OX36,200,205,226,239,240,241,249,252,253,265,271,273,274,276,282,285,297,303,314,318,322,323,328,346,352,354,355,356,357,373,376,384,399,404,407,414,423,424,425,434,437,438,439,441,446,452,453,459,461,463,477,479,481,484,485,486,491,492,500,509,511,519,521,525,532,536,537,539,540,543,544,548,553,555,557,560,562,567,581,582,584,585,586,590,598,599,609,611,612,613,616,627,630,633,634,646
OX37,226,245,251,253,266,271,272,276,277,281,283,295,296,298,303,317,319,321,322,340,341,343,344,347,354,356,375,378,384,387,391,398,400,411,417,424,425,429,433,439,441,460,467,470,471,474,475,486,490,495,500,501,511,515,518,527,532,537,546,550,551,555,556,560,562,563,565,566,567,568,578,579,582,584,588,595,599,605,610,616,623,626,635,640,645,647
OX38,205,240,241,249,253,255,260,261,269,276,282,295,296,298,314,316,318,331,333,337,350,352,354,356,357,362,384,394,399,402,407,414,424,437,439,449,459,461,474,477,484,489,493,496,500,511,513,519,531,536,538,540,544,548,557,564,567,585,586,598,609,617,627,631,632,633,634,646
OX39,266,271,272,276,277,281,282,314,317,319,321,322,340,341,343,344,347,352,354,375,378,387,391,397,398,400,411,414,417,424,429,439,459,460,467,470,471,475,484,486,490,495,500,501,511,515,518,519,527,532,546,550,555,556,565,566,578,579,582,583,584,586,588,594,595,605,610,626,640,641,645,647
OX40,218,235,242,243,245,249,251,259,260,261,269,273,274,281,282,285,294,295,296,298,303,308,310,314,317,320,328,331,337,343,350,352,360,362,365,373,378,384,394,397,398,399,402,407,414,420,423,428,433,441,442,443,452,459,461,463,467,469,474,479,481,484,485,486,489,492,503,505,508,510,519,521,522,527,532,536,537,540,543,544,546,547,549,551,556,558,560,562,563,564,567,583,584,586,590,594,605,611,616,617,622,623,631,632,634,640,641,647
OX41,242,243,255,264,271,282,294,314,316,317,322,378,384,414,446,448,449,459,467,469,493,503,508,510,513,519,525,527,548,554,555,556,558,567,582,586,597,611
OX42,243,271,294,317,322,467,469,503,508,510,555,556,558,611
OX43,239,245,251,253,260,261,282,283,285,287,314,321,328,331,333,346,350,352,355,356,384,394,397,399,404,414,433,453,459,460,470,481,484,485,489,491,496,509,512,519,521,531,536,542,543,551,553,563,566,567,568,582,583,584,586,595,617,623,630,631,632,635,641,645
OX44,249,253,255,264,276,282,295,296,298,303,314,354,356,357,384,414,424,437,439,441,446,448,461,474,493,500,511,519,525,537,540,560,562,567,586,597,616,634
OX45,235,240,241,253,255,259,271,273,276,277,281,282,303,308,310,314,316,319,320,321,322,333,341,343,354,356,357,360,365,373,384,397,398,407,414,420,423,424,428,429,437,439,441,442,443,449,452,460,463,470,477,479,492,493,496,500,505,511,513,522,531,537,538,544,546,547,548,549,550,555,560,562,566,567,583,585,586,590,594,595,598,605,616,640,641,645,646,647
OX46,240,241,246,255,259,260,261,264,269,271,273,274,276,281,303,308,310,316,320,321,322,331,337,343,350,353,354,357,360,362,365,373,375,384,387,394,397,398,399,402,420,423,424,428,437,439,441,443,448,449,452,460,463,470,471,477,479,486,489,490,492,493,500,505,511,513,519,532,536,537,546,547,548,549,555,560,562,564,566,567,583,585,590,594,595,597,598,605,610,616,617,631,632,640,641,645,646,647
OX47,252,255,264,271,276,281,282,287,314,321,322,343,354,357,373,378,384,398,399,414,423,424,434,437,439,446,448,460,463,470,492,493,500,511,512,519,525,527,536,539,542,546,555,566,567,582,584,586,590,594,595,597,605,640,645,647
OX48,246,253,255,259,260,261,264,269,271,273,274,276,281,308,310,320,322,331,337,343,350,353,354,356,357,360,362,365,373,375,378,384,387,394,398,399,402,420,423,424,428,437,439,443,446,448,452,463,471,479,486,489,490,492,493,500,505,511,519,525,527,532,536,546,547,549,555,564,567,582,584,590,597,605,610,617,631,632,640,647
OX49,255,264,271,273,276,277,281,285,319,322,328,333,341,343,354,357,373,398,423,424,429,437,439,446,448,452,463,479,481,485,492,493,496,500,511,519,521,525,531,543,546,550,555,582,584,590,597,605,640,647
OX50,271,273,276,277,281,282,285,314,316,319,321,322,328,333,341,343,354,357,373,378,384,397,398,414,423,424,429,437,439,449,452,460,463,470,479,481,485,492,496,500,511,513,521,527,531,543,546,548,550,555,566,567,583,586,590,594,595,605,640,641,645,647
OX51,273,277,319,321,341,352,397,429,452,459,460,470,479,484,519,550,566,583,594,595,641,645
OX52,253,260,261,264,269,274,277,285,319,328,331,333,337,341,350,356,362,378,394,399,402,429,448,481,485,486,489,496,519,521,527,531,532,536,538,543,550,564,597,617,631,632
OX53,264,269,274,277,319,337,341,362,402,429,448,486,519,532,538,550,564,597
OX54,282,314,321,352,378,384,397,414,459,460,470,484,519,527,566,567,582,583,584,586,594,595,641,645
OX55,272,277,316,319,341,344,347,352,357,400,411,417,429,437,449,459,475,484,486,513,515,518,519,532,548,550,565,626
Z0,0,133,301
Z1,1,351,473
Z2,2,451,516
Z3,3,338,422
Z4,4,455,457
Z5,5,70,262
Z6,6,340,391
Z7,7,375,471
Z8,8,540,634
Z9,9,84,574
Z10,10,593,636
Z11,11,77,507
Z12,12,146,229
Z13,13,350,394
Z14,14,487,600
Z15,15,199,535
Z16,16,496,531
Z17,17,129,232
Z18,18,339,517
Z19,19,312,614
Z20,20,150,462
Z21,21,169,618
Z22,22,362,564
Z23,23,441,560
Z24,24,100,178
Z25,25,71,159
Z26,26,168,358
Z27,27,458,593
Z28,28,454,592
Z29,29,295,298
Z30,30,67,336
Z31,31,99,300
Z32,32,302,545
Z33,33,311,561
Z34,34,495,578
Z35,35,130,642
Z36,36,131,462
Z37,37,87,523
Z38,38,186,315
Z39,39,76,517
Z40,40,143,178
Z41,41,79,606
Z42,42,105,349
Z43,43,81,526
Z44,44,208,359
Z45,45,76,498
Z46,46,435,497
Z47,47,225,430
Z48,48,276,439
Z49,49,352,484
Z50,50,344,411
Z51,51,119,208
Z52,52,83,231
Z53,53,345,483
Z54,54,281,546
Z55,55,383,480
Z56,56,440,643
Z57,57,254,430
Z58,58,250,638
Z59,59,317,467
Z60,60,301,327
Z61,61,328,481
Z62,62,329,618
Z63,63,380,642
Z64,64,81,478
Z65,65,236,482
Z66,66,342,408
Z67,67,197,426
Z68,68,141,619
Z69,69,397,641
Z70,70,102,244
Z71,71,469,510
Z72,72,364,606
Z73,73,92,369
Z74,74,177,504
Z75,75,286,526
Z76,45,336,412
Z77,72,77,468
Z78,40,78,516
Z79,41,94,466
Z80,0,80,177
Z81,64,213,409
Z82,82,222,575
Z83,83,205,609
Z84,9,156,348
Z85,85,450,559
Z86,86,127,197
Z87,37,132,533
Z88,88,180,412
Z89,89,466,476
Z90,90,357,437
Z91,69,91,436
Z92,73,158,258
Z93,93,360,420
Z94,79,147,291
Z95,95,406,416
Z96,96,278,559
Z97,97,202,494
Z98,98,152,233
Z99,99,470,645
Z100,24,566,645
Z101,36,101,335
Z102,102,423,492
Z103,103,395,396
Z104,104,421,621
Z105,105,424,500
Z106,106,176,267
Z107,107,220,639
Z108,108,210,506
Z109,109,201,229
Z110,110,159,217
Z111,111,125,377
Z112,112,281,640
Z113,113,373,590
Z114,114,433,563
Z115,115,256,625
Z116,116,225,603
Z117,117,220,615
Z118,118,224,300
Z119,119,138,209
Z120,120,303,441
Z121,121,396,456
Z122,122,204,458
Z123,123,306,368
Z124,124,148,385
Z125,125,245,623
Z126,126,239,491
Z127,127,228,432
Z128,35,128,628
Z129,17,174,445
Z130,130,383,497
Z131,131,349,440
Z132,132,185,473
Z133,133,134,250
Z134,25,134,530
Z135,135,245,551
Z136,136,169,377
Z137,137,211,552
Z138,138,451,591
Z139,139,185,436
Z140,140,258,629
Z141,141,306,504
Z142,142,236,286
Z143,143,187,275
Z144,11,144,620
Z145,145,249,634
Z146,12,342,514
Z147,94,184,371
Z148,148,366,498
Z149,149,425,599
Z150,150,475,626
Z151,151,288,427
Z152,98,318,557
Z153,153,218,622
Z154,154,406,413
Z155,96,155,203
Z156,156,198,624
Z157,157,385,625
Z158,92,259,420
Z159,110,370,614
Z160,160,411,417
Z161,161,333,496
Z162,162,234,643
Z163,163,355,404
Z164,164,346,404
Z165,165,448,597
Z166,166,316,449
Z167,167,318,627
Z168,26,179,415
Z169,21,114,299
Z170,170,205,557
Z171,171,327,524
Z172,172,226,599
Z173,173,453,630
Z174,129,345,465
Z175,175,202,363
Z176,8,176,324
Z177,74,261,631
Z178,100,198,608
Z179,168,249,461
Z180,140,180,329
Z181,181,200,323
Z182,182,309,324
Z183,183,215,534
Z184,184,260,631
Z185,139,288,364
Z186,4,38,305
Z187,187,199,332
Z188,188,401,472
Z189,189,337,402
Z190,182,190,644
Z191,191,270,335
Z192,22,192,520
Z193,111,193,403
Z194,194,341,429
Z195,195,502,535
Z196,101,196,620
Z197,30,60,299
Z198,84,598,646
Z199,7,15,487
Z200,88,200,612
Z201,201,325,464
Z202,97,263,576
Z203,203,321,460
Z204,13,33,122
Z205,170,293,392
Z206,206,503,508
Z207,207,294,508
Z208,51,246,353
Z209,209,566,595
Z210,210,239,509
Z211,137,450,520
Z212,124,212,569
Z213,63,213,472
Z214,28,120,214
Z215,215,537,616
Z216,183,216,325
Z217,217,583,641
Z218,153,233,280
Z219,219,421,577
Z220,107,348,465
Z221,109,221,499
Z222,113,222,601
Z223,223,303,562
Z224,224,587,604
Z225,116,275,388
Z226,172,361,476
Z227,227,431,541
Z228,228,524,637
Z229,146,263,621
Z230,82,230,573
Z231,16,52,230
Z232,174,289,587
Z233,218,568,623
Z234,234,591,602
Z235,235,544,633
Z236,65,417,475
Z237,237,399,536
Z238,175,238,447
Z239,108,284,380
Z240,212,240,598
Z241,241,477,589
Z242,242,582,584
Z243,243,581,611
Z244,145,244,395
Z245,14,193,326
Z246,246,495,610
Z247,247,609,633
Z248,248,419,604
Z249,5,290,339
Z250,58,488,619
Z251,251,594,595
Z252,252,491,512
Z253,253,356,592
Z254,254,350,617
Z255,255,477,525
Z256,115,375,387
Z257,257,471,610
Z258,2,42,158
Z259,144,181,289
Z260,260,331,534
Z261,261,416,632
Z262,262,457,529
Z263,221,518,626
Z264,264,370,597
Z265,265,613,628
Z266,266,494,579
Z267,267,439,511
Z268,268,426,569
Z269,269,337,608
Z270,270,307,596
Z271,85,271,555
Z272,272,390,515
Z273,273,486,550
Z274,274,564,627
Z275,78,93,206
Z276,276,461,605
Z277,151,277,341
Z278,278,486,532
Z279,279,343,640
Z280,154,280,367
Z281,34,112,575
Z282,282,414,624
Z283,167,283,635
Z284,126,248,637
Z285,285,407,531
Z286,75,489,632
Z287,287,351,512
Z288,277,550,615
Z289,188,232,334
Z290,290,316,513
Z291,147,257,338
Z292,282,292,586
Z293,293,446,525
Z294,294,469,571
Z295,226,295,540
Z296,256,296,298
Z297,18,297,323
Z298,29,580,600
Z299,48,136,279
Z300,31,612,613
Z301,80,89,309
Z302,32,379,528
Z303,128,223,629
Z304,121,214,304
Z305,305,310,365
Z306,123,387,490
Z307,307,328,543
Z308,308,402,538
Z309,86,367,577
Z310,308,310,330
Z311,204,219,596
Z312,59,312,326
Z313,313,445,572
Z314,314,414,422
Z315,186,331,394
Z316,166,452,479
Z317,317,391,510
Z318,152,268,589
Z319,66,319,429
Z320,320,428,570
Z321,321,452,584
Z322,322,403,555
Z323,191,297,376
Z324,87,106,247
Z325,238,241,585
Z326,19,189,332
Z327,163,171,644
Z328,61,389,405
Z329,62,354,424
Z330,315,360,547
Z331,44,291,389
Z332,135,485,521
Z333,161,361,405
Z334,46,334,374
Z335,196,304,541
Z336,39,467,556
Z337,173,269,362
Z338,3,454,507
Z339,179,463,492
Z340,340,366,588
Z341,194,381,533
Z342,319,384,519
Z343,50,343,647
Z344,344,400,573
Z345,53,382,419
Z346,346,453,574
Z347,274,347,532
Z348,117,390,401
Z349,57,455,456
Z350,118,287,542
Z351,352,459,554
Z352,353,443,522
Z353,354,392,511
Z354,355,478,509
Z355,356,489,537
Z356,357,446,513
Z357,358,427,545
Z358,359,433,551
Z359,1,192,330
Z360,333,373,536
Z361,90,216,379
Z362,365,505,523
Z363,6,27,576
Z364,283,568,580
Z365,68,157,435
Z366,23,164,369
Z367,264,484,519
Z368,91,311,371
Z369,372,501,579
Z370,231,347,515
Z371,374,501,588
Z372,47,195,431
Z373,376,438,561
Z374,103,296,474
Z375,378,482,527
Z376,55,302,393
Z377,43,553,630
Z378,381,442,522
Z379,382,407,544
Z380,56,227,363
Z381,384,567,639
Z382,240,474,560
Z383,149,237,386
Z384,49,368,413
Z385,160,388,444
Z386,272,565,607
Z387,393,562,616
Z388,397,542,594
Z389,398,488,546
Z390,399,539,617
Z391,400,499,565
Z392,322,611,647
Z393,95,409,410
Z394,285,432,543
Z395,320,408,549
Z396,243,284,558
Z397,104,410,607
Z398,292,460,470
Z399,415,468,572
Z400,142,386,603
Z401,162,418,483
Z402,314,490,567
Z403,271,423,556
Z404,425,553,635
Z405,428,464,547
Z406,252,434,552
Z407,437,500,518
Z408,438,449,548
Z409,235,442,602
Z410,54,443,549
Z411,444,503,558
Z412,313,372,601
Z413,165,447,514
Z414,448,493,538
Z415,211,463,590
Z416,155,265,581
Z417,459,548,583
Z418,20,481,521
Z419,207,570,638
Z420,255,493,529
Z421,273,479,528
Z422,398,480,605
Z423,253,378,586
Z424,418,585,646
Z425,485,527,582
Z426,434,539,636
Z427,266,502,578
Z428,10,506,571
Z429,251,530,563
Z430,242,554,622
OZ0,364,392,395,396,401,405,412,413,416,420,421,431,433,435,436,439,446,453,456,457,461,465,467,468,470,471,473,475,476,488,490,498,499,502,505,512,516,517,519,521,523,525,526,531,532,534,537,538,539,540,547,548,551,552,553,556,557,558,559,560,561,566,569,570,571,572,574,575,576,577,580,584,586,587,588,592,593,595,596,597,601,604,605,607,609,611,612,613,615,618,622,623,624,627,630,635,639,640,646
OZ1,395,401,405,413,416,420,421,429,430,433,435,436,439,440,441,453,454,457,461,465,467,470,471,473,476,490,497,498,505,507,511,512,513,516,520,521,523,527,528,529,531,532,536,537,540,541,545,546,548,549,551,555,557,558,560,561,566,567,569,571,574,575,577,578,579,580,584,585,587,588,589,590,592,593,595,596,599,601,604,606,607,609,611,612,613,615,617,621,622,623,624,627,628,629,630,632,640,642,643,646
OZ2,391,392,396,401,413,416,420,421,429,430,436,439,440,441,446,453,454,457,458,461,465,467,470,471,473,484,488,490,497,505,507,508,510,511,512,513,515,516,519,520,523,525,528,529,537,541,545,546,548,549,555,558,561,564,566,567,570,573,574,576,577,578,579,582,583,584,585,587,589,592,594,596,597,598,604,606,607,611,612,613,614,615,617,621,622,624,628,629,630,632,640,641,642,643,646
OZ3,349,389,413,416,420,421,427,429,432,433,436,439,441,453,454,460,467,468,470,471,472,473,475,476,478,490,498,505,507,509,511,516,520,523,527,537,540,544,546,549,550,551,552,555,557,559,560,566,567,569,572,574,575,577,578,580,589,590,591,592,595,602,606,607,609,615,621,622,623,624,626,627,628,629,632,634,635,637,640,642
OZ4,389,413,416,420,421,427,429,430,432,433,436,439,440,441,453,454,460,467,468,470,471,472,473,476,478,490,498,505,507,509,511,516,520,523,526,536,539,540,541,544,546,549,550,551,552,553,555,557,559,560,566,567,569,572,574,575,577,578,580,586,589,590,591,595,599,602,606,607,609,615,617,621,622,623,624,627,628,629,634,637,640,642
OZ5,392,401,405,412,413,416,420,421,427,429,433,435,436,439,440,441,453,454,456,457,465,467,468,470,471,473,475,476,490,497,498,500,505,507,512,513,516,517,521,523,526,528,529,531,532,539,540,541,546,548,549,551,552,553,556,557,558,559,560,561,566,567,569,571,572,574,575,577,578,579,580,584,585,586,587,588,589,593,595,596,601,604,606,607,609,611,612,613,615,618,621,622,623,624,626,627,628,629,630,634,635,640,642,643,646
OZ6,396,429,431,441,446,456,460,470,471,488,490,497,499,500,502,513,519,522,525,528,529,534,537,538,545,547,570,575,576,579,585,586,589,591,592,597,605,621,624,626,628,629,639,640,642,643
OZ7,401,412,413,416,419,420,421,430,431,435,436,439,440,453,454,456,457,460,461,465,473,475,478,484,497,499,502,505,507,508,509,510,515,516,517,520,522,523,526,527,534,537,538,539,541,546,547,548,549,552,553,555,556,561,564,566,567,571,573,574,575,576,577,578,581,582,583,584,587,588,591,592,594,596,598,605,606,607,612,613,614,615,617,618,622,637,639,641,642,646
OZ8,405,412,419,420,421,430,431,432,433,436,439,451,453,454,461,466,467,472,473,475,484,498,499,502,505,507,508,510,512,513,515,516,517,521,522,523,528,529,531,532,534,538,544,546,547,549,550,551,552,556,557,558,564,567,569,573,574,575,576,577,578,579,580,581,582,583,585,586,589,590,593,594,595,598,601,602,604,605,606,607,611,614,615,617,618,623,627,630,631,635,639,641,642,643
OZ9,413,416,420,421,427,429,432,436,439,441,451,453,454,460,466,467,468,470,471,472,473,476,478,490,498,505,507,509,511,516,520,523,540,544,546,549,550,552,555,557,559,560,567,569,572,574,575,577,578,580,586,589,590,591,602,606,607,609,615,621,622,623,624,627,628,629,631,632,634,635,637,640,642
OZ10,416,419,478,497,504,509,512,526,539,552,553,558,571,581,593,604,611,619,630,637,642
OZ11,419,475,478,488,497,499,509,512,526,527,537,539,546,552,553,558,565,571,573,581,586,592,593,604,611,630,632,637,640,642
OZ12,427,429,430,431,433,441,446,460,461,466,467,468,470,471,475,476,484,488,490,497,498,500,502,508,510,513,520,521,522,525,528,529,534,536,538,539,540,546,547,551,552,555,559,560,565,569,571,572,573,575,576,579,580,582,583,585,589,590,591,594,595,598,599,605,614,617,621,623,624,626,628,629,631,634,639,641,642,643
OZ13,430,440,441,475,488,497,499,526,527,536,537,539,541,546,553,560,565,573,585,586,592,598,599,617,628,629,632,635,640,642,643
OZ14,436,453,454,460,471,475,488,490,497,499,507,520,522,526,527,537,539,542,549,552,553,558,559,565,567,571,573,574,575,578,585,591,592,593,598,606,611,613,624,628,630,632,642,643,645
OZ15,420,421,429,432,439,441,451,466,470,472,473,476,478,488,497,505,509,511,516,520,522,523,526,539,540,542,544,545,546,550,552,553,558,559,560,571,577,585,593,598,602,605,607,609,611,613,615,621,629,630,631,632,634,637,643,645
OZ16,412,429,446,467,498,499,500,511,517,522,525,544,545,550,556,565,569,573,589,602,605,609,615,618,626,640
OZ17,421,432,441,453,472,478,509,560,574,577,607,621,628,629,637,642
OZ18,429,431,433,440,441,446,453,460,461,466,470,471,476,484,488,490,497,499,500,502,508,510,513,521,522,525,526,527,528,529,534,537,538,540,541,545,546,547,551,553,557,560,571,574,575,576,579,580,582,583,586,591,592,594,595,614,621,623,624,626,627,628,629,630,631,632,634,635,639,640,641,642
OZ19,431,432,441,446,451,456,457,461,466,470,471,475,476,478,484,488,490,497,500,502,508,509,510,512,515,525,526,527,534,536,537,538,539,540,546,547,548,552,553,557,558,559,560,561,564,565,566,576,579,580,582,583,584,585,586,587,590,592,593,594,596,598,599,601,604,605,611,612,613,614,615,621,623,624,626,627,628,629,630,631,632,634,637,639,641,642,643
OZ20,432,440,446,451,456,457,461,466,470,471,472,475,476,478,484,488,490,497,500,508,509,510,512,515,525,526,527,534,536,537,538,539,540,541,546,547,548,552,553,557,558,559,561,564,565,566,578,580,582,583,584,586,587,590,592,593,594,596,599,601,604,605,607,611,612,613,614,615,623,624,626,627,630,631,632,634,637,639,641
OZ21,433,439,446,453,460,461,470,471,472,475,484,488,490,497,500,508,510,511,513,521,525,526,528,529,534,538,544,546,547,550,551,553,557,565,571,573,574,575,578,580,582,583,585,591,594,595,598,602,605,607,609,614,615,623,624,626,627,630,632,635,639,641,643
OZ22,441,453,467,488,497,498,520,546,552,555,557,559,560,569,574,575,589,590,601,627,628,629,630,640,642
OZ23,440,446,451,453,456,457,461,466,470,471,472,475,476,484,488,490,497,500,508,510,512,515,525,526,527,531,534,536,537,538,539,540,541,543,544,546,547,548,552,553,557,558,559,561,564,565,566,574,578,580,582,583,584,585,586,587,590,591,592,593,594,596,598,599,601,602,604,605,607,611,612,613,614,615,623,624,626,627,630,631,632,634,639,641,643
OZ24,439,446,458,466,467,470,476,488,497,498,499,500,511,513,519,522,525,528,529,531,534,536,538,540,543,546,547,549,550,555,557,558,561,567,569,570,571,575,585,590,591,593,594,596,597,599,601,609,611,613,615,621,626,627,628,631,634,635,639,640,641,642,643,645
OZ25,362,402,411,446,451,453,458,461,466,471,475,476,484,490,499,500,510,515,520,525,527,537,540,548,552,557,559,566,573,574,578,580,582,583,584,585,586,590,592,593,598,601,605,611,614,615,621,623,624,626,627,630,631,634,635,639,640,643,645
OZ26,435,488,546,575,579,588,640
OZ27,467,471,472,484,488,490,497,498,520,546,548,552,555,557,559,569,575,576,578,579,580,582,583,584,589,590,601,607,621,623,627,635,640
OZ28,446,451,460,461,466,475,476,488,497,500,508,510,513,515,520,525,526,527,528,529,531,532,534,536,537,538,539,540,543,544,546,547,548,550,552,553,557,558,559,561,564,565,566,576,579,584,586,590,591,592,593,596,599,601,602,605,611,613,614,615,621,624,626,627,628,631,632,634,635,639,642,645
OZ29,411,451,458,460,471,472,484,490,499,510,513,515,526,528,529,531,532,534,536,538,539,543,544,546,547,550,553,558,561,564,566,570,571,573,576,578,579,580,582,583,591,596,599,602,607,613,614,615,623,624,628,632,639,640,642,645
OZ30,451,453,471,484,490,515,548,565,566,574,576,578,579,580,582,583,584,585,598,615,621,623,624,630,635,639,643,645
OZ31,471,472,475,484,488,490,497,499,512,526,527,537,539,546,548,552,553,558,565,571,573,576,578,579,580,581,582,583,584,586,587,592,593,604,607,611,612,621,623,628,632,635,640
OZ32,453,470,475,488,497,499,520,526,527,531,537,539,543,544,546,552,553,558,559,561,565,571,573,574,585,586,591,592,593,594,596,598,602,611,613,628,630,632,640,641,642,643,645
OZ33,475,499,512,515,526,527,532,537,539,552,553,558,564,565,571,581,586,587,592,593,604,611,612,628,632
OZ34,458,460,470,472,488,497,508,510,512,513,515,520,526,528,529,534,536,538,539,546,547,548,550,553,559,571,573,581,584,587,594,599,604,607,612,614,621,628,632,635,640,641,645
OZ35,460,470,488,497,508,510,512,513,515,520,526,528,529,534,536,538,539,546,547,548,550,553,558,559,573,584,587,593,594,599,604,611,612,614,628,632,635,640,641,642,645
OZ36,461,466,476,488,497,512,513,520,525,526,528,539,540,545,546,553,557,558,559,565,571,573,576,579,587,590,593,601,604,611,612,621,627,628,631,632,634,640,642
OZ37,488,497,515,519,522,525,529,532,534,537,538,539,545,546,547,549,550,558,564,567,570,571,573,575,580,581,582,585,586,589,590,591,592,593,597,601,605,611,615,623,635,639,642,643
OZ38,472,484,508,510,512,522,525,529,532,534,537,538,545,546,547,549,550,552,564,565,567,571,573,575,580,582,583,585,586,587,589,590,591,592,594,601,604,605,607,612,614,623,624,628,635,641,642,643,645
OZ39,515,526,532,536,537,553,564,573,575,580,582,586,590,592,599,601,623,632
OZ40,470,512,520,522,526,531,534,536,539,543,544,547,549,553,558,559,561,570,571,587,593,594,596,599,602,604,611,612,613,632,635,641,645
OZ41,512,539,552,558,571,581,587,593,604,611,612,628
OZ42,519,525,526,529,536,537,538,545,550,553,557,567,575,580,582,586,590,592,597,599,601,605,615,623,627,632,639,640
OZ43,508,510,513,528,529,531,534,537,538,539,543,544,545,547,548,557,558,559,561,564,575,584,585,586,589,590,591,592,593,596,601,602,605,611,614,627,640,643
OZ44,510,513,522,528,529,531,538,543,544,545,546,548,549,558,559,561,564,571,580,582,584,596,602,605,611,614,623,635
OZ45,522,526,536,537,546,549,553,557,575,580,582,585,586,589,590,591,592,599,601,623,627,632,640,643
OZ46,513,520,525,528,534,537,539,545,546,547,552,557,558,559,565,570,571,573,575,576,579,580,582,586,592,593,605,611,621,623,627,635
OZ47,520,539,552,558,559,571,593,611
OZ48,534,536,537,546,547,570,575,580,582,586,590,592,599,601,623,640
OZ49,526,531,537,543,544,548,553,557,561,565,573,575,576,579,584,585,586,589,591,592,596,602,621,627,632,643
OZ50,536,539,558,559,564,571,593,599,611,635
OZ51,484,531,532,539,543,544,545,548,550,557,558,559,561,567,571,575,580,582,583,584,585,589,590,591,593,594,596,601,602,605,611,623,624,627,635,640,641,643,645
OZ52,531,543,544,548,557,561,565,573,575,576,579,580,582,584,585,589,591,596,602,621,623,627,635,643
OZ53,565,573,575,576,579,621
OZ54,532,539,545,550,558,559,571,575,590,593,601,605,611,640
OZ55,539,545,548,550,558,559,564,571,575,580,582,584,590,593,594,601,605,611,615,623,624,635,639,640,641,645
