X0,0,92,160,280,304,413,559,732
X1,1,75,175,196,552,588,705,725
X2,2,59,118,159,172,373,495,505
X3,3,190,277,377,383,616,620,712
X4,4,186,194,208,384,489,510,651
X5,5,62,67,385,418,465,581,759
X6,6,17,69,517,523,564,592,627
X7,7,18,103,116,274,459,483,630
X8,8,42,261,275,321,328,522,709
X9,9,46,169,268,372,392,599,627
X10,10,348,357,425,566,571,628,680
X11,11,33,105,192,207,235,572,733
X12,12,82,289,292,299,350,545,721
X13,13,176,346,557,644,664,715,756
X14,11,14,204,411,455,525,666,731
X15,15,266,290,300,380,432,536,705
X16,16,65,179,249,350,399,684,724
X17,6,34,115,168,176,386,508,738
X18,7,45,152,376,529,540,619,701
X19,19,102,180,273,504,533,694,696
X20,20,182,372,398,404,428,443,757
X21,21,183,257,363,472,490,711,752
X22,22,218,261,294,591,597,631,663
X23,23,36,87,222,444,484,505,657
X24,24,40,45,241,258,611,667,682
X25,25,197,381,452,542,560,585,648
X26,26,141,143,256,259,263,561,567
X27,27,134,216,221,245,369,534,625
X28,28,131,184,302,579,591,609,698
X29,29,129,131,201,244,467,598,762
X30,30,113,412,414,456,489,544,747
X31,31,274,320,339,347,431,435,493
X32,32,125,251,305,393,488,546,714
X33,26,33,282,368,430,622,624,661
X34,35,157,204,428,449,554,568,610
X35,36,38,158,159,255,439,687,736
X36,37,101,245,400,438,592,635,676
X37,23,145,195,536,594,655,741,753
X38,39,72,136,313,383,396,416,466
X39,40,208,281,327,336,365,540,678
X40,18,41,234,316,341,346,521,529
X41,8,52,117,165,187,295,370,499
X42,43,210,354,419,464,500,503,606
X43,44,61,73,111,123,487,535,711
X44,17,24,34,268,397,427,513,735
X45,46,197,323,329,616,669,691,699
X46,47,57,148,198,450,473,582,706
X47,48,427,451,547,633,675,694,722
X48,49,132,213,225,226,444,574,604
X49,50,55,297,476,496,587,672,703
X50,51,59,95,153,215,219,296,500
X51,52,162,366,522,546,631,645,692
X52,53,133,333,342,475,581,681,688
X53,54,151,334,343,364,621,638,683
X54,55,167,179,301,498,507,509,677
X55,56,119,126,189,210,430,453,760
X56,47,65,110,152,237,242,267,391
X57,58,127,130,231,472,497,590,757
X58,51,90,191,332,340,341,641,642
X59,60,72,115,311,589,614,702,740
X60,44,163,205,206,239,490,555,556
X61,62,74,139,189,464,493,673,730
X62,63,100,282,283,401,545,634,724
X63,64,66,81,352,634,643,679,721
X64,16,148,267,415,463,501,509,519
X65,64,146,149,271,491,502,526,579
X66,67,94,308,315,345,353,685,742
X67,68,376,391,449,454,459,658,693
X68,69,185,207,389,400,543,650,762
X69,70,173,182,356,569,590,640,736
X70,71,92,135,174,181,193,317,570
X71,60,145,154,178,290,378,417,466
X72,21,41,61,90,155,388,557,764
X73,74,224,485,528,655,681,729,759
X74,75,212,233,364,390,402,478,576
X75,76,94,104,191,275,337,660,761
X76,77,246,332,335,336,521,619,637
X77,78,91,185,192,321,501,618,660
X78,79,93,190,272,503,583,653,719
X79,80,112,147,166,593,666,668,747
X80,54,81,84,294,486,526,527,698
X81,12,32,216,281,573,607,629,737
X82,83,200,432,494,566,662,665,728
X83,84,120,316,320,577,630,663,716
X84,85,98,247,295,458,469,520,725
X85,35,86,175,240,307,421,447,763
X86,87,116,158,574,596,656,658,750
X87,88,98,101,109,117,534,602,745
X88,0,89,181,209,309,366,468,499
X89,73,215,306,340,359,379,749,764
X90,42,91,124,412,441,519,595,744
X91,89,119,122,160,161,165,708,739
X92,43,93,138,414,442,470,646,668
X93,5,129,375,434,462,549,563,667
X94,95,306,307,310,408,606,646,652
X95,96,149,312,409,528,605,615,751
X96,97,284,299,402,486,617,621,643
X97,85,104,187,328,532,551,560,671
X98,99,188,309,511,530,537,558,561
X99,100,126,153,330,354,531,571,622
X100,102,134,199,347,601,626,647,676
X101,103,143,144,435,436,648,689,755
X102,13,37,88,211,386,446,517,703
X103,14,177,180,477,572,578,697,722
X104,106,193,199,229,232,276,504,565
X105,30,107,128,147,270,278,303,600
X106,108,140,251,325,351,361,553,674
X107,76,78,235,236,246,250,641,697
X108,57,108,111,423,479,586,758,767
X109,68,110,171,322,447,461,554,565
X110,112,272,319,355,361,424,470,758
X111,113,138,167,262,371,463,595,604
X112,48,114,132,168,170,580,704,735
X113,3,39,374,407,440,555,562,649
X114,118,162,188,209,230,538,575,714
X115,71,79,304,335,360,492,539,712
X116,120,217,218,260,387,494,639,692
X117,121,202,437,576,670,677,696,720
X118,121,122,223,257,390,448,613,659
X119,123,379,394,457,471,632,686,726
X120,124,130,142,363,480,556,597,709
X121,125,136,292,429,573,608,612,617
X122,56,105,368,525,610,693,718,754
X123,58,169,404,512,513,611,659,752
X124,97,128,155,183,318,410,478,613
X125,29,278,285,324,425,434,710,728
X126,63,127,141,154,661,700,723,746
X127,28,315,385,462,467,516,541,702
X128,114,312,352,451,477,491,707,765
X129,96,133,166,177,455,485,506,707
X130,19,233,236,266,331,578,588,670
X131,135,229,237,253,399,406,461,688
X132,82,164,248,359,369,629,686,717
X133,137,259,279,325,423,457,535,689
X134,107,481,544,585,623,651,680,710
X135,27,139,224,395,431,601,603,753
X136,140,393,396,420,516,608,614,685
X137,22,142,184,205,276,322,405,690
X138,2,38,296,308,640,642,761,766
X139,31,144,202,273,279,291,553,626
X140,77,146,186,314,344,539,559,678
X141,80,303,388,410,475,506,550,644
X142,53,99,174,338,406,468,550,715
X143,150,247,349,355,358,584,586,654
X144,66,150,228,252,469,580,671,765
X145,4,86,156,157,238,443,474,636
X146,161,264,265,370,440,745,754,760
X147,106,163,367,524,533,628,633,690
X148,1,151,156,212,240,445,515,558
X149,50,214,265,422,446,562,602,615
X150,49,326,362,433,632,657,732,748
X151,9,254,329,377,514,523,683,719
X152,170,225,262,408,442,508,548,740
X153,171,405,421,541,548,589,609,652
X154,172,198,222,382,460,729,741,751
X155,70,232,255,269,317,438,647,695
X156,15,178,250,313,331,360,620,637
X157,109,164,221,310,520,552,749,763
X158,195,378,395,441,480,497,723,727
X159,196,285,380,403,458,563,654,665
X160,25,206,277,323,357,367,374,623
X161,200,203,300,362,387,482,484,594
X162,137,201,543,567,624,726,733,743
X163,203,227,398,568,599,639,731,734
X164,211,217,234,293,577,587,662,664
X165,213,223,280,326,371,437,507,708
X166,214,286,314,384,409,474,476,502
X167,10,219,230,330,495,524,547,713
X168,220,270,284,318,429,439,518,750
X169,226,228,436,483,542,551,656,704
X170,227,248,298,392,394,433,482,691
X171,231,252,283,288,349,356,679,746
X172,20,173,243,286,636,672,742,766
X173,238,263,452,481,510,511,515,755
X174,239,407,422,460,473,487,605,767
X175,194,327,456,603,607,625,727,744
X176,243,291,301,345,351,420,496,720
X177,244,271,302,344,413,471,743,748
X178,83,249,293,297,348,401,498,531
X179,253,287,289,298,333,669,684,717
X180,254,339,419,527,638,653,673,716
X181,256,311,338,417,530,700,738,756
X182,258,375,418,448,453,512,730,739
X183,260,411,424,488,593,645,674,734
X184,220,264,416,454,596,612,649,718
X185,269,288,319,492,569,570,583,584
X186,287,337,342,353,381,465,532,699
X187,305,365,397,575,675,682,713,737
X188,324,518,598,600,635,650,687,695
X189,334,389,415,426,514,564,582,618
X190,343,373,382,426,445,537,538,706
OX0,116,145,153,162,188,190,191,193,198,199,206,209,229,246,277,286,288,291,301,308,317,319,322,330,345,348,351,356,357,360,367,372,373,374,377,378,382,395,398,404,405,408,420,425,428,438,439,441,443,444,460,480,484,492,496,497,500,504,533,536,538,541,547,548,565,566,570,571,574,575,583,584,589,590,594,596,606,609,616,633,636,637,641,646,647,655,656,657,658,672,680,687,695,712,713,714,720,723,727,729,742,750,751,753,757,761
OX1,145,152,153,155,162,164,165,176,177,183,190,199,204,205,206,208,210,218,221,228,234,242,245,246,247,249,251,252,255,257,262,263,265,270,271,276,278,284,288,289,291,293,294,297,298,299,312,316,318,320,322,325,327,330,332,336,337,338,344,345,346,348,349,350,352,353,354,356,357,358,359,360,362,363,366,367,370,371,372,376,378,381,386,387,388,389,393,394,395,396,398,400,404,405,407,408,411,412,413,419,423,425,433,441,442,450,452,454,455,457,459,464,465,469,471,472,479,480,484,485,488,491,494,497,498,499,501,504,507,514,516,517,519,521,527,528,530,532,533,534,535,536,541,547,548,553,555,556,557,561,562,564,566,568,571,575,579,580,581,585,589,590,592,594,595,600,603,604,607,608,609,610,614,617,618,619,623,625,630,633,634,635,637,638,639,640,645,647,653,654,655,658,662,663,666,669,671,676,677,678,679,681,683,685,686,690,692,693,695,698,699,707,710,712,713,714,716,717,719,720,721,723,724,726,729,734,736,742,744,745,748,752,753,755,756,757,765,766
OX2,152,155,164,165,176,177,183,188,189,190,198,199,202,204,205,206,208,209,218,221,223,228,234,242,245,246,247,249,251,252,255,262,263,265,270,271,276,278,280,284,288,289,291,293,294,297,298,299,312,316,318,320,322,325,327,332,336,337,338,344,345,346,349,350,352,353,356,358,359,360,363,366,367,370,371,372,373,376,381,382,386,387,388,389,390,393,394,396,398,400,404,405,407,408,411,412,413,419,423,437,442,448,450,452,453,454,455,457,459,460,464,465,469,471,472,479,485,488,491,494,498,499,501,504,507,514,516,517,519,521,524,527,528,530,532,533,534,535,538,541,548,553,555,556,557,561,562,564,568,576,579,580,581,585,589,590,592,595,600,603,604,607,608,609,610,613,614,617,618,619,623,625,628,630,632,633,634,635,637,638,639,640,645,647,653,654,658,659,662,663,666,669,670,671,676,678,679,680,681,683,685,686,690,692,693,695,696,698,699,707,708,710,712,716,717,719,721,724,726,727,732,734,736,739,742,744,745,751,752,755,756,757,765,766
OX3,165,174,179,189,190,193,202,204,209,223,229,233,237,257,262,278,280,285,286,289,297,298,299,301,307,309,314,317,319,333,335,337,342,353,355,360,361,366,370,371,380,381,384,399,402,403,406,408,409,411,412,413,416,419,422,424,429,437,439,440,442,446,448,453,454,456,458,461,463,464,465,468,474,478,481,486,489,492,496,498,499,502,507,509,518,532,539,552,559,562,563,570,583,585,587,588,593,595,596,600,602,604,610,612,613,615,617,621,623,643,649,651,652,653,654,659,665,669,670,672,680,684,688,693,696,699,703,705,708,710,712,717,719,720,725,731,732,739,745,750,758,763
OX4,153,154,162,164,176,179,185,186,188,189,190,198,202,206,207,208,209,210,216,223,249,250,251,257,262,265,266,280,281,286,289,293,298,299,301,311,314,327,330,331,339,350,354,359,360,365,367,369,371,373,380,381,382,386,387,389,390,393,394,395,396,397,400,401,407,408,409,412,416,417,419,422,425,428,429,437,440,441,442,443,446,448,452,453,460,463,480,488,494,496,497,502,507,509,514,517,524,527,531,538,542,543,545,546,547,548,555,560,564,568,571,576,585,587,589,592,595,602,603,604,608,612,613,614,615,617,623,625,628,632,636,637,638,639,648,649,650,653,655,659,662,665,669,670,672,673,675,680,682,683,686,696,699,702,703,705,708,712,716,717,719,720,721,723,728,729,731,732,734,738,739,744,748,751,753,762
OX5,164,176,179,186,189,193,198,202,204,205,206,217,221,228,229,234,237,245,246,249,251,262,265,268,276,278,281,293,299,312,317,319,322,325,332,335,336,339,346,350,351,352,355,357,358,359,362,363,365,367,371,375,381,384,386,390,392,393,394,396,397,398,399,400,402,403,405,407,408,411,413,415,416,418,420,422,423,424,428,429,433,436,438,439,440,442,443,444,446,452,454,456,457,460,461,463,464,471,472,474,477,478,481,483,486,489,491,492,501,507,509,512,513,514,516,517,518,519,521,523,527,534,535,539,541,547,548,549,551,553,555,556,557,559,560,570,574,576,577,580,582,583,586,587,589,592,593,596,599,600,602,603,604,605,607,608,609,610,611,612,614,617,619,621,625,627,633,635,636,637,638,643,644,648,649,651,656,657,659,662,667,669,670,673,674,675,676,677,678,680,682,683,684,685,686,690,691,693,694,696,699,703,706,707,710,715,716,720,722,724,726,727,730,731,744,748,750,752,756,765
OX6,155,174,177,179,180,183,186,188,193,198,199,202,204,205,206,208,216,217,218,221,229,236,237,245,249,251,252,262,263,266,268,271,273,276,281,294,307,309,310,314,316,317,319,320,322,325,327,331,333,337,338,339,342,344,347,349,350,351,353,357,359,362,363,365,367,369,371,373,380,381,382,387,388,389,392,393,394,395,396,397,398,399,402,405,406,407,408,409,411,413,420,421,422,423,425,431,433,436,442,444,447,449,455,457,460,461,463,465,468,471,472,477,478,483,486,488,492,493,494,501,502,504,507,509,512,513,516,519,523,530,532,533,534,535,538,541,547,548,553,554,555,556,561,564,568,570,574,577,578,579,583,584,589,599,603,604,608,609,610,611,613,614,615,618,621,625,626,627,630,633,634,639,643,644,645,647,648,655,656,657,659,663,665,666,669,675,676,677,679,680,682,684,685,686,688,690,691,692,698,699,705,715,720,721,722,724,726,728,729,734,748,749,751,752,753,755
OX7,186,190,198,205,206,223,228,233,246,247,249,251,257,265,268,276,280,281,285,286,289,297,298,301,307,310,312,314,322,325,332,336,339,350,351,352,357,358,359,360,361,362,363,365,367,375,380,390,392,393,394,396,397,398,405,407,409,412,415,418,419,420,423,428,433,436,437,443,444,446,448,452,453,457,460,469,471,472,477,483,491,496,498,501,502,512,513,514,516,519,521,523,527,535,541,547,548,549,553,555,556,562,563,574,576,580,582,585,586,587,588,589,595,599,602,603,605,607,608,609,611,613,614,615,619,623,625,627,633,636,637,638,648,652,653,654,656,657,665,667,671,672,673,674,675,677,678,682,683,685,686,690,691,694,703,705,706,707,708,712,716,717,719,722,724,726,727,730,732,739,744,748,749,752,758,765
OX8,190,198,204,205,206,223,228,247,249,251,257,259,265,268,270,276,279,280,281,284,286,289,297,298,299,301,310,312,314,318,322,335,339,350,351,352,357,358,359,360,361,362,363,365,367,375,384,392,393,394,396,397,398,402,403,405,407,409,412,413,415,418,419,420,421,433,436,437,444,446,447,448,449,452,453,458,460,469,472,474,477,478,483,486,491,496,498,501,502,512,513,514,516,518,519,523,527,539,541,543,547,548,549,552,553,554,555,556,559,562,567,568,574,580,582,585,586,587,589,595,599,602,603,605,607,608,609,610,611,613,614,615,617,621,623,624,625,627,633,635,638,643,648,650,652,653,656,657,667,671,672,673,674,675,677,682,683,685,686,687,689,690,691,694,695,703,706,707,708,712,716,717,719,722,724,725,727,730,732,733,739,744,749,752,758,762,763,765
OX9,162,174,180,184,189,199,204,205,206,209,216,218,221,236,245,266,268,270,273,276,277,278,284,294,299,307,309,318,322,331,333,339,342,347,357,363,367,369,374,375,377,380,381,390,392,395,398,402,403,405,406,418,419,421,425,431,447,449,452,458,464,468,472,478,485,486,493,504,512,513,514,523,527,528,533,534,542,546,549,552,554,556,560,568,576,578,581,585,591,599,600,603,610,611,616,617,621,623,625,626,627,638,643,645,647,648,653,654,655,659,663,665,667,669,670,676,681,683,688,690,691,692,694,696,699,705,710,716,719,725,728,729,730,752,753,763
OX10,174,177,179,188,193,198,202,205,206,208,217,218,229,233,234,237,246,247,249,251,252,259,262,263,268,270,271,276,279,281,284,294,299,309,310,314,317,318,319,322,327,332,333,335,336,338,342,344,346,349,350,351,357,359,362,363,365,367,371,373,380,381,382,384,387,389,392,393,394,396,397,398,399,405,406,407,408,409,411,420,422,425,428,433,436,442,443,444,455,458,460,461,463,468,469,472,474,477,483,485,488,492,494,501,502,507,509,512,513,516,518,519,521,523,528,530,538,539,541,543,547,548,551,552,553,555,556,557,559,560,561,564,567,570,574,577,579,581,583,584,588,589,599,604,608,609,611,614,615,617,618,619,624,627,633,634,635,636,637,639,644,645,648,650,656,657,659,663,665,666,669,670,671,675,677,678,679,680,681,682,684,685,686,687,688,689,690,691,692,694,695,696,698,699,705,715,720,721,722,724,725,728,733,734,749,751,752,755,762,763
OX11,154,179,185,189,193,198,202,206,207,208,216,217,221,223,229,234,237,245,246,250,251,257,259,265,266,270,278,279,280,281,284,285,289,297,298,299,300,310,311,317,318,319,325,327,331,332,336,339,346,348,355,357,359,361,362,365,367,369,380,381,387,389,390,393,394,395,396,397,399,401,403,407,411,415,417,421,423,424,432,433,437,438,439,441,446,447,448,449,452,453,454,456,457,458,460,461,463,464,471,480,481,484,488,489,492,494,497,498,501,509,514,519,521,527,531,534,535,542,545,546,548,552,554,555,557,560,562,563,564,566,567,570,575,576,577,582,583,587,589,593,594,596,600,602,603,608,613,614,617,619,624,625,638,639,644,648,651,652,654,655,659,669,670,673,675,676,677,678,680,682,683,684,686,687,689,693,695,696,699,702,703,705,706,708,710,713,714,715,716,717,720,721,723,724,725,726,728,729,732,733,734,738,739,744,748,749,750,751,753,756,758,763
OX12,180,189,199,204,216,221,236,245,266,270,273,278,284,299,307,314,318,331,347,369,375,380,384,390,395,402,403,409,418,421,425,428,431,443,447,449,458,464,474,478,486,493,502,504,533,534,549,552,554,568,576,578,600,603,605,610,615,617,621,625,626,636,643,647,654,655,665,667,670,673,676,694,696,705,710,725,728,729,730,751,753,763
OX13,189,202,206,247,257,268,270,273,277,278,284,285,291,299,310,314,318,325,337,339,347,353,357,359,367,374,375,377,381,384,392,394,398,402,409,418,419,423,425,428,431,443,452,457,458,464,465,469,471,474,478,485,486,493,502,512,513,514,523,527,528,532,535,542,549,551,552,553,563,581,585,599,600,605,611,613,615,616,617,621,623,626,627,632,636,638,643,648,653,659,667,669,671,681,683,686,691,699,710,716,719,725,726,728,730,749,751,763
OX14,204,208,217,218,233,246,247,252,263,271,285,294,307,314,316,320,327,332,335,336,337,344,349,353,355,358,373,380,382,384,387,389,390,402,403,409,411,415,421,424,428,443,447,449,452,456,458,465,469,474,478,481,485,486,488,489,494,502,511,514,521,527,528,532,537,538,539,551,552,554,558,559,560,563,564,568,576,577,579,581,582,584,586,588,593,603,605,607,610,615,618,619,621,625,630,634,636,637,638,639,643,645,651,663,665,671,674,678,679,681,683,692,698,705,706,716,721,725,727,734,744,751,755,763
OX15,198,205,206,210,228,247,251,257,259,265,273,276,278,279,281,286,289,291,293,298,301,312,314,322,325,347,348,350,351,352,354,357,358,361,362,363,365,367,384,387,390,392,393,396,397,398,401,405,407,408,409,412,415,420,423,425,431,433,436,444,446,452,457,460,464,469,471,472,474,477,483,491,493,494,496,500,501,502,516,518,519,531,535,541,543,547,548,555,556,562,566,567,568,574,576,580,582,585,586,587,589,595,599,600,602,603,605,606,607,608,609,613,614,615,623,624,625,626,632,633,635,639,646,648,650,654,656,657,662,670,671,672,673,674,675,682,685,687,689,690,691,694,695,696,703,706,707,710,717,720,722,724,726,727,731,733,734,744,752,758,762,765
OX16,206,208,210,217,218,223,233,246,247,252,263,268,270,271,273,277,278,280,284,285,291,294,299,300,307,310,314,316,318,320,325,327,332,335,336,337,339,344,347,349,353,354,355,357,358,359,362,367,373,374,375,377,380,381,382,384,387,389,392,394,398,408,409,411,415,418,419,423,424,425,428,431,432,433,437,443,448,453,456,457,464,465,469,471,474,481,484,485,488,489,493,494,500,502,511,512,513,521,523,528,532,535,537,538,539,542,549,551,553,558,559,563,564,577,579,581,582,584,585,586,588,593,594,599,600,603,605,606,607,611,615,616,617,618,619,623,625,626,627,630,634,636,637,639,645,646,648,651,652,653,654,663,667,669,670,671,674,677,678,679,681,686,691,692,696,698,699,705,706,708,710,719,720,721,726,727,728,730,732,734,739,744,748,749,751,755
OX17,247,288,314,337,353,355,356,358,372,384,398,404,409,428,443,465,469,474,485,502,528,532,551,560,581,584,586,590,605,615,636,654,671,681,751,757
OX18,193,210,216,221,223,229,233,237,245,249,255,257,265,270,273,278,280,284,285,291,297,299,300,307,317,318,319,345,347,350,351,354,355,358,362,369,375,380,395,399,402,408,418,420,422,425,431,432,433,437,438,446,448,453,458,461,464,478,484,486,492,493,498,500,534,549,552,562,563,570,583,586,587,588,594,600,602,603,605,606,613,617,621,625,626,632,640,643,646,652,654,655,659,667,670,673,676,677,684,695,696,703,705,708,710,720,724,725,728,729,730,732,736,739,742,748,751,753,763,766
OX19,179,184,185,191,192,208,217,218,235,236,249,250,252,259,263,270,279,284,288,289,294,298,299,308,314,316,318,320,325,327,332,335,336,337,345,349,350,353,356,372,373,381,382,384,387,389,398,404,409,411,413,415,423,424,428,443,452,456,457,463,465,471,474,481,485,488,489,494,501,502,509,511,514,516,518,519,521,527,528,532,535,537,538,539,541,543,558,559,564,567,577,581,582,590,591,593,603,605,607,609,615,617,619,624,625,630,634,635,636,637,638,639,641,645,650,651,663,669,674,678,679,681,683,685,687,689,692,695,697,699,702,706,716,717,721,724,726,727,733,734,742,744,748,751,755,757,761,762
OX20,216,221,223,245,251,255,265,268,270,273,278,280,284,285,289,291,293,298,299,300,310,314,318,325,337,339,345,347,348,350,353,358,359,361,362,369,375,381,384,387,390,393,394,395,396,401,402,409,418,422,423,425,428,431,432,433,437,438,443,446,448,453,457,458,465,471,474,478,484,485,486,493,494,502,512,513,514,516,523,527,528,531,532,534,535,549,552,553,562,563,566,568,576,581,586,587,594,600,602,603,608,611,614,615,617,621,625,626,627,636,638,639,640,643,654,655,662,665,667,669,670,674,676,677,681,683,685,686,695,696,699,703,708,710,716,717,720,724,725,726,729,730,731,732,734,736,739,742,748,749,753,758,763,766
OX21,208,217,218,233,237,246,252,263,271,285,288,289,294,298,307,314,316,320,322,327,332,335,336,337,344,349,353,356,372,373,380,381,382,384,387,389,390,398,399,402,403,404,405,409,411,415,424,428,443,452,456,458,461,465,474,478,481,485,486,488,489,494,502,511,514,521,527,528,532,537,538,539,541,548,552,558,559,563,564,565,576,577,579,581,582,588,589,590,593,603,605,607,609,615,618,619,621,625,630,634,636,637,638,639,643,645,651,652,654,663,665,669,674,678,679,681,683,684,692,698,699,705,706,716,717,721,725,727,734,744,751,755,757,763
OX22,177,184,185,191,192,210,223,228,233,235,236,237,246,249,250,251,257,259,262,265,270,271,273,279,280,284,285,286,288,291,297,299,300,301,307,308,312,318,322,325,337,344,345,347,350,351,352,353,354,355,356,358,362,371,372,375,380,393,396,398,399,402,404,405,412,413,418,420,422,423,424,425,428,431,432,433,437,442,443,446,448,453,455,456,457,458,461,464,465,471,478,481,484,485,486,489,491,493,496,498,500,501,507,518,519,528,532,535,543,548,549,551,552,560,562,563,565,567,579,580,581,584,585,586,587,588,589,590,591,593,594,595,602,604,605,606,608,613,614,617,618,621,623,624,626,632,635,636,641,643,646,650,651,652,654,659,666,667,670,672,673,674,680,681,684,687,689,695,696,697,698,702,703,705,707,708,720,724,725,726,728,730,732,733,739,742,751,757,761,762,763,765
OX23,202,223,233,237,280,288,289,298,300,307,314,322,337,353,355,356,358,362,372,380,381,384,398,399,404,405,409,428,432,433,437,443,458,461,465,474,484,485,502,528,532,541,548,552,565,581,584,586,588,589,590,594,605,609,615,632,636,652,654,669,670,677,681,684,696,699,705,708,717,720,725,732,748,751,757,763
OX24,176,199,210,218,223,233,234,252,259,263,268,271,273,277,279,280,281,285,286,294,301,307,314,316,320,337,339,344,346,347,348,349,351,353,354,355,357,358,365,373,374,375,377,380,382,384,386,389,395,397,400,401,407,408,409,413,415,418,419,420,421,422,425,431,437,438,439,447,448,449,453,454,458,464,465,474,485,493,496,500,502,504,511,512,513,516,517,523,524,528,531,532,533,537,538,542,543,545,546,548,549,552,553,554,555,557,558,560,563,564,566,567,575,579,581,582,584,586,588,589,592,596,603,606,607,611,615,616,618,624,625,626,627,628,630,633,634,644,645,646,647,648,650,653,654,655,663,665,667,670,672,675,677,679,680,681,682,685,687,689,692,693,695,696,698,702,705,706,708,713,714,715,719,724,725,729,730,732,733,739,750,753,755,756,762,763
OX25,223,249,265,280,285,286,288,289,297,298,300,301,337,350,353,355,356,358,362,372,381,398,403,404,422,428,432,433,437,443,446,465,484,485,496,498,528,532,562,563,581,584,586,587,590,594,602,605,632,636,665,669,672,677,681,699,703,708,717,724,732,748,751,757
OX26,257,270,278,284,285,299,318,375,402,418,425,448,453,478,486,549,563,600,613,617,621,643,659,667,710,728,730,739
OX27,184,185,191,192,217,218,233,235,236,237,246,250,252,263,289,294,298,300,307,308,316,320,322,345,349,355,358,373,380,381,382,387,389,390,399,402,405,411,412,415,424,432,436,444,452,456,458,461,478,481,483,484,486,488,489,494,501,511,514,516,519,527,537,538,542,548,552,558,560,564,565,574,576,577,582,584,586,588,589,591,593,594,595,621,630,634,638,639,641,643,645,651,652,654,656,657,663,669,674,679,683,684,685,692,697,699,702,705,706,716,717,721,725,734,742,755,761,763
OX28,191,199,217,218,237,246,249,251,252,259,263,265,268,271,273,278,279,285,294,297,308,314,316,320,322,325,335,339,344,345,347,349,350,355,357,361,362,373,375,381,382,384,387,389,390,392,393,396,398,399,402,405,409,411,415,418,421,422,423,424,425,428,431,433,436,438,439,443,444,446,447,448,449,452,453,454,457,461,471,474,478,483,486,488,493,494,498,502,504,511,512,513,516,518,523,524,533,535,537,538,539,541,542,543,548,549,554,558,559,560,562,563,564,565,567,574,576,577,579,582,584,585,587,589,593,596,599,600,602,608,609,611,614,615,618,621,623,624,626,627,628,630,632,633,634,635,636,637,639,641,643,645,647,650,652,656,657,663,667,669,670,679,684,685,689,691,692,693,696,698,699,703,706,710,721,724,726,728,730,733,734,739,742,750,755,758,761,762
OX29,185,199,207,217,218,233,237,252,259,263,265,270,271,277,278,279,281,284,285,286,289,291,293,294,298,299,300,301,307,310,314,316,318,320,322,325,339,344,348,349,351,355,357,358,359,362,365,373,374,377,380,381,382,384,390,394,395,397,399,401,402,403,405,407,409,413,415,419,420,421,423,432,433,438,439,446,447,449,454,457,461,471,474,478,484,486,496,502,504,511,516,524,531,533,535,537,538,541,542,545,546,554,555,558,560,562,563,565,566,567,575,576,577,579,582,584,586,587,588,594,596,600,602,603,605,607,609,615,616,617,618,621,624,625,628,630,633,634,643,645,647,648,653,655,662,663,669,672,673,675,679,680,682,684,685,686,687,689,692,693,695,698,699,702,703,705,706,710,713,714,717,719,720,724,726,728,729,733,748,749,750,751,753,755
OX30,210,217,218,249,252,259,263,265,271,273,279,285,286,288,289,291,294,297,298,300,301,310,316,320,337,344,347,349,350,353,354,356,359,372,373,381,382,387,389,390,394,398,402,403,404,408,411,413,415,421,422,424,428,431,432,436,439,443,444,446,447,449,454,458,464,465,478,483,484,485,486,488,493,494,496,498,500,511,514,527,528,532,537,538,543,552,553,554,558,562,563,564,567,574,576,577,579,581,582,587,590,593,594,596,602,605,606,618,621,624,626,630,632,634,635,636,638,639,643,645,646,648,650,652,654,656,657,663,665,669,670,672,673,674,679,681,683,686,687,689,692,693,695,696,698,699,703,706,716,717,720,721,724,725,733,734,748,749,750,751,755,757,762,763
OX31,237,249,263,268,278,285,289,293,297,298,300,314,322,337,348,353,373,375,381,382,384,387,389,399,401,405,409,415,418,421,425,428,432,436,439,443,444,447,448,449,453,454,461,465,474,483,484,485,494,498,502,511,512,513,518,523,528,531,532,537,538,541,548,549,554,558,563,564,565,566,568,574,581,582,589,594,596,600,605,609,611,615,618,627,636,639,648,652,656,657,662,665,667,669,681,684,693,699,706,710,717,730,731,734,739,750,751,755
OX32,199,217,218,233,251,252,255,259,263,265,268,270,271,273,278,279,284,289,293,294,298,299,300,307,314,316,318,320,325,339,344,345,347,348,349,350,355,357,361,373,375,380,381,382,384,389,393,396,401,403,409,411,413,415,418,421,422,423,424,425,428,431,432,436,438,439,443,444,446,447,448,449,452,453,454,457,458,471,474,483,484,488,493,502,504,511,512,513,516,523,524,531,533,535,537,538,542,543,549,552,554,558,560,562,564,566,567,568,574,577,579,582,584,585,587,588,593,594,596,600,602,608,611,614,615,617,618,623,624,626,627,628,630,633,634,635,636,640,645,647,650,654,656,657,662,663,667,669,670,679,685,687,689,692,693,696,698,699,703,705,706,710,717,721,724,725,726,730,731,733,736,739,742,748,750,755,758,762,763,766
OX33,251,262,263,265,268,270,284,285,286,288,289,293,298,300,301,310,318,325,348,350,351,355,356,358,359,371,372,373,375,381,382,387,389,393,394,396,398,401,404,408,411,415,416,418,420,421,423,424,425,428,429,432,436,439,440,442,443,444,446,447,448,449,452,453,454,457,458,471,483,484,494,496,507,511,512,513,516,518,523,531,535,537,538,542,549,552,553,554,558,560,563,564,566,574,582,584,585,586,587,590,593,594,596,602,604,608,611,612,614,618,623,627,632,636,639,649,652,654,656,657,662,665,667,669,672,674,677,680,685,686,693,699,703,706,717,724,725,726,730,734,739,749,750,755,757,763
OX34,217,218,233,252,259,263,271,279,294,300,307,316,320,325,344,349,355,358,373,380,382,387,389,390,402,411,413,415,421,423,424,432,436,439,444,447,449,454,457,458,471,478,483,484,486,488,494,511,514,527,535,537,538,543,552,554,558,564,567,574,576,577,579,582,584,586,588,593,594,596,618,621,624,630,634,635,638,639,643,645,648,650,654,656,657,663,674,679,683,687,689,692,693,695,698,705,706,716,721,725,726,733,734,748,750,755,762,763
OX35,249,250,266,285,288,293,297,300,314,331,335,337,348,353,355,356,358,362,372,380,381,384,387,392,401,403,404,409,413,428,432,433,443,465,474,484,485,494,498,502,528,531,532,539,559,563,566,568,581,584,586,590,594,599,605,615,632,636,637,639,662,669,681,691,699,705,728,731,734,748,751,757
OX36,234,250,263,265,266,270,273,284,286,289,291,293,298,299,301,307,310,314,316,318,320,325,331,335,338,339,346,347,348,350,359,362,380,384,387,390,392,394,398,401,402,409,413,421,422,423,431,433,436,439,444,446,447,449,454,457,471,474,478,483,486,493,494,496,502,518,530,531,535,539,553,554,557,559,561,562,566,568,574,576,587,596,599,602,615,617,621,626,630,637,639,643,644,648,656,657,662,665,670,672,686,691,693,696,703,705,715,717,720,724,726,728,731,734,748,749,750,755
OX37,263,285,288,300,314,337,353,355,356,358,372,373,382,384,398,403,404,409,412,415,428,432,436,443,444,452,456,465,474,481,483,484,485,489,501,502,511,519,528,532,537,538,542,558,560,563,574,581,582,584,586,590,594,595,605,615,636,651,656,657,665,681,706,751,755,757
OX38,233,250,259,266,268,270,278,279,284,285,288,299,307,318,325,331,335,355,356,358,372,375,381,389,390,392,402,404,412,413,418,421,423,425,439,447,448,449,452,453,454,456,457,458,471,478,481,486,489,501,512,513,519,523,535,539,542,543,549,552,554,559,560,563,564,567,576,584,586,588,590,595,596,599,600,611,617,618,621,624,627,635,637,643,648,650,651,654,667,669,687,689,691,693,695,699,710,725,726,728,730,733,739,748,750,757,762,763
OX39,250,266,268,288,331,335,355,356,358,362,372,375,380,381,389,392,403,404,412,413,418,425,433,436,444,448,453,456,481,483,489,501,512,513,519,523,539,542,549,559,560,564,574,584,585,586,590,595,599,611,618,623,627,632,637,651,656,657,665,667,669,680,691,699,705,728,730,739,748,757
OX40,192,205,207,218,235,236,259,265,266,271,273,276,277,278,279,281,288,293,294,300,310,314,322,325,331,344,347,348,355,356,359,361,362,363,365,372,374,375,377,380,384,387,390,394,395,397,398,401,402,403,404,405,407,409,411,413,418,419,421,423,424,425,428,431,432,433,439,443,446,447,448,449,453,454,457,458,471,472,474,478,484,486,493,494,502,518,531,535,541,545,546,548,549,552,554,555,556,562,566,567,575,576,579,584,587,589,590,593,594,596,600,602,603,605,607,609,615,616,621,624,625,626,636,639,643,645,652,653,654,655,659,662,663,667,670,673,675,682,686,689,690,692,693,696,697,698,703,705,710,713,714,719,721,724,725,726,729,730,733,734,739,748,749,750,751,752,753,757,758,763
OX41,268,288,300,355,356,358,372,375,381,389,392,403,404,412,418,425,432,436,444,448,453,456,481,483,484,489,501,512,513,519,523,542,549,560,564,574,584,585,586,590,594,595,599,611,618,623,627,651,656,657,665,667,669,680,691,699,728,730,739,757
OX42,278,285,300,307,403,421,432,436,439,444,447,449,452,454,458,483,484,518,552,554,563,574,585,594,596,600,623,648,654,656,657,665,680,693,710,725,750,763
OX43,265,285,286,289,291,293,298,301,310,314,325,348,350,359,384,387,392,394,398,401,403,409,422,423,446,457,458,471,474,494,496,502,531,535,552,553,562,563,566,568,587,599,602,615,632,639,654,662,672,686,691,703,717,720,724,725,726,728,731,734,749,763
OX44,205,259,276,279,285,322,325,362,363,375,405,418,421,423,425,433,436,439,444,447,448,449,452,453,454,457,471,472,483,535,541,543,548,549,554,556,563,567,574,585,589,596,609,623,624,632,635,648,650,652,656,657,659,667,680,687,689,690,693,695,726,728,730,733,739,750,752,762
OX45,259,279,288,307,314,325,337,353,355,356,358,362,372,384,398,404,409,421,423,428,433,436,439,443,444,447,449,454,457,458,465,471,474,483,485,502,528,532,535,542,543,552,554,560,567,574,581,584,586,590,596,605,615,624,632,635,636,650,654,656,657,681,687,689,693,695,725,726,733,750,751,757,762,763
OX46,228,281,312,352,365,397,452,456,477,481,489,491,542,547,551,580,603,607,625,633,648,651,675,682,694,707,722,727,744,765
OX47,255,262,270,273,277,281,284,286,289,298,301,310,318,337,345,347,350,353,358,359,361,362,365,371,374,377,390,392,394,395,397,398,402,407,408,416,419,428,429,431,433,436,440,442,443,444,458,465,478,483,485,486,488,493,496,507,516,518,528,532,542,545,546,548,552,555,560,562,574,575,576,581,586,589,599,603,604,607,612,616,621,625,626,636,640,643,649,653,654,655,656,657,670,672,673,674,675,677,681,682,685,686,687,691,696,702,713,714,717,719,721,725,729,736,742,749,753,758,763,766
OX48,270,284,288,307,314,318,355,356,358,372,384,398,404,409,416,421,422,428,429,439,440,443,447,449,454,458,474,502,518,552,554,562,584,586,590,596,612,615,636,649,654,693,725,750,757,763
OX49,262,273,285,291,299,300,307,310,314,325,339,347,358,359,361,371,384,389,390,394,402,403,408,409,411,412,416,422,423,424,428,429,431,432,436,440,442,443,444,452,456,457,471,474,478,481,483,484,486,489,493,501,502,507,514,519,527,535,553,562,563,564,568,574,576,586,593,594,595,604,612,615,617,618,621,626,632,636,638,643,648,649,651,652,656,657,665,670,677,683,686,696,716,720,726,731,749,758
OX50,273,288,289,298,299,314,339,347,348,350,355,356,357,361,372,381,384,389,390,398,401,402,404,409,412,416,422,425,428,429,431,440,443,452,456,474,478,481,486,488,489,493,501,502,514,519,524,527,531,542,546,547,560,562,564,566,575,576,584,590,595,612,615,617,618,621,626,628,636,638,643,648,649,651,669,670,674,680,683,696,699,713,714,716,717,724,757,758
OX51,218,271,277,285,286,288,291,294,299,300,301,325,337,339,344,348,353,355,356,358,372,374,377,381,389,392,395,401,403,404,407,411,412,413,416,419,423,424,425,428,429,432,436,440,443,444,452,457,465,471,483,484,485,488,496,501,514,519,527,528,531,532,535,545,553,555,562,563,564,566,568,574,579,581,584,585,586,590,593,594,595,599,612,616,617,618,623,636,638,645,648,649,653,655,656,657,663,665,669,672,673,674,680,681,683,691,692,698,699,716,719,720,721,724,726,727,729,731,744,748,753,757
OX52,285,288,300,314,337,353,355,356,358,372,384,398,403,404,409,428,432,436,443,444,465,474,483,484,485,502,528,532,542,560,563,574,581,584,586,590,594,605,615,636,656,657,665,681,751,757
OX53,252,277,286,289,291,298,301,314,325,337,339,349,350,353,355,357,361,362,374,377,381,384,389,395,407,409,412,419,422,423,433,436,444,452,457,465,471,474,483,485,488,496,501,502,514,519,524,527,528,532,535,545,546,547,553,555,564,574,575,581,584,585,595,615,616,618,623,628,632,634,638,648,653,655,656,657,669,672,673,674,679,681,683,699,713,714,716,717,719,720,726,727,729,744,753,758
OX54,288,289,298,314,337,348,350,353,355,356,357,361,372,381,384,398,401,404,409,425,428,443,465,474,485,488,502,524,528,531,532,546,547,566,575,581,584,590,605,615,628,636,669,674,680,681,699,713,714,717,724,751,757,758
OX55,300,425,432,436,444,452,483,484,574,585,594,623,648,656,657,665,680,728
OX56,286,289,291,298,301,310,314,325,337,348,350,353,357,358,359,361,381,384,394,401,409,423,425,457,458,465,471,474,485,488,496,502,524,528,531,532,535,546,547,552,553,566,575,581,586,605,615,628,632,654,669,672,674,680,681,686,699,713,714,717,720,724,725,726,749,751,758,763
OX57,277,289,298,299,310,314,339,350,357,358,359,361,362,374,377,384,389,392,394,395,398,407,409,412,416,419,428,429,433,436,440,443,444,452,458,474,483,488,501,502,514,519,524,527,545,546,547,552,555,562,564,574,575,585,586,595,599,605,612,615,616,617,618,623,628,636,638,648,649,653,654,655,656,657,673,674,683,686,691,713,714,716,717,719,721,725,727,729,744,749,751,753,758,763
OX58,289,298,314,337,348,350,353,357,381,384,401,409,411,424,425,428,443,465,474,485,488,502,524,528,531,532,546,547,566,568,575,581,593,605,615,628,636,669,674,680,681,699,713,714,717,724,731,751
OX59,314,337,353,381,384,392,398,409,428,443,465,474,485,502,528,532,581,599,605,615,636,669,681,691,699,751
OX60,281,307,310,325,351,357,359,365,394,397,420,423,456,457,471,481,489,516,524,535,547,548,553,585,589,603,607,623,625,628,632,651,652,675,682,685,686,702,726,727,744,749
OX61,299,310,348,358,359,361,362,381,392,394,395,398,401,411,416,422,424,425,429,433,436,440,444,456,458,481,483,489,531,542,545,552,560,562,566,568,574,585,586,593,599,605,612,617,623,649,651,654,655,656,657,669,680,686,691,699,721,724,725,727,729,731,744,749,751,753,758,763
OX62,337,353,395,452,456,465,481,485,489,528,532,542,560,581,648,651,655,681,727,729,744,753
OX63,307,310,325,351,359,394,420,423,457,471,516,535,548,553,589,632,652,685,686,702,726,749
OX64,310,358,359,361,362,381,392,394,398,411,424,433,436,444,458,483,542,552,560,568,574,586,593,599,654,656,657,669,686,691,699,725,731,749,758,763
OX65,357,381,392,398,411,424,452,488,524,542,546,547,560,568,575,585,593,599,623,628,648,669,674,691,699,713,714,731
Z0,0,89,160
Z1,1,175,240
Z2,2,38,159
Z3,3,39,383
Z4,4,384,474
Z5,5,375,418
Z6,6,386,517
Z7,7,18,529
Z8,8,52,522
Z9,9,46,329
Z10,10,524,628
Z11,11,14,572
Z12,12,292,573
Z13,13,176,386
Z14,14,177,455
Z15,15,266,331
Z16,16,65,267
Z17,17,268,627
Z18,18,316,630
Z19,19,180,578
Z20,20,173,182
Z21,21,61,711
Z22,22,142,597
Z23,23,222,741
Z24,24,397,682
Z25,25,197,323
Z26,26,567,624
Z27,27,603,625
Z28,28,131,467
Z29,29,324,598
Z30,30,147,747
Z31,31,347,626
Z32,32,305,737
Z33,33,105,368
Z34,6,17,34
Z35,35,86,157
Z36,36,87,158
Z37,37,88,101
Z38,38,640,736
Z39,39,416,649
Z40,40,365,682
Z41,41,346,557
Z42,42,91,321
Z43,43,606,646
Z44,44,490,711
Z45,45,241,701
Z46,46,392,691
Z47,47,148,267
Z48,48,427,735
Z49,49,213,326
Z50,50,446,703
Z51,51,215,340
Z52,52,366,499
Z53,53,475,550
Z54,54,527,638
Z55,55,297,498
Z56,56,368,430
Z57,57,450,479
Z58,58,404,757
Z59,59,219,495
Z60,60,311,417
Z61,21,155,183
Z62,62,418,730
Z63,63,282,661
Z64,64,352,491
Z65,65,237,399
Z66,66,252,679
Z67,67,315,385
Z68,68,110,391
Z69,69,389,564
Z70,70,255,736
Z71,71,92,304
Z72,60,72,466
Z73,61,73,764
Z74,74,139,224
Z75,1,75,212
Z76,76,191,641
Z77,77,336,678
Z78,78,192,235
Z79,79,190,712
Z80,80,166,506
Z81,64,81,526
Z82,82,289,717
Z83,83,348,566
Z84,84,527,716
Z85,85,469,671
Z86,35,447,554
Z87,87,444,574
Z88,88,446,602
Z89,89,165,499
Z90,41,90,341
Z91,91,501,519
Z92,0,92,181
Z93,93,272,470
Z94,94,308,761
Z95,95,500,606
Z96,96,485,528
Z97,97,402,478
Z98,98,109,520
Z99,99,338,530
Z100,100,282,622
Z101,37,517,592
Z102,102,199,504
Z103,103,274,435
Z104,104,275,328
Z105,11,105,525
Z106,106,276,690
Z107,30,107,544
Z108,108,361,758
Z109,109,221,534
Z110,68,449,554
Z111,111,423,535
Z112,112,424,593
Z113,113,412,595
Z114,114,580,765
Z115,115,508,740
Z116,116,459,658
Z117,117,370,745
Z118,118,230,495
Z119,119,161,760
Z120,120,217,577
Z121,121,390,576
Z122,122,448,739
Z123,123,457,535
Z124,124,441,480
Z125,32,125,573
Z126,126,210,354
Z127,127,497,723
Z128,128,303,410
Z129,129,462,467
Z130,130,480,497
Z131,28,541,609
Z132,132,226,704
Z133,133,475,506
Z134,27,134,601
Z135,135,193,229
Z136,136,396,608
Z137,137,259,567
Z138,138,262,442
Z139,139,431,493
Z140,140,351,420
Z141,141,256,700
Z142,22,184,591
Z143,143,263,755
Z144,144,279,689
Z145,145,195,378
Z146,146,314,502
Z147,80,147,303
Z148,47,242,450
Z149,149,409,502
Z150,150,247,469
Z151,151,343,445
Z152,152,376,391
Z153,153,219,330
Z154,154,378,723
Z155,155,388,410
Z156,86,156,240
Z157,157,428,443
Z158,158,439,750
Z159,36,159,505
Z160,160,280,708
Z161,161,165,370
Z162,162,209,366
Z163,163,205,690
Z164,164,221,369
Z165,71,492,570
Z166,166,455,666
Z167,167,463,509
Z168,168,170,508
Z169,169,372,404
Z170,132,170,225
Z171,171,322,405
Z172,172,222,505
Z173,173,640,766
Z174,174,181,468
Z175,75,233,588
Z176,176,738,756
Z177,33,624,733
Z178,178,313,466
Z179,16,179,509
Z180,180,694,722
Z181,135,174,406
Z182,20,443,636
Z183,183,257,613
Z184,142,205,556
Z185,185,192,207
Z186,186,208,678
Z187,85,187,295
Z188,188,537,538
Z189,189,453,730
Z190,79,492,583
Z191,191,642,761
Z192,185,389,618
Z193,193,232,317
Z194,194,208,327
Z195,195,395,753
Z196,196,458,725
Z197,197,381,699
Z198,198,382,706
Z199,199,232,647
Z200,200,300,432
Z201,201,543,762
Z202,202,291,720
Z203,203,387,639
Z204,204,568,731
Z205,163,206,367
Z206,206,374,555
Z207,207,543,733
Z208,186,314,384
Z209,188,209,309
Z210,126,430,622
Z211,211,587,703
Z212,151,212,364
Z213,213,371,604
Z214,214,409,615
Z215,95,215,306
Z216,216,369,629
Z217,120,218,663
Z218,217,494,662
Z219,153,354,500
Z220,220,429,612
Z221,164,359,749
Z222,23,484,594
Z223,122,223,708
Z224,224,655,753
Z225,225,262,604
Z226,226,574,656
Z227,227,392,599
Z228,228,580,704
Z229,229,461,565
Z230,118,373,538
Z231,231,356,590
Z232,102,273,626
Z233,233,576,670
Z234,234,316,577
Z235,235,572,697
Z236,236,578,697
Z237,110,237,461
Z238,156,238,515
Z239,239,407,555
Z240,4,238,510
Z241,241,549,667
Z242,152,242,701
Z243,243,345,742
Z244,201,244,743
Z245,101,245,534
Z246,246,332,641
Z247,150,252,349
Z248,248,394,686
Z249,249,401,724
Z250,236,250,331
Z251,251,488,674
Z252,247,458,654
Z253,253,399,684
Z254,254,653,719
Z255,255,687,695
Z256,256,530,561
Z257,73,123,379
Z258,258,512,611
Z259,137,457,726
Z260,260,645,692
Z261,261,597,709
Z262,113,138,414
Z263,263,511,561
Z264,264,440,649
Z265,265,440,562
Z266,266,588,705
Z267,148,415,582
Z268,169,268,513
Z269,70,269,569
Z270,270,518,600
Z271,271,302,579
Z272,272,319,583
Z273,202,273,696
Z274,274,320,630
Z275,275,321,660
Z276,106,504,533
Z277,277,323,616
Z278,278,324,600
Z279,279,325,553
Z280,280,326,732
Z281,281,327,607
Z282,63,283,746
Z283,283,634,679
Z284,284,429,617
Z285,285,665,728
Z286,286,476,672
Z287,287,669,699
Z288,288,356,569
Z289,12,82,629
Z290,15,178,290
Z291,119,453,739
Z292,292,299,617
Z293,293,297,587
Z294,294,591,698
Z295,8,187,328
Z296,51,296,642
Z297,83,293,662
Z298,298,669,691
Z299,299,643,721
Z300,300,536,594
Z301,301,677,720
Z302,146,271,344
Z303,128,270,318
Z304,304,539,559
Z305,305,575,714
Z306,306,310,749
Z307,307,310,763
Z308,308,742,766
Z309,99,309,468
Z310,307,421,652
Z311,72,396,614
Z312,96,312,707
Z313,313,383,620
Z314,131,244,302
Z315,315,516,685
Z316,7,376,459
Z317,269,317,570
Z318,97,284,318
Z319,319,355,584
Z320,320,339,716
Z321,104,337,532
Z322,171,421,447
Z323,3,277,374
Z324,107,278,710
Z325,108,325,423
Z326,49,444,657
Z327,194,456,489
Z328,98,117,295
Z329,329,377,616
Z330,10,330,571
Z331,246,250,637
Z332,332,341,521
Z333,253,333,688
Z334,334,514,683
Z335,335,360,637
Z336,336,540,619
Z337,94,337,353
Z338,338,715,756
Z339,339,493,673
Z340,90,340,764
Z341,2,59,296
Z342,342,465,581
Z343,334,343,426
Z344,344,413,559
Z345,243,496,672
Z346,145,290,536
Z347,347,431,601
Z348,348,531,571
Z349,288,349,584
Z350,350,545,724
Z351,140,251,393
Z352,81,486,643
Z353,67,353,465
Z354,234,346,664
Z355,355,586,758
Z356,127,231,746
Z357,357,623,680
Z358,358,403,654
Z359,359,379,686
Z360,360,620,712
Z361,361,424,674
Z362,362,484,657
Z363,130,363,472
Z364,175,552,763
Z365,40,45,540
Z366,162,546,714
Z367,357,367,628
Z368,177,477,707
Z369,216,607,625
Z370,291,351,553
Z371,167,371,507
Z372,372,398,599
Z373,230,575,713
Z374,184,405,609
Z375,5,385,462
Z376,189,210,464
Z377,9,523,627
Z378,154,417,700
Z379,257,659,752
Z380,196,380,705
Z381,381,532,560
Z382,198,460,473
Z383,25,585,623
Z384,281,365,737
Z385,258,375,667
Z386,13,211,664
Z387,200,387,494
Z388,388,557,644
Z389,69,400,592
Z390,390,478,613
Z391,203,227,482
Z392,125,393,608
Z393,248,298,717
Z394,395,603,727
Z395,136,416,612
Z396,24,513,611
Z397,398,428,568
Z398,287,333,342
Z399,400,635,650
Z400,100,401,531
Z401,29,129,434
Z402,403,549,563
Z403,58,472,752
Z404,179,249,498
Z405,53,406,688
Z406,44,239,487
Z407,408,442,646
Z408,149,312,491
Z409,364,402,621
Z410,411,731,734
Z411,412,456,744
Z412,413,732,748
Z413,414,668,747
Z414,415,501,618
Z415,115,311,738
Z416,62,74,759
Z417,419,464,673
Z418,345,420,685
Z419,422,605,615
Z420,111,487,767
Z421,112,470,668
Z422,425,566,728
Z423,426,582,706
Z424,48,114,451
Z425,42,124,709
Z426,220,596,750
Z427,56,754,760
Z428,31,144,435
Z429,380,432,665
Z430,394,433,632
Z431,285,434,563
Z432,103,436,483
Z433,436,542,648
Z434,121,223,437
Z435,438,635,695
Z436,439,518,687
Z437,265,602,745
Z438,441,727,744
Z439,408,548,652
Z440,182,590,757
Z441,276,322,565
Z442,445,537,558
Z443,134,245,676
Z444,448,512,659
Z445,449,610,693
Z446,57,473,767
Z447,451,477,722
Z448,452,648,755
Z449,454,596,658
Z450,143,259,689
Z451,190,377,719
Z452,116,483,656
Z453,172,373,382
Z454,463,519,595
Z455,419,503,653
Z456,66,352,765
Z457,43,93,503
Z458,471,632,748
Z459,363,490,556
Z460,460,605,751
Z461,286,474,636
Z462,133,485,681
Z463,50,214,476
Z464,397,427,675
Z465,437,507,677
Z466,358,479,586
Z467,481,510,651
Z468,362,433,482
Z469,54,486,621
Z470,407,422,562
Z471,488,546,645
Z472,489,544,651
Z473,218,631,692
Z474,55,301,496
Z475,452,481,585
Z476,511,515,558
Z477,514,523,564
Z478,516,614,702
Z479,520,552,725
Z480,521,529,619
Z481,261,522,631
Z482,524,547,633
Z483,204,525,610
Z484,526,579,698
Z485,84,294,663
Z486,528,729,751
Z487,26,141,661
Z488,533,633,694
Z489,77,335,539
Z490,541,589,702
Z491,542,551,560
Z492,76,78,660
Z493,545,634,721
Z494,547,675,713
Z495,548,589,740
Z496,550,644,715
Z497,228,551,671
Z498,264,718,754
Z499,425,680,710
Z500,289,350,684
Z501,19,670,696
Z502,581,681,759
Z503,411,593,666
Z504,454,693,718
Z505,598,650,762
Z506,471,726,743
Z507,438,647,676
Z508,254,638,683
Z509,260,639,734
Z510,655,729,741
OZ0,421,447,461,465,484,495,498,501,504,505,508,509,518,531,532,536,538,549,554,555,556,560,563,565,575,582,585,586,588,591,594,597,603,605,608,609,610,612,614,616,618,619,620,622,628,633,634,637,640,641,642,649,654,658,661,669,670,679,680,681,684,687,688,693,696,697,700,701,705,706,713,722,723,724,727,736,738,740,741,746,750,751,753,759,767
OZ1,447,453,455,456,483,484,495,503,504,505,518,532,536,549,555,556,557,560,565,568,571,572,574,577,580,585,588,589,591,594,595,597,604,606,608,609,610,612,614,616,619,620,622,624,630,637,640,641,642,646,649,653,664,667,668,670,673,680,682,687,696,697,699,701,704,705,707,713,730,731,733,736,744,747,749,750,754,760,763,764,765
OZ2,453,456,461,462,465,480,485,491,497,498,501,503,504,506,507,508,509,512,513,515,523,531,532,534,536,537,538,540,552,557,558,559,560,563,565,571,575,579,580,587,589,590,591,597,599,601,603,606,607,608,614,616,617,619,620,621,624,625,627,634,637,644,647,648,652,653,660,661,664,665,666,669,672,673,677,678,679,680,681,683,684,687,688,695,696,702,705,708,710,724,728,729,730,731,732,735,736,737,738,739,740,741,743,745,746,747,748,749,755,756,759,760,761,764,765,766
OZ3,456,461,465,498,501,508,509,513,515,531,538,554,558,560,561,563,567,571,574,575,580,582,586,589,595,603,604,605,610,611,618,624,628,633,634,646,648,652,654,658,661,667,668,669,671,675,679,681,684,688,693,699,700,706,723,724,727,735,738,740,741,744,746,747,751,753,755,759,767
OZ4,484,495,505,571,594,603,622,628,633,661,675,713,723,727,753
OZ5,462,480,483,485,491,492,495,497,504,505,509,512,513,519,523,532,534,536,537,552,554,557,561,565,567,568,571,572,577,579,580,582,583,586,587,590,591,597,599,601,605,607,608,614,616,617,618,621,622,624,625,627,630,647,653,654,656,657,658,660,665,667,671,672,673,675,677,680,682,683,687,693,695,696,699,700,702,705,706,707,710,712,713,722,723,727,728,729,730,733,735,736,737,743,744,745,748,749,751,753,754,756,761,764,766,767
OZ6,480,546,571,575,597,622,628,631,633,661,675,714,723
OZ7,461,483,485,498,503,504,508,513,515,531,534,537,538,546,553,558,560,565,568,569,572,577,583,587,606,607,610,611,614,622,624,625,626,628,630,633,645,646,647,648,662,664,666,668,671,672,674,677,680,681,682,685,687,688,695,696,704,707,710,714,722,728,731,733,735,736,737,738,740,742,745,754,755,756,765
OZ8,455,508,513,534,568,572,580,607,608,610,611,614,617,624,625,629,634,643,661,675,682,684,700,707,717,722,724,731,733,735,738,740,745,754,765
OZ9,483,515,537,538,558,560,571,575,577,580,622,628,630,633,648,661,664,671,675,700,704,755,756
OZ10,508,517,587,592,601,603,607,608,614,617,629,634,643,664,676,684,703,717,724,738,740,756
OZ11,506,513,537,538,561,567,571,572,575,580,611,622,628,633,644,661,682,700,707,722,733,735,756,765
OZ12,501,513,519,534,538,563,568,571,574,575,582,586,589,595,603,604,605,607,608,610,611,614,617,618,622,625,628,629,633,634,643,646,652,654,656,661,666,667,668,675,684,704,706,717,723,724,727,731,735,741,745,751,753,754,767
OZ13,485,490,491,492,495,497,498,503,504,505,509,519,523,531,532,535,536,537,538,552,554,555,557,560,561,563,565,567,574,575,577,579,584,586,589,590,591,595,599,601,602,603,604,605,606,608,610,614,615,616,617,621,622,627,631,645,647,648,649,652,653,657,658,661,662,665,667,675,682,683,687,689,693,694,695,699,700,705,707,711,712,713,716,718,727,729,734,736,741,743,745,748,749,754,756,764,767
OZ14,513,534,538,546,563,568,574,582,586,591,595,603,604,605,607,608,609,610,611,617,618,625,629,631,634,643,646,652,654,656,660,666,667,668,684,685,704,706,714,717,724,731,735,741,742,744,745,751,753,754,761,766,767
OZ15,517,546,564,571,575,587,589,591,609,614,618,622,628,631,633,660,661,664,675,685,700,703,714,742,756,761,766
OZ16,465,467,490,491,492,495,497,498,505,531,532,534,535,536,540,544,549,552,553,555,557,559,568,569,571,577,579,583,584,585,587,590,591,592,599,601,602,608,610,614,615,616,617,621,625,626,627,634,641,642,647,648,649,650,654,657,663,665,666,667,669,671,672,674,676,677,678,679,680,682,683,684,689,694,695,696,697,700,701,702,705,710,711,712,713,718,719,722,724,727,728,729,731,732,734,746,747,749,751,753,756,759,762,764,765,766
OZ17,490,492,495,498,505,507,509,519,531,534,535,537,538,540,555,559,560,561,564,567,568,572,574,575,577,580,584,586,587,589,591,592,595,601,602,603,604,605,608,609,610,614,615,617,618,619,620,622,625,628,629,631,633,634,637,643,645,648,649,656,657,660,661,662,664,671,672,673,675,676,677,678,680,684,689,694,696,700,704,708,710,711,712,713,716,717,718,722,724,728,730,732,733,734,737,739,756,761,766,767
OZ18,467,492,503,518,523,536,537,538,540,544,546,559,560,561,563,567,572,580,583,585,586,588,592,605,606,607,614,619,620,624,631,637,640,646,647,650,653,654,656,661,663,667,668,670,671,676,678,682,685,687,694,695,696,702,704,705,712,714,716,719,722,723,727,732,733,736,737,741,742,743,747,748,750,751,762,766,767
OZ19,515,518,546,558,560,561,567,571,575,580,589,591,609,614,622,624,628,631,633,640,648,656,671,675,685,687,704,714,736,742,750,755,766
OZ20,546,571,572,575,589,591,609,614,622,624,628,631,633,641,642,675,685,697,714,733,742,766
OZ21,498,503,531,532,534,536,549,553,560,563,568,569,583,585,586,587,588,589,591,602,603,605,606,607,608,609,610,612,614,615,616,619,620,622,625,626,631,637,641,642,645,646,647,654,661,662,666,668,670,672,674,675,677,687,695,697,699,701,705,710,718,722,723,727,728,731,736,737,753,766,767
OZ22,492,503,534,536,549,563,564,568,583,586,588,592,601,603,605,606,610,618,619,620,625,637,641,642,646,654,660,666,668,670,676,694,696,697,701,705,712,722,731,741,745,751,754,761,767
OZ23,532,536,549,560,563,564,572,585,586,588,592,601,602,605,607,612,615,616,617,618,619,620,624,628,629,633,634,637,641,642,643,654,660,661,670,676,680,684,694,696,697,699,701,705,717,718,723,724,727,733,745,753,754,761,767
OZ24,507,537,538,561,567,571,572,575,577,622,628,633,661,664,673,675,677,694,696,700,708,716,722,730,733,739,756
OZ25,491,495,503,504,505,509,519,523,534,535,536,537,552,553,554,555,556,557,561,563,565,567,569,571,577,579,580,582,584,585,586,591,592,597,602,603,605,606,608,610,611,612,615,618,621,622,625,626,628,629,633,634,640,641,642,643,646,648,649,653,656,657,658,660,661,664,665,666,667,668,674,676,677,683,684,685,689,693,696,697,704,705,706,710,711,713,716,717,722,723,724,727,728,731,734,737,742,743,744,748,749,752,753,761,764,765,766,767
OZ26,555,556,572,589,591,597,602,603,609,614,615,624,641,642,649,661,685,697,718,723,727,733,741,742,745,751,753,754,766
OZ27,495,503,505,509,519,523,535,536,540,549,553,559,560,569,571,574,580,584,586,588,592,595,601,602,604,605,606,607,611,612,615,617,622,626,628,629,633,634,643,646,647,648,656,657,661,666,667,668,670,671,674,675,676,677,678,684,687,689,695,701,704,705,711,713,717,718,719,723,724,727,731,732,734,736,745,752,753,754,767
OZ28,504,518,523,534,540,544,549,552,554,557,559,563,565,577,588,591,592,602,603,607,609,610,615,621,624,625,629,634,643,646,647,652,658,661,663,664,665,668,670,676,678,683,684,693,695,696,701,710,717,723,724,727,728,732,741,743,747,748,749,750,751,753,764
OZ29,518,523,534,535,537,538,553,560,561,563,564,567,568,569,571,575,577,580,584,602,603,607,610,611,612,615,617,618,622,624,625,626,628,629,633,634,640,643,647,648,653,654,656,660,664,667,671,674,675,684,689,695,700,704,711,716,717,718,719,723,724,727,734,741,750,751,752,753,756,761
OZ30,503,534,568,569,583,601,603,606,610,625,646,647,666,668,687,695,731,736,745,754
OZ31,535,544,553,564,569,572,584,585,586,592,601,602,603,605,611,612,615,617,618,624,626,629,634,641,642,643,647,648,660,661,666,674,676,682,684,687,689,695,697,711,717,718,723,724,727,731,733,734,736,737,745,747,752,754,761,767
OZ32,572,577,589,591,609,614,624,641,642,661,663,664,685,697,700,733,742,756,766
OZ33,509,519,534,537,561,564,567,568,569,582,583,591,592,607,608,609,610,617,624,625,629,634,641,642,643,646,647,652,653,661,663,666,668,676,677,684,685,687,694,695,696,697,706,716,717,722,723,724,727,731,736,742,744,745,754,766
OZ34,563,577,586,589,591,603,605,609,614,641,642,654,663,664,667,675,682,685,697,700,722,723,727,741,742,751,753,756,766,767
OZ35,540,549,559,560,580,585,586,589,591,601,602,603,605,609,614,615,621,624,629,634,640,643,647,653,654,656,658,661,663,665,667,671,678,682,683,684,685,687,693,695,701,704,710,716,717,719,723,724,727,728,732,736,737,742,743,745,748,754,766,767
OZ36,537,538,561,567,571,575,622,624,628,633,675
OZ37,523,534,544,552,557,560,580,585,588,591,592,601,603,607,609,625,646,652,653,656,658,663,668,670,671,675,676,693,694,696,700,704,716,719,723,727,737,745,747,749,754,756,764
OZ38,497,534,536,538,544,549,552,553,557,568,571,574,575,582,590,591,592,595,599,602,604,607,608,609,610,615,616,617,618,619,620,622,625,626,627,628,629,631,633,637,640,641,642,643,645,646,652,658,660,661,662,664,667,668,669,674,676,679,682,685,693,697,701,705,706,710,717,722,727,728,741,742,744,746,747,749,751,761,764,766
OZ39,536,544,549,552,553,557,560,568,571,577,580,585,587,589,591,592,599,603,607,609,610,614,616,619,620,622,626,627,628,629,633,637,656,658,661,663,666,667,669,671,672,674,675,676,682,685,693,700,701,704,705,717,731,734,742,747,749,753,756,764
OZ40,544,549,552,553,557,560,568,571,580,585,587,588,592,599,607,610,616,619,620,622,626,627,628,629,633,637,641,642,656,658,661,664,666,667,669,670,671,672,674,675,676,682,693,694,696,697,701,704,717,722,723,727,731,734,747,749,764,766
OZ41,534,564,568,569,571,584,586,589,591,592,603,605,607,609,610,614,618,622,625,628,631,633,645,647,660,661,675,676,685,687,695,723,727,734,736,737,741,742,745,751,753,754,761,766,767
OZ42,577,621,643,653,664,679,683,700,716,719,746,756
OZ43,564,592,618,640,647,660,676,687,695,736,761
OZ44,512,549,553,569,584,586,587,591,592,599,602,605,609,611,612,615,616,617,619,620,621,626,627,631,634,637,640,645,646,652,653,664,666,667,668,669,672,673,674,676,679,683,684,700,701,718,719,724,730,731,745,746,754,756,766,767
OZ45,560,580,585,586,601,602,603,605,615,629,634,640,641,642,647,654,656,658,665,671,675,679,684,687,693,695,697,704,710,717,722,723,724,727,728,736,737,745,746,754,767
OZ46,569,571,584,586,591,603,605,608,609,617,622,628,629,631,633,634,640,643,645,646,652,661,666,668,675,684,685,717,723,724,727,731,734,737,741,742,751,753,766,767
OZ47,538,549,553,575,582,587,589,591,592,599,601,603,607,608,609,614,616,617,618,619,620,621,626,627,634,637,640,641,642,647,653,660,663,664,667,669,672,674,675,676,679,682,683,684,687,695,697,700,701,706,716,719,722,724,734,736,737,746,756,761,766
OZ48,553,583,584,586,587,591,603,605,609,626,640,646,647,652,653,663,664,666,668,672,674,687,695,700,716,723,727,731,734,736,741,751,753,756,766,767
OZ49,549,592,599,602,603,612,615,616,617,619,620,621,627,631,634,637,640,641,642,645,647,653,663,667,669,675,676,679,682,683,684,687,695,697,701,716,718,719,722,723,724,727,734,736,741,745,746,751,753,754
OZ50,568,571,583,584,586,589,591,601,605,607,609,610,612,614,617,621,622,628,631,633,640,645,647,661,675,683,685,687,695,718,719,723,727,734,736,737,741,742,751,753,766,767
OZ51,571,583,584,586,589,603,605,608,614,617,622,628,629,631,633,634,643,645,646,652,653,661,663,666,668,675,684,716,717,723,724,727,731,734,737,741,751,753,767
OZ52,589,591,601,602,607,609,612,614,615,617,621,629,634,640,647,653,663,679,683,684,685,687,695,716,717,718,719,723,724,727,736,741,742,745,746,751,753,754,766
OZ53,552,557,588,602,603,608,612,615,641,642,670,685,694,696,697,700,718,722,723,727,741,742,745,749,751,753,754,756,764,766
OZ54,601,603,607,640,641,642,647,675,687,695,697,722,736,737
OZ55,574,586,595,602,604,605,615,624,634,654,658,661,662,664,665,679,684,686,693,700,717,723,724,726,727,744,745,746,754,756,767
OZ56,587,602,603,612,615,617,629,634,641,642,643,664,672,675,684,697,700,717,718,722,723,724,727,737,741,745,751,753,754,756,766
OZ57,583,584,586,602,605,612,615,617,621,624,634,661,679,683,684,686,717,718,719,724,726,745,746,754,767
OZ58,591,602,603,608,609,612,615,624,628,631,633,634,641,642,645,646,652,661,662,664,666,668,679,680,684,685,686,697,700,710,717,718,722,723,724,726,727,728,731,734,741,742,745,746,751,753,754,756,766
OZ59,602,603,612,615,617,643,679,718,723,727,741,745,746,751,753,754
OZ60,586,603,605,654,662,664,665,700,723,727,741,751,753,756,767
OZ61,608,617,629,634,641,642,643,675,684,685,697,717,722,724,737,742,766
OZ62,624,634,661,679,684,686,717,724,726,746
OZ63,592,599,621,627,628,631,633,640,641,642,643,645,647,653,662,663,664,676,679,680,683,687,695,697,700,710,716,719,722,728,734,736,746,756
OZ64,607,629,634,679,684,717,723,724,727,746
OZ65,628,629,633,634,662,664,675,679,680,684,700,710,717,724,728,737,746,756
