X0,0,21,45,47,65,78,79,81
X1,1,14,16,26,37,39,43,92
X2,2,4,8,10,48,58,68,81
X3,3,5,32,53,57,64,89,93
X4,4,23,24,32,54,63,74,94
X5,5,44,58,61,62,70,71,88
X6,6,22,37,50,59,74,78,84
X7,7,11,15,34,50,55,63,75
X8,7,8,19,36,57,61,72,90
X9,9,20,29,43,49,51,79,88
X10,1,10,11,13,23,52,56,80
X11,12,19,30,65,68,75,82,95
X12,13,15,18,25,42,44,77,93
X13,0,14,24,28,41,48,49,89
X14,16,25,28,30,46,70,80,85
X15,6,17,27,39,42,86,87,91
X16,17,18,29,53,54,73,76,92
X17,12,22,26,40,47,56,67,83
X18,20,27,31,60,67,71,85,95
X19,21,33,35,66,72,76,84,94
X20,31,34,35,36,40,69,77,91
X21,3,38,41,46,55,59,82,87
X22,33,38,45,51,60,64,86,90
OX0,24,29,35,41,43,44,46,47,48,49,51,53,54,55,57,58,59,60,61,62,65,66,70,71,72,73,78,79,81,82,84,86,87,88,89,90,93,94
OX1,11,15,22,27,29,30,37,38,39,50,55,57,58,61,62,63,64,71,73,76,77,78,82,84,85,86,88,91,92,94
OX2,22,26,29,30,35,38,40,43,49,50,51,55,56,60,64,66,67,72,73,74,78,79,82,83,84,86,90,95
OX3,26,27,30,34,35,36,37,38,39,40,43,44,49,51,53,54,55,56,57,58,59,60,61,62,64,66,67,70,71,76,77,79,82,83,87,88,91,92,93,95
OX4,27,29,30,34,35,36,38,40,43,44,49,51,53,54,55,57,58,59,60,61,62,64,67,69,70,71,73,76,77,79,82,87,88,91,93,95
OX5,29,30,35,38,40,43,49,50,51,55,60,64,67,69,72,73,74,76,79,82,86,90,94,95
OX6,30,38,55,57,58,59,61,62,64,71,82,85,87,88
OX7,38,40,50,57,58,59,61,62,64,66,67,69,71,74,76,85,87,88,94,95
OX8,35,44,53,54,57,58,61,62,66,70,71,72,76,88,90,93
OX9,40,44,53,54,66,67,69,70,76,85,93,95
Z0,0,48,81
Z1,1,26,56
Z2,2,58,62
Z3,3,41,89
Z4,4,10,23
Z5,5,44,93
Z6,6,37,39
Z7,7,34,36
Z8,8,19,68
Z9,9,29,73
Z10,4,24,48
Z11,11,13,15
Z12,12,67,95
Z13,13,25,80
Z14,14,16,28
Z15,15,34,77
Z16,1,16,80
Z17,17,39,92
Z18,18,53,93
Z19,8,58,61
Z20,20,71,88
Z21,21,78,84
Z22,22,26,37
Z23,2,10,52
Z24,24,32,89
Z25,11,23,63
Z26,14,43,49
Z27,27,60,86
Z28,28,41,46
Z29,9,62,88
Z30,30,85,95
Z31,31,40,67
Z32,32,53,54
Z33,33,72,90
Z34,7,19,75
Z35,35,36,72
Z36,25,44,70
Z37,22,47,78
Z38,3,38,64
Z39,17,18,42
Z40,40,69,83
Z41,38,86,87
Z42,6,59,87
Z43,29,43,92
Z44,5,57,61
Z45,45,51,79
Z46,30,46,82
Z47,12,47,65
Z48,0,49,79
Z49,42,77,91
Z50,50,55,59
Z51,20,51,60
Z52,52,56,83
Z53,54,76,94
Z54,50,63,74
Z55,57,64,90
Z56,35,66,69
Z57,27,31,91
Z58,65,68,81
Z59,66,73,76
Z60,21,33,45
Z61,70,71,85
Z62,74,84,94
OZ0,56,62,64,69,71,72,73,76,77,80,83,85,90,93
OZ1,58,61,63,69,72,73,75,76,78,81,82,84,87,91,94
OZ2,53,61,68,71,76,77,78,81,84,86,90,91,93,95
OZ3,61,62,63,68,71,73,75,76,79,81,82,86,87,88,90,94,95
OZ4,62,63,68,69,71,75,78,81,82,84,87,91,94,95
OZ5,63,72,75,82,86,87,90,94
OZ6,64,68,69,71,72,73,76,77,79,81,88,90,93,95
OZ7,69,72,73,76,86,90,91
OZ8,68,72,78,81,82,84,86,87,90
OZ9,71,72,78,79,82,84,86,87,88,90,95
