X0,0,40,41,46,128
X1,1,8,9,41,47
X2,2,22,43,47,127
X3,3,36,37,67,110
X4,4,108,126,137,144
X5,5,44,50,132,136
X6,6,31,32,106,119
X7,7,19,29,77,86
X8,3,8,15,130,148
X9,9,14,27,92,104
X10,10,86,102,124,133
X11,11,54,71,87,142
X12,12,59,60,88,95
X13,4,13,69,128,149
X14,14,21,53,75,140
X15,15,56,62,119,138
X16,16,73,74,90,93
X17,17,38,65,66,87
X18,18,28,116,125,145
X19,7,20,38,78,113
X20,5,19,40,123,131
X21,21,42,71,91,117
X22,22,28,82,112,144
X23,23,44,60,63,140
X24,24,32,102,127,147
X25,25,63,98,103,148
X26,26,34,64,97,149
X27,27,55,79,112,129
X28,18,50,68,81,124
X29,29,55,64,96,134
X30,30,33,83,118,141
X31,31,57,70,90,116
X32,6,97,104,118,132
X33,30,80,89,108,122
X34,34,52,57,117,135
X35,35,80,81,109,138
X36,36,53,78,85,143
X37,17,37,82,107,136
X38,39,84,100,105,115
X39,0,83,85,114,120
X40,10,42,48,69,130
X41,11,43,49,74,131
X42,23,61,115,121,126
X43,12,13,45,113,125
X44,46,61,66,101,106
X45,2,58,89,135,143
X46,16,48,100,107,141
X47,26,35,49,59,67
X48,51,68,91,101,111
X49,25,52,72,99,123
X50,54,92,105,109,139
X51,56,73,75,77,137
X52,24,33,45,103,142
X53,39,58,88,94,133
X54,62,65,72,79,94
X55,51,96,98,122,146
X56,76,99,114,139,145
X57,93,95,111,120,129
X58,76,110,121,134,147
OX0,38,41,53,60,63,64,69,70,72,74,78,80,83,85,88,89,90,95,98,102,104,106,108,114,116,117,119,121,122,123,127,131,132,134,135,139,141,142,143,145,148
OX1,41,60,64,65,66,67,71,74,81,82,83,88,89,92,95,103,104,105,107,108,122,130,131,132,136,138,139,141
OX2,50,60,61,63,66,69,70,71,73,75,77,79,80,82,90,91,92,94,96,98,101,102,105,106,107,110,111,113,114,115,117,122,123,124,126,127,130,132,134,135,137,140,142,146
OX3,53,60,61,65,69,71,72,74,77,79,80,81,86,90,91,92,94,95,98,100,102,103,105,107,111,115,117,119,120,121,124,126,129,130,133,137,139,141,148
OX4,63,70,72,84,88,90,94,98,100,102,103,105,106,110,114,115,116,119,121,123,133,134,139,145,148
OX5,59,60,64,65,66,67,69,71,81,82,83,88,89,92,95,103,104,105,107,108,122,130,132,136,138,139,141,149
OX6,60,64,67,71,73,74,81,83,84,87,89,90,92,95,103,104,107,111,113,115,120,122,125,126,128,129,130,132,137,138,139,144
OX7,61,65,66,69,82,84,87,88,94,100,102,105,107,108,113,115,117,125,126,130,133,135,136,137,144,147
OX8,64,65,67,69,72,73,75,77,79,80,83,84,88,89,98,100,104,105,113,115,117,119,122,125,126,127,128,132,133,135,138,141,142,144,148
OX9,55,65,71,72,74,75,77,81,82,83,87,88,90,92,95,98,100,102,104,105,107,108,111,113,115,119,120,121,122,125,126,128,130,133,135,136,137,139,140,143,144,147,148
OX10,65,69,71,73,75,77,80,81,82,84,87,88,92,94,100,107,115,117,119,127,130,133,135,136,137,139,142
OX11,79,82,86,88,89,91,94,101,108,111,115,121,124,129,132,135,136,137,140,143,147
OX12,66,69,71,73,75,77,80,81,84,88,92,94,100,108,113,115,117,119,125,126,127,128,133,135,139,142,144
OX13,69,84,88,94,100,105,108,113,115,117,125,126,127,128,133,135,137,142,144
OX14,84,86,89,91,94,100,101,105,107,111,113,121,124,125,126,127,128,129,130,132,133,135,140,142,143,144,147
OX15,70,71,73,75,77,80,81,83,85,86,88,89,91,92,94,100,102,105,106,108,110,115,116,119,124,132,133,134,135,140,141,143,145,147
OX16,86,88,89,90,91,94,100,101,102,106,108,115,119,120,121,124,132,133,135,137,140,141,143
OX17,74,75,77,88,95,102,108,113,115,121,125,127,137,142,144,147
OX18,67,71,73,75,77,80,81,85,89,90,92,100,101,105,110,113,120,125,127,132,133,138,139,140,141,142,144
OX19,80,89,94,96,98,107,108,122,126,128,129,130,132,135,140,143,146
OX20,73,75,77,81,89,94,96,98,102,106,107,108,113,116,119,122,126,127,128,129,130,132,135,137,140,142,143,145,146,147
OX21,81,89,94,96,98,116,122,125,129,135,143,144,145,146
OX22,71,72,85,88,90,92,96,100,101,105,106,107,108,110,113,115,119,120,125,126,127,128,129,130,133,134,135,137,141,142,143,144,146,147,148
OX23,72,85,87,88,90,96,100,101,102,106,108,110,113,115,119,120,121,125,129,132,133,134,135,137,140,141,143,144,146,148
OX24,85,88,89,90,100,102,106,107,108,110,111,115,119,120,121,126,128,129,130,133,134,137,141
OX25,88,90,100,106,108,111,113,115,119,120,121,125,127,129,132,133,137,140,141,142,144
OX26,87,89,94,101,111,113,125,129,135,143,144
OX27,83,94,111,120,129,135,143
OX28,90,100,102,106,119,133,147
OX29,89,94,108,111,120,129,132,135,137,140,141,143
OX30,102,107,113,116,121,126,127,128,130,132,139,140,142,145,147
OX31,107,126,128,130,132,140
Z0,0,46,101,111,120
Z1,1,8,98,146,148
Z2,2,22,89,108,144
Z3,3,37,48,107,130
Z4,4,46,61,126,128
Z5,5,25,44,63,123
Z6,6,24,32,33,118
Z7,7,20,29,96,146
Z8,8,41,69,128,130
Z9,9,22,27,47,112
Z10,10,42,68,91,124
Z11,11,35,49,54,109
Z12,12,13,26,59,149
Z13,4,13,28,125,144
Z14,14,21,54,71,92
Z15,15,25,62,72,148
Z16,16,83,93,120,141
Z17,17,65,79,82,112
Z18,18,81,109,139,145
Z19,19,73,74,77,131
Z20,20,70,113,116,125
Z21,14,44,104,132,140
Z22,1,9,84,92,105
Z23,23,39,60,88,115
Z24,11,24,43,127,142
Z25,5,19,50,86,124
Z26,12,45,60,63,103
Z27,27,55,64,97,104
Z28,26,64,67,110,134
Z29,29,86,102,134,147
Z30,30,83,85,89,143
Z31,31,56,73,90,119
Z32,6,31,34,57,97
Z33,30,33,98,103,122
Z34,34,42,69,117,149
Z35,3,15,35,67,138
Z36,36,76,85,110,114
Z37,17,36,37,38,78
Z38,38,45,87,113,142
Z39,23,75,126,137,140
Z40,0,40,99,114,123
Z41,40,41,43,47,131
Z42,32,61,106,121,147
Z43,2,58,102,127,133
Z44,21,53,117,135,143
Z45,18,28,50,82,136
Z46,49,59,74,93,95
Z47,51,68,80,81,122
Z48,52,57,99,116,145
Z49,7,53,75,77,78
Z50,51,55,96,111,129
Z51,56,80,108,137,138
Z52,52,58,72,94,135
Z53,62,65,66,106,119
Z54,66,71,87,91,101
Z55,16,70,84,90,100
Z56,76,105,115,121,139
Z57,79,88,94,95,129
Z58,107,118,132,136,141
OZ0,46,48,50,59,60,61,63,64,65,67,81,83,84,87,88,90,93,94,95,98,100,103,109,110,112,116,118,120,126,128,129,130,132,134,139,142,144,145,146,148,149
OZ1,48,50,59,60,61,63,64,65,67,69,73,74,77,81,83,84,86,87,88,90,93,94,95,96,99,100,101,102,103,109,110,111,112,114,116,118,123,126,129,131,132,139,142,144,145,146,147,149
OZ2,50,64,68,80,81,82,84,92,97,102,104,105,111,112,122,124,129,134,136,146,147
OZ3,54,71,78,83,90,93,100,105,113,116,117,120,125,135,141,143
OZ4,64,84,92,96,97,104,105,146
OZ5,59,60,63,67,83,84,85,89,92,96,98,104,105,110,118,122,134,143,146
OZ6,60,68,73,75,80,81,82,84,92,93,95,104,105,111,112,122,129,132,136,140,146
OZ7,61,68,73,74,80,81,82,84,92,99,101,104,105,112,114,120,122,123,126,129,131,132,136,137,146
OZ8,58,63,65,68,72,74,75,77,81,83,86,87,90,91,92,103,104,105,109,112,115,116,117,118,120,123,126,129,131,133,135,139,140,142,144,145
OZ9,63,68,75,77,80,81,82,83,85,86,89,96,98,102,111,112,118,129,132,134,136,140,143,147
OZ10,65,69,72,73,74,81,82,83,84,87,90,93,96,97,100,102,103,109,116,120,123,124,130,131,132,134,136,137,139,141,142,144,145,146,147,148,149
OZ11,69,71,73,74,81,82,85,89,90,91,92,93,96,97,99,100,102,103,104,105,109,111,114,116,118,122,123,124,130,131,132,134,136,137,139,141,142,143,144,145,147,148,149
OZ12,78,83,84,85,90,93,96,100,105,113,114,115,116,120,121,125,134,139,141,146
OZ13,71,72,73,77,80,82,83,84,85,86,90,94,96,98,99,103,105,109,116,117,118,121,122,126,132,133,134,135,136,142,143,144,145,146
OZ14,73,74,77,83,84,86,90,93,96,99,100,102,116,120,123,131,134,141,145,146,147
OZ15,83,90,93,100,101,105,106,109,111,114,116,119,138,141,145
OZ16,84,85,89,90,92,93,100,101,104,106,109,111,114,116,118,119,122,138,141,143,145,146
OZ17,81,82,85,88,90,91,92,93,95,96,101,104,106,108,112,116,117,119,120,121,122,124,126,129,132,133,134,135,136,138,139,143,145
OZ18,77,80,85,86,89,90,92,93,96,100,101,102,104,105,106,108,111,114,116,118,119,122,134,137,138,141,143,145,147
OZ19,68,72,80,82,89,91,94,96,99,100,101,105,106,108,111,112,117,118,119,121,122,124,126,129,132,133,134,135,136,138,139,141
OZ20,80,85,89,90,92,93,100,101,104,105,106,111,114,116,118,119,138,141,143,145
OZ21,82,88,89,91,95,100,102,105,108,111,112,114,117,118,120,121,126,129,132,133,135,136,139,141,147
OZ22,90,92,93,100,104,105,114,116,118,120,141,145
OZ23,72,74,85,91,92,93,94,96,100,102,104,105,108,111,112,117,118,120,122,123,129,131,133,134,135,141,143,144,147
OZ24,85,89,96,105,114,115,121,122,134,139,143
OZ25,74,88,92,93,95,96,99,100,102,104,105,108,112,114,118,120,122,123,129,131,133,134,141,144,147
OZ26,89,91,96,105,111,114,115,117,120,121,122,134,135,139
OZ27,88,92,95,100,102,104,114,115,118,120,121,133,139,141,147
OZ28,96,105,108,112,114,115,120,121,122,129,134,139,144
OZ29,92,100,104,105,118,141
OZ30,101,106,109,111,114,119,120,138,139
OZ31,105,112,114,115,120,126,129,139,144
