X0,0,49,55,65,131
X1,1,17,62,65,123
X2,2,13,14,53,55
X3,3,7,16,17,130
X4,4,53,93,124,126
X5,5,33,42,116,134
X6,6,49,77,87,98
X7,7,26,79,110,143
X8,8,44,63,119,138
X9,9,66,126,136,144
X10,10,38,43,87,118
X11,11,40,46,92,113
X12,12,22,38,68,89
X13,13,21,29,84,145
X14,3,12,14,52,61
X15,15,69,102,122,145
X16,16,36,57,109,135
X17,1,90,99,114,147
X18,18,32,50,56,128
X19,19,35,64,67,101
X20,20,26,37,127,128
X21,21,47,94,97,121
X22,22,39,82,104,120
X23,23,58,75,109,136
X24,24,75,96,99,116
X25,10,25,42,48,80
X26,20,85,113,131,149
X27,27,100,115,117,141
X28,28,76,111,112,132
X29,11,29,45,67,78
X30,30,70,119,137,143
X31,31,73,106,108,121
X32,31,32,86,125,147
X33,0,33,63,66,101
X34,23,34,46,70,129
X35,35,81,88,91,140
X36,27,36,94,142,146
X37,37,64,105,108,139
X38,25,28,103,123,133
X39,39,91,114,146,149
X40,40,74,93,112,120
X41,41,60,115,133,140
X42,5,74,100,105,130
X43,43,84,88,96,110
X44,44,59,83,117,122
X45,6,45,111,125,135
X46,9,47,79,132,148
X47,8,50,61,76,81
X48,4,51,90,102,107
X49,24,52,73,83,92
X50,19,51,57,68,95
X51,54,62,72,78,137
X52,15,54,56,82,134
X53,41,58,69,98,127
X54,59,80,85,95,148
X55,60,72,89,106,144
X56,30,86,118,124,141
X57,71,77,97,104,138
X58,71,103,107,129,139
OX0,64,69,72,73,89,94,96,98,99,100,105,109,116,117,121,127,130,133,136,139,140,141,142,144,146
OX1,46,49,55,57,62,65,66,68,74,78,81,84,85,87,88,91,92,95,98,99,100,101,102,103,104,105,108,110,111,112,114,115,117,120,121,123,124,125,127,128,129,130,131,132,135,136,138,140,141,143,144,145,146,147,148,149
OX2,48,49,55,57,65,66,68,69,72,73,74,75,81,82,84,85,86,87,88,91,92,95,96,98,100,101,103,104,105,106,110,111,112,114,115,116,117,118,119,120,122,123,125,127,130,131,132,134,135,136,138,140,144,146,147,148,149
OX3,49,55,62,65,66,69,72,73,74,76,78,81,82,84,88,96,100,101,102,105,106,108,110,116,118,119,121,122,124,125,128,130,131,137,138,141,145,147
OX4,62,79,85,90,99,110,113,114,123,143,147,149
OX5,55,57,63,65,66,67,68,72,78,82,84,85,86,87,91,93,95,97,99,100,101,102,104,105,107,108,110,113,115,117,119,120,121,123,127,128,130,131,132,136,137,138,139,143,144,145,147,148
OX6,63,69,72,73,76,78,79,81,82,85,87,90,91,99,102,104,106,108,110,113,119,120,121,122,123,124,125,128,137,138,141,143,145,146
OX7,57,67,68,69,75,78,82,85,86,87,88,89,92,95,96,99,102,103,104,106,108,111,112,114,116,117,118,119,120,121,123,125,128,129,132,133,137,140,143,145,146,147,148,149
OX8,74,75,78,79,82,85,86,89,90,91,92,93,97,99,102,103,106,107,110,111,112,115,119,122,123,124,125,129,133,136,137,139,140,141,143,144,145,146,147
OX9,67,69,72,76,86,88,89,91,96,98,99,106,115,116,125,127,133,135,136,144,147
OX10,73,75,80,82,85,86,87,89,91,92,95,96,99,104,114,116,117,120,122,124,141,146,148,149
OX11,69,90,99,114,115,123,127,131,133,140,147
OX12,78,79,85,90,99,102,110,113,114,115,122,123,133,137,140,143,145,147,149
OX13,72,89,90,99,106,108,114,121,123,127,128,131,147
OX14,75,76,81,82,84,87,88,89,92,93,97,99,100,101,103,104,105,106,107,110,111,112,113,118,119,120,124,129,130,136,139,141,144,147
OX15,79,80,81,84,86,88,91,93,95,96,97,100,101,105,107,108,111,112,114,116,117,121,122,123,124,125,127,128,130,131,133,136,139,141,144,146,148
OX16,86,87,97,103,104,107,119,124,129,139,141
OX17,66,76,80,81,84,87,88,91,93,94,95,97,98,99,100,101,104,105,109,110,111,112,114,117,118,121,122,124,126,130,131,132,136,141,142,144,146,147
OX18,76,80,81,82,85,89,93,95,96,99,100,101,105,106,111,112,113,116,117,120,122,124,130,136,141,144,147,148
OX19,80,84,88,95,99,110,111,112,117,118,122,124,125,132,141,147
OX20,84,87,88,91,97,104,107,110,118,123,133,139,140
OX21,82,85,87,89,99,103,104,106,108,111,112,113,114,119,120,121,123,124,125,127,128,129,131,132,133,140,141,146,147,148
OX22,87,91,93,94,98,99,104,107,108,109,111,112,123,124,125,127,128,133,139,140,142,147
OX23,85,93,94,97,98,99,108,109,113,114,124,127,128,132,142,147,148,149
OX24,81,99,100,101,105,107,108,114,123,124,127,128,130,131,133,139,147
OX25,91,96,97,99,103,107,108,114,116,119,121,124,127,128,129,131,136,139,141,144,146,147
OX26,94,96,98,99,103,108,109,116,119,121,123,124,127,128,129,133,136,140,141,142,144,146,147
OX27,96,97,107,108,114,116,121,123,127,128,131,133,136,139,140,144,146
OX28,97,107,123,133,139,140,146
OX29,99,107,108,114,115,117,123,124,127,128,131,133,139,140,141,147
OX30,90,115,117,123,124,133,140,141
OX31,103,115,117,119,123,129,133,140
Z0,0,53,55,66,126
Z1,1,65,114,131,149
Z2,2,14,18,50,61
Z3,3,14,17,55,65
Z4,4,13,53,102,145
Z5,5,74,82,120,134
Z6,6,58,98,109,135
Z7,7,17,62,137,143
Z8,8,44,52,61,83
Z9,9,47,106,121,144
Z10,10,42,43,96,116
Z11,11,40,45,111,112
Z12,3,12,16,57,68
Z13,2,13,21,94,142
Z14,12,52,73,89,106
Z15,15,56,69,127,128
Z16,16,27,36,100,130
Z17,7,26,37,105,130
Z18,18,42,48,56,134
Z19,19,51,64,107,139
Z20,20,49,98,127,131
Z21,4,86,90,124,147
Z22,22,54,72,82,89
Z23,23,24,46,75,92
Z24,23,34,36,109,142
Z25,25,28,80,132,148
Z26,20,26,79,85,148
Z27,27,91,115,140,146
Z28,28,76,81,133,140
Z29,29,35,67,84,88
Z30,30,44,117,119,141
Z31,31,32,37,108,128
Z32,32,50,76,111,125
Z33,33,66,75,116,136
Z34,24,31,73,99,147
Z35,8,35,63,81,101
Z36,21,47,79,84,110
Z37,22,38,77,87,104
Z38,39,94,97,104,146
Z39,39,40,113,120,149
Z40,41,58,60,136,144
Z41,10,38,68,80,95
Z42,30,43,110,118,143
Z43,15,29,54,78,145
Z44,19,45,57,67,135
Z45,11,46,70,78,137
Z46,9,93,112,126,132
Z47,0,49,63,77,138
Z48,51,59,95,102,122
Z49,6,86,87,118,125
Z50,59,83,85,92,113
Z51,60,62,72,123,133
Z52,41,69,115,117,122
Z53,5,33,64,101,105
Z54,1,90,103,107,123
Z55,70,71,119,129,138
Z56,71,97,108,121,139
Z57,74,93,100,124,141
Z58,88,91,96,99,114
OZ0,48,54,56,69,76,79,80,81,84,93,94,97,103,106,108,110,112,119,126,127,128,133,137,138,139,140,142,144,145,148
OZ1,50,63,67,69,72,73,77,78,81,82,83,84,87,91,99,101,104,106,110,114,116,117,118,119,127,128,134,141,143,145
OZ2,52,56,57,61,68,69,72,76,84,85,86,89,91,92,93,97,99,100,102,103,104,105,107,108,110,113,114,116,117,120,121,122,124,125,127,128,132,133,134,135,137,140,143,145,148
OZ3,54,56,57,63,67,69,75,77,78,82,83,85,87,90,92,93,95,100,101,105,107,113,116,118,120,122,125,126,127,128,134,135,136,138,139,141,147
OZ4,57,63,67,75,76,77,78,81,82,87,90,93,95,97,100,101,103,105,107,108,116,118,119,120,121,125,126,132,133,134,135,136,137,140,141,147,148
OZ5,53,55,56,72,75,76,81,83,85,86,87,90,92,97,98,107,108,109,113,114,115,116,117,118,119,121,125,126,127,128,131,132,134,135,137,138,139,140,144,148,149
OZ6,56,63,66,69,72,73,75,76,77,81,82,85,87,92,96,97,103,104,106,108,110,113,117,118,121,122,127,128,132,133,136,137,138,139,140,141,143,148
OZ7,37,63,66,69,72,77,79,85,87,103,109,114,115,117,118,122,124,125,126,127,133,135,136,137,138,139,143,144,147,148,149
OZ8,79,84,86,90,93,102,110,112,124,132,145,147
OZ9,66,67,75,76,78,81,82,83,85,92,93,97,100,101,102,103,105,107,108,113,116,119,120,121,122,124,132,133,134,136,137,138,140,141,148
OZ10,69,72,73,76,81,82,85,86,87,90,91,92,94,96,97,98,100,103,104,105,107,108,110,113,115,116,117,118,122,124,126,132,133,134,137,141,143,144,146,147,148
OZ11,73,82,83,90,91,94,96,100,104,105,107,109,110,115,116,117,119,121,124,125,126,134,135,136,138,139,140,141,143,146,147
OZ12,68,76,81,84,85,89,90,91,93,94,95,97,100,105,107,110,112,114,117,119,122,126,138,139,143,144,145,146,149
OZ13,63,67,76,77,78,81,83,85,86,87,92,93,97,100,101,102,103,105,107,108,111,112,113,118,119,121,122,124,125,132,133,137,140,141,148
OZ14,75,76,81,84,86,90,93,94,96,102,106,109,112,114,115,121,125,126,135,140,141,144,145,146
OZ15,82,83,85,91,92,94,99,100,102,105,106,107,109,112,113,115,116,120,121,122,125,132,134,135,136,139,140,144,146,147,148
OZ16,72,84,86,90,93,94,96,97,99,102,103,106,108,109,111,112,114,115,119,126,133,135,136,137,138,139,141,145,146,147
OZ17,76,81,83,84,85,92,97,103,108,110,113,119,121,122,132,133,138,139,140,143,145,148
OZ18,83,91,92,93,94,96,99,100,102,103,104,105,107,108,110,113,114,119,120,121,122,124,133,138,140,141,143,146,149
OZ19,91,96,97,99,103,108,110,114,119,121,133,138,139,140,143
OZ20,85,86,100,102,103,105,106,107,108,109,111,114,115,117,122,132,133,135,136,141,144,147,148,149
OZ21,84,86,104,110,111,112,117,119,120,122,125,138,141,143,145
OZ22,90,94,97,102,103,104,106,108,109,111,112,114,115,117,120,122,133,135,136,139,144,146
OZ23,77,87,94,97,100,102,103,105,106,107,108,109,114,115,117,118,122,125,133,135,136,141,144,146,147
OZ24,86,94,97,100,102,103,104,105,106,107,108,109,111,112,114,115,117,120,122,133,135,136,141,144,146,147
OZ25,102,103,107,115,117,122,133
OZ26,93,96,99,103,104,106,108,109,110,115,119,120,124,125,133,135,136,138,139,141,143,144,147
OZ27,94,96,97,99,103,106,108,110,114,115,119,124,126,133,138,139,141,143,144,146
OZ28,96,99,103,104,106,108,110,111,112,115,119,120,124,125,126,133,138,139,141,143,144,147
OZ29,97,104,106,109,111,112,120,121,135,136,144
OZ30,100,105,106,108,124,126,141,144
OZ31,103,106,108,115,124,126,133,139,141,144
