X0,0,1,2,3,4
X1,0,88,191,314,326
X2,2,63,123,207,208
X3,1,99,118,119,120
X4,3,72,211,272,273
X5,5,6,7,8,9
X6,5,129,201,202,203
X7,6,147,151,236,290
X8,8,71,127,192,257
X9,9,117,180,278,279
X10,10,11,12,13,14
X11,11,78,79,80,81
X12,12,58,186,284,328
X13,13,76,157,254,277
X14,14,172,218,266,316
X15,15,16,17,18,19
X16,16,216,267,268,269
X17,15,204,250,302,303
X18,17,175,202,226,291
X19,19,80,181,182,183
X20,20,21,22,23,24
X21,21,82,150,229,289
X22,22,114,115,116,117
X23,23,87,88,89,90
X24,20,162,214,235,300
X25,25,26,27,28,29
X26,25,148,271,286,327
X27,26,185,279,310,311
X28,27,248,268,281,322
X29,28,206,228,273,296
X30,30,31,32,33,34
X31,30,154,155,156,157
X32,32,91,225,283,321
X33,33,152,204,205,206
X34,34,96,97,98,99
X35,35,36,37,38,39
X36,36,98,109,288,289
X37,37,128,129,130,131
X38,38,107,169,234,303
X39,39,184,185,186,187
X40,40,41,42,43,44
X41,41,60,61,62,63
X42,42,56,155,261,291
X43,43,101,125,126,127
X44,44,144,227,270,271
X45,45,46,47,48,49
X46,46,132,312,315,326
X47,47,62,106,194,321
X48,48,215,216,217,218
X49,49,146,147,148,149
X50,50,51,52,53,54
X51,51,69,70,71,72
X52,50,190,283,284,285
X53,53,66,183,213,214
X54,54,131,199,282,312
X55,55,56,57,58,59
X56,40,105,229,230,231
X57,52,57,230,306,322
X58,10,126,188,255,317
X59,24,59,140,188,189
X60,60,118,181,201,255
X61,61,138,237,238,239
X62,45,189,232,233,234
X63,4,81,108,276,313
X64,64,65,66,67,68
X65,64,178,275,308,317
X66,65,130,159,294,301
X67,67,137,138,139,140
X68,68,113,165,221,314
X69,69,207,252,267,300
X70,70,179,224,292,293
X71,7,120,170,171,172
X72,73,119,193,241,258
X73,73,74,75,76,77
X74,75,217,238,324,325
X75,74,162,163,164,165
X76,77,177,222,223,224
X77,78,154,272,288,310
X78,79,168,251,262,323
X79,18,116,153,208,245
X80,82,83,84,85,86
X81,83,246,260,261,262
X82,84,121,122,123,124
X83,85,143,156,240,241
X84,86,111,178,179,180
X85,87,105,106,107,108
X86,89,112,244,287,307
X87,29,90,252,253,254
X88,91,92,93,94,95
X89,92,298,305,306,307
X90,93,209,210,211,212
X91,94,124,198,231,294
X92,95,164,195,250,251
X93,96,146,190,191,192
X94,97,158,159,160,161
X95,35,270,280,313,318
X96,100,101,102,103,104
X97,100,240,256,286,287
X98,102,110,160,320,328
X99,103,134,274,275,276
X100,104,212,265,285,324
X101,109,110,111,112,113
X102,114,170,232,277,327
X103,115,167,247,308,309
X104,121,222,237,256,257
X105,122,242,259,296,304
X106,125,278,280,281,282
X107,128,150,151,152,153
X108,132,133,134,135,136
X109,133,210,295,304,318
X110,135,171,219,220,221
X111,136,200,239,269,309
X112,137,158,193,194,195
X113,139,174,196,290,319
X114,141,142,143,144,145
X115,142,166,167,168,169
X116,141,233,297,319,320
X117,145,161,203,264,295
X118,31,55,223,235,236
X119,163,205,243,299,329
X120,166,219,245,258,259
X121,173,263,264,265,266
X122,173,174,175,176,177
X123,149,197,242,243,244
X124,182,209,260,292,301
X125,184,213,302,315,316
X126,187,249,297,298,299
X127,196,197,198,199,200
X128,215,225,226,227,228
X129,220,263,293,311,329
X130,253,274,305,323,325
OX0,105,106,113,123,130,131,134,140,146,147,148,158,159,165,171,175,177,178,183,189,193,195,198,208,210,213,214,216,217,218,219,225,226,227,228,229,231,232,233,234,237,238,242,243,244,246,247,248,249,252,264,265,266,267,269,275,282,290,293,294,295,300,301,304,306,308,309,311,314,315,317,318,319,321,322,326,329
OX1,117,119,120,127,129,147,151,154,157,162,164,165,170,171,177,179,180,186,190,192,193,201,202,203,205,211,217,218,222,223,236,238,241,243,254,257,258,266,273,277,278,279,283,285,288,290,292,293,299,310,316,324,325,328,329
OX2,107,111,113,119,120,124,126,127,129,130,131,134,144,146,148,150,151,153,154,156,157,158,159,161,162,164,169,181,186,190,192,195,198,201,204,205,209,210,211,213,214,223,225,227,228,231,234,236,240,244,248,249,250,251,252,254,255,256,261,265,268,273,275,276,278,279,282,283,285,288,289,291,294,296,297,299,300,302,303,306,310,311,313,314,315,316,318,320,321,322,323,324,325,326,327,328
OX3,112,124,146,148,152,162,164,185,190,192,195,198,204,205,209,210,211,212,214,223,225,228,231,236,244,248,250,251,252,254,268,271,273,274,279,281,283,286,287,294,296,298,300,306,310,311,314,321,322,323,325,326,327
OX4,72,81,111,113,119,120,123,124,126,127,129,130,131,138,144,147,150,151,153,154,156,157,158,159,161,162,164,169,171,181,186,189,190,192,194,195,197,198,200,201,204,205,207,208,209,213,214,216,217,218,219,221,223,226,231,232,233,236,237,238,240,242,243,248,249,250,251,252,254,255,256,261,263,265,268,269,272,275,278,279,282,283,285,288,289,291,293,294,295,296,297,299,300,302,303,304,306,309,310,312,314,316,320,322,323,324,325,327,328,329
OX5,99,110,124,146,148,152,158,159,160,161,162,164,185,190,191,192,195,198,204,205,209,210,211,212,214,223,225,228,231,236,244,248,250,251,252,254,268,271,273,274,279,281,283,286,287,294,296,298,300,306,310,311,321,322,323,325,327
OX6,88,108,110,116,119,124,126,140,146,148,152,153,158,159,160,161,162,164,168,171,172,175,181,183,185,189,190,192,195,198,202,205,208,210,211,212,214,216,223,225,226,228,231,232,236,244,245,248,252,254,255,260,262,267,269,271,273,274,276,277,279,281,283,286,287,291,292,294,296,298,300,301,302,303,306,310,311,313,314,317,321,322,325,326
OX7,110,111,116,120,127,129,130,131,138,140,146,147,148,150,151,152,154,157,160,161,167,172,175,178,179,180,183,185,186,194,197,200,201,202,203,204,208,209,210,212,213,217,218,221,222,225,228,238,241,242,243,244,246,249,250,251,257,258,259,263,264,265,267,268,271,274,275,277,278,281,282,285,286,287,288,289,292,293,298,299,301,304,309,311,312,316,317,319,321,323,324,326,327,328,329
OX8,111,116,119,120,126,127,130,131,134,138,140,146,148,150,152,161,162,164,165,167,175,177,178,180,181,183,185,190,192,193,194,197,200,201,204,205,208,209,210,211,213,221,223,225,228,236,240,242,244,246,249,250,251,254,255,256,259,263,264,266,267,268,271,273,276,278,281,282,283,285,289,290,298,301,304,309,310,311,312,317,319,320,321,323,324,325,326,327,328
OX9,119,120,126,134,158,159,161,181,201,212,255,265,274,275,276,285,320,324,328
OX10,116,120,126,130,131,140,153,168,171,172,175,181,183,189,201,203,204,208,209,216,226,232,245,250,251,255,260,262,267,268,269,270,276,277,280,291,292,301,302,303,317,318,323,327
OX11,140,144,156,161,167,168,169,175,177,179,180,197,198,199,200,203,219,222,233,238,239,240,241,245,247,248,249,256,257,258,259,260,261,262,263,265,266,275,290,295,297,308,317,320
OX12,113,120,124,126,138,144,148,152,154,156,157,158,159,165,167,168,169,171,172,177,178,180,181,185,186,193,194,195,198,200,201,203,204,209,214,216,221,226,227,231,233,236,243,244,245,246,248,250,251,252,255,259,260,261,262,263,264,265,266,268,269,271,275,276,277,279,281,288,292,294,296,297,298,299,300,304,306,309,312,314,315,316,318,319,322,323,327
OX13,127,130,131,134,144,147,152,154,156,157,158,159,162,164,165,169,171,183,186,189,190,192,193,197,198,199,200,204,205,208,209,211,212,216,217,218,219,223,226,232,233,236,239,240,243,248,249,250,251,254,256,259,261,263,267,268,269,270,273,274,278,279,280,283,288,291,293,295,297,299,301,302,303,309,310,316,318,323,325,327,329
OX14,120,126,134,147,148,154,157,158,159,161,164,165,172,177,179,181,185,186,190,192,193,201,205,206,211,212,214,217,218,222,228,238,240,241,243,244,248,252,255,256,257,258,265,266,268,271,275,276,277,279,281,283,288,290,292,293,296,299,300,305,307,311,316,320,322,323,327,329
OX15,81,129,134,147,148,151,152,158,159,164,165,169,171,183,185,186,189,190,192,193,197,198,199,200,204,205,206,208,209,211,212,214,216,217,218,219,226,227,228,232,233,239,243,244,249,250,251,252,259,263,267,269,270,272,276,280,282,283,293,295,296,297,299,300,301,302,303,305,307,309,310,311,316,322,329
OX16,130,131,138,144,146,148,152,154,157,158,159,161,164,165,167,168,183,185,186,189,190,192,193,194,197,198,199,203,204,205,206,208,209,210,211,212,214,219,221,222,225,232,236,238,239,240,241,243,244,245,249,250,251,252,256,257,258,264,267,282,283,288,290,295,296,299,300,301,302,303,304,305,307,312,315,316,319,320,321,322,326
OX17,126,129,146,147,151,158,159,161,171,181,193,195,200,202,203,210,212,216,217,218,219,221,225,226,227,228,236,239,255,263,265,269,274,275,276,285,290,293,295,304,309,311,312,315,318,320,321,324,326,328,329
OX18,129,134,146,147,151,158,159,171,193,195,200,210,216,217,218,219,221,225,226,227,228,236,239,263,269,290,293,295,304,309,311,312,315,318,321,326,329
OX19,124,134,138,144,148,152,154,157,161,164,165,167,168,169,171,172,177,179,185,186,194,195,198,200,203,204,205,209,212,214,216,226,227,231,233,236,241,244,245,248,250,251,252,258,259,263,264,266,268,269,271,274,277,279,281,285,288,292,294,296,297,298,300,304,306,309,312,315,316,318,319,320,322,323,324,327,328,329
OX20,138,156,158,159,167,180,193,194,195,203,219,222,227,238,239,240,241,245,247,256,257,258,259,261,264,270,271,279,280,281,282,291,295,308,309
OX21,144,156,158,159,161,162,164,165,168,169,171,172,177,180,193,205,217,222,223,224,227,233,238,241,243,247,254,258,261,270,271,277,279,280,281,282,291,297,299,308,309,319,320,324,325,329
OX22,156,158,159,161,162,164,165,168,169,171,172,177,179,180,193,205,217,222,223,224,233,238,241,243,246,247,254,258,260,261,262,277,297,299,308,309,319,320,324,325,329
OX23,134,147,148,154,157,162,168,169,172,177,185,186,189,190,192,197,198,199,200,206,208,211,212,214,216,218,219,222,223,224,226,227,228,232,233,238,239,241,244,249,252,254,258,259,260,262,263,267,269,270,276,277,280,282,283,288,292,293,295,296,297,300,305,307,309,311,316,322,323,324,325
OX24,131,168,209,251,260,262,270,276,280,292,294,318,323
OX25,146,147,148,162,164,165,168,179,195,198,199,205,208,210,212,213,221,223,224,225,228,240,242,244,248,249,254,256,257,259,260,262,267,268,270,271,274,276,279,280,281,282,285,290,293,297,299,302,303,304,311,312,318,321,325,326,327,328
OX26,147,148,154,157,161,162,167,168,169,172,175,177,185,186,189,190,192,197,198,199,200,203,206,211,214,218,219,222,223,224,227,228,232,233,238,239,241,244,245,247,249,252,254,258,259,260,262,263,265,268,270,274,277,280,282,283,285,288,291,292,293,295,296,297,300,305,307,311,316,320,322,323,325,328
OX27,154,157,161,162,164,167,169,175,179,185,189,195,197,200,203,205,206,208,210,211,212,213,214,217,219,223,224,225,227,232,233,239,240,241,242,245,247,248,252,254,256,257,258,263,265,266,267,271,276,279,281,285,288,290,291,292,295,296,299,300,302,303,304,305,307,312,318,320,321,322,323,324,325,327,328
OX28,164,168,169,172,177,179,189,195,197,198,199,205,208,210,212,217,218,222,225,228,232,233,238,240,243,248,249,256,257,259,260,262,266,267,268,270,271,274,276,277,279,280,281,282,285,290,293,297,299,304,311,312,315,318,321,324,327,328
OX29,161,167,168,169,171,172,175,177,179,189,197,198,199,200,203,219,222,227,232,233,238,239,240,245,247,248,249,256,257,259,260,262,263,265,266,270,271,277,279,280,281,282,290,291,295,297,320,327
OX30,148,169,172,175,177,197,213,218,233,242,243,244,246,247,248,249,263,264,265,277,290,302,303,315,319,327
OX31,123,198,199,200,237,238,239,242,259,296,304
OX32,152,183,197,198,204,236,250,290,294,301,302,303
OX33,171,172,177,179,189,197,198,199,200,208,216,219,222,226,227,232,238,239,240,247,248,249,256,257,259,260,262,263,265,266,267,268,269,270,271,277,279,280,281,282,290,295,319,327
OX34,162,165,175,183,189,197,198,205,217,222,223,224,232,238,243,246,247,248,249,250,254,263,264,265,266,290,294,299,301,302,303,319,324,325,327,329
OX35,158,159,168,169,172,175,177,179,183,189,193,195,197,199,203,205,210,212,216,217,218,222,225,226,228,232,233,238,240,242,243,248,249,250,256,257,260,262,266,269,270,271,274,276,277,279,280,281,282,285,290,291,293,294,296,297,299,301,302,303,311,312,315,318,321,324,327,328
OX36,165,168,172,175,177,183,185,186,189,197,199,205,208,211,213,214,218,232,242,243,246,247,248,250,252,259,260,262,263,264,265,267,270,273,276,277,280,282,290,292,294,296,297,300,301,304,305,307,310,312,316,318,319,322,323,327,329
OX37,168,172,175,177,185,186,189,197,198,199,211,213,218,232,246,247,248,260,262,263,264,265,270,273,276,277,280,282,290,292,297,299,302,303,305,307,310,312,316,318,319,322,323,327
OX38,169,175,179,183,185,186,198,205,210,211,212,213,216,217,222,226,227,233,238,240,242,243,246,247,249,250,256,257,263,264,265,266,269,271,273,274,279,281,285,292,293,294,296,301,305,307,310,311,315,316,319,322,323,324,328
OX39,172,175,177,183,189,197,199,205,208,217,218,232,242,243,246,247,248,249,250,259,264,265,266,267,268,269,277,290,293,294,296,299,301,302,303,304,311,312,315,319,327
OX40,198,199,208,217,218,242,259,267,268,269,296,304,312,315
OX41,175,177,179,186,189,197,206,208,210,211,212,216,217,218,222,224,226,227,228,232,238,242,243,246,247,248,249,254,259,264,265,267,268,269,285,290,292,296,299,304,311,316,319,324,325,327,328
OX42,177,189,197,208,216,217,222,224,226,232,238,242,246,247,248,249,254,259,267,268,269,290,291,296,304,319,324,325,327
OX43,183,199,205,206,216,217,218,226,227,228,250,294,301,302,303,312,315
OX44,167,179,180,208,216,226,245,246,247,260,262,267,268,269,291,308,309
OX45,185,210,212,249,273,285,297,298,299,310,328
OX46,186,199,206,209,210,211,212,216,217,226,227,228,243,263,266,285,293,294,299,311,312,315,316,328
OX47,179,189,199,206,208,209,210,212,216,217,218,224,226,228,232,240,243,246,247,254,256,257,259,267,268,271,274,279,281,285,291,292,293,294,297,298,299,304,305,307,311,312,315,319,322,323,325,327,328
OX48,180,189,208,210,212,216,217,224,226,227,232,240,254,256,257,259,263,266,267,268,270,271,274,276,279,280,281,282,285,297,304,308,309,318,319,325,327,328
OX49,206,208,210,212,217,222,228,238,240,243,248,249,256,257,259,267,268,271,274,279,281,285,297,298,299,304,305,307,311,322,323,324,328
OX50,189,200,216,218,226,232,239,246,247,248,249,254,291,312,315,319,324,325,327
OX51,200,217,218,239,312,315
OX52,199,209,217,218,222,227,238,240,246,256,257,260,262,263,265,266,270,271,279,280,281,282,291,292,293,294,295,312,315
OX53,210,212,216,217,222,226,227,238,240,243,248,249,256,257,269,271,274,279,281,285,296,297,298,299,305,307,311,322,323,324,328
OX54,208,216,217,222,226,227,238,240,243,256,257,259,265,267,268,269,271,276,279,281,295,296,298,299,304,305,307,311,318,322,323
OX55,205,213,218,243,250,263,266,293,299,302,303,311,315
OX56,265,274,276,279,281,295,298,299,311,318,322,324
OX57,217,222,238,240,244,256,257,274,286,305,307,323,324
OX58,216,222,226,227,238,240,256,257,263,266,270,271,274,276,280,282,293,298,299,311,318,322,324
OX59,224,240,244,256,257,263,266,270,274,276,280,282,286,298,318,322,324
OX60,211,212,222,227,238,240,243,246,248,249,256,257,260,262,269,270,271,280,282,285,291,292,295,296,297,298,322,328
OX61,270,276,280,282,298,305,307,318,322,323
OX62,222,227,238,240,246,247,256,257,263,266,269,271,274,291,293,299,305,307,311,323,324
OX63,263,266,274,293,299,305,307,311,323,324
OX64,212,227,244,246,247,248,249,271,276,285,286,291,295,297,305,307,318,323,328
OX65,213,218,251,274,279,281,298,299,302,303,311,315,322,323,324
OX66,227,244,246,247,248,271,279,281,286,291,299,311,322
OX67,279,281,298,299,311,322
Z0,0,1,96,99,191
Z1,0,4,87,88,108
Z2,2,3,69,72,207
Z3,3,4,78,81,272
Z4,5,7,118,120,201
Z5,6,8,146,147,192
Z6,7,9,114,117,170
Z7,8,9,125,127,278
Z8,10,11,80,181,255
Z9,11,13,78,154,157
Z10,10,12,58,59,188
Z11,12,14,184,186,316
Z12,15,18,152,153,204
Z13,16,17,215,216,226
Z14,17,19,181,201,202
Z15,15,19,183,213,302
Z16,20,23,90,252,300
Z17,21,23,87,105,229
Z18,22,24,114,189,232
Z19,21,22,116,150,153
Z20,25,29,254,277,327
Z21,26,27,278,279,281
Z22,26,28,272,273,310
Z23,27,29,252,267,268
Z24,30,31,55,56,155
Z25,31,33,151,152,236
Z26,32,34,96,190,283
Z27,30,34,98,154,288
Z28,35,38,107,108,313
Z29,36,39,185,288,310
Z30,36,37,128,150,289
Z31,38,39,184,302,303
Z32,40,42,56,57,230
Z33,40,41,62,105,106
Z34,42,44,226,227,291
Z35,43,44,125,270,280
Z36,45,49,148,232,327
Z37,46,49,146,191,326
Z38,47,48,215,225,321
Z39,46,48,218,315,316
Z40,50,52,57,58,284
Z41,51,53,69,214,300
Z42,50,51,71,190,192
Z43,53,54,213,312,315
Z44,32,33,206,225,228
Z45,20,24,55,59,235
Z46,52,54,281,282,322
Z47,13,14,170,172,277
Z48,1,2,60,63,118
Z49,61,62,137,138,194
Z50,61,63,121,123,237
Z51,64,68,111,113,178
Z52,65,67,137,158,159
Z53,66,68,162,165,214
Z54,64,67,140,188,317
Z55,70,72,209,211,292
Z56,70,71,222,224,257
Z57,73,76,156,157,241
Z58,74,77,162,223,235
Z59,75,77,222,237,238
Z60,75,76,253,254,325
Z61,79,80,182,260,262
Z62,79,81,274,276,323
Z63,82,86,109,111,289
Z64,83,86,179,260,292
Z65,84,85,121,240,256
Z66,83,85,155,156,261
Z67,88,89,112,113,314
Z68,89,90,253,305,307
Z69,91,95,194,195,321
Z70,92,95,251,305,323
Z71,91,93,212,283,285
Z72,92,94,230,231,306
Z73,97,98,109,110,160
Z74,97,99,119,158,193
Z75,100,102,110,112,287
Z76,101,103,126,275,317
Z77,102,104,284,285,328
Z78,100,101,127,256,257
Z79,45,47,106,107,234
Z80,35,37,131,280,282
Z81,82,84,124,229,231
Z82,103,104,274,324,325
Z83,65,66,182,183,301
Z84,5,6,128,129,151
Z85,115,116,166,167,245
Z86,115,117,178,180,308
Z87,119,120,171,219,258
Z88,122,124,197,198,242
Z89,122,123,208,245,259
Z90,129,130,159,161,203
Z91,130,131,198,199,294
Z92,132,136,199,200,312
Z93,133,134,276,313,318
Z94,134,136,275,308,309
Z95,133,135,219,259,304
Z96,138,139,196,200,239
Z97,139,140,189,233,319
Z98,141,145,160,161,320
Z99,142,143,166,241,258
Z100,143,144,240,271,286
Z101,144,145,270,295,318
Z102,147,149,196,197,290
Z103,148,149,244,286,287
Z104,16,18,207,208,267
Z105,73,74,164,193,195
Z106,141,142,169,233,234
Z107,163,165,220,221,329
Z108,163,164,204,205,250
Z109,167,168,246,247,262
Z110,168,169,250,251,303
Z111,171,172,220,263,266
Z112,173,177,224,263,293
Z113,174,176,249,297,319
Z114,173,175,202,203,264
Z115,174,177,223,236,290
Z116,179,180,279,293,311
Z117,185,187,299,311,329
Z118,186,187,297,320,328
Z119,93,94,209,294,301
Z120,132,135,221,314,326
Z121,175,176,246,261,291
Z122,205,206,242,243,296
Z123,210,212,264,265,295
Z124,210,211,273,296,304
Z125,216,217,238,239,269
Z126,217,218,265,266,324
Z127,25,28,227,228,271
Z128,243,244,298,299,307
Z129,247,248,268,269,309
Z130,248,249,298,306,322
OZ0,105,108,121,124,128,131,137,140,146,149,150,184,187,189,191,195,196,197,198,200,207,208,209,212,213,214,215,218,225,231,232,233,234,237,239,242,244,245,251,259,280,281,283,285,286,287,288,289,294,299,300,301,302,303,305,306,310,311,312,313,316,319,322,323,326,327,329
OZ1,154,157,170,172,184,187,190,192,209,212,222,224,257,264,265,272,273,277,284,292,295,296,297,304,316,320,328
OZ2,118,120,121,124,125,127,137,140,151,153,159,161,166,169,170,178,180,181,182,184,187,188,191,192,195,201,203,207,208,209,212,213,214,215,218,219,221,225,229,231,233,234,237,239,242,244,246,249,250,255,260,268,269,274,275,278,280,281,283,285,286,287,288,289,290,298,299,300,301,302,304,305,310,311,314,316,318,319,327,329
OZ3,112,113,151,153,181,183,190,191,201,203,204,206,207,208,213,215,218,223,224,225,226,228,235,238,239,246,249,252,253,261,263,264,265,266,267,269,283,290,291,293,297,300,302,305,307,314,319,324
OZ4,69,72,78,81,121,124,128,131,137,140,146,149,150,184,187,189,191,195,196,197,198,200,207,208,209,212,215,218,225,230,231,232,233,234,237,239,242,244,245,251,259,272,280,282,283,285,286,287,288,289,294,299,301,302,303,305,306,310,311,313,315,316,319,323,326,327,329
OZ5,87,90,96,99,108,120,121,124,126,127,128,131,137,140,150,155,157,159,161,166,169,172,178,180,182,183,188,191,195,204,206,214,219,221,222,223,229,231,233,234,235,237,238,242,244,250,254,257,260,261,263,266,270,271,274,275,279,280,282,284,285,286,287,292,293,295,296,298,299,301,305,311,313,314,318,320,324,328,329
OZ6,121,124,125,127,137,140,151,153,158,159,170,172,178,180,181,182,184,187,188,191,192,193,195,201,203,207,208,209,212,213,214,215,218,220,221,225,229,231,237,239,240,241,242,244,246,249,250,260,263,266,268,269,270,271,278,280,281,283,284,287,288,289,290,295,298,299,300,301,302,304,305,310,311,314,316,317,319,320,324,325,327,328,329
OZ7,125,127,146,149,151,153,158,159,170,172,178,180,181,182,188,189,192,193,196,197,198,200,201,203,220,221,232,233,234,240,241,245,246,249,250,251,259,260,263,266,268,269,270,271,278,280,282,284,285,286,290,294,295,298,303,304,306,312,314,317,320,322,323,324,325,326,328
OZ8,96,99,120,126,127,151,153,158,161,166,169,172,181,183,190,193,201,203,204,206,207,208,213,215,218,219,220,223,224,225,226,228,233,234,235,238,239,240,241,246,249,252,253,256,257,261,264,265,267,269,270,271,274,275,283,284,285,286,287,290,291,293,295,297,300,302,305,307,317,318,319,320,325,328
OZ9,146,149,155,157,158,159,162,165,178,180,182,183,184,187,188,189,191,193,196,197,198,200,204,206,207,208,209,212,214,215,218,220,221,222,223,225,229,230,232,233,234,235,238,239,240,241,245,250,251,253,254,256,259,260,261,279,283,285,286,287,288,289,292,293,294,296,298,300,302,303,305,306,307,310,315,316,317,319,323,325,326,327
OZ10,128,131,153,181,182,201,203,207,208,215,218,223,224,226,236,238,239,246,249,260,261,262,263,264,265,266,267,269,274,276,280,282,290,291,293,297,313,319,323,324
OZ11,78,81,151,153,155,157,162,165,166,169,170,172,178,180,182,183,184,187,191,192,204,206,214,225,226,229,230,235,236,245,246,249,250,251,253,254,256,257,260,267,269,270,271,272,273,274,276,279,280,282,283,284,287,288,289,291,297,298,300,302,303,305,306,307,308,309,310,312,314,315,316,320,323,327,328
OZ12,126,127,150,153,155,157,158,161,162,165,178,180,195,204,206,209,212,220,221,223,224,226,228,233,234,235,237,238,240,241,242,244,245,246,249,251,252,253,257,258,262,264,265,267,269,274,275,277,279,280,281,284,285,286,288,289,291,292,299,303,304,306,307,308,309,310,317,318,320,322,324,327,328,329
OZ13,151,153,155,157,166,169,170,172,178,180,181,183,188,189,190,191,193,195,209,212,214,219,221,223,224,225,226,229,230,232,236,237,238,242,244,245,246,249,251,255,256,258,262,263,264,265,266,267,269,270,271,277,279,280,282,283,287,288,289,291,292,295,299,300,302,303,304,305,306,308,309,310,312,314,315,325,327,329
OZ14,197,198,207,208,213,214,230,231,242,245,259,281,282,300,312,315,322
OZ15,162,165,190,191,209,212,213,214,230,231,281,282,285,294,301,312,314,315,322
OZ16,158,161,166,169,170,172,188,189,193,219,220,232,233,234,240,241,263,266,270,271,274,275,284,285,286,295,317,318,320,324,325,328
OZ17,150,153,155,157,166,169,170,172,178,180,184,187,190,192,209,212,222,224,226,228,245,246,249,250,251,252,254,257,262,264,265,267,269,270,271,279,280,281,284,288,289,291,292,295,296,297,298,303,304,306,308,309,310,316,320,322,327,328
OZ18,159,161,181,182,198,200,201,203,219,221,259,260,262,274,275,280,282,294,304,308,309,312,314,318,323,326
OZ19,155,157,166,169,170,172,178,180,181,183,184,187,190,192,198,200,201,203,207,208,209,212,213,215,218,219,221,222,223,228,229,230,236,238,239,245,250,251,252,254,257,259,260,261,263,266,270,271,274,275,279,284,288,289,290,292,293,294,295,296,298,301,303,306,310,314,315,316,318,319,320,323,324,326,327,328
OZ20,182,183,198,200,213,219,221,259,275,276,294,301,304,308,309,313,314,315,318,326
OZ21,181,183,184,187,191,192,196,198,204,206,207,208,209,212,214,219,221,225,228,229,230,232,234,235,236,242,244,245,252,253,255,256,257,275,276,281,282,283,285,286,288,289,290,294,299,301,303,304,305,307,310,311,312,313,314,315,317,318,322,327,329
OZ22,166,169,170,172,188,189,193,195,201,203,209,212,215,218,220,221,225,230,231,232,233,234,240,241,251,255,259,263,266,270,271,274,276,283,284,286,294,295,301,304,305,306,313,314,315,316,320,323,324,325,326,328
OZ23,137,140,188,195,209,212,215,218,219,221,225,230,231,251,259,275,276,283,285,294,301,304,305,306,313,314,315,316,317,318,323,326
OZ24,170,172,178,180,193,195,196,200,207,208,209,212,220,221,223,224,225,226,230,231,232,234,236,237,238,240,241,245,250,256,259,261,262,264,265,267,268,274,276,278,280,283,284,290,291,293,294,295,297,298,301,303,304,305,308,309,313,314,315,316,320,322,323,325,326,328
OZ25,184,187,190,192,196,200,204,206,207,208,213,214,219,221,225,228,229,231,232,234,235,236,242,244,245,252,253,256,257,260,262,274,275,280,282,283,286,288,289,290,294,299,301,303,304,305,307,308,309,310,311,312,314,318,323,326,327,329
OZ26,188,189,190,192,193,195,196,200,207,208,209,212,219,221,222,223,225,228,229,230,234,236,237,238,245,250,252,254,256,257,258,259,260,262,263,266,274,276,277,280,281,283,284,285,286,288,289,290,296,297,298,303,305,308,309,310,311,313,314,315,316,317,320,322,323,325,326,327,328
OZ27,196,200,204,206,207,208,209,212,213,214,219,221,225,228,235,236,242,244,245,252,254,260,262,274,275,277,280,282,283,285,286,287,290,302,304,308,309,312,314,318,323,326,327
OZ28,198,200,204,206,209,212,219,221,225,228,230,231,259,260,262,274,275,280,281,283,285,302,304,308,309,314,315,318,322,323,326
OZ29,190,192,222,224,229,231,257,264,265,272,273,285,288,289,292,294,295,296,301,304
OZ30,178,180,193,195,207,208,209,212,219,221,223,224,225,226,230,231,233,234,236,238,239,245,250,258,259,261,262,263,264,265,266,267,268,274,276,278,280,283,284,290,291,293,294,295,297,298,301,303,304,305,308,309,313,314,315,316,319,320,322,323,325,326,328
OZ31,207,208,215,218,223,224,228,233,234,236,238,239,240,241,245,250,251,252,254,258,260,262,263,264,265,266,272,273,274,275,277,280,281,284,285,286,290,292,295,297,298,303,306,308,309,310,311,318,319,320,322,325,327,328
OZ32,193,195,201,203,209,212,215,218,219,221,225,230,231,240,241,251,255,259,270,271,275,276,283,285,286,294,295,301,304,305,306,313,314,315,316,317,323,326
OZ33,204,206,213,214,215,218,220,221,222,224,225,229,231,242,244,250,251,252,253,256,264,265,272,273,281,282,283,285,287,288,289,292,294,295,298,299,300,301,304,306,312,314,316,322,323,326,329
OZ34,191,192,215,218,222,224,225,229,231,257,264,265,272,273,283,285,288,289,292,294,295,296,301,304,315,316,326
OZ35,209,212,213,214,222,224,229,230,252,253,256,264,265,272,273,281,282,287,288,289,292,295,296,300,304,305,307,312,315,322
OZ36,226,228,233,234,246,249,250,251,252,254,260,261,262,267,269,270,271,272,273,274,275,277,280,281,284,285,291,292,293,298,303,306,308,309,310,311,320,322,324,325,327,328
OZ37,213,214,215,218,219,221,222,224,225,229,231,233,234,250,251,252,253,256,259,264,265,272,273,280,282,283,284,287,288,289,292,294,295,296,300,301,303,305,307,312,314,316,318,320,323,324,325,326,328
OZ38,215,218,219,221,222,224,225,229,231,232,233,253,254,256,259,264,265,272,273,274,276,277,283,284,287,288,289,292,294,295,296,301,305,307,313,314,315,316,318,320,324,325,326,328
OZ39,201,203,240,241,255,258,259,270,271,275,276,286,295,304,313,317
OZ40,219,220,222,224,230,231,232,233,250,251,253,254,256,259,263,264,265,266,272,273,277,280,281,287,292,294,295,296,297,299,301,302,305,307,310,311,316,318,322,323,324,325,329
OZ41,222,224,235,236,237,238,240,241,252,253,258,259,263,264,270,271,274,276,284,285,286,290,293,295,300,304,313,319,320,324,328
OZ42,223,224,232,233,235,240,241,252,254,258,259,263,264,270,271,274,276,277,284,285,286,293,295,300,304,313,320,324,325,328
OZ43,232,234,235,236,237,238,246,249,250,251,252,254,256,262,263,264,268,269,274,275,277,278,279,280,284,285,287,290,295,298,300,303,305,306,307,308,309,311,318,319,320,322,324,328
OZ44,233,234,246,249,250,251,262,268,269,274,275,284,285,298,303,306,308,309,320,322,324,325,328
OZ45,225,228,229,230,242,244,263,266,274,276,280,282,283,284,288,289,296,297,298,305,306,307,310,311,312,313,315,316,320,328
OZ46,229,230,235,236,237,238,246,249,256,262,263,264,267,269,275,276,284,285,287,288,289,290,295,298,300,305,306,307,308,309,310,311,313,318,319,320,323,324,328
OZ47,230,231,240,241,246,249,258,259,262,264,265,268,269,270,271,272,273,274,275,278,279,281,284,285,286,292,293,294,295,296,297,298,299,301,306,308,309,310,318,320,323,328,329
OZ48,237,238,256,263,264,278,279,280,287,295,305,307,311,318,325
OZ49,220,221,238,239,246,249,250,251,260,265,266,268,269,270,271,272,273,274,276,280,282,284,285,286,287,292,293,296,297,298,299,302,304,305,306,307,310,311,312,313,314,316,318,320,322,323,325,326,328,329
OZ50,240,241,246,249,258,259,260,264,265,268,269,270,271,272,273,275,276,278,279,280,284,285,286,292,293,295,296,297,298,299,306,308,309,310,313,318,320,322,328,329
OZ51,238,239,246,249,260,263,265,268,269,270,271,272,273,284,285,286,287,292,293,296,297,298,299,304,305,306,307,310,311,318,320,322,325,328,329
OZ52,250,251,281,282,302,305,306,312,315,322,323
OZ53,235,236,242,244,246,249,262,263,266,267,269,272,273,274,275,278,279,282,284,285,290,296,299,300,305,307,308,309,310,312,315,316,319,320,323,324,325,328,329
OZ54,246,249,252,254,262,263,266,267,269,272,273,275,276,277,278,279,282,286,287,296,299,304,305,307,308,309,310,312,313,315,316,318,323,327,329
OZ55,242,244,252,254,264,265,267,268,277,278,279,281,284,285,286,287,295,297,299,304,311,320,327,328,329
OZ56,264,265,272,273,284,285,295,296,297,299,304,310,311,320,328,329
OZ57,272,273,274,276,284,285,296,297,299,304,310,311,313,318,320,324,325,328,329
OZ58,274,276,280,281,305,306,313,322
OZ59,260,262,263,266,268,269,270,271,275,276,278,279,282,284,285,286,287,292,293,297,299,306,307,308,309,311,312,313,315,316,320,322,323,324,325,328,329
OZ60,253,254,263,265,277,286,287,298,299,307,324,325,327,329
OZ61,268,269,275,276,278,279,280,284,285,297,299,305,306,308,309,311,313,320,322,324,325,328,329
OZ62,263,265,278,279,281,305,306,311,322,324,325
OZ63,278,279,281,298,299,306,311,322,329
OZ64,270,271,280,281,286,287,306,307,322
OZ65,252,254,267,269,275,276,277,280,281,286,287,306,307,308,309,313,322,327
OZ66,265,266,281,282,305,306,312,315,316,322,324,325
OZ67,284,285,297,298,305,320,324,325,328
