X0,0,11,21,30,33
X1,1,9,17,25,33
X2,2,15,18,30,32
X3,3,13,22,25,32
X4,4,12,21,31,35
X5,5,14,17,24,35
X6,6,8,18,31,34
X7,7,10,22,24,34
X8,1,8,19,29,38
X9,0,10,23,26,38
X10,3,12,20,29,39
X11,2,14,16,26,39
X12,5,15,19,28,36
X13,4,13,23,27,36
X14,6,9,16,27,37
OX0,17,18,25,31,33,34
OX1,21,22,25,26,27,28,29,31,32,35,36,37,38,39
OX2,26,27,28,29,36,37,38,39
OX3,9,15,25,27,28,29,30,31,32,33,34,36,37,38
OX4,25,30,32,33
OX5,27,28,36,37
OX6,11,13,29,31,35,39
OX7,18,22,33,35
OX8,13,15,35,39
OX9,19,23,37,39
Z0,0,11,20,29,38
Z1,1,9,16,26,38
Z2,2,15,19,29,39
Z3,3,13,23,26,39
Z4,4,12,20,28,36
Z5,5,14,16,27,36
Z6,6,8,19,28,37
Z7,7,10,23,27,37
Z8,1,8,18,30,33
Z9,0,10,22,25,33
Z10,3,12,21,30,32
Z11,2,14,17,25,32
Z12,5,15,18,31,35
Z13,4,13,22,24,35
Z14,6,9,17,24,34
OZ0,17,18,25,26,27,28,29,31,32,35,36,37,38,39
OZ1,21,22,25,31,33,34
OZ2,26,27,28,29,36,37,38,39
OZ3,9,15,25,27,32,36
OZ4,25,30,32,33
OZ5,27,28,36,37
OZ6,11,13,28,30,32,36
OZ7,18,22,32,34
OZ8,13,15,19,23,32,38
OZ9,19,23,36,38
